/*--------------------------------*- C++ -*----------------------------------*\
| =========                 |                                                 |
| \\      /  F ield         | OpenFOAM: The Open Source CFD Toolbox           |
|  \\    /   O peration     | Version:  2012                                  |
|   \\  /    A nd           | Website:  www.openfoam.com                      |
|    \\/     M anipulation  |                                                 |
\*---------------------------------------------------------------------------*/
FoamFile
{
    version     2.0;
    format      ascii;
    class       labelList;
    note        "nPoints:5103  nCells:3125  nFaces:11219  nInternalFaces:8611";
    location    "constant/solid/polyMesh";
    object      neighbour;
}
// * * * * * * * * * * * * * * * * * * * * * * * * * * * * * * * * * * * * * //


8611
(
1
14
15
2768
2771
2772
20
22
2778
2781
3
27
28
660
662
32
33
682
684
5
37
38
2788
2790
42
43
2796
2798
7
47
48
2804
2806
52
53
2812
2814
9
63
64
2820
2823
72
73
796
798
11
89
90
842
845
98
99
872
874
13
114
115
2832
2835
121
122
2840
2842
18
2774
2776
18
20
56
140
142
144
145
246
247
248
21
57
2769
2770
24
633
634
635
136
138
251
252
62
640
641
642
25
58
154
156
158
159
263
264
265
60
2779
2780
25
63
2783
2787
61
2784
2785
647
648
649
59
66
147
150
151
153
268
269
270
71
654
655
656
30
72
664
666
30
32
76
168
170
172
173
331
332
333
34
669
670
671
75
77
161
164
165
166
336
337
338
88
676
677
678
35
84
182
184
186
187
371
372
373
35
89
686
689
691
692
693
85
92
175
178
179
181
376
377
378
97
698
699
700
40
98
2792
2794
40
42
102
196
198
200
201
439
440
441
44
705
706
707
101
103
189
192
193
194
444
445
446
113
712
713
714
45
110
210
212
214
215
479
480
481
45
114
2800
2803
719
720
721
111
117
203
206
207
209
484
485
486
120
726
727
728
50
121
2808
2810
50
52
125
224
226
228
229
545
546
547
54
733
734
735
124
126
217
220
221
222
550
551
552
131
740
741
742
55
129
238
240
242
243
581
582
583
55
975
976
2816
2819
747
748
749
130
132
231
234
235
237
586
587
588
983
984
986
58
246
247
1132
1133
1134
1135
60
254
1179
1180
2848
2849
2852
2854
263
264
1218
1219
1220
1221
70
268
269
1250
1251
1252
1253
273
1274
1275
2873
2874
2877
2878
68
277
1278
1279
2887
2888
2891
2893
768
769
770
66
2824
2826
66
69
73
288
291
293
294
307
308
309
74
775
776
777
70
281
284
285
287
312
313
314
80
297
1320
1321
2901
2902
2905
2907
301
1324
1325
2915
2916
2919
2920
82
307
308
1360
1361
1362
1363
312
313
1392
1393
1394
1395
790
791
792
75
807
809
75
82
322
325
326
328
361
362
363
801
802
803
83
315
318
319
321
366
367
368
84
331
332
1438
1439
1440
1441
83
336
337
1470
1471
1472
1473
86
341
1494
1495
1496
1497
1500
1502
81
345
1512
1513
1516
1518
1519
1520
352
1554
1555
1556
1557
1560
1561
357
1584
1585
1588
1589
1591
1592
361
362
1622
1623
1624
1625
366
367
1654
1655
1656
1657
371
372
1686
1687
1688
1689
96
376
377
1718
1719
1720
1721
381
1742
1743
1744
1745
1748
1749
94
385
1760
1761
1764
1766
1767
1768
836
837
838
92
846
848
92
95
99
396
399
401
402
415
416
417
100
851
852
853
96
389
392
393
395
420
421
422
106
405
1816
1817
1818
1819
1822
1824
409
1834
1835
1838
1839
1841
1842
108
415
416
1884
1885
1886
1887
420
421
1916
1917
1918
1919
866
867
868
101
2828
2830
101
108
430
433
434
436
469
470
471
877
878
879
109
423
426
427
429
474
475
476
110
439
440
1962
1963
1964
1965
109
444
445
1994
1995
1996
1997
112
449
2018
2019
2929
2930
2933
2935
107
453
2022
2023
2943
2944
2947
2949
460
2050
2051
2052
2053
2056
2057
465
2080
2081
2957
2958
2961
2962
469
470
2104
2105
2106
2107
474
475
2136
2137
2138
2139
479
480
2168
2169
2170
2171
119
484
485
2200
2201
2202
2203
489
2224
2225
2971
2972
2975
2976
908
909
910
117
2836
2838
117
118
122
504
507
509
510
521
522
523
123
915
916
917
119
497
500
501
503
526
527
528
127
521
522
2310
2311
2312
2313
526
527
2342
2343
2344
2345
930
931
932
124
2844
2846
124
127
536
539
540
542
571
572
573
937
938
939
128
529
532
533
535
576
577
578
129
545
546
2388
2389
2390
2391
128
550
551
2420
2421
2422
2423
571
572
2516
2517
2518
2519
576
577
2548
2549
2550
2551
581
582
2580
2581
2582
2583
133
586
587
2612
2613
2614
2615
968
969
970
133
983
984
985
625
626
2756
2757
2758
2759
604
606
974
993
994
609
977
1000
1001
138
139
140
2774
141
1004
1005
1006
145
245
1003
1005
1007
1008
1123
1124
1125
146
253
1003
1006
1007
1009
1175
1176
1177
2777
144
145
146
2768
1011
1012
1013
144
145
156
249
632
634
636
637
1147
1148
1150
144
146
157
259
632
635
636
638
1188
1189
1191
2770
158
2772
250
1010
1012
1014
1015
1155
1156
1157
260
1010
1013
1014
1016
1194
1195
1196
2773
151
152
153
154
2783
152
153
271
282
639
640
644
645
1262
1263
1265
2784
155
1018
1019
1020
151
153
261
284
639
642
643
645
1201
1202
1204
159
262
1017
1019
1021
1022
1209
1210
1211
160
272
1017
1020
1021
1023
1270
1271
1272
2786
285
2787
158
159
160
2778
1025
1026
1027
158
159
266
646
648
650
651
1233
1234
1236
158
160
279
646
649
650
652
1284
1285
1287
2780
2781
267
1024
1026
1028
1029
1241
1242
1243
280
1024
1027
1028
1030
1290
1291
1292
2782
165
166
167
168
664
165
167
317
339
653
654
657
659
665
1482
1483
1485
169
1032
1033
1034
165
166
318
329
653
656
657
658
1421
1422
1424
319
666
173
330
1031
1033
1035
1036
1429
1430
1431
174
340
667
1031
1034
1035
1037
1490
1491
1492
172
173
174
660
1039
1040
1041
172
173
184
334
668
670
672
673
1453
1454
1456
172
174
185
347
661
668
671
672
674
1532
1533
1535
186
662
335
1038
1040
1042
1043
1461
1462
1463
348
663
1038
1041
1042
1044
1538
1539
1540
179
180
181
182
686
180
181
379
390
675
676
680
681
687
1730
1731
1733
183
1046
1047
1048
179
181
369
392
675
678
679
681
1669
1670
1672
187
370
1045
1047
1049
1050
1677
1678
1679
188
380
688
1045
1048
1049
1051
1738
1739
1740
393
689
186
187
188
682
1053
1054
1055
186
187
374
690
692
694
695
1701
1702
1704
186
188
387
683
690
693
694
696
1780
1781
1783
684
375
1052
1054
1056
1057
1709
1710
1711
388
685
1052
1055
1056
1058
1786
1787
1788
193
194
195
196
2792
193
195
425
447
697
698
701
703
2006
2007
2009
2793
197
1060
1061
1062
193
194
426
437
697
700
701
702
1945
1946
1948
427
2794
201
438
1059
1061
1063
1064
1953
1954
1955
202
448
1059
1062
1063
1065
2014
2015
2016
2795
200
201
202
2788
1067
1068
1069
200
201
212
442
704
706
708
709
1977
1978
1980
200
202
213
455
704
707
708
710
2028
2029
2031
2789
214
2790
443
1066
1068
1070
1071
1985
1986
1987
456
1066
1069
1070
1072
2034
2035
2036
2791
207
208
209
210
2800
208
209
487
498
711
712
716
717
2212
2213
2215
2801
211
1074
1075
1076
207
209
477
500
711
714
715
717
2151
2152
2154
215
478
1073
1075
1077
1078
2159
2160
2161
216
488
1073
1076
1077
1079
2220
2221
2222
2802
501
2803
214
215
216
2796
1081
1082
1083
214
215
482
718
720
722
723
2183
2184
2186
214
216
495
718
721
722
724
2234
2235
2237
2797
2798
483
1080
1082
1084
1085
2191
2192
2193
496
1080
1083
1084
1086
2240
2241
2242
2799
221
222
223
224
2808
221
223
531
553
725
726
729
731
2432
2433
2435
2809
225
1088
1089
1090
221
222
532
543
725
728
729
730
2371
2372
2374
533
2810
229
544
1087
1089
1091
1092
2379
2380
2381
230
554
1087
1090
1091
1093
2440
2441
2442
2811
228
229
230
2804
1095
1096
1097
228
229
240
548
732
734
736
737
2403
2404
2406
228
230
241
559
732
735
736
738
2454
2455
2457
2805
242
2806
549
1094
1096
1098
1099
2411
2412
2413
560
1094
1097
1098
1100
2460
2461
2462
2807
235
236
237
238
2816
236
237
589
598
739
740
744
745
2624
2625
2627
2817
239
1102
1103
1104
235
237
579
600
739
742
743
745
2563
2564
2566
243
580
1101
1103
1105
1106
2571
2572
2573
244
590
1101
1104
1105
1107
2632
2633
2634
2818
601
2819
242
243
244
2812
1109
1110
1111
242
243
584
746
748
750
751
2595
2596
2598
242
244
595
746
749
750
752
2646
2647
2649
2813
2814
585
1108
1110
1112
1113
2603
2604
2605
596
1108
1111
1112
1114
2652
2653
2654
2815
250
252
1122
1123
1124
248
249
263
1136
1137
1138
1139
1148
1149
1151
248
251
1140
1141
1142
1143
250
252
1128
1129
1130
1131
1154
1156
1159
266
1147
1148
1149
1154
1155
1156
252
1165
1166
1167
1168
1122
1124
1127
1160
1161
1162
1163
258
260
1174
1175
1176
257
1181
1182
2769
2855
2857
2859
2860
259
274
2770
2849
2850
2851
258
260
2773
2856
2857
2858
1184
1185
2775
2866
2869
2870
2872
2777
2867
2868
2869
279
1188
1189
1190
1193
1194
1195
268
305
1201
1202
1203
267
270
1208
1209
1210
265
266
1222
1223
1224
1225
1234
1235
1238
265
269
1226
1227
1228
1229
267
270
1214
1215
1216
1217
1240
1242
1245
1233
1234
1235
1240
1241
1242
270
312
1202
1203
1205
1254
1255
1256
1257
270
1258
1259
1260
1261
1208
1210
1213
1246
1247
1248
1249
276
295
1262
1263
1264
278
280
1269
1270
1271
277
1276
1277
2779
2880
2882
2884
2885
279
2780
2874
2875
2876
278
280
2782
2881
2882
2883
300
2784
2888
2889
2890
1280
1281
2785
2894
2897
2898
2900
2786
2895
2896
2897
1284
1285
1286
1289
1290
1291
285
286
287
288
2824
285
286
295
767
768
771
772
1308
1310
1311
2825
289
1295
1296
1297
285
287
305
767
770
771
773
1343
1345
1347
2826
292
296
1294
1296
1298
1299
1316
1317
1318
2827
293
306
1294
1297
1298
1300
1351
1352
1353
292
293
294
2820
1302
1303
1304
292
294
303
324
774
776
778
780
1330
1331
1333
2821
293
294
310
325
774
777
779
780
1375
1376
1378
304
1301
1303
1305
1306
1336
1337
1338
2822
311
1301
1304
1305
1307
1383
1384
1385
326
2823
300
1308
1309
1310
302
304
1315
1316
1317
301
1322
1323
2908
2910
2912
2913
303
351
2821
2902
2903
2904
302
304
2822
2909
2910
2911
2825
2916
2917
2918
1326
1327
2922
2925
2926
2928
2827
2923
2924
2925
354
1330
1331
1332
1335
1336
1337
312
1343
1344
1345
311
314
1350
1351
1352
309
310
361
1364
1365
1366
1367
1376
1377
1379
309
313
1368
1369
1370
1371
311
314
1356
1357
1358
1359
1382
1384
1387
364
1375
1376
1377
1382
1383
1384
314
1344
1345
1348
1396
1397
1398
1399
314
1400
1401
1402
1403
1350
1352
1355
1388
1389
1390
1391
319
320
321
322
807
323
1405
1406
1407
319
320
349
789
791
793
794
808
1544
1545
1547
319
321
359
789
792
793
795
1605
1606
1608
809
327
350
810
1404
1406
1408
1409
1550
1551
1552
328
360
1404
1407
1408
1410
1613
1614
1615
326
327
328
796
1412
1413
1414
326
327
354
797
800
802
804
805
1574
1576
1577
326
328
364
800
803
804
806
1637
1639
1641
798
355
799
1411
1413
1415
1416
1580
1581
1582
365
1411
1414
1415
1417
1645
1646
1647
336
359
1421
1422
1423
335
338
1428
1429
1430
333
334
371
1442
1443
1444
1445
1454
1455
1457
333
337
1446
1447
1448
1449
335
338
1434
1435
1436
1437
1460
1462
1465
374
1453
1454
1455
1460
1461
1462
338
366
1422
1423
1425
1474
1475
1476
1477
338
1478
1479
1480
1481
1428
1430
1433
1466
1467
1468
1469
344
349
1482
1483
1484
346
348
1489
1490
1491
345
1503
1505
1507
1508
1510
1511
347
382
661
1497
1498
1499
346
348
663
1504
1505
1506
356
665
1513
1514
1515
1521
1524
1525
1527
1528
1529
667
1522
1523
1524
387
1532
1533
1534
1537
1538
1539
356
1544
1545
1546
355
358
1549
1550
1551
354
797
1557
1558
1559
357
1563
1566
1567
1569
1570
1571
355
358
799
1564
1565
1566
1574
1575
1576
1579
1580
1581
808
1585
1586
1587
1593
1596
1597
1599
1600
1601
810
1594
1595
1596
366
1605
1606
1607
365
368
1612
1613
1614
363
364
1626
1627
1628
1629
1638
1639
1642
363
367
1630
1631
1632
1633
365
368
1618
1619
1620
1621
1644
1646
1649
1637
1638
1639
1644
1645
1646
368
1606
1607
1610
1658
1659
1660
1661
368
1662
1663
1664
1665
1612
1614
1617
1650
1651
1652
1653
376
413
1669
1670
1671
375
378
1676
1677
1678
373
374
1690
1691
1692
1693
1702
1703
1706
373
377
1694
1695
1696
1697
375
378
1682
1683
1684
1685
1708
1710
1713
1701
1702
1703
1708
1709
1710
378
420
1670
1671
1673
1722
1723
1724
1725
378
1726
1727
1728
1729
1676
1678
1681
1714
1715
1716
1717
384
403
1730
1731
1732
386
388
1737
1738
1739
385
1751
1753
1755
1756
1758
1759
387
683
1745
1746
1747
386
388
685
1752
1753
1754
408
687
1761
1762
1763
1769
1772
1773
1775
1776
1777
688
1770
1771
1772
1780
1781
1782
1785
1786
1787
393
394
395
396
846
393
394
403
835
836
839
840
847
1804
1806
1807
397
1791
1792
1793
393
395
413
835
838
839
841
1867
1869
1871
848
400
404
849
1790
1792
1794
1795
1812
1813
1814
401
414
1790
1793
1794
1796
1875
1876
1877
400
401
402
842
1798
1799
1800
400
402
411
432
843
850
852
854
856
1854
1855
1857
401
402
418
433
850
853
855
856
1899
1900
1902
412
844
1797
1799
1801
1802
1860
1861
1862
419
1797
1800
1801
1803
1907
1908
1909
434
845
408
1804
1805
1806
410
412
1811
1812
1813
409
1825
1826
1827
1829
1831
1832
411
459
843
1819
1820
1821
410
412
844
1828
1829
1830
847
1835
1836
1837
1843
1844
1845
1848
1849
1851
849
1846
1847
1848
462
1854
1855
1856
1859
1860
1861
420
1867
1868
1869
419
422
1874
1875
1876
417
418
469
1888
1889
1890
1891
1900
1901
1903
417
421
1892
1893
1894
1895
419
422
1880
1881
1882
1883
1906
1908
1911
472
1899
1900
1901
1906
1907
1908
422
1868
1869
1872
1920
1921
1922
1923
422
1924
1925
1926
1927
1874
1876
1879
1912
1913
1914
1915
427
428
429
430
2828
431
1929
1930
1931
427
428
457
865
867
869
870
2040
2041
2043
2829
427
429
467
865
868
869
871
2087
2088
2090
2830
435
458
1928
1930
1932
1933
2046
2047
2048
2831
436
468
1928
1931
1932
1934
2095
2096
2097
434
435
436
872
1936
1937
1938
434
435
462
873
876
878
880
881
2070
2072
2073
434
436
472
876
879
880
882
2119
2121
2123
874
463
875
1935
1937
1939
1940
2076
2077
2078
473
1935
1938
1939
1941
2127
2128
2129
444
467
1945
1946
1947
443
446
1952
1953
1954
441
442
479
1966
1967
1968
1969
1978
1979
1981
441
445
1970
1971
1972
1973
443
446
1958
1959
1960
1961
1984
1986
1989
482
1977
1978
1979
1984
1985
1986
446
474
1946
1947
1949
1998
1999
2000
2001
446
2002
2003
2004
2005
1952
1954
1957
1990
1991
1992
1993
452
457
2006
2007
2008
454
456
2013
2014
2015
453
2020
2021
2936
2938
2940
2941
455
490
2789
2930
2931
2932
454
456
2791
2937
2938
2939
464
2793
2944
2945
2946
2024
2025
2950
2953
2954
2956
2795
2951
2952
2953
495
2028
2029
2030
2033
2034
2035
464
2040
2041
2042
463
466
2045
2046
2047
462
873
2053
2054
2055
465
2059
2062
2063
2065
2066
2067
463
466
875
2060
2061
2062
2070
2071
2072
2075
2076
2077
2829
2958
2959
2960
2082
2083
2964
2967
2968
2970
2831
2965
2966
2967
474
2087
2088
2089
473
476
2094
2095
2096
471
472
2108
2109
2110
2111
2120
2121
2124
471
475
2112
2113
2114
2115
473
476
2100
2101
2102
2103
2126
2128
2131
2119
2120
2121
2126
2127
2128
476
2088
2089
2092
2140
2141
2142
2143
476
2144
2145
2146
2147
2094
2096
2099
2132
2133
2134
2135
484
519
2151
2152
2153
483
486
2158
2159
2160
481
482
2172
2173
2174
2175
2184
2185
2188
481
485
2176
2177
2178
2179
483
486
2164
2165
2166
2167
2190
2192
2195
2183
2184
2185
2190
2191
2192
486
526
2152
2153
2155
2204
2205
2206
2207
486
2208
2209
2210
2211
2158
2160
2163
2196
2197
2198
2199
492
511
2212
2213
2214
494
496
2219
2220
2221
493
2226
2227
2978
2980
2982
2983
495
2797
2972
2973
2974
494
496
2799
2979
2980
2981
515
2801
2986
2987
2988
2230
2231
2992
2995
2996
2998
2802
2993
2994
2995
2234
2235
2236
2239
2240
2241
501
502
503
504
2836
501
502
511
907
908
911
912
2258
2260
2261
2837
505
2245
2246
2247
501
503
519
907
910
911
913
2293
2295
2297
2838
508
512
2244
2246
2248
2249
2266
2267
2268
2839
509
520
2244
2247
2248
2250
2301
2302
2303
508
509
510
2832
2252
2253
2254
508
510
517
538
914
916
918
920
2280
2281
2283
2833
509
510
524
539
914
917
919
920
2325
2326
2328
518
2251
2253
2255
2256
2286
2287
2288
2834
525
2251
2254
2255
2257
2333
2334
2335
540
2835
515
2258
2259
2260
516
518
2265
2266
2267
517
563
2833
3000
3001
3002
516
518
2834
3007
3008
3009
2837
3014
3015
3016
2839
3021
3022
3023
565
2280
2281
2282
2285
2286
2287
526
2293
2294
2295
525
528
2300
2301
2302
523
524
571
2314
2315
2316
2317
2326
2327
2329
523
527
2318
2319
2320
2321
525
528
2306
2307
2308
2309
2332
2334
2337
574
2325
2326
2327
2332
2333
2334
528
2294
2295
2298
2346
2347
2348
2349
528
2350
2351
2352
2353
2300
2302
2305
2338
2339
2340
2341
533
534
535
536
2844
537
2355
2356
2357
533
534
561
929
931
933
934
2466
2467
2469
2845
533
535
569
929
932
933
935
2499
2500
2502
2846
541
562
2354
2356
2358
2359
2472
2473
2474
2847
542
570
2354
2357
2358
2360
2507
2508
2509
540
541
542
2840
2362
2363
2364
540
541
565
936
938
940
941
2482
2484
2485
2841
540
542
574
936
939
940
942
2531
2533
2535
2842
566
2361
2363
2365
2366
2488
2489
2490
2843
575
2361
2364
2365
2367
2539
2540
2541
550
569
2371
2372
2373
549
552
2378
2379
2380
547
548
581
2392
2393
2394
2395
2404
2405
2407
547
551
2396
2397
2398
2399
549
552
2384
2385
2386
2387
2410
2412
2415
584
2403
2404
2405
2410
2411
2412
552
576
2372
2373
2375
2424
2425
2426
2427
552
2428
2429
2430
2431
2378
2380
2383
2416
2417
2418
2419
557
561
2432
2433
2434
558
560
2439
2440
2441
559
591
2805
3028
3029
3030
558
560
2807
3035
3036
3037
567
2809
3042
3043
3044
2811
3049
3050
3051
595
2454
2455
2456
2459
2460
2461
567
2466
2467
2468
566
568
2471
2472
2473
565
2841
3056
3057
3058
566
568
2843
3063
3064
3065
2482
2483
2484
2487
2488
2489
2845
3070
3071
3072
2847
3077
3078
3079
576
2499
2500
2501
575
578
2506
2507
2508
573
574
2520
2521
2522
2523
2532
2533
2536
573
577
2524
2525
2526
2527
575
578
2512
2513
2514
2515
2538
2540
2543
2531
2532
2533
2538
2539
2540
578
2500
2501
2504
2552
2553
2554
2555
578
2556
2557
2558
2559
2506
2508
2511
2544
2545
2546
2547
586
620
2563
2564
2565
585
588
2570
2571
2572
583
584
2584
2585
2586
2587
2596
2597
2600
583
587
2588
2589
2590
2591
585
588
2576
2577
2578
2579
2602
2604
2607
2595
2596
2597
2602
2603
2604
588
625
2564
2565
2567
2616
2617
2618
2619
588
2620
2621
2622
2623
2570
2572
2575
2608
2609
2610
2611
593
614
2624
2625
2626
594
596
2631
2632
2633
595
2813
3084
3085
3086
594
596
2815
3091
3092
3093
617
2817
3098
3099
3100
2818
3105
3106
3107
2646
2647
2648
2651
2652
2653
601
602
603
610
978
982
2685
2686
2687
601
602
614
967
968
971
972
979
2697
2699
2700
611
2657
2658
2659
601
603
620
967
970
971
973
983
2725
2727
2729
980
986
612
615
981
2656
2658
2660
2661
2691
2692
2693
2705
2706
2707
613
621
987
2656
2659
2660
2662
2694
2695
2696
2733
2734
2735
610
978
2663
2664
612
616
981
2670
2671
610
982
2673
2674
622
985
2676
2677
613
623
987
2679
2680
988
2682
2683
2685
2686
2688
2689
619
2691
2692
624
2694
2695
617
2697
2698
2699
618
619
2704
2705
2706
618
619
2712
2713
979
3112
3113
3114
981
3119
3120
3121
2720
2721
625
2725
2726
2727
624
627
2732
2733
2734
626
2740
2741
624
627
2743
2744
2749
2750
627
983
2726
2727
2730
2760
2761
2762
2763
627
985
2740
2741
2742
2764
2765
2766
2767
987
2732
2734
2737
2743
2744
2745
2752
2753
2754
2755
630
631
1003
630
631
1004
753
1008
756
1009
636
637
638
1010
637
638
1011
636
637
648
754
636
638
649
757
650
755
1015
758
1016
643
644
645
1017
644
645
763
768
643
644
1018
643
645
759
770
760
1022
764
1023
771
650
651
652
1024
651
652
1025
650
651
761
650
652
765
762
1029
766
1030
657
658
659
1031
657
659
791
815
658
659
1032
657
658
792
811
793
812
1036
816
1037
662
663
664
662
663
683
1497
1498
1500
684
667
1505
1506
1507
666
667
666
667
808
1513
1514
1516
809
1523
1524
1525
672
673
674
1038
673
674
1039
672
673
692
813
672
674
693
817
694
814
1043
818
1044
679
680
681
1045
680
681
831
836
679
680
1046
679
681
827
838
828
1050
832
1051
839
684
685
686
684
685
1745
1746
1748
688
1753
1754
1755
688
689
688
689
847
1761
1762
1764
1771
1772
1773
848
694
695
696
1052
695
696
1053
694
695
829
694
696
833
830
1057
834
1058
701
702
703
1059
701
703
867
887
702
703
1060
701
702
868
883
869
884
1064
888
1065
708
709
710
1066
709
710
1067
708
709
720
885
708
710
721
889
722
886
1071
890
1072
715
716
717
1073
716
717
903
908
715
716
1074
715
717
899
910
900
1078
904
1079
911
722
723
724
1080
723
724
1081
722
723
901
722
724
905
902
1085
906
1086
729
730
731
1087
729
731
931
947
730
731
1088
729
730
932
943
933
944
1092
948
1093
736
737
738
1094
737
738
1095
736
737
748
945
736
738
749
949
750
946
1099
950
1100
743
744
745
1101
744
745
963
968
743
744
1102
743
745
959
970
960
1106
964
1107
971
750
751
752
1108
751
752
1109
750
751
961
750
752
965
962
1113
966
1114
1116
1119
755
761
1147
1145
1150
1170
1173
758
765
1188
1187
1191
760
785
1201
1199
1204
762
1233
1231
1236
764
781
1262
1265
1268
766
1284
1283
1287
771
772
773
1294
771
772
781
772
773
1295
771
773
785
782
1299
786
1300
778
779
780
1301
778
779
1302
778
780
783
802
779
780
787
803
784
1306
788
1307
804
782
1308
1311
1314
784
821
1330
1329
1333
786
1343
1341
1347
788
825
1375
1373
1378
793
794
795
1404
794
795
1405
793
794
819
793
795
823
820
1409
824
1410
798
799
807
798
799
1557
1559
1561
2821
2823
810
1565
1566
1567
804
805
806
1411
805
806
1412
804
805
821
804
806
825
822
1416
826
1417
809
810
809
810
1585
1586
1588
1595
1596
1597
812
823
1421
1419
1424
814
829
1453
1451
1456
816
819
1482
1485
1488
818
833
1532
1531
1535
820
1544
1543
1547
822
1574
1573
1577
824
1605
1603
1608
826
1637
1635
1641
828
861
1669
1667
1672
830
1701
1699
1704
832
857
1730
1733
1736
834
1780
1779
1783
839
840
841
1790
839
840
857
840
841
1791
839
841
861
858
1795
862
1796
844
845
846
844
845
873
1819
1820
1822
849
1829
1830
1831
874
848
849
848
849
1835
1837
1839
1847
1848
1849
854
855
856
1797
854
855
1798
854
856
859
878
855
856
863
879
860
1802
864
1803
880
858
1804
1807
1810
860
893
1854
1853
1857
862
1867
1865
1871
864
897
1899
1897
1902
869
870
871
1928
870
871
1929
869
870
891
869
871
895
892
1933
896
1934
874
875
2828
874
875
2053
2055
2057
2061
2062
2063
2831
880
881
882
1935
881
882
1936
880
881
893
880
882
897
894
1940
898
1941
884
895
1945
1943
1948
886
901
1977
1975
1980
888
891
2006
2009
2012
890
905
2028
2027
2031
892
2040
2039
2043
894
2070
2069
2073
896
2087
2085
2090
898
2119
2117
2123
900
925
2151
2149
2154
902
2183
2181
2186
904
921
2212
2215
2218
906
2234
2233
2237
911
912
913
2244
911
912
921
912
913
2245
911
913
925
922
2249
926
2250
918
919
920
2251
918
919
2252
918
920
923
938
919
920
927
939
924
2256
928
2257
940
922
2258
2261
2264
924
953
2280
2279
2283
926
2293
2291
2297
928
957
2325
2323
2328
933
934
935
2354
934
935
2355
933
934
951
933
935
955
952
2359
956
2360
940
941
942
2361
941
942
2362
940
941
953
940
942
957
954
2366
958
2367
944
955
2371
2369
2374
946
961
2403
2401
2406
948
951
2432
2435
2438
950
965
2454
2453
2457
952
2466
2465
2469
954
2482
2481
2485
956
2499
2497
2502
958
2531
2529
2535
960
991
2563
2561
2566
962
2595
2593
2598
964
989
2624
2627
2630
966
2646
2645
2649
971
972
973
2656
971
972
989
972
973
2657
971
973
991
990
2661
992
2662
976
977
978
982
993
994
995
976
977
984
980
986
988
1000
1001
1002
980
981
2663
2664
2665
980
981
2817
3112
3114
3116
2819
2670
2671
2672
3120
3121
3122
986
987
988
2673
2674
2675
986
987
986
988
987
988
2676
2677
2678
2679
2680
2681
2682
2683
2684
990
2697
2700
2703
992
2725
2723
2729
995
998
2663
995
1000
2674
999
1002
997
1001
999
1002
999
2668
1002
2682
1002
1007
1008
1009
1008
1009
1007
1008
1012
1115
1007
1009
1013
1172
1014
1116
1173
1014
1015
1016
1015
1016
1014
1015
1144
1014
1016
1186
1145
1187
1021
1022
1023
1022
1023
1021
1022
1026
1198
1021
1023
1027
1267
1028
1199
1268
1028
1029
1030
1029
1030
1028
1029
1230
1028
1030
1282
1231
1283
1035
1036
1037
1036
1037
1035
1036
1040
1418
1035
1037
1041
1487
1042
1419
1488
1042
1043
1044
1043
1044
1042
1043
1450
1042
1044
1530
1451
1531
1049
1050
1051
1050
1051
1049
1050
1054
1666
1049
1051
1055
1735
1056
1667
1736
1056
1057
1058
1057
1058
1056
1057
1698
1056
1058
1778
1699
1779
1063
1064
1065
1064
1065
1063
1064
1068
1942
1063
1065
1069
2011
1070
1943
2012
1070
1071
1072
1071
1072
1070
1071
1974
1070
1072
2026
1975
2027
1077
1078
1079
1078
1079
1077
1078
1082
2148
1077
1079
1083
2217
1084
2149
2218
1084
1085
1086
1085
1086
1084
1085
2180
1084
1086
2232
2181
2233
1091
1092
1093
1092
1093
1091
1092
1096
2368
1091
1093
1097
2437
1098
2369
2438
1098
1099
1100
1099
1100
1098
1099
2400
1098
1100
2452
2401
2453
1105
1106
1107
1106
1107
1105
1106
1110
2560
1105
1107
1111
2629
1112
2561
2630
1112
1113
1114
1113
1114
1112
1113
2592
1112
1114
2644
2593
2645
1116
1123
1144
1125
1119
1120
1121
1119
1120
1124
1125
1127
1125
1126
1127
1126
1127
1154
1125
1126
1155
1125
1127
1158
1130
1131
1136
1140
1130
1131
1161
1138
1142
1163
1134
1135
1136
1140
1134
1135
1219
1139
1220
1143
1138
1139
1138
1139
1223
1224
1142
1143
1142
1143
1166
1167
1145
1155
1157
1150
1151
1152
1153
1150
1152
1233
1150
1151
1156
1151
1152
1235
1157
1159
1237
1157
1158
1159
1158
1159
1157
1158
1157
1159
1162
1163
1164
1165
1162
1163
1167
1167
1168
1167
1168
1170
1171
1175
2863
1177
1178
2865
1173
1176
1186
1177
1178
1193
2867
1177
1178
2868
1177
1194
2871
1180
1181
1275
1182
1185
1184
1185
1187
1194
1196
1191
1284
1191
1192
1195
2850
1192
1286
2851
1196
1197
2853
1197
2856
1196
1196
1197
2858
2861
1199
1209
1230
1211
1204
1205
1206
1207
1204
1206
1343
1204
1205
1210
1205
1206
1344
1211
1213
1346
1211
1212
1213
1212
1213
1240
1211
1212
1241
1211
1213
1244
1216
1217
1222
1226
1216
1217
1247
1225
1228
1249
1220
1221
1222
1226
1220
1221
1224
1229
1224
1225
1224
1225
1228
1229
1228
1229
1259
1260
1231
1241
1243
1236
1237
1238
1239
1236
1237
1236
1238
1242
1237
1238
1243
1245
1243
1244
1245
1244
1245
1243
1244
1243
1245
1248
1249
1254
1258
1248
1249
1256
1260
1252
1253
1254
1258
1252
1253
1393
1257
1394
1261
1256
1257
1256
1257
1397
1398
1260
1261
1260
1261
1265
1308
1265
1266
1270
2889
1266
1309
2890
1272
1273
2892
1268
1271
1282
1272
1273
1289
2895
1272
1273
2896
1272
1290
2899
1275
1276
1277
1281
1279
1280
1325
1281
1283
1290
1292
1287
1287
1288
1291
2875
1288
2876
1292
1293
2879
1293
2881
1292
1292
1293
2883
2886
1298
1299
1300
1299
1300
1298
1299
1303
1313
1298
1300
1304
1340
1305
1314
1341
1305
1306
1307
1306
1307
1305
1306
1328
1305
1307
1372
1329
1373
1311
1312
2917
1311
1312
1316
2918
1318
1319
2921
1314
1317
1328
1318
1319
1335
2923
1318
1319
2924
1318
1336
2927
1321
1322
1555
1323
1327
1325
1326
1327
1329
1336
1338
1333
1574
1333
1334
1337
2903
1334
1575
2904
1338
1339
2906
1339
2909
1338
1338
1339
2911
2914
1341
1351
1372
1353
1346
1347
1348
1349
1346
1347
1346
1348
1347
1348
1352
1353
1355
1353
1354
1355
1354
1355
1382
1353
1354
1383
1353
1355
1386
1358
1359
1364
1368
1358
1359
1389
1366
1370
1391
1362
1363
1364
1368
1362
1363
1623
1367
1624
1371
1366
1367
1366
1367
1627
1628
1370
1371
1370
1371
1401
1402
1373
1383
1385
1378
1379
1380
1381
1378
1380
1637
1378
1379
1384
1379
1380
1638
1385
1387
1640
1385
1386
1387
1386
1387
1385
1386
1385
1387
1390
1391
1396
1400
1390
1391
1399
1402
1394
1395
1396
1400
1394
1395
1398
1403
1398
1399
1398
1399
1402
1403
1402
1403
1408
1409
1410
1409
1410
1408
1409
1413
1542
1408
1410
1414
1602
1415
1543
1603
1415
1416
1417
1416
1417
1415
1416
1572
1415
1417
1634
1573
1635
1419
1429
1450
1431
1424
1425
1426
1427
1424
1426
1605
1424
1425
1430
1425
1426
1607
1431
1433
1609
1431
1432
1433
1432
1433
1460
1431
1432
1461
1431
1433
1464
1436
1437
1442
1446
1436
1437
1467
1444
1448
1469
1440
1441
1442
1446
1440
1441
1687
1445
1688
1449
1444
1445
1444
1445
1691
1692
1448
1449
1448
1449
1479
1480
1451
1461
1463
1456
1457
1458
1459
1456
1458
1701
1456
1457
1462
1457
1458
1703
1463
1465
1705
1463
1464
1465
1464
1465
1463
1464
1463
1465
1468
1469
1474
1478
1468
1469
1476
1480
1472
1473
1474
1478
1472
1473
1655
1477
1656
1481
1476
1477
1476
1477
1659
1660
1480
1481
1480
1481
1485
1544
1485
1486
1490
1514
1486
1515
1546
1492
1493
1517
1488
1491
1530
1492
1493
1522
1537
1492
1493
1523
1492
1538
1526
1495
1510
1743
1500
1501
1502
1503
1500
1502
1745
1500
1501
1506
1533
1501
1502
1534
1747
1507
1509
1536
1749
1507
1508
1509
1508
1509
1522
1537
1507
1508
1524
1507
1509
1539
1527
1541
1511
1529
1516
1517
1518
1521
1516
1518
1585
1516
1517
1523
1517
1518
1587
1525
1526
1589
1520
1528
1592
1525
1526
1527
1526
1527
1525
1526
1525
1527
1529
1531
1538
1540
1535
1780
1535
1536
1539
1536
1782
1540
1541
1541
1540
1540
1541
1543
1550
1572
1552
1547
1547
1548
1551
1586
1548
1587
1552
1553
1590
1553
1579
1594
1552
1580
1552
1553
1595
1598
1555
1570
1560
1561
1562
1563
1560
1561
2902
1560
1562
1575
2904
1561
1562
1565
1576
2907
1567
1568
1578
1567
1568
1569
1568
1569
1579
1594
1567
1568
1581
1567
1569
1596
1583
1599
1571
1601
1573
1580
1582
1577
1578
1577
1578
1581
1582
1583
1583
1582
1582
1583
1588
1589
1590
1593
1588
1589
1588
1590
1595
1589
1590
1597
1598
1592
1600
1597
1598
1599
1598
1599
1597
1598
1597
1599
1601
1603
1613
1634
1615
1608
1609
1610
1611
1608
1609
1608
1610
1614
1609
1610
1615
1617
1615
1616
1617
1616
1617
1644
1615
1616
1645
1615
1617
1648
1620
1621
1626
1630
1620
1621
1651
1629
1632
1653
1624
1625
1626
1630
1624
1625
1628
1633
1628
1629
1628
1629
1632
1633
1632
1633
1663
1664
1635
1645
1647
1640
1641
1642
1643
1640
1641
1640
1642
1641
1642
1646
1647
1649
1647
1648
1649
1648
1649
1647
1648
1647
1649
1652
1653
1658
1662
1652
1653
1661
1664
1656
1657
1658
1662
1656
1657
1660
1665
1660
1661
1660
1661
1664
1665
1664
1665
1667
1677
1698
1679
1672
1673
1674
1675
1672
1674
1867
1672
1673
1678
1673
1674
1868
1679
1681
1870
1679
1680
1681
1680
1681
1708
1679
1680
1709
1679
1681
1712
1684
1685
1690
1694
1684
1685
1715
1693
1696
1717
1688
1689
1690
1694
1688
1689
1692
1697
1692
1693
1692
1693
1696
1697
1696
1697
1727
1728
1699
1709
1711
1704
1705
1706
1707
1704
1705
1704
1706
1710
1705
1706
1711
1713
1711
1712
1713
1712
1713
1711
1712
1711
1713
1716
1717
1722
1726
1716
1717
1724
1728
1720
1721
1722
1726
1720
1721
1917
1725
1918
1729
1724
1725
1724
1725
1921
1922
1728
1729
1728
1729
1733
1804
1733
1734
1738
1762
1734
1763
1805
1740
1741
1765
1736
1739
1778
1740
1741
1770
1785
1740
1741
1771
1740
1786
1774
1743
1758
1748
1749
1750
1751
1748
1749
1748
1750
1754
1781
1749
1750
1782
1755
1757
1784
1755
1756
1757
1756
1757
1770
1785
1755
1756
1772
1755
1757
1787
1775
1789
1759
1777
1764
1765
1766
1769
1764
1766
1835
1764
1765
1771
1765
1766
1836
1773
1774
1838
1768
1776
1842
1773
1774
1775
1774
1775
1773
1774
1773
1775
1777
1779
1786
1788
1783
1783
1784
1787
1784
1788
1789
1789
1788
1788
1789
1794
1795
1796
1795
1796
1794
1795
1799
1809
1794
1796
1800
1864
1801
1810
1865
1801
1802
1803
1802
1803
1801
1802
1852
1801
1803
1896
1853
1897
1807
1808
1836
1807
1808
1812
1837
1814
1815
1840
1810
1813
1852
1814
1815
1846
1859
1814
1815
1847
1814
1860
1850
1817
1825
2051
1822
1823
1824
1827
1822
1824
2053
1822
1823
1830
1855
1823
1824
1856
2054
1831
1833
1858
2056
1826
1844
1831
1832
1833
1832
1833
1846
1859
1831
1832
1848
1831
1833
1861
1851
1863
1838
1839
1840
1845
1838
1839
1838
1840
1839
1840
1847
1849
1850
1842
1843
1844
1849
1850
1851
1850
1851
1849
1850
1849
1851
1853
1860
1862
1857
2070
1857
1858
1861
1858
2071
1862
1863
1863
1862
1862
1863
1865
1875
1896
1877
1870
1871
1872
1873
1870
1871
1870
1872
1871
1872
1876
1877
1879
1877
1878
1879
1878
1879
1906
1877
1878
1907
1877
1879
1910
1882
1883
1888
1892
1882
1883
1913
1890
1894
1915
1886
1887
1888
1892
1886
1887
2105
1891
2106
1895
1890
1891
1890
1891
2109
2110
1894
1895
1894
1895
1925
1926
1897
1907
1909
1902
1903
1904
1905
1902
1904
2119
1902
1903
1908
1903
1904
2120
1909
1911
2122
1909
1910
1911
1910
1911
1909
1910
1909
1911
1914
1915
1920
1924
1914
1915
1923
1926
1918
1919
1920
1924
1918
1919
1922
1927
1922
1923
1922
1923
1926
1927
1926
1927
1932
1933
1934
1933
1934
1932
1933
1937
2038
1932
1934
1938
2084
1939
2039
2085
1939
1940
1941
1940
1941
1939
1940
2068
1939
1941
2116
2069
2117
1943
1953
1974
1955
1948
1949
1950
1951
1948
1950
2087
1948
1949
1954
1949
1950
2089
1955
1957
2091
1955
1956
1957
1956
1957
1984
1955
1956
1985
1955
1957
1988
1960
1961
1966
1970
1960
1961
1991
1968
1972
1993
1964
1965
1966
1970
1964
1965
2169
1969
2170
1973
1968
1969
1968
1969
2173
2174
1972
1973
1972
1973
2003
2004
1975
1985
1987
1980
1981
1982
1983
1980
1982
2183
1980
1981
1986
1981
1982
2185
1987
1989
2187
1987
1988
1989
1988
1989
1987
1988
1987
1989
1992
1993
1998
2002
1992
1993
2000
2004
1996
1997
1998
2002
1996
1997
2137
2001
2138
2005
2000
2001
2000
2001
2141
2142
2004
2005
2004
2005
2009
2040
2009
2010
2014
2945
2010
2042
2946
2016
2017
2948
2012
2015
2026
2016
2017
2033
2951
2016
2017
2952
2016
2034
2955
2019
2020
2225
2021
2025
2023
2024
2081
2025
2027
2034
2036
2031
2234
2031
2032
2035
2931
2032
2236
2932
2036
2037
2934
2037
2937
2036
2036
2037
2939
2942
2039
2046
2068
2048
2043
2043
2044
2047
2959
2044
2960
2048
2049
2963
2049
2075
2965
2048
2076
2048
2049
2966
2969
2051
2066
2056
2057
2058
2059
2056
2057
2056
2058
2071
2057
2058
2061
2072
2063
2064
2074
2063
2064
2065
2064
2065
2075
2965
2063
2064
2077
2063
2065
2967
2079
2970
2067
2083
2069
2076
2078
2073
2074
2073
2074
2077
2078
2079
2079
2078
2078
2079
2081
2082
2083
2085
2095
2116
2097
2090
2091
2092
2093
2090
2091
2090
2092
2096
2091
2092
2097
2099
2097
2098
2099
2098
2099
2126
2097
2098
2127
2097
2099
2130
2102
2103
2108
2112
2102
2103
2133
2111
2114
2135
2106
2107
2108
2112
2106
2107
2110
2115
2110
2111
2110
2111
2114
2115
2114
2115
2145
2146
2117
2127
2129
2122
2123
2124
2125
2122
2123
2122
2124
2123
2124
2128
2129
2131
2129
2130
2131
2130
2131
2129
2130
2129
2131
2134
2135
2140
2144
2134
2135
2143
2146
2138
2139
2140
2144
2138
2139
2142
2147
2142
2143
2142
2143
2146
2147
2146
2147
2149
2159
2180
2161
2154
2155
2156
2157
2154
2156
2293
2154
2155
2160
2155
2156
2294
2161
2163
2296
2161
2162
2163
2162
2163
2190
2161
2162
2191
2161
2163
2194
2166
2167
2172
2176
2166
2167
2197
2175
2178
2199
2170
2171
2172
2176
2170
2171
2174
2179
2174
2175
2174
2175
2178
2179
2178
2179
2209
2210
2181
2191
2193
2186
2187
2188
2189
2186
2187
2186
2188
2192
2187
2188
2193
2195
2193
2194
2195
2194
2195
2193
2194
2193
2195
2198
2199
2204
2208
2198
2199
2206
2210
2202
2203
2204
2208
2202
2203
2343
2207
2344
2211
2206
2207
2206
2207
2347
2348
2210
2211
2210
2211
2215
2258
2215
2216
2220
2987
2216
2259
2988
2222
2223
2990
2218
2221
2232
2222
2223
2239
2993
2222
2223
2994
2222
2240
2997
2225
2226
2227
2231
2229
2230
2275
2231
2233
2240
2242
2237
2237
2238
2241
2973
2238
2974
2242
2243
2977
2243
2979
2242
2242
2243
2981
2984
2248
2249
2250
2249
2250
2248
2249
2253
2263
2248
2250
2254
2290
2255
2264
2291
2255
2256
2257
2256
2257
2255
2256
2278
2255
2257
2322
2279
2323
2261
2262
3015
2261
2262
2266
3016
2268
2269
3019
2264
2267
2278
2268
2269
2285
3021
2268
2269
3022
2268
2286
3025
2271
2272
2477
2273
2277
2275
2276
2277
2279
2286
2288
2283
2482
2283
2284
2287
3001
2284
2483
3002
2288
2289
3004
2289
3007
2288
2288
2289
3009
3012
2291
2301
2322
2303
2296
2297
2298
2299
2296
2297
2296
2298
2297
2298
2302
2303
2305
2303
2304
2305
2304
2305
2332
2303
2304
2333
2303
2305
2336
2308
2309
2314
2318
2308
2309
2339
2316
2320
2341
2312
2313
2314
2318
2312
2313
2517
2317
2518
2321
2316
2317
2316
2317
2521
2522
2320
2321
2320
2321
2351
2352
2323
2333
2335
2328
2329
2330
2331
2328
2330
2531
2328
2329
2334
2329
2330
2532
2335
2337
2534
2335
2336
2337
2336
2337
2335
2336
2335
2337
2340
2341
2346
2350
2340
2341
2349
2352
2344
2345
2346
2350
2344
2345
2348
2353
2348
2349
2348
2349
2352
2353
2352
2353
2358
2359
2360
2359
2360
2358
2359
2363
2464
2358
2360
2364
2496
2365
2465
2497
2365
2366
2367
2366
2367
2365
2366
2480
2365
2367
2528
2481
2529
2369
2379
2400
2381
2374
2375
2376
2377
2374
2376
2499
2374
2375
2380
2375
2376
2501
2381
2383
2503
2381
2382
2383
2382
2383
2410
2381
2382
2411
2381
2383
2414
2386
2387
2392
2396
2386
2387
2417
2394
2398
2419
2390
2391
2392
2396
2390
2391
2581
2395
2582
2399
2394
2395
2394
2395
2585
2586
2398
2399
2398
2399
2429
2430
2401
2411
2413
2406
2407
2408
2409
2406
2408
2595
2406
2407
2412
2407
2408
2597
2413
2415
2599
2413
2414
2415
2414
2415
2413
2414
2413
2415
2418
2419
2424
2428
2418
2419
2426
2430
2422
2423
2424
2428
2422
2423
2549
2427
2550
2431
2426
2427
2426
2427
2553
2554
2430
2431
2430
2431
2435
2466
2435
2436
2440
3043
2436
2468
3044
2442
2443
3046
2438
2441
2452
2442
2443
2459
3049
2442
2443
3050
2442
2460
3053
2445
2446
2637
2447
2451
2449
2450
2493
2451
2453
2460
2462
2457
2646
2457
2458
2461
3029
2458
2648
3030
2462
2463
3032
2463
3035
2462
2462
2463
3037
3040
2465
2472
2480
2474
2469
2469
2470
2473
3071
2470
3072
2474
2475
3075
2475
2487
3077
2474
2488
2474
2475
3078
3081
2477
2478
2479
2495
2481
2488
2490
2485
2486
3057
2485
2486
2489
3058
2490
2491
3061
2491
3063
2490
2490
2491
3064
3067
2493
2494
2495
2497
2507
2528
2509
2502
2503
2504
2505
2502
2503
2502
2504
2508
2503
2504
2509
2511
2509
2510
2511
2510
2511
2538
2509
2510
2539
2509
2511
2542
2514
2515
2520
2524
2514
2515
2545
2523
2526
2547
2518
2519
2520
2524
2518
2519
2522
2527
2522
2523
2522
2523
2526
2527
2526
2527
2557
2558
2529
2539
2541
2534
2535
2536
2537
2534
2535
2534
2536
2535
2536
2540
2541
2543
2541
2542
2543
2542
2543
2541
2542
2541
2543
2546
2547
2552
2556
2546
2547
2555
2558
2550
2551
2552
2556
2550
2551
2554
2559
2554
2555
2554
2555
2558
2559
2558
2559
2561
2571
2592
2573
2566
2567
2568
2569
2566
2568
2725
2566
2567
2572
2567
2568
2726
2573
2575
2728
2573
2574
2575
2574
2575
2602
2573
2574
2603
2573
2575
2606
2578
2579
2584
2588
2578
2579
2609
2587
2590
2611
2582
2583
2584
2588
2582
2583
2586
2591
2586
2587
2586
2587
2590
2591
2590
2591
2621
2622
2593
2603
2605
2598
2599
2600
2601
2598
2599
2598
2600
2604
2599
2600
2605
2607
2605
2606
2607
2606
2607
2605
2606
2605
2607
2610
2611
2616
2620
2610
2611
2618
2622
2614
2615
2616
2620
2614
2615
2757
2619
2758
2623
2618
2619
2618
2619
2761
2762
2622
2623
2622
2623
2627
2697
2627
2628
2632
3099
2628
2698
3100
2634
2635
3102
2630
2633
2644
2634
2635
2651
3105
2634
2635
3106
2634
2652
3109
2637
2638
2639
2643
2641
2642
2716
2643
2645
2652
2654
2649
2649
2650
2653
3085
2650
3086
2654
2655
3089
2655
3091
2654
2654
2655
3093
3096
2660
2661
2662
2661
2662
2660
2661
2688
2702
2660
2662
2689
2722
2690
2703
2723
2665
2668
2665
2670
2685
2669
2672
2667
2671
2709
2669
2672
2669
2672
2691
2672
2713
2675
2679
2686
2675
2682
2681
2684
2678
2680
2740
2678
2683
2681
2684
2681
2694
2681
2744
2684
2684
2687
2691
2687
2694
2693
2696
2690
2692
2719
2690
2695
2748
2693
2696
2693
2693
2721
2696
2696
2750
2700
2701
3113
2700
2701
2705
3114
2707
2708
3117
2703
2706
2719
2707
2708
2720
3119
2707
2708
3120
2707
2721
3123
2710
2713
2711
2714
2718
2714
2720
3119
2714
3121
3124
2716
2717
2718
2721
2723
2733
2748
2735
2728
2729
2730
2731
2728
2729
2728
2730
2729
2730
2734
2735
2737
2735
2736
2737
2736
2737
2749
2735
2736
2750
2735
2737
2751
2739
2743
2753
2745
2747
2755
2742
2744
2742
2746
2745
2747
2745
2749
2745
2747
2765
2766
2750
2751
2751
2754
2755
2760
2764
2754
2755
2763
2766
2758
2759
2760
2764
2758
2759
2762
2767
2762
2763
2762
2763
2766
2767
2766
2767
2771
2772
2773
2774
2771
2773
2775
2772
2773
2780
2849
2850
2852
2776
2781
2777
2857
2858
2859
2776
2777
2776
2777
2868
2869
2870
2781
2782
2783
2782
2785
2781
2782
2874
2875
2877
2786
2882
2883
2884
2786
2787
2786
2787
2825
2888
2889
2891
2786
2896
2897
2898
2826
2790
2791
2792
2790
2791
2797
2930
2931
2933
2798
2795
2938
2939
2940
2794
2795
2794
2795
2829
2944
2945
2947
2830
2952
2953
2954
2798
2799
2800
2798
2799
2972
2973
2975
2802
2980
2981
2982
2802
2803
2802
2803
2837
2986
2987
2989
2994
2995
2996
2838
2806
2807
2808
2806
2807
2813
3028
3029
3031
2814
2811
3036
3037
3038
2810
2811
2810
2811
2845
3042
3043
3045
2846
3050
3051
3052
2814
2815
2816
2814
2815
3084
3085
3087
2818
3092
3093
3094
2818
2819
2818
2819
3098
3099
3101
3106
3107
3108
2822
2823
2824
2822
2823
2902
2903
2905
2827
2910
2911
2912
2826
2827
2826
2827
2916
2918
2920
2924
2925
2926
2830
2831
2830
2831
2958
2959
2961
2966
2967
2968
2834
2835
2836
2834
2835
2841
3000
3001
3003
2839
3008
3009
3010
2842
2838
2839
2838
2839
3014
3016
3018
3022
3023
3024
2842
2843
2844
2842
2843
3056
3058
3060
2847
3064
3065
3066
2846
2847
2846
2847
3070
3071
3073
3078
3079
3080
2852
2853
2854
2855
2852
2854
2874
2852
2853
2858
2853
2854
2876
2859
2861
2878
2859
2860
2861
2860
2861
2867
2859
2860
2869
2859
2861
2872
2864
2865
2866
2864
2865
2868
2870
2871
2870
2871
2872
2871
2872
2870
2871
2870
2872
2877
2878
2879
2880
2877
2878
2877
2879
2883
2878
2879
2884
2886
2884
2885
2886
2885
2886
2895
2884
2885
2897
2884
2886
2900
2891
2892
2893
2894
2891
2893
2916
2891
2892
2896
2892
2893
2917
2898
2899
2919
2898
2899
2900
2899
2900
2898
2899
2898
2900
2905
2906
2907
2908
2905
2907
2905
2906
2911
2906
2907
2912
2914
2912
2913
2914
2913
2914
2923
2912
2913
2925
2912
2914
2928
2919
2920
2921
2922
2919
2920
2919
2921
2920
2921
2924
2926
2927
2926
2927
2928
2927
2928
2926
2927
2926
2928
2933
2934
2935
2936
2933
2935
2972
2933
2934
2939
2934
2935
2974
2940
2942
2976
2940
2941
2942
2941
2942
2951
2940
2941
2953
2940
2942
2956
2947
2948
2949
2950
2947
2949
2958
2947
2948
2952
2948
2949
2960
2954
2955
2962
2954
2955
2956
2955
2956
2954
2955
2954
2956
2961
2962
2963
2964
2961
2962
2961
2963
2966
2962
2963
2968
2969
2968
2969
2970
2969
2970
2968
2969
2968
2970
2975
2976
2977
2978
2975
2976
2975
2977
2981
2976
2977
2982
2984
2982
2983
2984
2983
2984
2993
2982
2983
2995
2982
2984
2998
2989
2990
2991
2992
2989
2991
3014
2989
2990
2994
2990
2991
3015
2996
2997
3017
2996
2997
2998
2997
2998
2996
2997
2996
2998
3003
3004
3005
3006
3003
3005
3056
3003
3004
3009
3004
3005
3057
3010
3012
3059
3010
3011
3012
3011
3012
3021
3010
3011
3023
3010
3012
3026
3017
3018
3019
3020
3017
3018
3017
3019
3018
3019
3022
3024
3025
3024
3025
3026
3025
3026
3024
3025
3024
3026
3031
3032
3033
3034
3031
3033
3084
3031
3032
3037
3032
3033
3086
3038
3040
3088
3038
3039
3040
3039
3040
3049
3038
3039
3051
3038
3040
3054
3045
3046
3047
3048
3045
3047
3070
3045
3046
3050
3046
3047
3072
3052
3053
3074
3052
3053
3054
3053
3054
3052
3053
3052
3054
3059
3060
3061
3062
3059
3060
3059
3061
3060
3061
3064
3066
3067
3066
3067
3068
3067
3068
3077
3066
3067
3066
3068
3079
3082
3073
3074
3075
3076
3073
3074
3073
3075
3078
3074
3075
3080
3081
3080
3081
3082
3081
3082
3080
3081
3080
3082
3087
3088
3089
3090
3087
3088
3087
3089
3093
3088
3089
3094
3096
3094
3095
3096
3095
3096
3105
3094
3095
3107
3094
3096
3110
3101
3102
3103
3104
3101
3103
3112
3101
3102
3106
3102
3103
3113
3108
3109
3115
3108
3109
3110
3109
3110
3108
3109
3108
3110
3115
3116
3117
3118
3115
3116
3115
3117
3116
3117
3120
3122
3123
3122
3123
3124
3123
3124
3122
3123
3122
3124
)


// ************************************************************************* //
