/*--------------------------------*- C++ -*----------------------------------*\
| =========                 |                                                 |
| \\      /  F ield         | OpenFOAM: The Open Source CFD Toolbox           |
|  \\    /   O peration     | Version:  2012                                  |
|   \\  /    A nd           | Website:  www.openfoam.com                      |
|    \\/     M anipulation  |                                                 |
\*---------------------------------------------------------------------------*/
FoamFile
{
    version     2.0;
    format      ascii;
    class       labelList;
    note        "nPoints:5103  nCells:3125  nFaces:11219  nInternalFaces:8611";
    location    "constant/solid/polyMesh";
    object      owner;
}
// * * * * * * * * * * * * * * * * * * * * * * * * * * * * * * * * * * * * * //


11219
(
0
0
0
0
0
0
1
1
1
1
2
2
2
2
2
3
3
3
3
4
4
4
4
4
5
5
5
5
6
6
6
6
6
7
7
7
7
8
8
8
8
8
9
9
9
9
10
10
10
10
10
11
11
11
11
12
12
12
12
12
13
13
13
13
14
14
14
15
15
15
15
15
15
15
15
15
15
16
16
16
16
17
17
17
17
18
18
18
18
19
19
19
19
20
20
20
20
20
20
20
20
20
21
21
21
22
22
22
22
23
23
23
24
24
24
25
25
25
25
25
25
25
25
25
26
26
26
26
27
27
27
27
28
28
28
28
28
28
28
28
28
28
29
29
29
29
30
30
30
30
30
30
30
30
30
31
31
31
31
32
32
32
32
32
32
32
32
32
33
33
33
33
34
34
34
35
35
35
35
35
35
35
35
35
36
36
36
36
37
37
37
37
38
38
38
38
38
38
38
38
38
38
39
39
39
39
40
40
40
40
40
40
40
40
40
41
41
41
41
42
42
42
42
42
42
42
42
42
43
43
43
43
44
44
44
45
45
45
45
45
45
45
45
45
46
46
46
46
47
47
47
47
48
48
48
48
48
48
48
48
48
48
49
49
49
49
50
50
50
50
50
50
50
50
50
51
51
51
51
52
52
52
52
52
52
52
52
52
53
53
53
53
53
54
54
54
55
55
55
55
55
55
55
55
55
55
55
55
56
56
56
56
56
56
56
57
57
57
57
57
57
57
57
58
58
58
58
58
58
59
59
59
59
59
59
59
60
60
60
60
60
60
60
61
61
61
61
61
61
61
61
62
62
62
63
63
63
64
64
64
64
64
64
64
64
64
64
65
65
65
65
66
66
66
66
66
66
66
66
67
67
67
67
67
67
67
67
68
68
68
68
68
68
68
69
69
69
69
69
69
69
70
70
70
70
70
70
71
71
71
72
72
72
73
73
73
73
73
73
73
73
73
74
74
74
75
75
75
75
75
75
75
75
76
76
76
76
76
76
76
77
77
77
77
77
77
77
78
78
78
78
78
78
78
78
79
79
79
79
79
79
79
79
80
80
80
80
80
80
80
81
81
81
81
81
81
81
82
82
82
82
82
82
83
83
83
83
83
83
84
84
84
84
84
84
85
85
85
85
85
85
85
86
86
86
86
86
86
86
87
87
87
87
87
87
87
87
88
88
88
89
89
89
90
90
90
90
90
90
90
90
90
90
91
91
91
91
92
92
92
92
92
92
92
92
93
93
93
93
93
93
93
93
94
94
94
94
94
94
94
95
95
95
95
95
95
95
96
96
96
96
96
96
97
97
97
98
98
98
99
99
99
99
99
99
99
99
99
100
100
100
101
101
101
101
101
101
101
101
102
102
102
102
102
102
102
103
103
103
103
103
103
103
104
104
104
104
104
104
104
104
105
105
105
105
105
105
105
105
106
106
106
106
106
106
106
107
107
107
107
107
107
107
108
108
108
108
108
108
109
109
109
109
109
109
110
110
110
110
110
110
111
111
111
111
111
111
111
112
112
112
112
112
112
112
113
113
113
114
114
114
115
115
115
115
115
115
115
115
115
115
116
116
116
116
117
117
117
117
117
117
117
117
118
118
118
118
118
118
118
119
119
119
119
119
119
120
120
120
121
121
121
122
122
122
122
122
122
122
122
122
123
123
123
124
124
124
124
124
124
124
124
125
125
125
125
125
125
125
126
126
126
126
126
126
126
127
127
127
127
127
127
128
128
128
128
128
128
129
129
129
129
129
129
130
130
130
130
130
130
130
131
131
131
132
132
132
132
133
133
133
133
133
133
134
134
134
134
134
135
135
135
135
136
136
136
136
137
137
137
137
138
138
138
138
138
138
138
138
138
139
139
139
139
139
139
139
139
139
139
140
140
140
140
141
141
141
142
142
142
142
142
142
142
142
142
142
142
143
143
143
143
143
143
143
143
143
143
143
143
144
144
145
145
145
145
145
145
145
145
146
146
146
146
146
146
146
146
146
147
147
147
147
147
148
148
148
148
148
148
148
148
148
148
148
148
149
149
149
149
150
150
150
150
150
150
150
150
150
150
150
151
151
151
151
151
151
151
151
151
152
152
152
152
152
152
152
152
152
152
153
153
154
154
154
154
155
155
155
156
156
156
156
156
156
156
156
156
156
157
157
157
157
157
157
157
157
157
157
157
158
159
159
159
159
159
159
159
159
160
160
160
160
160
160
160
160
160
161
161
161
161
161
162
162
162
162
162
162
162
162
162
162
162
162
163
163
163
163
164
164
164
164
164
164
164
164
164
164
164
165
165
166
166
166
166
166
166
166
166
166
167
167
167
167
167
167
167
167
167
167
168
168
168
168
169
169
169
170
170
170
170
170
170
170
170
170
170
170
171
171
171
171
171
171
171
171
171
171
171
171
172
172
173
173
173
173
173
173
173
173
174
174
174
174
174
174
174
174
174
175
175
175
175
175
176
176
176
176
176
176
176
176
176
176
176
176
177
177
177
177
178
178
178
178
178
178
178
178
178
178
178
179
179
179
179
179
179
179
179
179
180
180
180
180
180
180
180
180
180
180
181
181
182
182
182
182
183
183
183
184
184
184
184
184
184
184
184
184
184
185
185
185
185
185
185
185
185
185
185
185
186
187
187
187
187
187
187
187
187
188
188
188
188
188
188
188
188
188
189
189
189
189
189
190
190
190
190
190
190
190
190
190
190
190
190
191
191
191
191
192
192
192
192
192
192
192
192
192
192
192
193
193
194
194
194
194
194
194
194
194
194
195
195
195
195
195
195
195
195
195
195
196
196
196
196
197
197
197
198
198
198
198
198
198
198
198
198
198
198
199
199
199
199
199
199
199
199
199
199
199
199
200
200
201
201
201
201
201
201
201
201
202
202
202
202
202
202
202
202
202
203
203
203
203
203
204
204
204
204
204
204
204
204
204
204
204
204
205
205
205
205
206
206
206
206
206
206
206
206
206
206
206
207
207
207
207
207
207
207
207
207
208
208
208
208
208
208
208
208
208
208
209
209
210
210
210
210
211
211
211
212
212
212
212
212
212
212
212
212
212
213
213
213
213
213
213
213
213
213
213
213
214
215
215
215
215
215
215
215
215
216
216
216
216
216
216
216
216
216
217
217
217
217
217
218
218
218
218
218
218
218
218
218
218
218
218
219
219
219
219
220
220
220
220
220
220
220
220
220
220
220
221
221
222
222
222
222
222
222
222
222
222
223
223
223
223
223
223
223
223
223
223
224
224
224
224
225
225
225
226
226
226
226
226
226
226
226
226
226
226
227
227
227
227
227
227
227
227
227
227
227
227
228
228
229
229
229
229
229
229
229
229
230
230
230
230
230
230
230
230
230
231
231
231
231
231
232
232
232
232
232
232
232
232
232
232
232
232
233
233
233
233
234
234
234
234
234
234
234
234
234
234
234
235
235
235
235
235
235
235
235
235
236
236
236
236
236
236
236
236
236
236
237
237
238
238
238
238
239
239
239
240
240
240
240
240
240
240
240
240
240
241
241
241
241
241
241
241
241
241
241
241
242
243
243
243
243
243
243
243
243
244
244
244
244
244
244
244
244
244
245
245
245
245
245
246
246
246
246
246
246
246
246
246
246
247
247
247
247
247
247
248
248
248
248
248
248
248
248
248
249
249
249
249
250
250
250
251
251
251
251
251
252
252
252
252
252
252
252
253
253
253
253
253
254
254
254
254
254
254
254
254
255
255
255
255
255
255
256
256
256
256
256
256
257
257
257
257
257
257
257
258
258
258
258
259
259
259
259
260
260
260
261
261
261
261
261
262
262
262
262
262
263
263
263
263
263
263
263
263
263
264
264
264
264
264
264
265
265
265
265
265
265
265
265
265
266
266
266
267
267
267
268
268
268
268
268
268
268
268
268
269
269
269
269
269
270
270
270
270
270
270
270
271
271
271
271
271
272
272
272
272
272
273
273
273
273
273
273
273
273
274
274
274
274
274
275
275
275
275
275
275
276
276
276
276
276
277
277
277
277
277
277
277
278
278
278
278
279
279
279
280
280
280
281
281
281
281
281
282
282
282
282
282
282
282
282
282
282
282
283
283
283
283
284
284
284
284
284
284
284
284
284
284
285
286
286
286
286
286
286
286
286
286
286
287
287
287
287
287
287
287
287
287
288
288
288
288
289
289
289
290
290
290
290
290
290
290
290
290
290
290
290
291
291
291
291
291
291
291
291
291
291
291
292
292
292
292
292
292
292
292
292
293
293
293
293
293
293
293
293
294
294
295
295
295
295
296
296
296
296
296
297
297
297
297
297
297
297
298
298
298
298
298
298
299
299
299
299
299
299
300
300
300
300
301
301
301
301
301
301
302
302
302
302
303
303
303
303
304
304
304
305
305
305
305
306
306
306
306
306
307
307
307
307
307
307
307
307
307
307
308
308
308
308
308
308
309
309
309
309
309
309
309
309
309
310
310
310
310
311
311
311
312
312
312
312
312
312
312
312
313
313
313
313
313
314
314
314
314
314
314
314
315
315
315
315
315
316
316
316
316
317
317
317
317
317
317
317
317
317
317
317
318
318
318
318
318
318
318
318
318
318
319
320
320
320
320
320
320
320
320
320
320
321
321
321
321
321
321
321
321
321
322
322
322
322
323
323
323
324
324
324
324
324
324
324
324
324
324
324
325
325
325
325
325
325
325
325
325
325
326
327
327
327
327
327
327
327
327
327
328
328
328
328
328
328
328
328
329
329
329
329
329
330
330
330
330
330
331
331
331
331
331
331
331
331
331
331
332
332
332
332
332
332
333
333
333
333
333
333
333
333
333
334
334
334
334
335
335
335
336
336
336
336
336
336
336
336
336
337
337
337
337
337
338
338
338
338
338
338
338
339
339
339
339
339
340
340
340
340
340
341
341
341
341
341
341
341
342
342
342
342
342
342
343
343
343
343
343
343
344
344
344
344
344
345
345
345
345
345
345
346
346
346
346
347
347
347
347
348
348
348
349
349
349
349
350
350
350
350
350
351
351
351
351
351
352
352
352
352
352
352
352
353
353
353
353
353
353
354
354
354
355
355
355
356
356
356
356
357
357
357
357
357
357
358
358
358
358
359
359
359
359
360
360
360
360
360
361
361
361
361
361
361
361
361
361
362
362
362
362
362
362
363
363
363
363
363
363
363
363
363
364
364
364
365
365
365
366
366
366
366
366
366
366
366
367
367
367
367
367
368
368
368
368
368
368
368
369
369
369
369
369
370
370
370
370
370
371
371
371
371
371
371
371
371
371
372
372
372
372
372
372
373
373
373
373
373
373
373
373
373
374
374
374
375
375
375
376
376
376
376
376
376
376
376
376
377
377
377
377
377
378
378
378
378
378
378
378
379
379
379
379
379
380
380
380
380
380
381
381
381
381
381
381
381
382
382
382
382
382
383
383
383
383
383
383
384
384
384
384
384
385
385
385
385
385
385
386
386
386
386
387
387
387
388
388
388
389
389
389
389
389
390
390
390
390
390
390
390
390
390
390
390
391
391
391
391
392
392
392
392
392
392
392
392
392
392
393
394
394
394
394
394
394
394
394
394
394
395
395
395
395
395
395
395
395
395
396
396
396
396
397
397
397
398
398
398
398
398
398
398
398
398
398
398
398
399
399
399
399
399
399
399
399
399
399
399
400
400
400
400
400
400
400
400
400
401
401
401
401
401
401
401
401
402
402
403
403
403
403
404
404
404
404
404
405
405
405
405
405
405
405
406
406
406
406
406
406
407
407
407
407
407
407
408
408
408
408
409
409
409
409
409
409
410
410
410
410
411
411
411
411
412
412
412
413
413
413
413
414
414
414
414
414
415
415
415
415
415
415
415
415
415
415
416
416
416
416
416
416
417
417
417
417
417
417
417
417
417
418
418
418
418
419
419
419
420
420
420
420
420
420
420
420
421
421
421
421
421
422
422
422
422
422
422
422
423
423
423
423
423
424
424
424
424
425
425
425
425
425
425
425
425
425
425
425
426
426
426
426
426
426
426
426
426
426
427
428
428
428
428
428
428
428
428
428
428
429
429
429
429
429
429
429
429
429
430
430
430
430
431
431
431
432
432
432
432
432
432
432
432
432
432
432
433
433
433
433
433
433
433
433
433
433
434
435
435
435
435
435
435
435
435
435
436
436
436
436
436
436
436
436
437
437
437
437
437
438
438
438
438
438
439
439
439
439
439
439
439
439
439
439
440
440
440
440
440
440
441
441
441
441
441
441
441
441
441
442
442
442
442
443
443
443
444
444
444
444
444
444
444
444
444
445
445
445
445
445
446
446
446
446
446
446
446
447
447
447
447
447
448
448
448
448
448
449
449
449
449
449
449
449
450
450
450
450
450
450
451
451
451
451
451
451
452
452
452
452
452
453
453
453
453
453
453
454
454
454
454
455
455
455
455
456
456
456
457
457
457
457
458
458
458
458
458
459
459
459
459
459
460
460
460
460
460
460
460
461
461
461
461
461
461
462
462
462
463
463
463
464
464
464
464
465
465
465
465
465
465
466
466
466
466
467
467
467
467
468
468
468
468
468
469
469
469
469
469
469
469
469
469
470
470
470
470
470
470
471
471
471
471
471
471
471
471
471
472
472
472
473
473
473
474
474
474
474
474
474
474
474
475
475
475
475
475
476
476
476
476
476
476
476
477
477
477
477
477
478
478
478
478
478
479
479
479
479
479
479
479
479
479
480
480
480
480
480
480
481
481
481
481
481
481
481
481
481
482
482
482
483
483
483
484
484
484
484
484
484
484
484
484
485
485
485
485
485
486
486
486
486
486
486
486
487
487
487
487
487
488
488
488
488
488
489
489
489
489
489
489
489
490
490
490
490
490
491
491
491
491
491
491
492
492
492
492
492
493
493
493
493
493
493
494
494
494
494
495
495
495
496
496
496
497
497
497
497
497
498
498
498
498
498
498
498
498
498
498
498
499
499
499
499
500
500
500
500
500
500
500
500
500
500
501
502
502
502
502
502
502
502
502
502
502
503
503
503
503
503
503
503
503
503
504
504
504
504
505
505
505
506
506
506
506
506
506
506
506
506
506
506
506
507
507
507
507
507
507
507
507
507
507
507
508
508
508
508
508
508
508
508
508
509
509
509
509
509
509
509
509
510
510
511
511
511
511
512
512
512
512
512
513
513
513
513
513
513
514
514
514
514
514
514
515
515
515
515
516
516
516
516
517
517
517
517
518
518
518
519
519
519
519
520
520
520
520
520
521
521
521
521
521
521
521
521
521
521
522
522
522
522
522
522
523
523
523
523
523
523
523
523
523
524
524
524
524
525
525
525
526
526
526
526
526
526
526
526
527
527
527
527
527
528
528
528
528
528
528
528
529
529
529
529
529
530
530
530
530
531
531
531
531
531
531
531
531
531
531
531
532
532
532
532
532
532
532
532
532
532
533
534
534
534
534
534
534
534
534
534
534
535
535
535
535
535
535
535
535
535
536
536
536
536
537
537
537
538
538
538
538
538
538
538
538
538
538
538
539
539
539
539
539
539
539
539
539
539
540
541
541
541
541
541
541
541
541
541
542
542
542
542
542
542
542
542
543
543
543
543
543
544
544
544
544
544
545
545
545
545
545
545
545
545
545
545
546
546
546
546
546
546
547
547
547
547
547
547
547
547
547
548
548
548
548
549
549
549
550
550
550
550
550
550
550
550
550
551
551
551
551
551
552
552
552
552
552
552
552
553
553
553
553
553
554
554
554
554
554
555
555
555
555
555
555
556
556
556
556
556
556
557
557
557
557
557
558
558
558
558
559
559
559
559
560
560
560
561
561
561
561
562
562
562
562
562
563
563
563
563
563
564
564
564
564
564
564
565
565
565
566
566
566
567
567
567
567
568
568
568
568
569
569
569
569
570
570
570
570
570
571
571
571
571
571
571
571
571
571
572
572
572
572
572
572
573
573
573
573
573
573
573
573
573
574
574
574
575
575
575
576
576
576
576
576
576
576
576
577
577
577
577
577
578
578
578
578
578
578
578
579
579
579
579
579
580
580
580
580
580
581
581
581
581
581
581
581
581
581
582
582
582
582
582
582
583
583
583
583
583
583
583
583
583
584
584
584
585
585
585
586
586
586
586
586
586
586
586
586
587
587
587
587
587
588
588
588
588
588
588
588
589
589
589
589
589
590
590
590
590
590
591
591
591
591
591
592
592
592
592
592
592
593
593
593
593
593
594
594
594
594
595
595
595
596
596
596
597
597
597
597
597
597
597
597
597
598
598
598
598
598
598
598
598
598
598
598
599
599
599
599
600
600
600
600
600
600
600
600
600
600
600
601
601
602
602
602
602
602
602
602
602
602
602
602
602
602
603
603
603
603
603
603
603
603
603
603
603
603
603
604
604
604
604
605
605
605
605
605
606
606
606
606
607
607
607
607
608
608
608
608
608
609
609
609
610
610
611
611
612
612
612
613
613
613
614
614
614
614
615
615
615
615
615
616
616
616
616
617
617
617
617
618
618
618
618
619
619
620
620
620
620
621
621
621
621
621
622
622
622
623
623
623
623
624
624
625
625
625
625
625
625
625
625
625
626
626
626
626
626
626
626
626
626
627
627
627
627
627
627
627
627
627
627
627
628
628
628
629
629
629
630
630
631
631
632
632
632
632
633
633
633
634
634
634
634
635
635
635
635
636
637
637
638
638
639
639
639
639
640
640
640
640
641
641
641
642
642
642
642
643
643
644
644
645
646
646
646
646
647
647
647
648
648
648
649
649
649
651
651
652
652
653
653
653
653
654
654
654
654
655
655
655
656
656
656
656
657
658
658
659
659
660
660
660
661
661
661
661
661
661
662
663
663
663
663
664
664
665
665
665
665
665
665
666
667
667
667
668
668
668
668
669
669
669
670
670
670
670
671
671
671
671
672
673
673
674
674
675
675
675
675
676
676
676
676
677
677
677
678
678
678
678
679
679
680
680
681
682
682
682
683
683
683
683
683
685
685
685
685
686
686
687
687
687
687
687
687
688
688
688
689
690
690
690
690
691
691
691
692
692
692
693
693
693
695
695
696
696
697
697
697
697
698
698
698
698
699
699
699
700
700
700
700
701
702
702
703
703
704
704
704
704
705
705
705
706
706
706
706
707
707
707
707
708
709
709
710
710
711
711
711
711
712
712
712
712
713
713
713
714
714
714
714
715
715
716
716
717
718
718
718
718
719
719
719
720
720
720
721
721
721
723
723
724
724
725
725
725
725
726
726
726
726
727
727
727
728
728
728
728
729
730
730
731
731
732
732
732
732
733
733
733
734
734
734
734
735
735
735
735
736
737
737
738
738
739
739
739
739
740
740
740
740
741
741
741
742
742
742
742
743
743
744
744
745
746
746
746
746
747
747
747
748
748
748
749
749
749
751
751
752
752
753
753
754
754
754
755
755
756
756
757
757
757
758
758
759
759
759
760
760
761
761
762
762
763
763
763
764
764
765
765
766
766
767
767
767
767
768
768
768
769
769
769
770
770
770
772
772
773
773
774
774
774
774
775
775
775
776
776
776
776
777
777
777
777
778
778
779
779
780
781
781
782
782
783
783
783
784
784
785
785
786
786
787
787
787
788
788
789
789
789
789
790
790
790
791
791
791
792
792
792
794
794
795
795
796
796
796
797
797
797
797
797
797
798
799
799
799
799
800
800
800
800
801
801
801
802
802
802
803
803
803
805
805
806
806
807
807
808
808
808
808
808
810
810
810
811
811
811
812
812
813
813
813
814
814
815
815
815
816
816
817
817
817
818
818
819
819
820
820
821
821
822
822
823
823
824
824
825
825
826
826
827
827
827
828
828
829
829
830
830
831
831
831
832
832
833
833
834
834
835
835
835
835
836
836
836
837
837
837
838
838
838
840
840
841
841
842
842
842
843
843
843
843
843
843
844
844
844
844
845
846
846
847
847
847
847
847
849
849
849
850
850
850
850
851
851
851
852
852
852
852
853
853
853
853
854
854
855
855
856
857
857
858
858
859
859
859
860
860
861
861
862
862
863
863
863
864
864
865
865
865
865
866
866
866
867
867
867
868
868
868
870
870
871
871
872
872
872
873
873
873
873
873
875
875
875
875
876
876
876
876
877
877
877
878
878
878
879
879
879
881
881
882
882
883
883
883
884
884
885
885
885
886
886
887
887
887
888
888
889
889
889
890
890
891
891
892
892
893
893
894
894
895
895
896
896
897
897
898
898
899
899
899
900
900
901
901
902
902
903
903
903
904
904
905
905
906
906
907
907
907
907
908
908
908
909
909
909
910
910
910
912
912
913
913
914
914
914
914
915
915
915
916
916
916
916
917
917
917
917
918
918
919
919
920
921
921
922
922
923
923
923
924
924
925
925
926
926
927
927
927
928
928
929
929
929
929
930
930
930
931
931
931
932
932
932
934
934
935
935
936
936
936
936
937
937
937
938
938
938
939
939
939
941
941
942
942
943
943
943
944
944
945
945
945
946
946
947
947
947
948
948
949
949
949
950
950
951
951
952
952
953
953
954
954
955
955
956
956
957
957
958
958
959
959
959
960
960
961
961
962
962
963
963
963
964
964
965
965
966
966
967
967
967
967
968
968
968
969
969
969
970
970
970
972
972
973
973
974
974
974
974
974
974
974
975
975
975
976
976
977
977
977
977
978
978
978
978
978
979
979
979
979
979
979
980
981
981
981
981
981
981
982
982
982
982
982
982
983
983
984
984
985
985
985
985
985
987
987
987
988
988
988
989
989
990
990
991
991
992
992
993
993
993
994
994
994
995
995
996
996
997
997
998
998
1000
1000
1001
1003
1003
1003
1004
1004
1005
1005
1005
1005
1006
1006
1006
1006
1007
1008
1009
1010
1010
1010
1011
1011
1012
1012
1012
1013
1013
1013
1015
1016
1017
1017
1017
1018
1018
1019
1019
1019
1019
1020
1020
1020
1020
1021
1022
1023
1024
1024
1024
1025
1025
1026
1026
1026
1027
1027
1027
1029
1030
1031
1031
1031
1032
1032
1033
1033
1033
1033
1034
1034
1034
1034
1035
1036
1037
1038
1038
1038
1039
1039
1040
1040
1040
1041
1041
1041
1043
1044
1045
1045
1045
1046
1046
1047
1047
1047
1047
1048
1048
1048
1048
1049
1050
1051
1052
1052
1052
1053
1053
1054
1054
1054
1055
1055
1055
1057
1058
1059
1059
1059
1060
1060
1061
1061
1061
1061
1062
1062
1062
1062
1063
1064
1065
1066
1066
1066
1067
1067
1068
1068
1068
1069
1069
1069
1071
1072
1073
1073
1073
1074
1074
1075
1075
1075
1075
1076
1076
1076
1076
1077
1078
1079
1080
1080
1080
1081
1081
1082
1082
1082
1083
1083
1083
1085
1086
1087
1087
1087
1088
1088
1089
1089
1089
1089
1090
1090
1090
1090
1091
1092
1093
1094
1094
1094
1095
1095
1096
1096
1096
1097
1097
1097
1099
1100
1101
1101
1101
1102
1102
1103
1103
1103
1103
1104
1104
1104
1104
1105
1106
1107
1108
1108
1108
1109
1109
1110
1110
1110
1111
1111
1111
1113
1114
1115
1115
1115
1116
1117
1117
1117
1118
1118
1118
1119
1120
1121
1121
1121
1122
1122
1122
1123
1123
1123
1124
1124
1126
1128
1128
1128
1128
1129
1129
1129
1130
1131
1131
1132
1132
1132
1132
1133
1133
1133
1134
1134
1135
1136
1136
1137
1137
1137
1139
1140
1140
1141
1141
1141
1142
1144
1144
1145
1146
1146
1146
1146
1147
1147
1147
1148
1148
1148
1149
1149
1149
1150
1151
1152
1153
1153
1153
1154
1154
1155
1155
1156
1156
1160
1160
1160
1160
1161
1161
1163
1165
1165
1166
1166
1169
1169
1169
1169
1170
1171
1171
1172
1172
1172
1173
1174
1174
1174
1175
1175
1175
1176
1176
1178
1179
1179
1180
1181
1182
1183
1184
1186
1186
1187
1188
1188
1189
1189
1189
1189
1190
1190
1190
1191
1192
1192
1193
1193
1194
1195
1195
1195
1197
1198
1198
1198
1199
1200
1200
1200
1200
1201
1201
1201
1202
1202
1202
1203
1203
1203
1204
1205
1206
1207
1207
1207
1208
1208
1208
1209
1209
1209
1210
1210
1212
1214
1214
1214
1214
1215
1215
1215
1216
1217
1217
1218
1218
1218
1218
1219
1219
1220
1221
1222
1222
1223
1223
1226
1226
1227
1227
1227
1228
1230
1230
1231
1232
1232
1232
1232
1233
1233
1234
1234
1234
1235
1235
1236
1238
1239
1239
1239
1240
1240
1241
1241
1242
1242
1246
1246
1246
1246
1247
1247
1248
1249
1250
1250
1250
1250
1251
1251
1251
1252
1252
1253
1254
1254
1255
1255
1255
1257
1258
1258
1259
1259
1262
1262
1263
1263
1263
1263
1264
1264
1264
1265
1266
1266
1267
1267
1267
1268
1269
1269
1269
1270
1270
1270
1271
1271
1273
1274
1274
1276
1277
1278
1278
1279
1280
1282
1282
1283
1284
1285
1285
1285
1285
1286
1286
1287
1288
1288
1289
1289
1290
1291
1291
1291
1293
1294
1294
1294
1295
1295
1296
1296
1296
1296
1297
1297
1297
1297
1298
1299
1300
1301
1301
1301
1302
1302
1303
1303
1303
1304
1304
1304
1306
1307
1308
1309
1309
1310
1310
1310
1310
1311
1312
1312
1313
1313
1313
1314
1315
1315
1315
1316
1316
1316
1317
1317
1319
1320
1320
1321
1322
1323
1324
1324
1326
1328
1328
1329
1330
1330
1331
1331
1331
1331
1332
1332
1332
1333
1334
1334
1335
1335
1336
1337
1337
1337
1339
1340
1340
1340
1341
1342
1342
1342
1342
1343
1343
1344
1344
1345
1345
1345
1347
1348
1349
1349
1349
1350
1350
1350
1351
1351
1351
1352
1352
1354
1356
1356
1356
1356
1357
1357
1357
1358
1359
1359
1360
1360
1360
1360
1361
1361
1361
1362
1362
1363
1364
1364
1365
1365
1365
1367
1368
1368
1369
1369
1369
1370
1372
1372
1373
1374
1374
1374
1374
1375
1375
1375
1376
1376
1376
1377
1377
1377
1378
1379
1380
1381
1381
1381
1382
1382
1383
1383
1384
1384
1388
1388
1388
1388
1389
1389
1390
1391
1392
1392
1392
1392
1393
1393
1394
1395
1396
1396
1397
1397
1400
1400
1401
1401
1404
1404
1404
1405
1405
1406
1406
1406
1406
1407
1407
1407
1407
1408
1409
1410
1411
1411
1411
1412
1412
1413
1413
1413
1414
1414
1414
1416
1417
1418
1418
1418
1419
1420
1420
1420
1420
1421
1421
1421
1422
1422
1422
1423
1423
1423
1424
1425
1426
1427
1427
1427
1428
1428
1428
1429
1429
1429
1430
1430
1432
1434
1434
1434
1434
1435
1435
1435
1436
1437
1437
1438
1438
1438
1438
1439
1439
1439
1440
1440
1441
1442
1442
1443
1443
1443
1445
1446
1446
1447
1447
1447
1448
1450
1450
1451
1452
1452
1452
1452
1453
1453
1453
1454
1454
1454
1455
1455
1455
1456
1457
1458
1459
1459
1459
1460
1460
1461
1461
1462
1462
1466
1466
1466
1466
1467
1467
1468
1469
1470
1470
1470
1470
1471
1471
1471
1472
1472
1473
1474
1474
1475
1475
1475
1477
1478
1478
1479
1479
1482
1482
1483
1483
1483
1483
1484
1484
1484
1485
1486
1486
1487
1487
1487
1488
1489
1489
1489
1490
1490
1490
1491
1491
1493
1494
1494
1495
1496
1496
1496
1496
1497
1497
1497
1498
1498
1498
1498
1499
1499
1499
1499
1500
1501
1501
1502
1503
1503
1503
1504
1504
1504
1504
1505
1505
1505
1506
1506
1506
1508
1509
1510
1511
1512
1512
1512
1512
1513
1513
1513
1514
1514
1514
1515
1515
1515
1516
1517
1518
1519
1519
1520
1521
1521
1521
1522
1522
1523
1523
1524
1524
1528
1530
1530
1531
1532
1532
1533
1533
1533
1534
1534
1535
1536
1537
1538
1539
1539
1542
1542
1542
1543
1544
1545
1545
1545
1545
1546
1546
1547
1548
1548
1549
1549
1549
1550
1550
1551
1551
1551
1553
1554
1554
1556
1556
1556
1556
1557
1557
1557
1558
1558
1558
1558
1559
1559
1559
1559
1560
1561
1562
1562
1563
1563
1563
1564
1564
1564
1564
1565
1565
1565
1566
1566
1566
1568
1569
1570
1571
1572
1572
1573
1574
1575
1576
1576
1576
1577
1578
1579
1580
1581
1581
1584
1584
1584
1584
1585
1585
1586
1586
1586
1587
1587
1588
1590
1591
1591
1593
1593
1593
1594
1594
1595
1595
1596
1596
1600
1602
1602
1602
1603
1604
1604
1604
1604
1605
1605
1606
1606
1606
1607
1607
1608
1610
1611
1611
1611
1612
1612
1612
1613
1613
1613
1614
1614
1616
1618
1618
1618
1618
1619
1619
1619
1620
1621
1621
1622
1622
1622
1622
1623
1623
1624
1625
1626
1626
1627
1627
1630
1630
1631
1631
1631
1632
1634
1634
1635
1636
1636
1636
1636
1637
1637
1638
1638
1639
1639
1639
1641
1642
1643
1643
1643
1644
1644
1645
1645
1646
1646
1650
1650
1650
1650
1651
1651
1652
1653
1654
1654
1654
1654
1655
1655
1656
1657
1658
1658
1659
1659
1662
1662
1663
1663
1666
1666
1666
1667
1668
1668
1668
1668
1669
1669
1669
1670
1670
1670
1671
1671
1671
1672
1673
1674
1675
1675
1675
1676
1676
1676
1677
1677
1677
1678
1678
1680
1682
1682
1682
1682
1683
1683
1683
1684
1685
1685
1686
1686
1686
1686
1687
1687
1688
1689
1690
1690
1691
1691
1694
1694
1695
1695
1695
1696
1698
1698
1699
1700
1700
1700
1700
1701
1701
1702
1702
1702
1703
1703
1704
1706
1707
1707
1707
1708
1708
1709
1709
1710
1710
1714
1714
1714
1714
1715
1715
1716
1717
1718
1718
1718
1718
1719
1719
1719
1720
1720
1721
1722
1722
1723
1723
1723
1725
1726
1726
1727
1727
1730
1730
1731
1731
1731
1731
1732
1732
1732
1733
1734
1734
1735
1735
1735
1736
1737
1737
1737
1738
1738
1738
1739
1739
1741
1742
1742
1744
1744
1744
1744
1745
1745
1746
1746
1746
1746
1747
1747
1747
1748
1750
1750
1751
1751
1751
1752
1752
1752
1752
1753
1753
1753
1754
1754
1754
1756
1757
1758
1759
1760
1760
1760
1760
1761
1761
1761
1762
1762
1762
1763
1763
1763
1764
1765
1766
1767
1767
1768
1769
1769
1769
1770
1770
1771
1771
1772
1772
1776
1778
1778
1779
1780
1781
1781
1781
1782
1783
1784
1785
1786
1787
1787
1790
1790
1790
1791
1791
1792
1792
1792
1792
1793
1793
1793
1793
1794
1795
1796
1797
1797
1797
1798
1798
1799
1799
1799
1800
1800
1800
1802
1803
1804
1805
1805
1806
1806
1806
1806
1807
1808
1808
1809
1809
1809
1810
1811
1811
1811
1812
1812
1812
1813
1813
1815
1816
1816
1817
1818
1818
1818
1818
1819
1819
1819
1820
1820
1820
1820
1821
1821
1821
1821
1822
1823
1823
1824
1825
1826
1827
1827
1827
1828
1828
1828
1828
1829
1829
1829
1830
1830
1830
1832
1833
1834
1834
1834
1834
1835
1835
1836
1836
1837
1837
1837
1839
1840
1841
1841
1843
1845
1845
1845
1846
1846
1847
1847
1848
1848
1852
1852
1853
1854
1854
1855
1855
1855
1856
1856
1857
1858
1859
1860
1861
1861
1864
1864
1864
1865
1866
1866
1866
1866
1867
1867
1868
1868
1869
1869
1869
1871
1872
1873
1873
1873
1874
1874
1874
1875
1875
1875
1876
1876
1878
1880
1880
1880
1880
1881
1881
1881
1882
1883
1883
1884
1884
1884
1884
1885
1885
1885
1886
1886
1887
1888
1888
1889
1889
1889
1891
1892
1892
1893
1893
1893
1894
1896
1896
1897
1898
1898
1898
1898
1899
1899
1899
1900
1900
1900
1901
1901
1901
1902
1903
1904
1905
1905
1905
1906
1906
1907
1907
1908
1908
1912
1912
1912
1912
1913
1913
1914
1915
1916
1916
1916
1916
1917
1917
1918
1919
1920
1920
1921
1921
1924
1924
1925
1925
1928
1928
1928
1929
1929
1930
1930
1930
1930
1931
1931
1931
1931
1932
1933
1934
1935
1935
1935
1936
1936
1937
1937
1937
1938
1938
1938
1940
1941
1942
1942
1942
1943
1944
1944
1944
1944
1945
1945
1945
1946
1946
1946
1947
1947
1947
1948
1949
1950
1951
1951
1951
1952
1952
1952
1953
1953
1953
1954
1954
1956
1958
1958
1958
1958
1959
1959
1959
1960
1961
1961
1962
1962
1962
1962
1963
1963
1963
1964
1964
1965
1966
1966
1967
1967
1967
1969
1970
1970
1971
1971
1971
1972
1974
1974
1975
1976
1976
1976
1976
1977
1977
1977
1978
1978
1978
1979
1979
1979
1980
1981
1982
1983
1983
1983
1984
1984
1985
1985
1986
1986
1990
1990
1990
1990
1991
1991
1992
1993
1994
1994
1994
1994
1995
1995
1995
1996
1996
1997
1998
1998
1999
1999
1999
2001
2002
2002
2003
2003
2006
2006
2007
2007
2007
2007
2008
2008
2008
2009
2010
2010
2011
2011
2011
2012
2013
2013
2013
2014
2014
2014
2015
2015
2017
2018
2018
2019
2020
2021
2022
2022
2023
2024
2026
2026
2027
2028
2028
2029
2029
2029
2029
2030
2030
2030
2031
2032
2032
2033
2033
2034
2035
2035
2035
2037
2038
2038
2038
2039
2040
2041
2041
2041
2041
2042
2042
2043
2044
2044
2045
2045
2045
2046
2046
2047
2047
2047
2049
2050
2050
2052
2052
2052
2052
2053
2053
2054
2054
2054
2055
2055
2055
2055
2057
2058
2058
2059
2059
2059
2060
2060
2060
2060
2061
2061
2061
2062
2062
2062
2064
2065
2066
2067
2068
2068
2069
2070
2071
2072
2072
2072
2073
2074
2075
2076
2077
2077
2080
2080
2082
2084
2084
2084
2085
2086
2086
2086
2086
2087
2087
2088
2088
2088
2089
2089
2090
2092
2093
2093
2093
2094
2094
2094
2095
2095
2095
2096
2096
2098
2100
2100
2100
2100
2101
2101
2101
2102
2103
2103
2104
2104
2104
2104
2105
2105
2106
2107
2108
2108
2109
2109
2112
2112
2113
2113
2113
2114
2116
2116
2117
2118
2118
2118
2118
2119
2119
2120
2120
2121
2121
2121
2123
2124
2125
2125
2125
2126
2126
2127
2127
2128
2128
2132
2132
2132
2132
2133
2133
2134
2135
2136
2136
2136
2136
2137
2137
2138
2139
2140
2140
2141
2141
2144
2144
2145
2145
2148
2148
2148
2149
2150
2150
2150
2150
2151
2151
2151
2152
2152
2152
2153
2153
2153
2154
2155
2156
2157
2157
2157
2158
2158
2158
2159
2159
2159
2160
2160
2162
2164
2164
2164
2164
2165
2165
2165
2166
2167
2167
2168
2168
2168
2168
2169
2169
2170
2171
2172
2172
2173
2173
2176
2176
2177
2177
2177
2178
2180
2180
2181
2182
2182
2182
2182
2183
2183
2184
2184
2184
2185
2185
2186
2188
2189
2189
2189
2190
2190
2191
2191
2192
2192
2196
2196
2196
2196
2197
2197
2198
2199
2200
2200
2200
2200
2201
2201
2201
2202
2202
2203
2204
2204
2205
2205
2205
2207
2208
2208
2209
2209
2212
2212
2213
2213
2213
2213
2214
2214
2214
2215
2216
2216
2217
2217
2217
2218
2219
2219
2219
2220
2220
2220
2221
2221
2223
2224
2224
2226
2227
2228
2228
2229
2230
2232
2232
2233
2234
2235
2235
2235
2235
2236
2236
2237
2238
2238
2239
2239
2240
2241
2241
2241
2243
2244
2244
2244
2245
2245
2246
2246
2246
2246
2247
2247
2247
2247
2248
2249
2250
2251
2251
2251
2252
2252
2253
2253
2253
2254
2254
2254
2256
2257
2258
2259
2259
2260
2260
2260
2260
2261
2262
2262
2263
2263
2263
2264
2265
2265
2265
2266
2266
2266
2267
2267
2269
2270
2270
2271
2272
2273
2274
2274
2276
2278
2278
2279
2280
2280
2281
2281
2281
2281
2282
2282
2282
2283
2284
2284
2285
2285
2286
2287
2287
2287
2289
2290
2290
2290
2291
2292
2292
2292
2292
2293
2293
2294
2294
2295
2295
2295
2297
2298
2299
2299
2299
2300
2300
2300
2301
2301
2301
2302
2302
2304
2306
2306
2306
2306
2307
2307
2307
2308
2309
2309
2310
2310
2310
2310
2311
2311
2311
2312
2312
2313
2314
2314
2315
2315
2315
2317
2318
2318
2319
2319
2319
2320
2322
2322
2323
2324
2324
2324
2324
2325
2325
2325
2326
2326
2326
2327
2327
2327
2328
2329
2330
2331
2331
2331
2332
2332
2333
2333
2334
2334
2338
2338
2338
2338
2339
2339
2340
2341
2342
2342
2342
2342
2343
2343
2344
2345
2346
2346
2347
2347
2350
2350
2351
2351
2354
2354
2354
2355
2355
2356
2356
2356
2356
2357
2357
2357
2357
2358
2359
2360
2361
2361
2361
2362
2362
2363
2363
2363
2364
2364
2364
2366
2367
2368
2368
2368
2369
2370
2370
2370
2370
2371
2371
2371
2372
2372
2372
2373
2373
2373
2374
2375
2376
2377
2377
2377
2378
2378
2378
2379
2379
2379
2380
2380
2382
2384
2384
2384
2384
2385
2385
2385
2386
2387
2387
2388
2388
2388
2388
2389
2389
2389
2390
2390
2391
2392
2392
2393
2393
2393
2395
2396
2396
2397
2397
2397
2398
2400
2400
2401
2402
2402
2402
2402
2403
2403
2403
2404
2404
2404
2405
2405
2405
2406
2407
2408
2409
2409
2409
2410
2410
2411
2411
2412
2412
2416
2416
2416
2416
2417
2417
2418
2419
2420
2420
2420
2420
2421
2421
2421
2422
2422
2423
2424
2424
2425
2425
2425
2427
2428
2428
2429
2429
2432
2432
2433
2433
2433
2433
2434
2434
2434
2435
2436
2436
2437
2437
2437
2438
2439
2439
2439
2440
2440
2440
2441
2441
2443
2444
2444
2445
2446
2447
2448
2448
2449
2450
2452
2452
2453
2454
2454
2455
2455
2455
2455
2456
2456
2456
2457
2458
2458
2459
2459
2460
2461
2461
2461
2463
2464
2464
2464
2465
2466
2467
2467
2467
2467
2468
2468
2469
2470
2470
2471
2471
2471
2472
2472
2473
2473
2473
2475
2476
2476
2478
2479
2480
2480
2481
2482
2483
2483
2484
2484
2484
2484
2485
2486
2486
2487
2487
2488
2489
2489
2489
2491
2492
2492
2494
2496
2496
2496
2497
2498
2498
2498
2498
2499
2499
2500
2500
2500
2501
2501
2502
2504
2505
2505
2505
2506
2506
2506
2507
2507
2507
2508
2508
2510
2512
2512
2512
2512
2513
2513
2513
2514
2515
2515
2516
2516
2516
2516
2517
2517
2518
2519
2520
2520
2521
2521
2524
2524
2525
2525
2525
2526
2528
2528
2529
2530
2530
2530
2530
2531
2531
2532
2532
2533
2533
2533
2535
2536
2537
2537
2537
2538
2538
2539
2539
2540
2540
2544
2544
2544
2544
2545
2545
2546
2547
2548
2548
2548
2548
2549
2549
2550
2551
2552
2552
2553
2553
2556
2556
2557
2557
2560
2560
2560
2561
2562
2562
2562
2562
2563
2563
2563
2564
2564
2564
2565
2565
2565
2566
2567
2568
2569
2569
2569
2570
2570
2570
2571
2571
2571
2572
2572
2574
2576
2576
2576
2576
2577
2577
2577
2578
2579
2579
2580
2580
2580
2580
2581
2581
2582
2583
2584
2584
2585
2585
2588
2588
2589
2589
2589
2590
2592
2592
2593
2594
2594
2594
2594
2595
2595
2596
2596
2596
2597
2597
2598
2600
2601
2601
2601
2602
2602
2603
2603
2604
2604
2608
2608
2608
2608
2609
2609
2610
2611
2612
2612
2612
2612
2613
2613
2613
2614
2614
2615
2616
2616
2617
2617
2617
2619
2620
2620
2621
2621
2624
2624
2625
2625
2625
2625
2626
2626
2626
2627
2628
2628
2629
2629
2629
2630
2631
2631
2631
2632
2632
2632
2633
2633
2635
2636
2636
2638
2639
2640
2640
2641
2642
2644
2644
2645
2646
2647
2647
2647
2647
2648
2648
2649
2650
2650
2651
2651
2652
2653
2653
2653
2655
2656
2656
2656
2657
2657
2658
2658
2658
2658
2659
2659
2659
2659
2660
2661
2662
2663
2663
2664
2664
2664
2665
2665
2666
2666
2666
2667
2667
2668
2670
2670
2671
2671
2673
2673
2673
2674
2674
2675
2675
2676
2676
2676
2677
2677
2678
2678
2679
2679
2680
2680
2682
2683
2685
2685
2686
2686
2687
2687
2688
2688
2688
2689
2689
2689
2690
2690
2691
2692
2692
2694
2695
2695
2697
2698
2698
2699
2699
2699
2699
2700
2701
2701
2702
2702
2702
2703
2704
2704
2704
2705
2705
2705
2706
2706
2708
2709
2709
2710
2710
2711
2712
2712
2712
2713
2713
2714
2715
2715
2717
2719
2722
2722
2722
2723
2724
2724
2724
2724
2725
2725
2726
2726
2727
2727
2727
2729
2730
2731
2731
2731
2732
2732
2732
2733
2733
2733
2734
2734
2736
2738
2738
2738
2739
2739
2739
2740
2740
2741
2741
2742
2742
2743
2743
2744
2746
2746
2747
2748
2749
2750
2752
2752
2752
2752
2753
2753
2754
2755
2756
2756
2756
2756
2757
2757
2758
2759
2760
2760
2761
2761
2764
2764
2765
2765
2768
2768
2768
2768
2769
2769
2769
2770
2770
2770
2770
2770
2770
2771
2772
2773
2773
2773
2773
2774
2774
2775
2775
2777
2777
2777
2778
2778
2778
2779
2779
2780
2780
2780
2780
2780
2782
2782
2782
2782
2783
2783
2784
2784
2784
2784
2784
2784
2785
2786
2786
2786
2787
2788
2788
2788
2789
2789
2789
2789
2789
2789
2790
2791
2791
2791
2791
2792
2792
2793
2793
2793
2793
2793
2793
2794
2795
2795
2795
2796
2796
2796
2797
2797
2797
2797
2797
2799
2799
2799
2799
2800
2800
2801
2801
2801
2801
2801
2801
2802
2802
2802
2803
2804
2804
2804
2805
2805
2805
2805
2805
2805
2806
2807
2807
2807
2807
2808
2808
2809
2809
2809
2809
2809
2809
2810
2811
2811
2811
2812
2812
2812
2813
2813
2813
2813
2813
2815
2815
2815
2815
2816
2816
2817
2817
2817
2817
2817
2818
2818
2818
2820
2820
2820
2821
2821
2821
2821
2821
2822
2822
2822
2822
2824
2824
2825
2825
2825
2825
2825
2827
2827
2827
2828
2828
2829
2829
2829
2829
2829
2831
2831
2831
2832
2832
2832
2833
2833
2833
2833
2833
2833
2834
2834
2834
2834
2835
2836
2836
2837
2837
2837
2837
2837
2839
2839
2839
2840
2840
2840
2841
2841
2841
2841
2841
2843
2843
2843
2843
2844
2844
2845
2845
2845
2845
2845
2847
2847
2847
2848
2848
2848
2848
2849
2849
2849
2850
2850
2850
2851
2851
2851
2852
2853
2854
2855
2855
2855
2856
2856
2856
2857
2857
2857
2858
2858
2860
2862
2862
2862
2863
2863
2863
2864
2865
2866
2866
2866
2867
2867
2868
2868
2869
2869
2873
2873
2873
2873
2874
2874
2875
2875
2875
2876
2876
2877
2879
2880
2880
2880
2881
2881
2881
2882
2882
2882
2883
2883
2885
2887
2887
2887
2887
2888
2888
2888
2889
2889
2889
2890
2890
2890
2891
2892
2893
2894
2894
2894
2895
2895
2896
2896
2897
2897
2901
2901
2901
2901
2902
2902
2903
2903
2903
2904
2904
2905
2906
2908
2908
2908
2909
2909
2909
2910
2910
2910
2911
2911
2913
2915
2915
2915
2915
2916
2916
2917
2917
2918
2918
2918
2920
2921
2922
2922
2922
2923
2923
2924
2924
2925
2925
2929
2929
2929
2929
2930
2930
2930
2931
2931
2931
2932
2932
2932
2933
2934
2935
2936
2936
2936
2937
2937
2937
2938
2938
2938
2939
2939
2941
2943
2943
2943
2943
2944
2944
2944
2945
2945
2945
2946
2946
2946
2947
2948
2949
2950
2950
2950
2951
2951
2952
2952
2953
2953
2957
2957
2957
2957
2958
2958
2959
2959
2959
2960
2960
2961
2963
2964
2964
2964
2965
2965
2966
2966
2967
2967
2971
2971
2971
2971
2972
2972
2973
2973
2973
2974
2974
2975
2977
2978
2978
2978
2979
2979
2979
2980
2980
2980
2981
2981
2983
2985
2985
2985
2985
2986
2986
2986
2987
2987
2987
2988
2988
2988
2989
2990
2991
2992
2992
2992
2993
2993
2994
2994
2995
2995
2999
2999
2999
2999
3000
3000
3000
3001
3001
3001
3002
3002
3002
3003
3004
3005
3006
3006
3006
3007
3007
3007
3008
3008
3008
3009
3009
3011
3013
3013
3013
3013
3014
3014
3015
3015
3016
3016
3016
3018
3019
3020
3020
3020
3021
3021
3022
3022
3023
3023
3027
3027
3027
3027
3028
3028
3028
3029
3029
3029
3030
3030
3030
3031
3032
3033
3034
3034
3034
3035
3035
3035
3036
3036
3036
3037
3037
3039
3041
3041
3041
3041
3042
3042
3042
3043
3043
3043
3044
3044
3044
3045
3046
3047
3048
3048
3048
3049
3049
3050
3050
3051
3051
3055
3055
3055
3055
3056
3056
3057
3057
3058
3058
3058
3060
3061
3062
3062
3062
3063
3063
3063
3064
3064
3065
3065
3065
3068
3069
3069
3069
3069
3070
3070
3071
3071
3071
3072
3072
3073
3075
3076
3076
3076
3077
3077
3078
3078
3079
3079
3083
3083
3083
3083
3084
3084
3085
3085
3085
3086
3086
3087
3089
3090
3090
3090
3091
3091
3091
3092
3092
3092
3093
3093
3095
3097
3097
3097
3097
3098
3098
3098
3099
3099
3099
3100
3100
3100
3101
3102
3103
3104
3104
3104
3105
3105
3106
3106
3107
3107
3111
3111
3111
3111
3112
3112
3113
3113
3114
3114
3114
3116
3117
3118
3118
3118
3119
3119
3120
3120
3121
3121
0
1
2
3
4
5
6
7
8
9
10
11
12
13
15
18
14
22
25
20
28
30
27
33
35
32
38
40
37
43
45
42
48
50
47
53
55
52
56
64
66
63
70
69
58
59
77
76
82
83
72
75
73
90
92
89
96
95
84
85
103
102
108
109
98
101
99
115
117
114
119
118
110
111
126
125
127
128
121
124
122
132
133
129
130
135
251
247
313
308
264
269
337
332
362
367
421
416
372
377
445
440
470
475
527
522
480
485
551
546
572
577
607
609
626
622
582
587
984
988
985
977
975
1001
996
1168
1166
1135
1133
1141
1143
1403
1401
1393
1395
1363
1361
1369
1371
1229
1227
1219
1221
1253
1251
1259
1261
1481
1479
1471
1473
1441
1439
1447
1449
1633
1631
1623
1625
1657
1655
1663
1665
1927
1925
1917
1919
1887
1885
1893
1895
1697
1695
1687
1689
1721
1719
1727
1729
2005
2003
1995
1997
1965
1963
1971
1973
2115
2113
2105
2107
2139
2137
2145
2147
2353
2351
2343
2345
2313
2311
2319
2321
2179
2177
2169
2171
2203
2201
2209
2211
2431
2429
2421
2423
2391
2389
2397
2399
2527
2525
2517
2519
2551
2549
2557
2559
2677
2683
2767
2765
2757
2759
2746
2741
2591
2589
2581
2583
2615
2613
2621
2623
17
19
24
26
29
31
34
36
39
41
44
46
49
51
54
62
65
71
74
88
91
97
100
113
116
120
123
131
134
135
137
141
149
155
163
169
177
183
191
197
205
211
219
225
233
239
283
289
316
323
391
397
424
431
499
505
530
537
599
604
605
606
607
608
609
610
611
611
612
613
616
619
622
623
624
629
633
641
647
655
669
677
691
699
705
713
719
727
733
741
747
769
775
781
783
790
801
819
821
837
851
857
859
861
863
866
877
895
897
899
901
909
915
921
923
925
927
930
937
943
945
969
989
991
993
994
996
998
1000
1001
1004
1011
1018
1025
1032
1039
1046
1053
1060
1067
1074
1081
1088
1095
1102
1109
1115
1117
1120
1128
1129
1130
1132
1136
1138
1140
1146
1149
1151
1160
1164
1165
1171
1174
1176
1179
1183
1184
1186
1188
1190
1193
1194
1197
1198
1200
1203
1205
1214
1216
1218
1222
1226
1235
1237
1238
1246
1250
1254
1258
1262
1264
1266
1267
1269
1271
1274
1275
1276
1278
1282
1284
1286
1289
1290
1293
1295
1302
1308
1309
1312
1313
1315
1317
1320
1321
1322
1324
1330
1332
1334
1335
1336
1342
1344
1348
1356
1360
1364
1365
1366
1368
1377
1379
1380
1388
1392
1396
1400
1405
1412
1418
1420
1423
1425
1434
1436
1438
1442
1446
1455
1457
1458
1466
1470
1474
1478
1482
1484
1486
1487
1489
1491
1494
1495
1496
1499
1501
1502
1512
1515
1517
1518
1519
1530
1532
1534
1537
1538
1541
1542
1544
1546
1549
1550
1553
1554
1556
1558
1560
1562
1570
1574
1575
1579
1580
1583
1584
1587
1589
1590
1591
1592
1600
1604
1607
1610
1618
1619
1622
1626
1627
1630
1636
1638
1640
1642
1650
1654
1658
1662
1666
1668
1671
1673
1682
1686
1690
1694
1698
1700
1703
1705
1706
1714
1718
1722
1726
1730
1732
1737
1739
1741
1742
1743
1744
1747
1749
1750
1760
1763
1765
1766
1767
1768
1776
1778
1780
1782
1784
1785
1786
1791
1798
1804
1805
1808
1809
1811
1813
1816
1817
1818
1821
1823
1824
1834
1836
1838
1840
1841
1852
1854
1856
1858
1859
1860
1863
1864
1866
1868
1872
1880
1882
1884
1888
1892
1901
1903
1904
1912
1916
1920
1924
1929
1936
1942
1944
1947
1949
1958
1962
1966
1970
1974
1976
1979
1981
1982
1990
1994
1998
2002
2006
2008
2013
2015
2017
2018
2019
2022
2023
2024
2026
2028
2030
2032
2033
2034
2038
2040
2042
2045
2046
2049
2050
2052
2054
2056
2058
2070
2071
2074
2075
2076
2079
2080
2084
2086
2089
2092
2100
2102
2104
2108
2111
2112
2120
2122
2124
2132
2136
2140
2144
2150
2153
2155
2164
2166
2168
2172
2175
2176
2180
2185
2188
2196
2200
2204
2208
2212
2214
2216
2219
2221
2224
2228
2234
2236
2238
2239
2240
2243
2245
2252
2258
2259
2262
2265
2267
2269
2270
2274
2275
2276
2278
2280
2282
2285
2286
2289
2290
2292
2294
2298
2306
2310
2314
2318
2322
2324
2327
2329
2330
2338
2342
2346
2350
2355
2362
2370
2373
2375
2384
2386
2388
2392
2394
2396
2400
2405
2407
2416
2420
2424
2428
2432
2434
2436
2439
2441
2444
2448
2454
2456
2458
2459
2460
2463
2466
2468
2471
2472
2476
2477
2478
2480
2482
2483
2487
2488
2491
2492
2493
2498
2501
2504
2512
2516
2520
2521
2523
2524
2532
2536
2544
2548
2552
2556
2560
2562
2565
2567
2576
2578
2580
2584
2588
2597
2599
2600
2608
2612
2616
2620
2624
2626
2631
2633
2636
2637
2638
2640
2644
2646
2648
2651
2652
2655
2657
2663
2664
2666
2668
2670
2671
2673
2674
2676
2677
2679
2680
2682
2683
2685
2686
2688
2689
2691
2692
2694
2695
2697
2698
2704
2706
2709
2712
2713
2715
2716
2719
2720
2720
2721
2721
2726
2730
2738
2738
2740
2741
2743
2744
2748
2748
2749
2750
2752
2756
2760
2764
754
757
759
761
763
765
785
787
811
813
815
817
823
825
827
829
831
833
883
885
887
889
891
893
903
905
947
949
951
953
955
957
959
961
963
965
1133
1137
1141
1144
1166
1172
1215
1219
1223
1227
1230
1247
1251
1259
1328
1340
1357
1361
1369
1372
1393
1401
1435
1439
1443
1447
1450
1467
1471
1479
1572
1602
1623
1631
1634
1655
1663
1683
1687
1691
1695
1719
1727
1735
1881
1885
1889
1893
1896
1913
1917
1925
1959
1963
1967
1971
1995
2003
2011
2068
2101
2105
2109
2113
2116
2137
2145
2148
2165
2169
2173
2177
2201
2205
2209
2217
2232
2263
2307
2311
2315
2319
2343
2351
2368
2385
2389
2393
2397
2421
2425
2429
2437
2452
2464
2496
2513
2517
2525
2528
2549
2557
2577
2581
2585
2589
2592
2613
2621
2629
2702
2719
2722
2746
2757
2765
753
755
1152
756
758
760
1206
762
1232
764
766
782
784
786
1346
788
1374
812
1426
814
1452
816
818
820
822
824
1609
826
828
1674
830
832
834
858
860
862
1870
864
1898
884
1950
886
888
890
892
894
896
2091
898
2118
900
2156
902
2182
2187
904
906
922
924
926
2296
928
944
2376
946
2402
2408
948
950
952
954
956
2503
958
2530
2534
960
2568
962
2594
964
966
990
992
2724
2728
995
997
999
1002
1122
1161
1127
1116
1121
1126
1131
1134
1135
1139
1142
1143
1154
1159
1153
1145
1158
1162
1163
1167
1168
1170
1173
1177
1178
1181
2855
2856
2860
2861
1180
1182
2848
2851
2853
2854
2866
2867
2871
2872
2862
2865
1185
1187
1191
1192
1196
1208
1213
1199
1207
1212
1255
1217
1220
1221
1225
1224
1228
1229
1240
1244
1245
1231
1239
1248
1249
1252
1253
1256
1257
1260
1261
1265
1268
1272
1273
2880
2881
2885
2886
1277
2873
2876
2878
2879
1280
2894
2895
2899
2900
1279
1281
2887
2890
2892
2893
1283
1287
1288
1292
1311
1314
1318
1319
2908
2909
2913
2914
1323
2901
2904
2906
2907
1326
2922
2923
2927
2928
1325
1327
2915
2917
2919
2921
1329
1333
1338
1339
1350
1389
1354
1355
1341
1349
1397
1399
1358
1359
1362
1363
1367
1370
1371
1381
1382
1387
1373
1386
1390
1391
1394
1395
1398
1402
1403
1428
1433
1419
1427
1432
1475
1437
1440
1441
1444
1445
1448
1449
1460
1464
1465
1451
1459
1468
1469
1472
1473
1476
1477
1480
1481
1485
1488
1492
1493
1503
1510
1504
1508
1511
1509
1521
1528
1522
1526
1527
1529
1520
1531
1535
1536
1540
1543
1547
1548
1552
1563
1564
1568
1569
1571
1555
1573
1577
1578
1582
1593
1594
1598
1599
1601
1612
1651
1616
1617
1603
1611
1659
1661
1620
1621
1624
1625
1629
1628
1632
1633
1643
1644
1649
1635
1648
1652
1653
1656
1657
1660
1664
1665
1676
1715
1680
1681
1667
1675
1723
1724
1684
1685
1688
1689
1693
1692
1696
1697
1707
1708
1713
1699
1712
1716
1717
1720
1721
1725
1728
1729
1733
1734
1736
1740
1751
1758
1752
1756
1757
1759
1769
1770
1774
1775
1777
1779
1783
1788
1789
1807
1810
1814
1815
1825
1827
1828
1832
1833
1826
1843
1845
1846
1850
1851
1842
1844
1853
1857
1862
1874
1879
1865
1873
1878
1921
1883
1886
1887
1890
1891
1894
1895
1906
1910
1911
1897
1905
1914
1915
1918
1919
1923
1922
1926
1927
1952
1991
1956
1957
1943
1951
1999
2000
1960
1961
1964
1965
1968
1969
1972
1973
1983
1984
1989
1975
1988
1992
1993
1996
1997
2001
2004
2005
2009
2010
2012
2016
2020
2936
2937
2941
2942
2021
2929
2932
2934
2935
2950
2951
2955
2956
2943
2946
2948
2949
2025
2027
2031
2036
2037
2039
2043
2044
2048
2059
2066
2060
2064
2065
2051
2067
2069
2073
2078
2082
2964
2965
2969
2970
2081
2957
2960
2962
2963
2083
2094
2133
2098
2099
2085
2093
2141
2143
2103
2106
2107
2110
2114
2115
2125
2126
2131
2117
2130
2134
2135
2138
2139
2142
2146
2147
2158
2197
2163
2149
2157
2162
2167
2170
2171
2174
2178
2179
2190
2194
2195
2181
2189
2198
2199
2202
2203
2206
2207
2210
2211
2215
2218
2222
2223
2226
2978
2979
2983
2984
2225
2227
2971
2974
2976
2977
2230
2992
2993
2997
2998
2229
2231
2985
2988
2990
2991
2233
2237
2242
2261
2264
2268
2272
3006
3007
3011
3012
2271
2273
2999
3002
3004
3005
3020
3021
3025
3026
2277
3013
3015
3017
3019
2279
2283
2284
2288
2300
2339
2304
2305
2291
2299
2347
2349
2308
2309
2312
2313
2316
2317
2320
2321
2331
2332
2337
2323
2336
2340
2341
2344
2345
2348
2352
2353
2378
2417
2383
2369
2377
2382
2387
2390
2391
2395
2398
2399
2410
2414
2415
2401
2409
2418
2419
2422
2423
2426
2427
2430
2431
2435
2438
2442
2443
2446
3034
3035
3039
3040
2445
2447
3027
3030
3032
3033
2450
3048
3049
3053
3054
2449
3041
3044
3046
3047
2451
2453
2457
2462
2465
2469
2470
2474
2475
3062
3063
3067
3068
3055
3057
3059
3061
2479
2481
2485
2486
2490
2494
3076
3077
3081
3082
3069
3072
3074
3075
2495
2506
2545
2510
2511
2497
2505
2553
2555
2514
2515
2518
2519
2522
2526
2527
2537
2538
2543
2529
2542
2546
2547
2550
2551
2554
2558
2559
2570
2609
2575
2610
2561
2569
2574
2617
2579
2582
2583
2587
2586
2590
2591
2602
2606
2607
2593
2601
2611
2614
2615
2618
2619
2622
2623
2627
2628
2630
2634
2635
3090
3091
2639
3095
3096
3083
3086
3088
3089
2642
3104
3105
3109
3110
2641
2643
3097
3100
3102
3103
2645
2649
2650
2654
2665
2667
2669
2672
2675
2678
2681
2684
2687
2690
2693
2696
2700
2701
2703
2707
2708
2712
2711
2714
2710
2711
2714
2717
3118
3119
3123
3124
2718
3111
3113
3115
3117
2732
2753
2736
2737
2754
2723
2731
2761
2739
2739
2742
2745
2747
2749
2751
2751
2755
2758
2759
2763
2762
2766
2767
629
14
14
14
2775
18
18
18
18
18
251
257
1183
2862
2864
136
139
628
631
1169
1170
138
628
630
1118
1119
1118
252
1118
1120
1164
1169
2863
628
631
630
753
756
1117
1119
1120
1162
1164
1165
1168
1164
1164
1170
1171
1183
2774
2777
2863
2864
2776
2862
2864
2865
1
0
0
1
1
21
22
23
14
16
16
21
22
22
23
23
60
61
63
68
57
57
57
60
60
61
61
63
68
2825
68
68
273
277
254
254
254
257
257
257
273
273
277
277
301
1179
1180
1181
1182
1183
1184
1185
1274
1275
1276
1277
1278
1279
1280
1281
1324
1325
1326
2779
2785
2771
2772
2769
2771
2775
2776
2778
2781
2779
2783
2785
2787
2826
3
5
7
2
2
2
3
3
4
4
4
5
5
6
6
6
7
7
8
10
12
8
8
9
9
9
10
10
11
11
11
12
12
13
13
13
33
43
53
27
27
27
78
661
79
665
86
683
33
33
87
687
37
37
37
104
2789
105
2793
112
2797
43
43
2801
47
47
47
2805
2809
2813
53
53
53
53
2817
67
86
87
89
93
94
112
114
63
67
2821
67
67
72
72
72
80
797
81
808
78
78
78
79
79
79
80
80
80
81
81
81
86
86
87
87
89
89
93
843
94
847
93
93
94
94
98
98
98
106
873
107
2829
104
104
104
105
105
105
106
106
106
107
107
107
112
112
493
2228
2229
2985
2986
2989
2991
114
114
2833
2837
2270
2271
2999
3000
3003
3005
2274
2275
3013
3014
3017
3018
121
121
121
2841
2845
2444
2445
3027
3028
3031
3033
2448
2449
3041
3042
3045
3047
2476
2477
3055
3056
3059
3060
2492
2493
3069
3070
3073
3074
2636
2637
3083
3084
3087
3088
2640
2641
3097
3098
3101
3103
975
979
2715
2716
3111
3112
3115
3116
996
998
297
301
381
385
405
409
489
493
297
297
297
301
301
341
341
341
341
345
345
345
345
352
352
352
352
357
357
357
357
381
381
381
385
385
385
405
405
405
409
409
409
449
449
449
449
453
453
453
453
460
460
460
460
465
465
465
465
489
489
489
493
493
493
2272
2273
3006
3008
3010
3011
2276
2277
3020
3023
3024
3026
2446
2447
3034
3036
3038
3039
2450
2451
3048
3051
3052
3054
2478
2479
3062
3065
3066
3068
2494
2495
3076
3079
3080
3082
2638
2639
3090
3092
3094
3095
2642
2643
3104
3107
3108
3110
2666
2668
2709
2709
2710
2717
2718
3118
3121
3122
3124
660
662
663
664
666
667
682
684
685
686
688
689
796
798
799
807
809
810
842
845
844
846
848
849
872
874
875
974
977
996
997
976
998
999
978
980
981
2666
2667
2668
2669
997
999
1320
1321
1322
1323
1327
1494
1495
1510
1511
1519
1520
1528
1529
1554
1555
1570
1571
1591
1592
1600
1601
1742
1743
1758
1759
1767
1768
1776
1777
1816
1817
1825
1826
1841
1842
1843
1844
2018
2019
2020
2021
2022
2023
2024
2025
2050
2051
2066
2067
2080
2081
2082
2083
2224
2225
2226
2227
2228
2229
2230
2231
2270
2271
2272
2273
2274
2275
2276
2277
2444
2445
2446
2447
2448
2449
2450
2451
2476
2477
2478
2479
2492
2493
2494
2495
2636
2637
2638
2639
2640
2641
2642
2643
2667
2669
2710
2711
2715
2716
2717
2718
2788
2790
2791
2792
2794
2795
2796
2798
2799
2800
2802
2803
2804
2806
2807
2808
2810
2811
2812
2814
2815
2816
2818
2819
2820
2823
2822
2824
2827
2828
2830
2831
2832
2835
2834
2836
2838
2839
2840
2842
2843
2844
2846
2847
)


// ************************************************************************* //
