/*--------------------------------*- C++ -*----------------------------------*\
| =========                 |                                                 |
| \\      /  F ield         | OpenFOAM: The Open Source CFD Toolbox           |
|  \\    /   O peration     | Version:  2012                                  |
|   \\  /    A nd           | Website:  www.openfoam.com                      |
|    \\/     M anipulation  |                                                 |
\*---------------------------------------------------------------------------*/
FoamFile
{
    version     2.0;
    format      ascii;
    class       volScalarField;
    location    "0.108/solid";
    object      sigmaMin;
}
// * * * * * * * * * * * * * * * * * * * * * * * * * * * * * * * * * * * * * //

dimensions      [1 -1 -2 0 0 0 0];


internalField   nonuniform List<scalar> 
3125
(
-1.09639e+08
-1.13667e+08
-2.73658e+07
-2.97822e+07
-3.3346e+07
-3.29348e+07
-3.07754e+07
-3.05605e+07
-3.75475e+07
-2.67072e+07
-3.36897e+07
-3.39672e+07
-3.17125e+07
-3.13619e+07
-7.29667e+07
-1.75781e+08
-9.10408e+07
-1.73224e+08
-1.75259e+08
-7.63291e+07
-1.39598e+08
-9.53925e+07
-9.00263e+07
-5.85858e+07
-1.70023e+08
-9.31306e+07
-2.549e+07
-2.49621e+07
-4.42163e+07
-3.21112e+07
-4.12963e+07
-3.65096e+07
-4.62404e+07
-3.16922e+07
-3.21912e+07
-4.72697e+07
-3.72184e+07
-3.36994e+07
-4.26765e+07
-3.6349e+07
-4.3897e+07
-3.51692e+07
-4.14868e+07
-3.25162e+07
-3.62041e+07
-4.0366e+07
-3.29388e+07
-3.08914e+07
-3.54358e+07
-3.2124e+07
-3.60225e+07
-3.12027e+07
-3.48644e+07
-2.98103e+07
-3.20461e+07
-3.3488e+07
-1.61834e+08
-6.71169e+07
-1.15266e+08
-3.87247e+07
-7.06341e+07
-3.23649e+07
-7.45276e+07
-5.97016e+07
-4.1166e+07
-2.69022e+07
-5.85682e+07
8.553e+06
-1.75087e+07
-3.15319e+07
-2.96258e+07
-2.49892e+07
-2.38724e+07
-3.67216e+07
-2.76415e+07
-3.81512e+07
-5.62203e+07
-5.12161e+07
4.76285e+06
1.0749e+07
1.15007e+07
1.20233e+07
-3.59382e+07
-4.76635e+07
-5.74124e+07
-5.74235e+07
2.12383e+06
-5.41235e+06
-3.63894e+07
-3.29732e+07
-4.7019e+07
-3.77738e+07
-4.74551e+07
-1.28778e+07
-7.62997e+06
-5.50373e+07
-5.72714e+07
-3.73828e+07
-3.39342e+07
-4.61742e+07
-3.76046e+07
-4.50912e+07
-4.78403e+07
-5.06153e+07
-2.06461e+07
-1.85613e+07
-1.43248e+07
-1.76491e+07
-5.43332e+07
-5.14555e+07
-4.70516e+07
-4.46469e+07
-2.12328e+07
-3.50455e+07
-3.21079e+07
-3.83588e+07
-3.4045e+07
-3.93238e+07
-4.19883e+07
-4.39686e+07
-3.30376e+07
-3.10824e+07
-3.74832e+07
-3.39393e+07
-3.67034e+07
-3.81391e+07
-3.93856e+07
-4.14323e+07
-3.98316e+07
-3.78061e+07
-3.60406e+07
-3.11994e+07
-3.40477e+07
-3.39046e+07
-3.00372e+07
-2.71441e+07
-1.22299e+08
-1.38541e+08
-1.74044e+08
-8.29958e+07
-1.38397e+08
-1.39852e+08
-1.66359e+08
-1.33759e+08
-1.45174e+08
-1.78017e+08
-1.11062e+08
-1.08792e+08
-8.4232e+07
-1.20344e+08
-7.89133e+07
-9.2227e+07
-1.05497e+08
-9.00552e+07
-1.29681e+08
-1.26888e+08
-1.44838e+08
-1.38908e+08
-1.4091e+08
-1.25314e+08
-1.27278e+08
-2.92945e+07
-1.70974e+07
-2.85657e+07
-3.41973e+07
-2.83459e+07
-3.55565e+07
-1.86052e+07
-3.16235e+07
-2.87485e+07
-3.93038e+07
-2.22998e+07
-3.24876e+07
-3.83951e+07
-2.06644e+07
-3.66338e+07
-2.82454e+07
-3.47312e+07
-4.36255e+07
-4.35486e+07
-2.72594e+07
-3.68367e+07
-3.50819e+07
-3.47043e+07
-4.15948e+07
-2.43045e+07
-3.45346e+07
-4.20226e+07
-2.56621e+07
-3.72323e+07
-3.22901e+07
-3.68846e+07
-4.26023e+07
-3.77316e+07
-4.21132e+07
-3.2231e+07
-3.71237e+07
-3.67557e+07
-4.11383e+07
-3.21501e+07
-3.66267e+07
-4.16126e+07
-3.2261e+07
-3.57926e+07
-3.17481e+07
-3.563e+07
-3.9188e+07
-3.96225e+07
-3.18928e+07
-3.53185e+07
-3.59841e+07
-3.57468e+07
-4.0605e+07
-3.21111e+07
-3.64642e+07
-4.01509e+07
-3.19669e+07
-3.26204e+07
-3.0471e+07
-3.25689e+07
-3.55312e+07
-3.29643e+07
-3.51905e+07
-3.02952e+07
-3.25518e+07
-3.24777e+07
-3.45334e+07
-3.00272e+07
-3.22158e+07
-3.48611e+07
-3.01894e+07
-3.14513e+07
-2.93876e+07
-3.1685e+07
-3.30299e+07
-3.32491e+07
-2.95667e+07
-3.08935e+07
-3.17979e+07
-3.16796e+07
-3.41728e+07
-2.99104e+07
-3.21407e+07
-3.39554e+07
-2.97687e+07
-2.13793e+08
-1.39353e+08
-2.06731e+08
-1.37458e+08
-1.76617e+08
-2.07373e+08
-2.48867e+08
-1.61864e+08
-5.4073e+07
-5.23613e+07
-1.03694e+08
-7.00738e+07
-2.9586e+07
-4.64727e+07
-1.18864e+08
-7.64225e+07
-6.34552e+07
-8.76709e+07
-9.49068e+07
-8.01589e+07
-9.51362e+07
-1.52048e+08
-1.11304e+08
-5.41408e+07
-5.25386e+07
-5.47276e+07
-8.02062e+07
-1.07674e+08
-6.29767e+07
-1.11002e+08
-1.00196e+08
-6.24465e+07
-4.86709e+07
-8.77393e+07
-1.29049e+08
-1.20178e+08
-5.45521e+07
-6.3292e+07
-4.23556e+07
-5.38176e+07
-6.89858e+07
-4.66079e+07
-4.69912e+07
-4.07294e+07
-4.03984e+07
-2.40307e+07
-3.15815e+07
-3.23397e+07
-3.29751e+07
-3.3311e+07
-6.55037e+07
-4.22134e+07
3.17936e+06
-7.84997e+06
-1.81547e+07
-4.82752e+07
-5.55904e+06
-2.80937e+07
-1.96598e+07
-3.18035e+07
-4.94158e+07
-3.79427e+07
-2.47452e+07
-2.82684e+07
-2.47636e+07
-3.04721e+07
-3.1873e+07
-3.20417e+07
-2.78007e+07
-3.20067e+07
-2.61037e+07
-2.32554e+07
-1.55266e+07
-3.13446e+07
-2.6381e+07
-1.50837e+07
-2.97298e+07
-2.62173e+07
-2.32393e+07
-1.86972e+07
-2.78278e+07
-2.82492e+07
-1.6093e+07
-2.88167e+07
-3.92838e+07
-4.18744e+07
-3.78004e+07
-5.53737e+07
-3.78367e+07
-4.53229e+07
-4.36029e+07
-3.43318e+07
-5.31374e+07
-3.43378e+07
-1.06517e+07
-1.23446e+07
7.07339e+06
-9.12272e+06
-5.96812e+06
-1.43965e+06
9.04804e+06
-4.31435e+06
-1.61234e+07
-1.39439e+07
-9.58257e+06
-9.75649e+06
-3.58965e+06
1.26651e+07
-655612
-1.5402e+07
-1.07499e+07
-472636
1.27923e+07
519521
-3.71611e+07
-3.39128e+07
-2.57364e+07
-4.00025e+07
-2.5802e+07
-3.00342e+07
-3.23991e+07
-2.9949e+07
-4.45118e+07
-2.99645e+07
-4.82656e+07
-4.80396e+07
-4.01135e+07
-5.74846e+07
-4.00837e+07
-4.65373e+07
-4.73848e+07
-4.12862e+07
-5.78774e+07
-4.13347e+07
-2.2755e+07
-2.11737e+07
-493769
-1.08809e+07
-1.37036e+07
-1.74998e+07
-3.09655e+06
-1.52261e+07
-1.77785e+07
-1.97727e+07
-3.78023e+07
-2.94016e+07
-3.73744e+07
-4.44753e+07
-3.78857e+07
-3.00351e+07
-4.42828e+07
-3.84493e+07
-3.7289e+07
-3.11953e+07
-4.42717e+07
-3.08257e+07
-4.46138e+07
-3.81705e+07
-2.3862e+07
-2.50073e+07
-1.13465e+07
-2.26957e+07
-2.14151e+07
-1.87309e+07
-9.53766e+06
-2.04626e+07
-2.66364e+07
-2.58452e+07
-4.84882e+07
-4.8246e+07
-4.14445e+07
-5.59902e+07
-4.14979e+07
-4.7644e+07
-4.81544e+07
-4.17121e+07
-5.64908e+07
-4.16649e+07
-3.82239e+07
-3.75433e+07
-3.21643e+07
-4.30304e+07
-3.77526e+07
-3.21296e+07
-4.35064e+07
-3.80989e+07
-3.76692e+07
-3.16825e+07
-4.42277e+07
-3.85061e+07
-3.18473e+07
-4.37861e+07
-4.5005e+07
-4.42268e+07
-3.80815e+07
-4.87847e+07
-3.81238e+07
-4.2965e+07
-4.37235e+07
-3.9113e+07
-4.96094e+07
-3.90676e+07
-2.88263e+07
-2.89846e+07
-2.00444e+07
-2.69583e+07
-2.66543e+07
-2.59156e+07
-1.93195e+07
-2.63629e+07
-2.92723e+07
-2.92091e+07
-2.85097e+07
-2.82016e+07
-2.34147e+07
-1.55385e+07
-2.4332e+07
-2.72505e+07
-2.77554e+07
-2.55197e+07
-1.6689e+07
-2.48687e+07
-4.54884e+07
-4.6241e+07
-4.08953e+07
-5.32999e+07
-4.08447e+07
-4.73452e+07
-4.66605e+07
-4.00115e+07
-5.24952e+07
-4.00614e+07
-4.05873e+07
-4.12643e+07
-3.71479e+07
-4.61785e+07
-3.71098e+07
-4.24653e+07
-4.17404e+07
-3.61809e+07
-4.54437e+07
-3.6215e+07
-2.94752e+07
-2.95321e+07
-2.17059e+07
-2.71711e+07
-2.73607e+07
-2.76918e+07
-2.22448e+07
-2.75253e+07
-2.94281e+07
-2.94231e+07
-3.46975e+07
-3.16438e+07
-3.45859e+07
-3.86775e+07
-3.51193e+07
-3.14715e+07
-3.82836e+07
-3.45136e+07
-3.44833e+07
-3.11762e+07
-3.74332e+07
-3.13533e+07
-3.78025e+07
-3.41174e+07
-2.95332e+07
-2.94518e+07
-2.79592e+07
-2.79465e+07
-2.77839e+07
-2.7847e+07
-2.94014e+07
-2.95019e+07
-4.01392e+07
-3.9511e+07
-3.44977e+07
-4.26352e+07
-3.45248e+07
-3.85173e+07
-3.90978e+07
-3.53407e+07
-4.32497e+07
-3.53096e+07
-3.34303e+07
-3.34282e+07
-3.05827e+07
-3.58919e+07
-3.30717e+07
-3.07584e+07
-3.6235e+07
-3.35742e+07
-3.35218e+07
-3.105e+07
-3.69889e+07
-3.39485e+07
-3.08746e+07
-3.66373e+07
-3.64503e+07
-3.59652e+07
-3.18922e+07
-3.85343e+07
-3.19114e+07
-3.52389e+07
-3.57e+07
-3.24752e+07
-3.89236e+07
-3.24556e+07
-2.92355e+07
-2.90613e+07
-2.79425e+07
-2.80123e+07
-2.80404e+07
-2.79688e+07
-2.89119e+07
-2.91047e+07
-2.91977e+07
-2.93432e+07
-2.79991e+07
-2.7992e+07
-2.94369e+07
-2.93104e+07
-2.79949e+07
-2.80333e+07
-3.6753e+07
-3.72603e+07
-3.3776e+07
-4.08515e+07
-3.37524e+07
-3.81395e+07
-3.75998e+07
-3.30725e+07
-4.03521e+07
-3.30934e+07
-3.35844e+07
-3.42621e+07
-3.1356e+07
-3.7491e+07
-3.13652e+07
-3.50007e+07
-3.45995e+07
-3.0761e+07
-3.69751e+07
-3.04487e+07
-2.86112e+07
-2.8741e+07
-2.79602e+07
-2.78883e+07
-2.78462e+07
-2.78467e+07
-2.89447e+07
-2.87626e+07
-2.98636e+07
-2.91513e+07
-3.03674e+07
-3.19372e+07
-3.0193e+07
-2.91878e+07
-3.13508e+07
-3.07147e+07
-2.82923e+07
-3.08882e+07
-3.02633e+07
-3.23593e+07
-2.80349e+07
-3.14321e+07
-2.9472e+07
-2.87363e+07
-3.23203e+07
-2.85113e+07
-2.82372e+07
-2.76716e+07
-2.77853e+07
-2.78167e+07
-2.8154e+07
-3.33057e+07
-3.17576e+07
-3.11814e+07
-3.26219e+07
-3.20984e+07
-3.19047e+07
-3.0159e+07
-3.13652e+07
-1.04426e+08
-1.00012e+08
-1.15123e+08
-7.09223e+07
-1.60863e+08
-1.65241e+08
-1.52486e+08
-1.389e+08
-1.64556e+08
-1.53125e+08
-1.37048e+08
-8.97745e+07
-7.48753e+07
-9.15732e+07
-7.34153e+07
-7.68598e+07
-7.78345e+07
-8.08821e+07
-1.53648e+08
-1.57339e+08
-1.44874e+08
-1.38458e+08
-1.59958e+08
-1.39429e+08
-1.34979e+08
-2.63195e+07
-1.97827e+07
-2.6656e+07
-2.4554e+07
-2.55585e+07
-2.50745e+07
-2.00574e+07
-2.20906e+07
-1.53878e+07
-2.31785e+07
-1.339e+07
-1.98164e+07
-9.31259e+06
-1.88142e+07
-1.11402e+07
-3.1059e+07
-3.0734e+07
-3.06873e+07
-2.53791e+07
-3.16785e+07
-3.04167e+07
-2.51968e+07
-3.62535e+07
-3.09398e+07
-3.5848e+07
-3.60099e+07
-3.59481e+07
-3.0871e+07
-3.65086e+07
-2.63029e+07
-1.7617e+07
-2.54176e+07
-1.93616e+07
-2.81567e+07
-2.25621e+07
-2.12089e+07
-2.87536e+07
-3.34364e+07
-3.33024e+07
-3.24829e+07
-2.71241e+07
-3.28814e+07
-3.27858e+07
-2.72627e+07
-3.7497e+07
-3.39735e+07
-3.70955e+07
-3.76515e+07
-3.75803e+07
-3.76044e+07
-3.39401e+07
-3.67848e+07
-3.65074e+07
-3.67687e+07
-3.35876e+07
-3.66459e+07
-3.68976e+07
-3.36383e+07
-3.55599e+07
-3.29031e+07
-3.53429e+07
-3.55887e+07
-3.57143e+07
-3.29584e+07
-3.54146e+07
-3.6363e+07
-3.60204e+07
-3.65893e+07
-3.34916e+07
-3.64675e+07
-3.65328e+07
-3.34552e+07
-3.29707e+07
-3.12744e+07
-3.27786e+07
-3.32074e+07
-3.30475e+07
-3.31584e+07
-3.12446e+07
-3.23938e+07
-3.22446e+07
-3.23532e+07
-3.06694e+07
-3.22333e+07
-3.25047e+07
-3.07483e+07
-3.14775e+07
-2.98541e+07
-3.13874e+07
-3.12933e+07
-3.13743e+07
-2.99156e+07
-3.12776e+07
-3.20488e+07
-3.18944e+07
-3.21849e+07
-3.05392e+07
-3.21255e+07
-3.21291e+07
-3.04987e+07
-1.63907e+08
-1.62534e+08
-1.68838e+08
-6.11629e+07
-1.64967e+08
-1.51265e+08
-5.25204e+07
-6.69749e+07
-1.53271e+08
-1.33754e+08
-7.68936e+07
-9.12282e+07
-1.61549e+08
-1.53359e+08
-6.08545e+07
-5.78082e+07
-5.91448e+07
-5.5395e+07
-6.74762e+07
-5.61015e+07
-5.34933e+07
-2.93579e+07
-3.01418e+07
-2.33474e+07
-2.50431e+07
-2.37828e+07
-2.54859e+07
-2.73588e+07
-7.31248e+07
-5.732e+07
-2.1792e+07
-2.53539e+07
-5.09698e+07
-3.95256e+07
-1.90453e+07
-2.08425e+07
-2.36259e+07
-2.37042e+07
-1.82721e+07
-2.27075e+07
-2.42317e+07
-1.80599e+07
-2.23604e+07
-1.86283e+07
-1.13828e+07
-2.11396e+07
-8.4675e+06
-2.41959e+07
-2.4891e+07
-1.9494e+07
-2.16655e+07
-2.50372e+07
-1.95942e+07
-2.18396e+07
-1.72838e+07
-7.73647e+06
-1.73646e+07
-7.24281e+06
-2.68273e+07
-2.85965e+07
-3.58413e+07
-3.44733e+07
-1.81429e+07
-1.92674e+07
-2.50273e+07
-2.3551e+07
-1.75281e+07
-1.63841e+07
-2.19019e+07
-1.87108e+07
-2.57318e+07
-2.39288e+07
-2.04011e+07
-1.96828e+07
-4.08002e+07
-4.0336e+07
-3.6315e+07
-3.75006e+07
-3.06536e+07
-2.98149e+07
-2.53625e+07
-2.66376e+07
-3.72285e+07
-3.18804e+07
-3.68587e+07
-3.68781e+07
-3.70329e+07
-3.19113e+07
-3.69743e+07
-3.14564e+07
-2.66749e+07
-2.60001e+07
-3.15797e+07
-3.04768e+07
-2.39838e+07
-3.0146e+07
-2.4963e+07
-3.7999e+07
-3.7609e+07
-3.33982e+07
-3.78448e+07
-3.34015e+07
-3.79097e+07
-3.80093e+07
-3.07383e+07
-3.14091e+07
-3.31446e+07
-3.28063e+07
-4.09067e+07
-4.12993e+07
-4.17636e+07
-4.18357e+07
-3.77924e+07
-3.74545e+07
-3.39395e+07
-3.77159e+07
-3.76909e+07
-3.39771e+07
-3.78326e+07
-3.21982e+07
-2.74005e+07
-3.2226e+07
-2.78381e+07
-3.80945e+07
-3.76647e+07
-3.37395e+07
-3.80832e+07
-3.80975e+07
-3.37229e+07
-3.80759e+07
-4.07366e+07
-4.05166e+07
-3.92441e+07
-3.95945e+07
-3.36848e+07
-3.37095e+07
-3.35121e+07
-3.3555e+07
-3.37627e+07
-3.36885e+07
-3.3111e+07
-3.33519e+07
-4.08292e+07
-4.1123e+07
-4.17199e+07
-4.16739e+07
-3.75817e+07
-3.79188e+07
-3.91433e+07
-3.88822e+07
-3.29267e+07
-3.30122e+07
-3.34238e+07
-3.3356e+07
-3.51295e+07
-3.2766e+07
-3.4856e+07
-3.5384e+07
-3.52291e+07
-3.27317e+07
-3.53309e+07
-3.43805e+07
-3.42076e+07
-3.21434e+07
-3.44324e+07
-3.21976e+07
-3.45518e+07
-3.42432e+07
-3.28423e+07
-3.27411e+07
-3.22636e+07
-3.23579e+07
-3.74884e+07
-3.72406e+07
-3.60594e+07
-3.63597e+07
-3.33228e+07
-3.31786e+07
-3.13986e+07
-3.33634e+07
-3.31815e+07
-3.14586e+07
-3.34894e+07
-3.39908e+07
-3.37626e+07
-3.20027e+07
-3.42421e+07
-3.40772e+07
-3.19734e+07
-3.41948e+07
-3.46499e+07
-3.44479e+07
-3.35192e+07
-3.37694e+07
-3.15462e+07
-3.14381e+07
-3.10031e+07
-3.1096e+07
-3.16129e+07
-3.17066e+07
-3.2189e+07
-3.20801e+07
-3.47221e+07
-3.49868e+07
-3.59775e+07
-3.57565e+07
-3.23122e+07
-3.26391e+07
-3.34751e+07
-3.32709e+07
-3.04585e+07
-3.06062e+07
-3.09664e+07
-3.08511e+07
-3.08401e+07
-2.96025e+07
-3.09251e+07
-3.08376e+07
-3.09709e+07
-2.9656e+07
-3.0862e+07
-3.00665e+07
-3.14445e+07
-2.99484e+07
-2.97787e+07
-2.87931e+07
-2.82793e+07
-2.8949e+07
-2.83333e+07
-3.1293e+07
-3.33951e+07
-3.26741e+07
-3.19324e+07
-3.10847e+07
-3.26825e+07
-3.09334e+07
-3.04418e+07
-3.02276e+07
-3.23097e+07
-3.19301e+07
-2.94095e+07
-3.06598e+07
-2.99487e+07
-2.5714e+07
-2.72716e+07
-2.84438e+07
-2.89009e+07
-2.90148e+07
-2.65518e+07
-2.85043e+07
-1.25989e+08
-1.20237e+08
-1.3446e+08
-9.87209e+07
-1.31161e+08
-1.3161e+08
-9.54632e+07
-1.52694e+08
-1.55057e+08
-1.47964e+08
-1.20612e+08
-1.45789e+08
-1.49379e+08
-1.23947e+08
-1.02966e+08
-9.98903e+07
-9.58142e+07
-9.84087e+07
-1.12401e+08
-9.19594e+07
-9.47557e+07
-1.40771e+08
-1.46056e+08
-1.18219e+08
-1.17894e+08
-1.30115e+08
-1.24763e+08
-1.22987e+08
-2.73124e+07
-2.71167e+07
-2.66839e+07
-2.16313e+07
-2.79498e+07
-2.64096e+07
-2.14766e+07
-3.00844e+07
-3.01172e+07
-2.87433e+07
-2.35185e+07
-2.93416e+07
-2.91768e+07
-2.37185e+07
-3.58098e+07
-3.55417e+07
-3.5159e+07
-2.99212e+07
-3.54231e+07
-3.53717e+07
-3.00214e+07
-3.41279e+07
-3.37119e+07
-3.38414e+07
-2.85771e+07
-3.45532e+07
-3.36845e+07
-2.84501e+07
-3.73287e+07
-3.70134e+07
-3.72933e+07
-3.38276e+07
-3.72053e+07
-3.74146e+07
-3.3868e+07
-3.69678e+07
-3.65993e+07
-3.71562e+07
-3.37814e+07
-3.70589e+07
-3.71097e+07
-3.37532e+07
-3.57464e+07
-3.54426e+07
-3.59868e+07
-3.31368e+07
-3.58488e+07
-3.59352e+07
-3.31066e+07
-3.61719e+07
-3.59193e+07
-3.61848e+07
-3.32629e+07
-3.60298e+07
-3.63103e+07
-3.33128e+07
-3.28393e+07
-3.26989e+07
-3.2855e+07
-3.10347e+07
-3.269e+07
-3.29913e+07
-3.11018e+07
-3.25013e+07
-3.23243e+07
-3.27111e+07
-3.09169e+07
-3.25755e+07
-3.26583e+07
-3.08831e+07
-3.15427e+07
-3.15045e+07
-3.15257e+07
-3.00809e+07
-3.16568e+07
-3.14939e+07
-3.00551e+07
-3.19897e+07
-3.18063e+07
-3.18633e+07
-3.02986e+07
-3.18324e+07
-3.20018e+07
-3.03741e+07
-1.70899e+08
-1.71706e+08
-2.27158e+08
-2.06275e+08
-1.62998e+08
-2.16234e+08
-2.30855e+08
-2.08866e+08
-1.65354e+08
-2.12849e+08
-1.63409e+08
-2.23696e+08
-2.11778e+08
-1.74512e+08
-2.16571e+08
-1.96737e+08
-2.06928e+08
-1.30208e+08
-6.87733e+07
-1.08472e+08
-9.20395e+07
-1.57271e+08
-1.47328e+08
-1.70276e+08
-1.2397e+08
-1.65458e+08
-1.41214e+08
-1.90358e+08
-1.1254e+08
-1.66441e+08
-1.71947e+08
-2.04274e+08
-1.47694e+08
-1.83072e+08
-1.60624e+08
-1.49592e+08
-1.74514e+08
-1.85883e+08
-2.14016e+08
-1.96172e+08
-1.63166e+08
-1.90663e+08
-1.58791e+08
-2.18637e+08
-1.88905e+08
-2.59504e+08
-2.33179e+08
-2.53747e+08
-2.2771e+08
-2.74471e+08
-2.48343e+08
-1.65234e+08
-2.19257e+08
-1.97678e+08
-3.04709e+07
-3.04333e+07
-2.18139e+07
-1.00765e+08
-7.74758e+07
-4.8374e+07
-4.86117e+07
-6.66905e+07
-5.57396e+07
-3.39702e+07
-7.31001e+07
-7.7863e+07
-6.76886e+07
-5.58259e+07
-7.77181e+06
-2.53887e+07
-4.34633e+07
-1.1142e+08
-1.39948e+08
-1.32853e+08
-1.09933e+08
-1.24522e+08
-1.27147e+08
-1.05648e+08
-6.2091e+07
-9.30809e+07
-8.80509e+07
-1.06488e+08
-8.87995e+07
-9.23133e+07
-7.4125e+07
-7.64505e+07
-5.78301e+07
-6.89062e+07
-5.09942e+07
-5.75909e+07
-5.81419e+07
-6.23379e+07
-8.53613e+07
-7.67957e+07
-7.17479e+07
-7.88046e+07
-7.07244e+07
-1.03506e+08
-6.76606e+07
-6.60078e+07
-6.87966e+07
-8.5828e+07
-4.81625e+07
-6.63862e+07
-5.38368e+07
-8.00192e+07
-3.82691e+07
-7.72803e+07
-1.27971e+08
-1.02597e+08
-1.07501e+08
-4.0377e+07
-2.05597e+07
-3.39626e+07
-2.95041e+07
-9.80543e+07
-1.20585e+08
-1.48059e+08
-1.25552e+08
-1.36145e+08
-1.38794e+08
-1.20136e+08
-1.70836e+08
-1.24027e+08
-1.30891e+08
-9.31789e+07
-1.00185e+08
-1.21152e+08
-1.02645e+08
-1.08582e+08
-1.07188e+08
-2.77158e+07
-5.97657e+07
-4.82496e+07
-3.53134e+07
-9.518e+06
-8.50913e+06
-1.13486e+07
-9.70337e+06
-2.42552e+07
-3.17064e+07
-3.8822e+07
-2.08041e+07
-1.94072e+07
-1.56887e+07
-2.03988e+07
-1.14412e+07
-7.75412e+07
-8.62869e+07
-6.40483e+07
-8.38572e+07
-7.5435e+07
-1.19543e+08
-9.99677e+07
-9.94293e+07
-1.00993e+08
-1.06999e+08
-9.82993e+07
-8.60385e+07
-7.28867e+07
-7.69186e+07
-6.6078e+07
-5.73398e+07
-2.78473e+07
-1.9572e+07
-3.75191e+07
-4.79006e+07
-1.2752e+08
-1.43762e+08
-1.39958e+08
-1.2901e+08
-1.25201e+08
-1.3458e+08
-1.26055e+08
-1.09638e+08
-1.20231e+08
-1.25438e+08
-1.28997e+08
-1.18408e+08
-5.15344e+07
-5.23736e+07
-4.10085e+07
-4.07829e+07
-4.50058e+07
-4.34884e+07
-4.3475e+07
-3.32147e+07
-3.24969e+07
-3.05127e+07
-3.04406e+07
-3.66894e+07
-2.96318e+07
-2.96086e+07
-6.33479e+07
-5.66737e+07
-6.02867e+07
-5.7897e+07
-4.43817e+07
-3.98159e+07
-5.02536e+07
-2.69779e+07
-4.71124e+07
-4.05975e+07
-4.53553e+07
-3.59174e+07
1.42162e+07
1.55071e+07
1.19955e+07
9.15066e+06
-5.25633e+06
-1.20986e+07
995214
5.63086e+06
-3.6665e+07
-2.81854e+07
-2.00096e+07
-2.16762e+07
-7.9058e+06
-2.15148e+07
-1.12287e+07
-2.19972e+07
-3.08382e+07
-2.87516e+07
-2.7905e+07
-1.53048e+07
-2.70696e+07
-3.4953e+07
-5.01421e+07
-3.88617e+07
-4.29414e+07
-4.49176e+07
-6.11108e+07
-3.91775e+07
-3.82434e+07
-4.47024e+07
-3.10954e+07
-3.28511e+07
-3.96799e+07
-3.27294e+07
-3.75948e+07
-3.42705e+07
-2.37696e+07
-2.2293e+07
-2.26213e+07
-2.03611e+07
-2.27842e+07
-2.25921e+07
-2.63127e+07
-1.98302e+07
-2.58722e+07
-2.53095e+07
-2.36234e+07
-2.92329e+07
-2.01448e+07
-1.49174e+07
-1.63402e+07
-1.75058e+07
-2.65514e+07
-2.15949e+07
-3.1309e+07
-2.36026e+07
-2.88589e+07
-2.71557e+07
-2.2884e+07
-2.73523e+07
-2.97903e+07
-3.28202e+07
-2.87749e+07
-2.38247e+07
-3.00787e+07
-2.42292e+07
-3.71409e+07
-2.74441e+07
-1.78559e+07
-2.15474e+07
-2.28857e+07
-1.97609e+07
-1.18192e+07
-8.60005e+06
-8.61755e+06
-9.46311e+06
-1.71788e+07
-2.96601e+07
-1.65221e+07
-2.55194e+07
-1.06011e+07
-1.28999e+07
-1.43322e+07
-1.08639e+07
-2.29544e+07
-2.33238e+07
-1.72666e+07
-2.10293e+07
-2.26527e+07
-1.739e+07
-2.14238e+07
-2.32343e+07
-2.38213e+07
-1.76093e+07
-2.08727e+07
-2.27162e+07
-1.79081e+07
-2.10813e+07
-3.12636e+07
-2.96107e+07
-3.75232e+07
-3.00934e+07
-3.79429e+07
-3.79459e+07
-3.01433e+07
-3.89087e+07
-3.58252e+07
-3.82313e+07
-4.08629e+07
-3.22354e+07
-3.90632e+07
-3.18938e+07
-3.95271e+07
-4.02374e+07
-5.60307e+07
-4.69036e+07
-4.80064e+07
-5.554e+07
-5.55335e+07
-4.49891e+07
-5.59862e+07
-4.46842e+07
-5.6705e+07
-4.95795e+07
-4.88186e+07
-5.69015e+07
-5.48356e+07
-4.35702e+07
-5.42097e+07
-4.40533e+07
-3.19617e+07
-3.35645e+07
-4.18957e+07
-3.61633e+07
-4.27934e+07
-4.42412e+07
-3.5841e+07
-4.38567e+07
-4.28727e+07
-4.12724e+07
-4.22575e+07
-3.45953e+07
-4.19258e+07
-3.45154e+07
-3.98661e+07
-4.29068e+07
-5.31982e+07
-4.63544e+07
-4.50701e+07
-5.402e+07
-5.08067e+07
-3.98824e+07
-4.95721e+07
-4.09488e+07
-5.20953e+07
-4.19972e+07
-4.37331e+07
-5.07543e+07
-5.23413e+07
-4.27734e+07
-5.3247e+07
-4.20027e+07
-1.32592e+07
-1.08659e+07
-3.17153e+06
-1.34302e+07
-4.56505e+06
-2.11509e+07
-1.9713e+07
-6.73947e+06
-1.20844e+07
-1.49948e+07
-1.48234e+07
-5.11997e+06
6.30142e+06
5.00308e+06
894325
-3.90276e+06
-8.31447e+06
-3.72071e+06
-2.73882e+06
-2.14053e+06
-194660
2.21704e+06
622108
-98679.4
-6.74455e+06
-1.23223e+06
3.1554e+06
-824229
7.386e+06
8.65927e+06
5.95697e+06
4.79596e+06
-2.23705e+06
4.96147e+06
3.67923e+06
3.92212e+06
6.65132e+06
1.17878e+07
1.29626e+07
4.9674e+06
1.68051e+06
-3.49123e+06
1.39071e+06
2.61295e+06
2.9315e+06
4.17214e+06
1.07638e+07
9.54933e+06
-2.15289e+07
-2.29691e+07
-1.88785e+07
-1.57432e+07
-1.15142e+07
-1.85984e+07
-9.80609e+06
-7.36344e+06
-1.67828e+07
-1.42381e+07
-1.69905e+07
-9.04161e+06
-1.63919e+07
-1.62048e+07
-1.19279e+07
-9.52429e+06
-2.58668e+06
-1.18294e+07
-1.42437e+06
-1.27538e+06
-1.17253e+07
-9.41928e+06
-1.14008e+07
-1.49224e+06
1.65212e+07
1.60664e+07
6.28544e+06
2.47143e+06
4.30732e+06
-3.36814e+06
5.15375e+06
2.6678e+06
5.53916e+06
7.45101e+06
6.93526e+06
-882880
5.13767e+06
5.05596e+06
6.47138e+06
7.99168e+06
1.67948e+07
1.66674e+07
-1.6512e+07
-1.74861e+07
-1.62676e+07
-6.50379e+06
-1.43359e+07
-1.5403e+07
-4.26983e+06
-1.7812e+06
-1.23335e+07
-1.16908e+07
-1.31751e+07
-2.52662e+06
7.79169e+06
5.36524e+06
179318
5.67299e+06
6.20532e+06
7.35125e+06
6.41811e+06
1.48552e+07
1.38598e+07
8.1511e+06
7.04313e+06
144326
6.40533e+06
5.88067e+06
6.80095e+06
8.23061e+06
1.55798e+07
1.62676e+07
-2.15507e+07
-2.27199e+07
-3.36108e+07
-2.75651e+07
-3.41208e+07
-3.60359e+07
-2.70961e+07
-3.51369e+07
-3.51291e+07
-3.28309e+07
-3.25327e+07
-2.50585e+07
-3.29228e+07
-2.52487e+07
-3.15619e+07
-3.3506e+07
-3.74491e+07
-3.34991e+07
-3.13336e+07
-4.01129e+07
-3.29257e+07
-2.49629e+07
-2.97817e+07
-2.75409e+07
-3.53095e+07
-2.71783e+07
-3.18127e+07
-2.93501e+07
-3.61801e+07
-3.1898e+07
-3.86913e+07
-2.96966e+07
-2.05606e+07
-2.00279e+07
-3.05376e+07
-2.16794e+07
-2.82494e+07
-2.92196e+07
-3.07955e+07
-2.21019e+07
-2.87955e+07
-3.04177e+07
-3.06755e+07
-2.36531e+07
-2.97664e+07
-2.32546e+07
-3.10231e+07
-3.01137e+07
-4.51818e+07
-3.49529e+07
-3.71266e+07
-4.2836e+07
-4.60705e+07
-3.85817e+07
-4.76902e+07
-3.71384e+07
-4.68094e+07
-4.09121e+07
-4.85613e+07
-3.89879e+07
-4.35492e+07
-3.3766e+07
-4.1502e+07
-3.55502e+07
-3.91954e+07
-3.99651e+07
-4.57181e+07
-4.05834e+07
-4.64071e+07
-4.69963e+07
-4.03634e+07
-4.71175e+07
-4.58947e+07
-4.5595e+07
-4.67167e+07
-4.0061e+07
-4.61236e+07
-3.98487e+07
-4.49917e+07
-4.68284e+07
-5.82046e+07
-5.11235e+07
-5.08081e+07
-5.79581e+07
-5.65988e+07
-4.54292e+07
-5.63462e+07
-4.55339e+07
-5.78183e+07
-4.98146e+07
-5.78591e+07
-5.04366e+07
-5.67097e+07
-4.58626e+07
-5.68604e+07
-4.5872e+07
-3.89149e+07
-3.80687e+07
-4.41134e+07
-3.79593e+07
-4.46874e+07
-4.51889e+07
-3.77868e+07
-4.30967e+07
-4.5553e+07
-4.44246e+07
-4.61985e+07
-3.89351e+07
-4.52253e+07
-3.86732e+07
-4.49245e+07
-4.61215e+07
-5.8094e+07
-5.11031e+07
-5.13407e+07
-5.84898e+07
-5.65464e+07
-4.58391e+07
-5.65039e+07
-4.60485e+07
-5.82819e+07
-5.14201e+07
-5.14011e+07
-5.77604e+07
-5.68166e+07
-4.60493e+07
-5.68087e+07
-4.59024e+07
-2.53242e+07
-2.25216e+07
-1.95278e+07
-2.51783e+07
-1.8362e+07
-2.84737e+07
-2.94686e+07
-1.64885e+07
-2.14092e+07
-2.39178e+07
-2.40775e+07
-1.77831e+07
2.75156e+06
4.07604e+06
-2.68597e+06
-5.56246e+06
-1.15801e+07
-4.96261e+06
-6.58529e+06
-1.55961e+06
-6.46469e+06
-4.14103e+06
-9.11997e+06
-8.99862e+06
-1.30379e+07
-8.01905e+06
-5.26398e+06
-7.70268e+06
1.62481e+06
244659
-8.88074e+06
-1.32798e+07
-1.69805e+07
-1.3621e+07
-1.24865e+07
-1.24575e+07
-9.84412e+06
-3.30398e+06
-4.67952e+06
-7.60894e+06
-1.01677e+07
-1.57768e+07
-1.04558e+07
-1.12926e+07
-1.14381e+07
-6.58743e+06
-2.17204e+06
-776962
-2.82443e+07
-2.70955e+07
-2.06336e+07
-1.80955e+07
-1.22225e+07
-2.08528e+07
-1.3789e+07
-1.59445e+07
-2.24643e+07
-1.94628e+07
-2.22502e+07
-1.44992e+07
-3.74332e+07
-3.70037e+07
-3.24809e+07
-3.72554e+07
-3.75511e+07
-3.24419e+07
-3.72605e+07
-3.79444e+07
-3.75423e+07
-3.30813e+07
-3.77629e+07
-3.78454e+07
-3.31046e+07
-3.78182e+07
-2.64276e+07
-1.99544e+07
-2.40192e+07
-2.65116e+07
-2.09558e+07
-3.21774e+07
-3.16241e+07
-2.22765e+07
-2.48603e+07
-2.73936e+07
-2.73082e+07
-2.13936e+07
-1.17263e+07
-1.26924e+07
-1.59819e+07
-1.93399e+07
-2.24235e+07
-1.99129e+07
-1.88621e+07
-1.92172e+07
-1.65913e+07
-1.09505e+07
-9.88968e+06
-1.51683e+07
-1.78239e+07
-1.76251e+07
-2.17173e+07
-1.81424e+07
-1.44984e+07
-1.86064e+07
-1.18034e+07
-1.44697e+07
-1.44633e+07
-1.91461e+07
-1.09599e+07
-1.51351e+07
-1.54752e+07
-6.92924e+06
-5.65718e+06
-7.89596e+06
-9.07901e+06
-1.28345e+07
-1.71795e+07
-2.00806e+07
-1.66948e+07
-1.6075e+07
-1.62731e+07
-1.36081e+07
-3.22356e+07
-3.2678e+07
-2.8836e+07
-2.65558e+07
-2.43092e+07
-2.8808e+07
-2.36485e+07
-2.25763e+07
-2.8205e+07
-2.59363e+07
-2.82492e+07
-2.3331e+07
-4.15939e+07
-4.1461e+07
-4.61502e+07
-4.11553e+07
-4.72134e+07
-4.65827e+07
-4.5863e+07
-4.08993e+07
-4.7142e+07
-4.60752e+07
-4.69395e+07
-4.13226e+07
-4.66583e+07
-4.11335e+07
-4.59718e+07
-4.72171e+07
-5.60693e+07
-5.06335e+07
-5.04424e+07
-5.67827e+07
-5.40734e+07
-4.42594e+07
-5.38412e+07
-4.46649e+07
-5.60421e+07
-4.98447e+07
-5.01575e+07
-5.52838e+07
-5.47181e+07
-4.51449e+07
-5.49543e+07
-4.47464e+07
-4.1638e+07
-4.17837e+07
-4.57799e+07
-4.1412e+07
-4.62661e+07
-4.63345e+07
-4.12529e+07
-4.66953e+07
-4.55203e+07
-4.59526e+07
-4.69393e+07
-4.14633e+07
-4.63176e+07
-4.12086e+07
-4.58966e+07
-4.67528e+07
-5.74419e+07
-5.08873e+07
-5.10774e+07
-5.6759e+07
-5.60598e+07
-4.58574e+07
-5.62086e+07
-4.55497e+07
-5.73831e+07
-5.12537e+07
-5.79905e+07
-5.12344e+07
-5.55495e+07
-4.52277e+07
-5.53882e+07
-4.55594e+07
-3.79173e+07
-3.75038e+07
-3.39849e+07
-3.79878e+07
-3.7958e+07
-3.39707e+07
-3.79683e+07
-3.80305e+07
-3.76499e+07
-3.38259e+07
-3.79308e+07
-3.79762e+07
-3.38414e+07
-3.80219e+07
-4.00575e+07
-4.03964e+07
-4.3295e+07
-3.99972e+07
-4.34796e+07
-4.39825e+07
-3.97452e+07
-4.36799e+07
-4.35335e+07
-4.29979e+07
-4.3042e+07
-3.96634e+07
-4.32685e+07
-3.95429e+07
-4.25545e+07
-4.34611e+07
-4.89607e+07
-4.52556e+07
-4.4888e+07
-4.96414e+07
-4.69394e+07
-3.93654e+07
-4.6674e+07
-3.97642e+07
-4.88275e+07
-4.40975e+07
-4.45021e+07
-4.81503e+07
-4.76011e+07
-4.037e+07
-4.79015e+07
-3.99389e+07
-3.9972e+07
-3.97247e+07
-4.18798e+07
-3.8823e+07
-4.20947e+07
-4.18371e+07
-3.87131e+07
-4.22385e+07
-4.14437e+07
-4.21701e+07
-4.27579e+07
-3.91697e+07
-4.23108e+07
-3.89337e+07
-4.24311e+07
-4.24627e+07
-5.06258e+07
-4.55501e+07
-4.59681e+07
-4.98997e+07
-4.93866e+07
-4.16304e+07
-4.96966e+07
-4.11794e+07
-5.07537e+07
-4.67344e+07
-4.63661e+07
-5.14831e+07
-4.86865e+07
-4.05795e+07
-4.84081e+07
-4.10051e+07
-3.05765e+07
-2.88034e+07
-2.68813e+07
-3.05278e+07
-2.71625e+07
-3.36887e+07
-3.36866e+07
-2.75064e+07
-2.90133e+07
-3.062e+07
-3.06669e+07
-2.72595e+07
-2.07245e+07
-2.11174e+07
-2.0429e+07
-1.99918e+07
-1.88114e+07
-1.82652e+07
-1.91874e+07
-1.96805e+07
-3.36207e+07
-3.35948e+07
-3.07474e+07
-2.93154e+07
-2.79893e+07
-3.08064e+07
-2.78135e+07
-2.75526e+07
-3.07834e+07
-2.91735e+07
-3.07311e+07
-2.77528e+07
-3.35546e+07
-3.36774e+07
-3.0324e+07
-2.85147e+07
-2.67984e+07
-3.03578e+07
-2.645e+07
-2.58999e+07
-3.01441e+07
-2.82052e+07
-3.01204e+07
-2.62993e+07
-1.41914e+07
-1.3336e+07
-1.78111e+07
-2.00526e+07
-2.04e+07
-2.36258e+07
-1.72893e+07
-2.04489e+07
-2.09916e+07
-1.84426e+07
-2.19746e+07
-2.4145e+07
-2.13516e+07
-2.09888e+07
-2.14504e+07
-1.89149e+07
-1.48026e+07
-1.55775e+07
-3.3587e+07
-3.34059e+07
-2.93983e+07
-2.45161e+07
-2.72869e+07
-2.93909e+07
-2.50647e+07
-2.5765e+07
-2.97549e+07
-2.77258e+07
-2.97594e+07
-2.52854e+07
-1.72505e+07
-1.78691e+07
-1.67706e+07
-1.60844e+07
-4.13579e+07
-4.12092e+07
-4.40873e+07
-4.04367e+07
-4.44196e+07
-4.42492e+07
-4.03098e+07
-4.36693e+07
-4.46722e+07
-4.43677e+07
-4.51566e+07
-4.07218e+07
-4.46052e+07
-4.04683e+07
-4.45568e+07
-4.48659e+07
-5.43303e+07
-4.85075e+07
-4.88923e+07
-5.35503e+07
-5.30416e+07
-4.41019e+07
-5.33313e+07
-4.36533e+07
-5.44114e+07
-4.95465e+07
-5.51718e+07
-4.9253e+07
-5.23352e+07
-4.30869e+07
-5.20688e+07
-4.35202e+07
-4.14122e+07
-4.16309e+07
-4.53042e+07
-4.12653e+07
-4.61959e+07
-4.5598e+07
-4.54001e+07
-4.0998e+07
-4.59364e+07
-4.50508e+07
-4.53788e+07
-4.10583e+07
-4.54566e+07
-4.09137e+07
-4.46776e+07
-4.57888e+07
-5.26008e+07
-4.81962e+07
-4.78485e+07
-5.33564e+07
-5.05089e+07
-4.18386e+07
-5.0229e+07
-4.22757e+07
-5.24885e+07
-4.70444e+07
-5.17228e+07
-4.74574e+07
-5.12273e+07
-4.28965e+07
-5.15345e+07
-4.2437e+07
-3.83069e+07
-3.80503e+07
-3.97245e+07
-3.71313e+07
-3.98491e+07
-3.95726e+07
-3.70311e+07
-3.9924e+07
-3.93263e+07
-3.99839e+07
-4.0396e+07
-3.74718e+07
-4.00544e+07
-3.72578e+07
-4.02396e+07
-4.0135e+07
-4.71275e+07
-4.27185e+07
-4.31019e+07
-4.65061e+07
-4.59136e+07
-3.91618e+07
-4.61988e+07
-3.87589e+07
-4.72593e+07
-4.38208e+07
-4.78889e+07
-4.34675e+07
-4.52986e+07
-3.82215e+07
-4.50511e+07
-3.859e+07
-3.83957e+07
-3.87458e+07
-4.10548e+07
-3.83176e+07
-4.11566e+07
-4.15517e+07
-3.80884e+07
-4.13176e+07
-4.12701e+07
-4.07748e+07
-4.0671e+07
-3.7969e+07
-4.09427e+07
-3.78621e+07
-4.03511e+07
-4.10489e+07
-4.56792e+07
-4.24644e+07
-4.21324e+07
-4.6253e+07
-4.37866e+07
-3.71687e+07
-4.35572e+07
-3.75048e+07
-4.55535e+07
-4.14359e+07
-4.17924e+07
-4.49854e+07
-4.43499e+07
-3.80313e+07
-4.46141e+07
-3.76619e+07
-3.06819e+07
-2.95166e+07
-2.84759e+07
-3.07457e+07
-2.83965e+07
-3.31557e+07
-3.30705e+07
-2.83043e+07
-2.94791e+07
-3.0799e+07
-3.07436e+07
-2.83794e+07
-2.17112e+07
-2.13587e+07
-2.19408e+07
-2.21861e+07
-2.22226e+07
-2.23635e+07
-2.23441e+07
-2.2251e+07
-3.32323e+07
-3.3304e+07
-3.08425e+07
-2.9382e+07
-2.8009e+07
-3.07797e+07
-2.81457e+07
-2.83038e+07
-3.07462e+07
-2.94731e+07
-3.08079e+07
-2.81799e+07
-3.49511e+07
-3.47572e+07
-3.25246e+07
-3.49995e+07
-3.48118e+07
-3.25757e+07
-3.51189e+07
-3.4548e+07
-3.43002e+07
-3.23817e+07
-3.47988e+07
-3.46379e+07
-3.23541e+07
-3.47522e+07
-3.07017e+07
-2.8464e+07
-2.94762e+07
-3.06429e+07
-2.85092e+07
-3.25903e+07
-3.26828e+07
-2.85835e+07
-2.95096e+07
-3.05504e+07
-3.06225e+07
-2.85074e+07
-2.3863e+07
-2.41321e+07
-2.36536e+07
-2.33241e+07
-2.27469e+07
-2.25058e+07
-2.28962e+07
-2.31309e+07
-3.25204e+07
-3.24145e+07
-3.03875e+07
-2.94686e+07
-2.86373e+07
-3.04628e+07
-2.85933e+07
-2.85667e+07
-3.05475e+07
-2.9446e+07
-3.04925e+07
-2.85972e+07
-3.67926e+07
-3.7113e+07
-3.89761e+07
-3.66584e+07
-3.93125e+07
-3.90167e+07
-3.9216e+07
-3.64527e+07
-3.90711e+07
-3.87329e+07
-3.85482e+07
-3.63387e+07
-3.88253e+07
-3.62404e+07
-3.83587e+07
-3.88736e+07
-4.28997e+07
-4.00431e+07
-3.97603e+07
-4.33722e+07
-4.11492e+07
-3.53338e+07
-4.09579e+07
-3.56117e+07
-4.27934e+07
-3.91712e+07
-3.94739e+07
-4.23259e+07
-4.16107e+07
-3.60475e+07
-4.18359e+07
-3.57393e+07
-3.67118e+07
-3.64779e+07
-3.78158e+07
-3.55903e+07
-3.78782e+07
-3.76036e+07
-3.54993e+07
-3.79048e+07
-3.74706e+07
-3.80388e+07
-3.8308e+07
-3.58939e+07
-3.80556e+07
-3.57014e+07
-3.82622e+07
-3.80872e+07
-4.41066e+07
-4.0253e+07
-4.05825e+07
-4.35942e+07
-4.29165e+07
-3.69969e+07
-4.31607e+07
-3.66591e+07
-4.42242e+07
-4.12028e+07
-4.47462e+07
-4.08952e+07
-4.24016e+07
-3.62059e+07
-4.21947e+07
-3.65108e+07
-3.3468e+07
-3.32609e+07
-3.16332e+07
-3.37121e+07
-3.35477e+07
-3.16068e+07
-3.36674e+07
-3.38336e+07
-3.36745e+07
-3.17672e+07
-3.38865e+07
-3.36966e+07
-3.1821e+07
-3.40052e+07
-3.41073e+07
-3.43606e+07
-3.56164e+07
-3.38981e+07
-3.55954e+07
-3.57434e+07
-3.37288e+07
-3.55587e+07
-3.57927e+07
-3.54406e+07
-3.51614e+07
-3.36105e+07
-3.54527e+07
-3.35481e+07
-3.51643e+07
-3.54158e+07
-3.86296e+07
-3.62575e+07
-3.60425e+07
-3.89911e+07
-3.715e+07
-3.26871e+07
-3.70018e+07
-3.28888e+07
-3.85769e+07
-3.55906e+07
-3.58298e+07
-3.82228e+07
-3.74578e+07
-3.31559e+07
-3.76334e+07
-3.29361e+07
-3.40455e+07
-3.3845e+07
-3.47388e+07
-3.30087e+07
-3.47581e+07
-3.44308e+07
-3.29612e+07
-3.46802e+07
-3.44736e+07
-3.49071e+07
-3.50011e+07
-3.33033e+07
-3.48891e+07
-3.31378e+07
-3.50757e+07
-3.48164e+07
-3.95056e+07
-3.64101e+07
-3.66545e+07
-3.91281e+07
-3.83651e+07
-3.375e+07
-3.85464e+07
-3.35155e+07
-3.95722e+07
-3.71025e+07
-3.68793e+07
-3.99499e+07
-3.80215e+07
-3.32303e+07
-3.78668e+07
-3.34434e+07
-3.00132e+07
-2.91514e+07
-2.85882e+07
-2.99346e+07
-2.85912e+07
-3.12991e+07
-3.1392e+07
-2.85777e+07
-2.91667e+07
-2.98162e+07
-2.99065e+07
-2.85646e+07
-2.56636e+07
-2.568e+07
-2.5661e+07
-2.56044e+07
-2.53973e+07
-2.52919e+07
-2.54709e+07
-2.55587e+07
-3.12431e+07
-3.11335e+07
-2.96144e+07
-2.90281e+07
-2.851e+07
-2.971e+07
-2.85035e+07
-2.85358e+07
-2.98173e+07
-2.90078e+07
-2.97325e+07
-2.85303e+07
-3.18642e+07
-3.17572e+07
-3.00174e+07
-2.92848e+07
-2.86259e+07
-3.00984e+07
-2.86079e+07
-2.86182e+07
-3.01998e+07
-2.92755e+07
-3.01324e+07
-2.86259e+07
-2.44934e+07
-2.43112e+07
-2.46064e+07
-2.47491e+07
-3.19306e+07
-3.20256e+07
-3.03797e+07
-2.8617e+07
-2.93775e+07
-3.03173e+07
-2.8635e+07
-2.86492e+07
-3.02069e+07
-2.93865e+07
-3.02813e+07
-2.86222e+07
-2.50759e+07
-2.52161e+07
-2.49733e+07
-2.48345e+07
-3.52938e+07
-3.50846e+07
-3.61787e+07
-3.42333e+07
-3.61989e+07
-3.59223e+07
-3.41585e+07
-3.58833e+07
-3.61867e+07
-3.63669e+07
-3.6532e+07
-3.45182e+07
-3.6352e+07
-3.43442e+07
-3.65569e+07
-3.6341e+07
-4.15971e+07
-3.81792e+07
-3.84579e+07
-4.11686e+07
-4.04273e+07
-3.51914e+07
-4.06331e+07
-3.49127e+07
-4.16916e+07
-3.89795e+07
-4.21237e+07
-3.87202e+07
-4.00084e+07
-3.45473e+07
-3.98326e+07
-3.48e+07
-3.53658e+07
-3.56476e+07
-3.71697e+07
-3.51821e+07
-3.73833e+07
-3.71681e+07
-3.73749e+07
-3.49975e+07
-3.71789e+07
-3.69648e+07
-3.67308e+07
-3.48909e+07
-3.70033e+07
-3.4805e+07
-3.66444e+07
-3.7011e+07
-4.05885e+07
-3.80044e+07
-3.77654e+07
-4.09884e+07
-3.89715e+07
-3.38491e+07
-3.88084e+07
-3.40793e+07
-4.05075e+07
-3.72655e+07
-4.0108e+07
-3.75239e+07
-3.93508e+07
-3.44269e+07
-3.95422e+07
-3.41727e+07
-3.29728e+07
-3.27437e+07
-3.34067e+07
-3.15889e+07
-3.33983e+07
-3.29746e+07
-3.15929e+07
-3.31818e+07
-3.31438e+07
-3.36124e+07
-3.35282e+07
-3.19028e+07
-3.33772e+07
-3.17052e+07
-3.37887e+07
-3.33516e+07
-3.77137e+07
-3.47868e+07
-3.5021e+07
-3.74354e+07
-3.66332e+07
-3.26395e+07
-3.6804e+07
-3.24274e+07
-3.77536e+07
-3.54492e+07
-3.80983e+07
-3.52338e+07
-3.63583e+07
-3.22311e+07
-3.62631e+07
-3.24088e+07
-3.29349e+07
-3.32025e+07
-3.4226e+07
-3.26939e+07
-3.42101e+07
-3.42795e+07
-3.25225e+07
-3.43914e+07
-3.40886e+07
-3.40528e+07
-3.37256e+07
-3.24268e+07
-3.41134e+07
-3.23706e+07
-3.37693e+07
-3.39496e+07
-3.68692e+07
-3.46808e+07
-3.44858e+07
-3.72651e+07
-3.54549e+07
-3.19757e+07
-3.53385e+07
-3.20727e+07
-3.68388e+07
-3.39482e+07
-3.4118e+07
-3.60459e+07
-3.59555e+07
-3.2225e+07
-3.60837e+07
-3.20489e+07
-2.92323e+07
-2.86392e+07
-2.83924e+07
-2.9267e+07
-2.83975e+07
-3.07552e+07
-3.06299e+07
-2.8446e+07
-2.86862e+07
-2.9369e+07
-2.93442e+07
-2.84086e+07
-2.57246e+07
-2.56855e+07
-2.58079e+07
-2.58755e+07
-2.60259e+07
-2.60623e+07
-2.60166e+07
-2.59509e+07
-3.07308e+07
-3.0829e+07
-2.96045e+07
-2.88443e+07
-2.84747e+07
-2.95269e+07
-2.84624e+07
-2.84511e+07
-2.94261e+07
-2.88576e+07
-2.94942e+07
-2.84391e+07
-3.06036e+07
-3.0734e+07
-2.94257e+07
-3.03973e+07
-3.04131e+07
-2.94819e+07
-3.06164e+07
-3.01526e+07
-2.97475e+07
-2.93007e+07
-2.73819e+07
-2.84463e+07
-2.93018e+07
-2.85508e+07
-2.94375e+07
-2.80889e+07
-2.90938e+07
-3.13061e+07
-3.17168e+07
-3.227e+07
-3.25245e+07
-2.95437e+07
-3.19804e+07
-3.19427e+07
-3.37409e+07
-3.32617e+07
-3.02859e+07
-2.86389e+07
-3.07492e+07
-3.03195e+07
-3.1712e+07
-3.04243e+07
-2.91694e+07
-3.01998e+07
-3.01274e+07
-3.0028e+07
-2.89015e+07
-3.00289e+07
-3.21265e+07
-3.09241e+07
-3.07131e+07
-2.91018e+07
-2.83387e+07
-2.84809e+07
-2.90531e+07
-2.82195e+07
-2.97617e+07
-3.00717e+07
-2.80394e+07
-2.84047e+07
-2.87703e+07
-2.89092e+07
-2.80516e+07
-2.68127e+07
-2.58983e+07
-2.58688e+07
-2.75176e+07
-2.75053e+07
-2.70357e+07
-2.619e+07
-2.60345e+07
-2.6044e+07
-2.59913e+07
-2.93104e+07
-2.80491e+07
-2.86434e+07
-3.12901e+07
-3.18191e+07
-3.28708e+07
-3.09667e+07
-3.27354e+07
-3.24704e+07
-3.31329e+07
-3.07484e+07
-3.25856e+07
-3.27339e+07
-3.20374e+07
-3.06219e+07
-3.19297e+07
-3.03695e+07
-3.21177e+07
-3.21105e+07
-3.15824e+07
-3.29075e+07
-3.34124e+07
-2.95702e+07
-3.25734e+07
-3.17851e+07
-3.45758e+07
-3.26818e+07
-3.4012e+07
-3.45716e+07
-3.03556e+07
-3.2112e+07
-3.08134e+07
-3.07047e+07
-3.45938e+07
-3.25201e+07
-3.28661e+07
-3.31469e+07
-3.40268e+07
-3.20126e+07
-3.41202e+07
-3.17661e+07
-3.51381e+07
-3.34463e+07
-3.5992e+07
-3.32458e+07
-3.23436e+07
-3.0244e+07
-3.37296e+07
-3.09019e+07
-1.00927e+08
-7.637e+07
-1.12993e+08
-8.6082e+07
-1.12353e+08
-9.22292e+07
-7.79186e+07
-5.61595e+07
-6.92209e+07
-6.5574e+07
-1.13145e+08
-8.88832e+07
-1.20698e+08
-1.17518e+08
-1.13412e+08
-9.85038e+07
-7.69183e+07
-7.54844e+07
-9.6407e+07
-8.39193e+07
-3.26114e+07
-2.93241e+07
-3.2392e+07
-2.92593e+07
-3.25082e+07
-2.8917e+07
-3.26955e+07
-2.90634e+07
-3.2182e+07
-2.94337e+07
-3.24151e+07
-2.94449e+07
-3.21538e+07
-2.95228e+07
-2.95027e+07
-3.18981e+07
-3.0574e+07
-2.88701e+07
-3.03515e+07
-2.89398e+07
-3.05581e+07
-2.90594e+07
-3.0771e+07
-2.89696e+07
-3.00465e+07
-2.88333e+07
-3.03244e+07
-2.87586e+07
-2.97601e+07
-2.84576e+07
-2.8622e+07
-2.93229e+07
-3.5828e+07
-1.75508e+07
-2.65819e+07
-2.81628e+07
-5.08174e+07
-5.71185e+07
-6.4056e+07
-4.07528e+07
-3.25983e+07
-2.85989e+07
-3.24725e+07
-2.83296e+07
-3.15454e+07
-2.93715e+07
-2.94562e+07
-3.1323e+07
-3.16066e+07
-2.9546e+07
-3.18387e+07
-2.94852e+07
-3.1044e+07
-2.93238e+07
-3.12655e+07
-2.92343e+07
-3.10005e+07
-2.90998e+07
-3.07832e+07
-2.9192e+07
-1.00115e+08
-1.03228e+08
-9.88308e+07
-1.12643e+08
-9.86065e+07
-1.03487e+08
-1.07449e+08
-8.76391e+07
-7.20119e+07
-7.37997e+07
-7.96932e+07
-8.34996e+07
-7.16061e+07
-9.25112e+07
-2.38501e+07
-2.51295e+07
-2.31325e+07
-2.91756e+07
-3.87731e+07
-5.45735e+07
-4.1087e+07
-5.13679e+07
-4.32666e+07
-3.89413e+07
-5.33716e+07
-1.0639e+08
-1.07937e+08
-1.09752e+08
-1.12358e+08
-1.06254e+08
-1.09497e+08
-1.08668e+08
-9.98078e+07
-9.02535e+07
-9.48851e+07
-1.04941e+08
-1.00622e+08
-9.08433e+07
-1.01048e+08
-5.68236e+07
-5.53085e+07
-6.78672e+07
-4.48631e+07
-6.19537e+07
-5.62003e+07
-4.71211e+07
-6.87756e+07
-8.0047e+07
-8.21202e+07
-8.27443e+07
-7.57406e+07
-6.66842e+07
-7.99271e+07
965844
-1.6101e+06
-9.40906e+06
3.02805e+06
-3.24317e+06
583787
3.21867e+06
-3.19441e+06
-7.50392e+06
-1.18996e+07
-1.60756e+07
-9.55829e+06
-7.1693e+06
-2.83376e+06
-2.86563e+07
-4.19608e+07
-3.71374e+07
-4.42841e+07
-3.70028e+07
-3.69496e+07
-2.7172e+07
-1.95622e+07
-1.21765e+07
-3.21264e+07
-2.10936e+07
-2.55796e+07
-1.95417e+07
-1.32676e+07
-2.29642e+07
-2.4872e+07
-2.69133e+07
-2.55381e+07
-2.4718e+07
-2.5317e+07
-2.31842e+07
-2.26721e+07
-2.48767e+07
-2.43206e+07
-2.67171e+07
-2.44973e+07
-2.24301e+07
-2.51257e+07
-2.14478e+07
-2.32799e+07
-2.60119e+07
-2.37944e+07
-2.35108e+07
-2.41266e+07
-2.11358e+07
-2.18247e+07
-2.46773e+07
-2.62847e+07
-2.40153e+07
-2.38086e+07
-2.43825e+07
-2.21068e+07
-2.03509e+07
-2.28736e+07
-2.53955e+07
-2.35247e+07
-2.25985e+07
-2.07172e+07
-2.31295e+07
-1.98615e+07
-2.2338e+07
-2.50151e+07
-2.18913e+07
-2.21952e+07
-2.27847e+07
-1.94562e+07
-2.36221e+07
-2.51018e+07
-2.72057e+07
-2.56842e+07
-2.52365e+07
-2.34351e+07
-2.58642e+07
-2.38484e+07
-2.61672e+07
-2.54983e+07
-2.73382e+07
-2.53875e+07
-2.40487e+07
-2.60019e+07
-2.46531e+07
-2.58516e+07
-2.76355e+07
-2.66712e+07
-2.57693e+07
-2.65569e+07
-2.47141e+07
-2.4426e+07
-2.62705e+07
-2.75539e+07
-2.56968e+07
-2.57708e+07
-2.64163e+07
-2.42951e+07
-2.55199e+07
-2.65707e+07
-2.79677e+07
-2.72617e+07
-2.65064e+07
-2.72121e+07
-2.55702e+07
-2.54291e+07
-2.70652e+07
-2.63617e+07
-2.79126e+07
-2.64195e+07
-2.53217e+07
-2.71546e+07
-2.50666e+07
-2.59665e+07
-2.67581e+07
-2.7796e+07
-2.4897e+07
-2.60725e+07
-2.68788e+07
-2.51778e+07
-2.70157e+07
-2.78542e+07
-2.6229e+07
-2.61761e+07
-2.69448e+07
-2.52433e+07
-2.64199e+07
-2.70761e+07
-2.79828e+07
-2.77798e+07
-2.7097e+07
-2.77476e+07
-2.64345e+07
-2.63473e+07
-2.76842e+07
-2.70816e+07
-2.79726e+07
-2.70798e+07
-2.63181e+07
-2.77139e+07
-2.61801e+07
-2.69804e+07
-2.80067e+07
-2.75879e+07
-2.69953e+07
-2.7619e+07
-2.61369e+07
-2.62338e+07
-2.7671e+07
-2.80221e+07
-2.70208e+07
-2.70322e+07
-2.76406e+07
-2.62652e+07
-2.57328e+07
-2.66416e+07
-2.72982e+07
-2.79907e+07
-2.56488e+07
-2.67077e+07
-2.73537e+07
-2.58047e+07
-2.74381e+07
-2.80136e+07
-2.67787e+07
-2.67488e+07
-2.73942e+07
-2.58565e+07
-2.60466e+07
-2.69194e+07
-2.80355e+07
-2.75725e+07
-2.69104e+07
-2.60829e+07
-2.75381e+07
-2.59837e+07
-2.74652e+07
-2.80157e+07
-2.68346e+07
-2.68738e+07
-2.75068e+07
-2.59263e+07
-2.65687e+07
-2.71187e+07
-2.79194e+07
-2.78133e+07
-2.71169e+07
-2.65113e+07
-2.78584e+07
-2.66371e+07
-2.79376e+07
-2.71368e+07
-2.7913e+07
-2.71529e+07
-2.6665e+07
-2.78995e+07
-2.69787e+07
-2.70243e+07
-2.78043e+07
-2.81324e+07
-2.70963e+07
-2.8101e+07
-2.69897e+07
-2.68228e+07
-2.79864e+07
-2.785e+07
-2.71551e+07
-2.71528e+07
-2.80349e+07
-2.67522e+07
-2.71891e+07
-2.69523e+07
-2.81304e+07
-2.78797e+07
-2.70988e+07
-2.69779e+07
-2.81348e+07
-2.71354e+07
-2.78428e+07
-2.78628e+07
-2.72434e+07
-2.70292e+07
-2.80381e+07
-2.70767e+07
)
;

boundaryField
{
    left
    {
        type            calculated;
        value           nonuniform List<scalar> 0();
    }
    bottom
    {
        type            calculated;
        value           nonuniform List<scalar> 
243
(
-1.37843e+08
-1.28492e+08
-3.79884e+07
-3.99614e+07
-3.97409e+07
-3.89463e+07
-3.54187e+07
-3.53464e+07
-4.71634e+07
-3.69902e+07
-4.21043e+07
-4.18093e+07
-3.68382e+07
-3.62931e+07
-1.94964e+08
-2.17631e+08
-1.1492e+08
-9.95246e+07
-9.18986e+07
-1.4315e+08
-5.53076e+07
-5.22119e+07
-3.58116e+07
-4.13101e+07
-5.75745e+07
-5.70536e+07
-4.97083e+07
-5.1371e+07
-4.05274e+07
-3.81889e+07
-4.66512e+07
-4.81255e+07
-4.06875e+07
-4.1298e+07
-3.55704e+07
-3.50152e+07
-3.94449e+07
-4.023e+07
-1.45392e+08
-4.5267e+07
-5.90823e+07
-6.88368e+07
-2.58259e+07
-3.36796e+07
-1.01031e+08
-3.09599e+07
-5.56304e+07
-6.05051e+07
-3.90752e+07
-5.23182e+07
-3.46057e+07
-4.80293e+07
-4.43961e+07
-5.61189e+07
-5.71631e+07
-4.1988e+07
-6.06765e+07
-5.81252e+07
-6.13711e+07
-6.10215e+07
-5.32919e+07
-5.02957e+07
-5.73234e+07
-5.4177e+07
-4.12455e+07
-5.30609e+07
-5.46871e+07
-4.40938e+07
-4.53032e+07
-3.74789e+07
-4.62326e+07
-4.41262e+07
-4.94886e+07
-4.6912e+07
-4.14896e+07
-4.02497e+07
-4.35809e+07
-4.19063e+07
-3.58621e+07
-4.20826e+07
-4.30185e+07
-3.83839e+07
-3.90841e+07
-3.99951e+07
-3.93739e+07
-2.91927e+07
-2.48358e+08
-1.98059e+08
-2.60257e+07
-2.89262e+07
-6.57318e+07
-4.32016e+07
-5.77296e+07
-5.96249e+07
-4.40413e+07
-4.87201e+07
-5.98119e+07
-5.91758e+07
-6.14087e+07
-6.1542e+07
-5.21881e+07
-5.13329e+07
-5.61892e+07
-5.5318e+07
-4.54436e+07
-4.48335e+07
-4.85301e+07
-4.77854e+07
-4.0999e+07
-4.0655e+07
-4.29486e+07
-4.24678e+07
-3.25833e+07
-3.00433e+07
-3.7027e+07
-3.41078e+07
-3.97228e+07
-3.95549e+07
-3.60901e+07
-3.52474e+07
-3.67923e+07
-3.36347e+07
-3.42325e+07
-2.85048e+07
-2.77593e+07
-2.45335e+08
-2.02435e+08
-1.12418e+08
-8.15989e+07
-1.7485e+08
-1.37484e+08
-1.41156e+07
-1.57952e+07
-1.2501e+07
-1.2574e+07
-2.35201e+07
-2.64133e+07
-1.84823e+07
-2.10296e+07
-3.68931e+07
-2.41778e+07
-6.77984e+07
-4.64675e+07
-1.34856e+07
-1.07897e+07
-2.19468e+07
-1.53238e+07
-4.67156e+07
-4.75463e+07
-4.43348e+07
-4.54782e+07
-4.94272e+07
-4.97385e+07
-4.81352e+07
-4.86224e+07
-3.39382e+07
-3.63305e+07
-2.8849e+07
-3.16117e+07
-4.16918e+07
-4.32764e+07
-3.79843e+07
-3.99149e+07
-5.00684e+07
-4.96666e+07
-5.03795e+07
-4.99893e+07
-4.904e+07
-4.8558e+07
-4.95619e+07
-4.90721e+07
-5.05807e+07
-5.05403e+07
-5.0035e+07
-5.01031e+07
-5.06752e+07
-5.04104e+07
-5.06414e+07
-5.04279e+07
-4.49543e+07
-4.44571e+07
-4.56617e+07
-4.51198e+07
-4.3588e+07
-4.31207e+07
-4.42731e+07
-4.37591e+07
-4.77513e+07
-4.72388e+07
-4.83985e+07
-4.78558e+07
-4.63653e+07
-4.58504e+07
-4.70614e+07
-4.6509e+07
-4.00131e+07
-3.96564e+07
-4.05627e+07
-4.01622e+07
-3.90284e+07
-3.87065e+07
-3.95245e+07
-3.91621e+07
-4.22952e+07
-4.18641e+07
-4.29434e+07
-4.2464e+07
-4.11035e+07
-4.07108e+07
-4.17016e+07
-4.12626e+07
-3.66697e+07
-3.64303e+07
-3.70188e+07
-3.67481e+07
-3.60687e+07
-3.58488e+07
-3.63736e+07
-3.61248e+07
-3.81436e+07
-3.78534e+07
-3.85899e+07
-3.82614e+07
-3.73603e+07
-3.70978e+07
-3.77558e+07
-3.7459e+07
-3.17034e+07
-3.07452e+07
-3.60693e+07
-3.57123e+07
-3.56206e+07
-3.55546e+07
-3.04478e+07
-3.45577e+07
-3.55573e+07
-3.53718e+07
-3.58199e+07
-3.55889e+07
-3.53415e+07
-3.51662e+07
-3.54519e+07
-3.52472e+07
)
;
    }
    interface
    {
        type            calculated;
        value           nonuniform List<scalar> 
1703
(
-1.59651e+08
-7.40654e+07
-1.55865e+08
-2.35269e+07
-2.97237e+07
-3.45703e+07
-3.04626e+07
-3.6141e+07
-3.54534e+07
-3.44509e+07
-3.53191e+07
-3.24294e+07
-3.16847e+07
-3.07303e+07
-3.15748e+07
-6.68229e+07
-2.52802e+07
-2.25436e+07
-2.45467e+07
-3.48546e+07
-3.62834e+07
-3.62379e+07
-3.63023e+07
-3.43148e+07
-3.3457e+07
-3.25422e+07
-3.33321e+07
-3.05853e+07
-3.03217e+07
-2.65884e+07
-1.24518e+08
-1.32843e+08
-1.09383e+08
-1.21022e+08
-2.60751e+07
-2.69598e+07
-3.30931e+07
-3.25443e+07
-3.588e+07
-3.57775e+07
-3.48252e+07
-3.4951e+07
-3.21088e+07
-3.20027e+07
-3.11222e+07
-3.1239e+07
-4.10444e+07
-3.6103e+07
-2.11017e+07
-2.10918e+07
-3.56855e+07
-3.5866e+07
-3.63545e+07
-3.63742e+07
-3.39401e+07
-3.38167e+07
-3.28723e+07
-3.29855e+07
-3.00304e+07
-3.05333e+07
-2.83459e+07
-3.10922e+07
-2.8592e+07
-3.27146e+07
-2.70746e+07
-3.11418e+07
-2.93742e+07
-2.94681e+07
-2.87295e+07
-3.20949e+07
-2.76108e+07
-2.81406e+07
-3.01196e+07
-3.27349e+07
-3.1935e+07
-8.21604e+07
-1.53579e+08
-8.42931e+07
-1.4653e+08
-2.43151e+07
-2.88006e+07
-3.41295e+07
-3.12136e+07
-3.60598e+07
-3.55684e+07
-3.45779e+07
-3.51966e+07
-3.23215e+07
-3.17916e+07
-3.08695e+07
-3.1465e+07
-5.61743e+07
-2.74673e+07
-6.60999e+07
-2.03367e+07
-2.16887e+07
-2.26842e+07
-1.57409e+07
-1.94435e+07
-3.5173e+07
-3.61786e+07
-2.95593e+07
-3.19477e+07
-3.85732e+07
-3.96769e+07
-3.62936e+07
-3.63447e+07
-3.91357e+07
-3.96614e+07
-3.64377e+07
-3.7678e+07
-3.41881e+07
-3.3577e+07
-3.22277e+07
-3.17521e+07
-3.62588e+07
-3.5099e+07
-3.26519e+07
-3.32146e+07
-3.37624e+07
-3.28132e+07
-3.04188e+07
-3.0063e+07
-3.14584e+07
-2.95516e+07
-3.00741e+07
-2.56193e+07
-2.86786e+07
-2.9031e+07
-2.61018e+07
-1.09512e+08
-1.43184e+08
-9.51788e+07
-1.34303e+08
-2.51206e+07
-2.78872e+07
-3.36472e+07
-3.18799e+07
-3.59736e+07
-3.56749e+07
-3.47011e+07
-3.50755e+07
-3.22153e+07
-3.18969e+07
-3.0998e+07
-3.1354e+07
-1.52632e+08
-2.07512e+08
-2.08311e+08
-1.59573e+08
-2.03681e+08
-1.8469e+08
-9.93097e+07
-1.31819e+08
-1.62183e+08
-1.24519e+08
-1.87325e+08
-1.40767e+08
-1.58064e+08
-2.24477e+08
-2.47732e+08
-1.99137e+08
-2.27955e+07
-4.82806e+07
-4.68101e+07
-6.62781e+07
-5.48143e+06
-2.30315e+07
-1.05526e+08
-1.2957e+08
-1.18989e+08
-6.28869e+07
-6.26232e+07
-8.4954e+07
-8.41067e+07
-6.87492e+07
-3.85377e+07
-4.62134e+07
-5.08766e+07
-8.3381e+07
-4.40271e+07
-6.78888e+07
-3.27308e+07
-1.24203e+08
-1.54423e+08
-1.06505e+08
-2.14039e+07
-1.02724e+07
-1.64059e+07
-1.20836e+07
-8.81557e+07
-6.21164e+07
-7.14139e+07
-1.0959e+08
-9.4572e+07
-1.20267e+08
-6.56192e+07
-6.88939e+07
-5.78083e+07
-2.24717e+07
-1.21022e+08
-1.36697e+08
-1.21283e+08
-1.0624e+08
-1.31612e+08
-1.13851e+08
-4.79074e+07
-3.06826e+07
-7.73331e+07
-5.2451e+07
-4.22246e+07
-3.80978e+07
-2.54716e+07
-4.74012e+07
1.47653e+07
1.58164e+07
1.25061e+07
-3.2738e+06
-2.41076e+07
-6.4938e+06
-9.11805e+06
-1.91664e+07
-3.96489e+07
-4.55729e+07
-3.45356e+07
-2.96435e+07
-1.77333e+07
-2.39918e+07
-2.02504e+07
-2.46913e+07
-2.29742e+07
-2.06776e+07
-2.53182e+07
-2.4653e+07
-2.75507e+07
-1.19501e+07
-1.03587e+07
-1.15205e+07
-1.26556e+07
-2.11404e+07
-2.15624e+07
-2.83937e+07
-3.51627e+07
-3.96591e+07
-4.0919e+07
-5.0082e+07
-4.64445e+07
-5.34089e+07
-5.08414e+07
-5.27022e+07
-4.64893e+07
-4.58655e+07
-4.07168e+07
-4.72754e+07
-4.92289e+07
-4.59273e+07
-5.05274e+07
-1.29968e+07
-2.1266e+06
-3.2678e+06
-1.93088e+07
-5.44627e+06
-1.49508e+07
6.51288e+06
5.39543e+06
831347
-1.03447e+06
120230
-104922
5.13436e+06
6.45712e+06
5.54232e+06
5.71432e+06
1.2114e+07
-2.02314e+07
-1.82304e+07
-1.03349e+07
-6.5068e+06
-1.5482e+07
-7.87495e+06
-1.47769e+07
-1.27519e+07
-1.22389e+06
120302
-1.31411e+07
-66797.7
1.67968e+07
4.17907e+06
6.89593e+06
2.71778e+06
7.92912e+06
1.70621e+07
-2.10116e+07
-4.5012e+06
-275738
-1.4443e+07
-857071
6.53544e+06
7.27925e+06
6.23729e+06
7.98378e+06
1.50334e+07
1.41626e+07
1.58507e+07
-3.15464e+07
-3.80121e+07
-3.6558e+07
-3.16849e+07
-3.21835e+07
-3.31379e+07
-2.90257e+07
-2.63852e+07
-3.60584e+07
-2.77878e+07
-2.71426e+07
-2.78295e+07
-2.83806e+07
-3.89025e+07
-4.4931e+07
-4.09433e+07
-4.28615e+07
-3.67812e+07
-4.39462e+07
-4.8789e+07
-4.87614e+07
-5.24729e+07
-5.41937e+07
-5.21398e+07
-5.44822e+07
-3.61824e+07
-4.20283e+07
-4.71267e+07
-4.14532e+07
-4.7563e+07
-5.27212e+07
-5.43602e+07
-5.27572e+07
-5.43545e+07
-2.41681e+07
-1.86093e+07
-1.58055e+07
-2.20812e+07
-1.68556e+07
3.17187e+06
4.31601e+06
-2.20469e+06
-2.20995e+06
-1.1764e+06
-3.42416e+06
-7.71788e+06
-1.02623e+07
-9.25038e+06
-8.65843e+06
-2.80932e+06
-3.97066e+06
-1.56587e+06
-2.65879e+07
-1.89442e+07
-1.14582e+07
-1.2733e+07
-1.48909e+07
-2.14967e+07
-3.54389e+07
-3.60429e+07
-2.46338e+07
-1.93405e+07
-2.01517e+07
-3.08372e+07
-2.14877e+07
-2.61894e+07
-1.10831e+07
-1.19107e+07
-1.46703e+07
-1.71127e+07
-1.6392e+07
-1.53299e+07
-1.05427e+07
-1.12456e+07
-9.66177e+06
-1.21807e+07
-6.17032e+06
-3.11272e+07
-2.764e+07
-2.36358e+07
-2.31059e+07
-2.20315e+07
-2.65197e+07
-2.26408e+07
-3.92907e+07
-4.43692e+07
-4.8805e+07
-4.87362e+07
-5.13316e+07
-4.91309e+07
-5.21317e+07
-5.10524e+07
-5.24278e+07
-4.77064e+07
-4.7952e+07
-4.41227e+07
-5.21698e+07
-5.36537e+07
-5.23302e+07
-5.34698e+07
-3.63321e+07
-3.63663e+07
-3.85315e+07
-4.20481e+07
-4.49959e+07
-4.46627e+07
-4.52902e+07
-4.55047e+07
-4.49211e+07
-4.58828e+07
-3.83704e+07
-4.07763e+07
-4.27043e+07
-4.30273e+07
-4.05165e+07
-4.64723e+07
-4.75326e+07
-4.68529e+07
-4.71413e+07
-2.93671e+07
-2.65137e+07
-2.70983e+07
-2.96833e+07
-2.69036e+07
-2.02318e+07
-2.05676e+07
-1.81695e+07
-1.76976e+07
-1.86454e+07
-3.28175e+07
-2.99185e+07
-2.7645e+07
-2.75077e+07
-2.72349e+07
-2.97285e+07
-3.2602e+07
-2.92817e+07
-2.63145e+07
-2.54784e+07
-2.87712e+07
-2.57992e+07
-1.34333e+07
-1.65991e+07
-1.77658e+07
-1.60046e+07
-1.8395e+07
-2.78651e+07
-2.40345e+07
-2.44765e+07
-2.51942e+07
-2.86262e+07
-2.48114e+07
-1.66622e+07
-3.94561e+07
-4.27845e+07
-4.53209e+07
-4.56499e+07
-4.96265e+07
-4.77177e+07
-5.08958e+07
-4.99736e+07
-4.80418e+07
-5.05341e+07
-4.74563e+07
-4.39864e+07
-4.7175e+07
-4.84424e+07
-4.88433e+07
-4.8067e+07
-4.92304e+07
-3.87817e+07
-4.03033e+07
-4.05874e+07
-4.34471e+07
-4.22681e+07
-4.43165e+07
-4.37965e+07
-4.25974e+07
-4.39587e+07
-3.71416e+07
-4.23889e+07
-4.20752e+07
-4.24019e+07
-4.25297e+07
-4.20772e+07
-4.28616e+07
-3.00624e+07
-2.82584e+07
-2.81934e+07
-2.80719e+07
-3.00254e+07
-2.11903e+07
-2.22395e+07
-2.99339e+07
-2.77359e+07
-2.78447e+07
-2.80128e+07
-3.00277e+07
-2.79184e+07
-3.40646e+07
-3.36958e+07
-3.00463e+07
-2.82925e+07
-2.83381e+07
-2.84068e+07
-3.00358e+07
-2.83649e+07
-2.38485e+07
-2.28031e+07
-2.26179e+07
-2.30121e+07
-3.19541e+07
-2.99738e+07
-2.84897e+07
-2.84247e+07
-3.00114e+07
-2.84521e+07
-3.57469e+07
-3.80815e+07
-4.00273e+07
-3.97567e+07
-3.99346e+07
-4.00201e+07
-3.96608e+07
-4.02996e+07
-3.55825e+07
-3.70054e+07
-3.82479e+07
-3.84875e+07
-3.67993e+07
-4.08143e+07
-4.15216e+07
-4.11133e+07
-4.1216e+07
-3.27612e+07
-3.31001e+07
-3.49579e+07
-3.63275e+07
-3.61382e+07
-3.61009e+07
-3.55392e+07
-3.61293e+07
-3.58935e+07
-3.53437e+07
-3.63409e+07
-3.32165e+07
-3.50522e+07
-3.52272e+07
-3.6743e+07
-3.72249e+07
-3.6959e+07
-3.70044e+07
-2.97578e+07
-2.85177e+07
-2.85156e+07
-2.85039e+07
-2.96904e+07
-2.56206e+07
-2.5231e+07
-2.96043e+07
-2.84724e+07
-2.84744e+07
-2.84916e+07
-2.96583e+07
-2.84854e+07
-2.97916e+07
-2.85267e+07
-2.85217e+07
-2.98561e+07
-2.43266e+07
-2.419e+07
-2.44638e+07
-3.14656e+07
-2.9944e+07
-2.8495e+07
-2.85243e+07
-2.98878e+07
-2.85117e+07
-2.4928e+07
-2.504e+07
-3.54786e+07
-3.65236e+07
-3.67254e+07
-3.8606e+07
-3.91842e+07
-3.88568e+07
-3.8315e+07
-3.80778e+07
-3.8928e+07
-3.80155e+07
-3.77895e+07
-3.78708e+07
-3.79299e+07
-3.76398e+07
-3.81656e+07
-3.21137e+07
-3.28051e+07
-3.35483e+07
-3.37946e+07
-3.50527e+07
-3.45799e+07
-3.54788e+07
-3.5263e+07
-3.52644e+07
-3.48804e+07
-3.38192e+07
-3.47198e+07
-3.43865e+07
-3.43378e+07
-3.41498e+07
-3.45788e+07
-2.94132e+07
-2.84003e+07
-2.84413e+07
-2.95279e+07
-2.58054e+07
-2.57324e+07
-2.58907e+07
-2.61368e+07
-3.04694e+07
-2.95779e+07
-2.84599e+07
-2.84496e+07
-2.95497e+07
-2.84439e+07
-3.02392e+07
-2.98674e+07
-2.99836e+07
-2.75033e+07
-2.91306e+07
-2.92996e+07
-2.80265e+07
-3.16825e+07
-3.11081e+07
-3.3288e+07
-2.8076e+07
-3.21808e+07
-3.32758e+07
-3.03432e+07
-2.75734e+07
-3.04262e+07
-3.15674e+07
-2.9141e+07
-3.01395e+07
-2.97579e+07
-2.88576e+07
-3.18141e+07
-3.08775e+07
-2.92944e+07
-2.83231e+07
-2.80366e+07
-2.88784e+07
-2.67318e+07
-2.74679e+07
-2.73752e+07
-2.61392e+07
-2.60555e+07
-2.91732e+07
-2.78214e+07
-2.81705e+07
-2.8632e+07
-2.87729e+07
-3.32385e+07
-3.29501e+07
-3.11987e+07
-3.15864e+07
-3.43602e+07
-2.97988e+07
-3.16693e+07
-3.37471e+07
-3.02884e+07
-2.9995e+07
-3.20113e+07
-3.07205e+07
-3.29124e+07
-3.34639e+07
-3.32965e+07
-3.30707e+07
-1.52833e+08
-1.52905e+08
-5.21438e+07
-1.40925e+08
-7.35366e+07
-1.50805e+08
-4.58584e+07
-1.78788e+07
-2.45615e+07
-3.29607e+07
-1.67376e+07
-2.32377e+07
-2.30885e+07
-1.81268e+07
-3.82647e+07
-3.38729e+07
-2.91469e+07
-2.40874e+07
-3.89884e+07
-3.78615e+07
-3.28089e+07
-3.27524e+07
-3.28156e+07
-3.20791e+07
-3.23095e+07
-3.26882e+07
-3.11148e+07
-3.06744e+07
-3.11909e+07
-3.16702e+07
-3.39048e+07
-3.49386e+07
-3.16347e+07
-3.26767e+07
-3.01994e+07
-3.06125e+07
-1.03297e+08
-1.42195e+08
-1.8594e+08
-1.5352e+08
-2.16305e+08
-8.70529e+07
-6.88626e+07
-8.46708e+07
-1.20224e+08
-4.42533e+07
-9.57508e+07
-5.65778e+07
-2.57507e+07
-3.83265e+07
-3.28242e+07
-2.67962e+07
-2.15989e+07
-3.48563e+07
-2.90906e+07
-2.36435e+07
-2.57756e+07
-2.6841e+07
-4.55073e+07
-5.48728e+07
-4.78578e+07
-5.38723e+07
-2.95893e+07
-4.45893e+07
-5.07264e+07
-5.30695e+07
-1.48976e+07
-1.94423e+07
-3.74857e+07
-4.32415e+07
-1.85102e+07
-4.9324e+07
-4.52767e+07
-4.95108e+07
-5.52445e+07
-4.83685e+07
-5.53201e+07
-5.4827e+07
-5.53822e+07
-2.72411e+07
-4.93299e+07
-5.22158e+07
-4.86302e+07
-5.34151e+07
-3.94331e+07
-4.95455e+07
-5.46677e+07
-5.37038e+07
-4.42842e+07
-4.53919e+07
-4.32651e+07
-4.66385e+07
-4.83573e+07
-4.70427e+07
-3.28446e+07
-3.25275e+07
-4.74086e+07
-5.18417e+07
-4.83261e+07
-5.05237e+07
-3.95357e+07
-4.87755e+07
-5.01189e+07
-3.69656e+07
-4.19533e+07
-4.50052e+07
-4.29226e+07
-4.38429e+07
-4.24172e+07
-4.07295e+07
-4.34854e+07
-3.24831e+07
-3.25497e+07
-3.20309e+07
-3.93284e+07
-3.99221e+07
-3.85633e+07
-4.08092e+07
-4.20857e+07
-4.11103e+07
-3.33507e+07
-3.57305e+07
-3.60388e+07
-3.51554e+07
-3.66997e+07
-3.761e+07
-3.65305e+07
-3.69195e+07
-3.09211e+07
-3.08521e+07
-3.13904e+07
-3.4335e+07
-3.76139e+07
-3.96457e+07
-3.88371e+07
-3.44816e+07
-3.78439e+07
-3.85852e+07
-3.43928e+07
-3.5823e+07
-3.49628e+07
-3.51552e+07
-3.22581e+07
-3.41796e+07
-3.4929e+07
-3.04292e+07
-2.94878e+07
-2.93857e+07
-3.08034e+07
-3.04827e+07
-3.39012e+07
-3.25026e+07
-1.37946e+08
-1.56354e+08
-1.73727e+08
-4.62351e+07
-1.43233e+08
-6.16726e+07
-5.94618e+07
-1.26258e+08
-1.37044e+08
-8.37953e+07
-1.43961e+08
-5.44146e+07
-2.28896e+07
-3.78992e+07
-5.28442e+07
-1.88983e+07
-2.83553e+07
-2.58925e+07
-3.4067e+07
-3.18566e+07
-3.99503e+07
-1.7505e+07
-2.21964e+07
-1.49656e+07
-1.70447e+07
-2.16584e+07
-3.27261e+07
-1.78461e+07
-3.78132e+07
-4.41391e+07
-3.47414e+07
-2.8545e+07
-2.49993e+07
-3.00511e+07
-3.16987e+07
-3.88699e+07
-4.42949e+07
-3.96191e+07
-4.42447e+07
-3.88435e+07
-4.23041e+07
-3.80316e+07
-3.284e+07
-3.27773e+07
-3.27554e+07
-3.22656e+07
-3.92505e+07
-4.25438e+07
-3.9644e+07
-4.38122e+07
-3.66111e+07
-3.85433e+07
-3.74994e+07
-4.00052e+07
-4.02636e+07
-3.23671e+07
-3.2652e+07
-3.21676e+07
-3.18177e+07
-3.60858e+07
-3.83126e+07
-3.5257e+07
-3.36238e+07
-3.51289e+07
-3.29473e+07
-3.41403e+07
-3.39775e+07
-3.10523e+07
-3.07309e+07
-3.12555e+07
-3.16053e+07
-3.40457e+07
-3.5301e+07
-3.47837e+07
-3.6402e+07
-3.66e+07
-3.18029e+07
-3.26002e+07
-3.25397e+07
-3.36581e+07
-3.02956e+07
-3.05627e+07
-2.98718e+07
-3.12617e+07
-3.21511e+07
-3.23906e+07
-2.92413e+07
-2.69501e+07
-2.81831e+07
-2.82234e+07
-2.00649e+08
-2.2063e+08
-2.10871e+08
-1.53329e+08
-2.11384e+08
-2.07029e+08
-1.80282e+08
-7.78765e+07
-1.28788e+08
-1.09599e+08
-1.48323e+08
-1.55489e+08
-1.90089e+08
-1.73711e+08
-1.97698e+08
-1.57597e+08
-2.02053e+08
-2.39403e+08
-2.01978e+08
-1.74348e+08
-2.51597e+08
-1.92875e+07
-6.65452e+07
-3.54107e+07
-3.57858e+07
-5.99037e+07
-9.27144e+07
-6.82542e+07
-7.50468e+07
-8.54885e+07
-7.02701e+07
-5.01195e+07
-1.06871e+08
-1.02491e+08
-9.68149e+07
-1.16528e+08
-3.52762e+07
-5.13824e+07
-3.98261e+07
-5.12692e+07
-1.99797e+07
-2.97037e+07
-3.69156e+07
-1.28025e+08
-1.07468e+08
-1.03638e+08
-8.47731e+07
-6.50369e+07
-5.37127e+07
-7.1146e+07
-7.88355e+07
-9.13807e+07
-3.26283e+07
-3.81888e+07
-5.97902e+07
-6.67554e+07
-1.01821e+08
-8.59146e+07
-2.26896e+07
-5.55921e+07
-7.57573e+07
-1.0402e+08
-9.08886e+07
-1.10949e+08
-1.19395e+08
-4.67322e+07
-2.84496e+07
-8.70209e+06
-2.91052e+07
-3.85919e+07
-1.32828e+07
-1.70588e+07
-3.17658e+07
-9.74924e+07
-9.50304e+07
-1.10169e+08
-8.3329e+07
-1.11687e+08
-7.79027e+07
-1.0318e+08
-8.83431e+07
-5.08328e+07
-1.18239e+08
-1.02076e+08
-1.19929e+08
-9.67068e+07
-3.2353e+07
-7.95779e+07
-6.66988e+07
-5.43058e+07
-9.15523e+07
-1.61548e+07
-4.05228e+07
-6.6992e+07
-3.36686e+07
-4.33125e+07
-5.61858e+07
-1.33145e+08
-1.41922e+08
-1.21371e+08
-1.36678e+08
-6.66331e+07
-4.56035e+07
-5.53895e+07
-3.27282e+07
-5.53218e+06
-2.6698e+06
-1.00533e+07
1.055e+06
1.012e+07
-1.66978e+06
5.76448e+06
3.92835e+06
745505
2.83857e+06
-2.49375e+07
-6.79044e+06
-1.2173e+07
-1.68377e+07
-8.732e+06
6.58252e+06
-3.44623e+07
-2.62753e+07
-4.51149e+07
-1.87542e+07
-2.65779e+07
-2.74046e+07
-3.33937e+07
-1.36083e+07
-2.47958e+07
-2.18747e+07
-3.53611e+07
-2.72804e+07
-3.19205e+07
-3.99854e+07
-2.82873e+07
-2.51662e+07
-2.22581e+07
-1.53383e+07
-2.70072e+07
-3.30226e+07
-2.31583e+07
-1.79154e+07
-3.04924e+07
-2.97446e+07
-2.45531e+07
-2.38701e+07
-2.04142e+07
-3.24575e+07
-2.27634e+07
-1.33253e+07
-9.65152e+06
-2.48237e+07
-1.19251e+07
-1.47781e+07
-2.62415e+07
-4.31879e+07
-4.2186e+07
-2.70852e+07
-3.62174e+07
-3.72052e+07
-4.07292e+07
-4.93573e+07
-5.36675e+07
-5.47515e+07
-4.7137e+07
-5.13315e+07
-5.22402e+07
-5.41431e+07
-4.4243e+07
-3.82187e+07
-4.50409e+07
-3.07728e+07
-3.90764e+07
-4.33815e+07
-4.83176e+07
-4.81323e+07
-5.14655e+07
-4.22471e+07
-4.45234e+07
-5.12876e+07
-5.25699e+07
-1.37757e+07
-1.83171e+07
-1.39715e+07
-4.13354e+06
1.93796e+06
7.74761e+06
2.49617e+06
2.79509e+06
8.84856e+06
1.37342e+06
4.3145e+06
1.09491e+07
3.50351e+06
4.48433e+06
3.62272e+06
9.90136e+06
1.31362e+07
-2.12469e+07
-1.71163e+07
-8.95047e+06
-1.65462e+07
-1.45777e+07
-1.21685e+07
-242293
-1.28624e+07
5.46276e+06
8.90035e+06
8.59959e+06
6.20971e+06
1.69226e+07
1.64416e+07
-1.56712e+07
-1.84902e+07
-2.56827e+06
-1.55713e+07
6.70879e+06
8.8268e+06
8.53967e+06
6.60409e+06
1.64722e+07
-3.33738e+07
-3.39228e+07
-2.9547e+07
-3.48464e+07
-2.04087e+07
-3.0414e+07
-3.92537e+07
-3.74456e+07
-3.00893e+07
-3.42679e+07
-3.03533e+07
-3.92873e+07
-2.84657e+07
-2.61519e+07
-3.84518e+07
-4.16409e+07
-2.80765e+07
-3.1506e+07
-3.00884e+07
-1.79702e+07
-2.86174e+07
-3.58899e+07
-3.67252e+07
-4.6449e+07
-4.82823e+07
-4.27578e+07
-4.09564e+07
-4.65588e+07
-4.84973e+07
-4.9673e+07
-4.33793e+07
-4.86289e+07
-3.73511e+07
-4.36699e+07
-4.99411e+07
-4.98888e+07
-4.91909e+07
-5.2588e+07
-5.41204e+07
-5.52164e+07
-4.88738e+07
-5.18608e+07
-5.44241e+07
-5.5452e+07
-4.25496e+07
-4.82399e+07
-4.79781e+07
-3.54541e+07
-4.29731e+07
-4.98418e+07
-5.27449e+07
-5.41074e+07
-5.51244e+07
-5.26325e+07
-5.45304e+07
-5.51488e+07
-2.34187e+07
-1.76686e+07
-2.7961e+07
-2.29185e+07
-3.43089e+06
1.92391e+06
-5.85232e+06
-4.44593e+06
-4.70468e+06
754154
-6.5727e+06
-6.99104e+06
-8.11163e+06
-5.56279e+06
-373393
-2.57703e+07
-1.99677e+07
-2.0559e+07
-1.37236e+07
-2.52665e+07
-3.0435e+07
-2.5641e+07
-2.07775e+07
-1.01628e+07
-1.38835e+07
-1.48247e+07
-1.31491e+07
-1.56425e+07
-9.24437e+06
-7.27912e+06
-1.15125e+07
-1.39827e+07
-1.31152e+07
-1.23124e+07
-5.07412e+06
-8.28891e+06
-3.14578e+07
-2.72447e+07
-2.69793e+07
-4.851e+07
-4.86577e+07
-3.90797e+07
-4.44189e+07
-4.44112e+07
-4.98757e+07
-5.16563e+07
-5.17019e+07
-5.26682e+07
-4.88743e+07
-5.0694e+07
-5.28354e+07
-5.2981e+07
-4.83572e+07
-4.43991e+07
-4.8153e+07
-3.9555e+07
-4.43234e+07
-4.96795e+07
-5.18969e+07
-5.39783e+07
-5.43063e+07
-4.98225e+07
-5.25421e+07
-5.31025e+07
-5.41008e+07
-4.40023e+07
-4.46411e+07
-4.15383e+07
-4.43366e+07
-3.86857e+07
-4.17995e+07
-4.56838e+07
-4.53409e+07
-4.39444e+07
-4.56867e+07
-4.50927e+07
-4.58137e+07
-4.3597e+07
-4.45367e+07
-4.63099e+07
-4.62005e+07
-4.10279e+07
-4.36762e+07
-4.3347e+07
-3.82045e+07
-4.12911e+07
-4.4983e+07
-4.60685e+07
-4.79831e+07
-4.78936e+07
-4.72648e+07
-4.67038e+07
-4.74919e+07
-2.95064e+07
-2.6739e+07
-3.28362e+07
-2.95666e+07
-1.98511e+07
-2.18615e+07
-2.30458e+07
-2.15603e+07
-2.33262e+07
-1.94736e+07
-2.21708e+07
-2.3824e+07
-2.35783e+07
-2.24395e+07
-2.08858e+07
-2.27589e+07
-2.24377e+07
-2.1223e+07
-2.04955e+07
-2.17397e+07
-2.21063e+07
-2.01172e+07
-1.90682e+07
-3.2812e+07
-2.98457e+07
-2.98169e+07
-2.73948e+07
-3.27042e+07
-2.90983e+07
-2.60378e+07
-2.89883e+07
-1.72246e+07
-1.41765e+07
-1.95202e+07
-1.89688e+07
-1.77561e+07
-1.26928e+07
-1.48408e+07
-3.23899e+07
-2.81822e+07
-2.83561e+07
-1.60662e+07
-1.87716e+07
-2.00178e+07
-2.05004e+07
-1.82942e+07
-1.71924e+07
-1.92667e+07
-2.13609e+07
-1.96917e+07
-2.09381e+07
-1.54729e+07
-4.62845e+07
-4.70619e+07
-4.32342e+07
-4.59632e+07
-3.9365e+07
-4.30055e+07
-4.60465e+07
-4.63822e+07
-4.92266e+07
-5.1346e+07
-5.13712e+07
-5.03603e+07
-5.008e+07
-5.09952e+07
-4.36353e+07
-4.65881e+07
-4.68951e+07
-3.9589e+07
-4.34303e+07
-4.67339e+07
-4.88529e+07
-4.83887e+07
-4.92444e+07
-4.76553e+07
-4.96896e+07
-4.96435e+07
-4.11666e+07
-4.16337e+07
-4.08728e+07
-3.67885e+07
-3.90173e+07
-3.92641e+07
-4.30885e+07
-4.47151e+07
-4.45975e+07
-4.417e+07
-4.35777e+07
-4.42321e+07
-4.14633e+07
-3.95035e+07
-4.17696e+07
-3.73184e+07
-3.9757e+07
-4.13286e+07
-4.27475e+07
-4.21806e+07
-4.27733e+07
-4.10223e+07
-4.17467e+07
-4.32277e+07
-4.31117e+07
-3.00432e+07
-3.2434e+07
-3.00513e+07
-2.81463e+07
-2.14898e+07
-2.31927e+07
-2.46315e+07
-2.34296e+07
-2.44447e+07
-2.0889e+07
-2.17049e+07
-2.29439e+07
-2.40417e+07
-2.27065e+07
-2.42543e+07
-2.20573e+07
-2.39069e+07
-2.47965e+07
-2.496e+07
-2.36782e+07
-2.24185e+07
-2.18766e+07
-2.41958e+07
-2.52506e+07
-2.51063e+07
-2.43684e+07
-3.25953e+07
-2.99833e+07
-2.99881e+07
-3.0053e+07
-3.20944e+07
-3.00334e+07
-2.365e+07
-2.51786e+07
-2.58113e+07
-2.50716e+07
-2.59055e+07
-2.40237e+07
-2.34353e+07
-2.5276e+07
-2.60715e+07
-2.59885e+07
-2.53477e+07
-2.48846e+07
-2.57171e+07
-2.56084e+07
-2.49786e+07
-2.32158e+07
-2.47478e+07
-2.53758e+07
-2.45673e+07
-2.54992e+07
-3.18917e+07
-2.99812e+07
-2.84643e+07
-3.00068e+07
-3.92308e+07
-3.95991e+07
-3.76366e+07
-3.94927e+07
-3.59143e+07
-3.786e+07
-4.04333e+07
-4.01512e+07
-3.90693e+07
-4.02237e+07
-3.97315e+07
-4.02158e+07
-3.88108e+07
-3.93855e+07
-4.06029e+07
-4.05002e+07
-3.72107e+07
-3.89777e+07
-3.87296e+07
-3.54188e+07
-3.74252e+07
-3.98691e+07
-4.05122e+07
-4.18558e+07
-4.1745e+07
-4.14303e+07
-4.08985e+07
-4.14338e+07
-3.57619e+07
-3.59283e+07
-3.59492e+07
-3.34863e+07
-3.47918e+07
-3.46238e+07
-3.6314e+07
-3.5911e+07
-3.62602e+07
-3.5683e+07
-3.65622e+07
-3.6475e+07
-3.558e+07
-3.4463e+07
-3.54051e+07
-3.30819e+07
-3.42997e+07
-3.61245e+07
-3.65258e+07
-3.74583e+07
-3.73727e+07
-3.63283e+07
-3.71832e+07
-3.67786e+07
-3.71488e+07
-2.9739e+07
-3.09835e+07
-2.97086e+07
-2.8506e+07
-2.55608e+07
-2.64019e+07
-2.68372e+07
-2.63343e+07
-2.69114e+07
-2.5682e+07
-2.54825e+07
-2.64928e+07
-2.70935e+07
-2.70011e+07
-2.6557e+07
-2.5322e+07
-2.62078e+07
-2.67718e+07
-2.67073e+07
-2.62675e+07
-2.51365e+07
-2.61384e+07
-2.65928e+07
-2.6646e+07
-2.60718e+07
-2.54093e+07
-3.07937e+07
-2.96163e+07
-2.96425e+07
-3.13269e+07
-2.9809e+07
-2.85226e+07
-2.98395e+07
-2.85271e+07
-2.56226e+07
-2.63394e+07
-2.62761e+07
-2.57024e+07
-2.55304e+07
-2.61423e+07
-2.54348e+07
-2.62137e+07
-2.45845e+07
-3.15315e+07
-2.99313e+07
-2.85093e+07
-2.99019e+07
-2.48093e+07
-2.58652e+07
-2.63933e+07
-2.64483e+07
-2.57867e+07
-2.59421e+07
-2.65469e+07
-2.60044e+07
-2.64968e+07
-2.46962e+07
-3.71357e+07
-3.7387e+07
-3.58385e+07
-3.69292e+07
-3.41894e+07
-3.56551e+07
-3.67411e+07
-3.69507e+07
-3.7841e+07
-3.83544e+07
-3.94602e+07
-3.93649e+07
-3.91205e+07
-3.86653e+07
-3.91044e+07
-3.62117e+07
-3.7348e+07
-3.75676e+07
-3.46309e+07
-3.60204e+07
-3.71688e+07
-3.81125e+07
-3.76884e+07
-3.80893e+07
-3.74081e+07
-3.84177e+07
-3.83289e+07
-3.42108e+07
-3.41994e+07
-3.40464e+07
-3.40089e+07
-3.19616e+07
-3.29936e+07
-3.31692e+07
-3.35403e+07
-3.48356e+07
-3.56984e+07
-3.56002e+07
-3.47765e+07
-3.54749e+07
-3.50399e+07
-3.53827e+07
-3.43835e+07
-3.33302e+07
-3.45454e+07
-3.24001e+07
-3.34975e+07
-3.46167e+07
-3.40741e+07
-3.44448e+07
-3.37759e+07
-3.38937e+07
-3.48166e+07
-3.46883e+07
-2.94592e+07
-2.84111e+07
-3.03764e+07
-2.95182e+07
-2.84285e+07
-2.6815e+07
-2.74595e+07
-2.59724e+07
-2.68702e+07
-2.73621e+07
-2.67303e+07
-2.71818e+07
-2.66487e+07
-2.72687e+07
-2.61174e+07
-2.70331e+07
-2.75354e+07
-2.76173e+07
-2.6954e+07
-2.61102e+07
-2.60444e+07
-2.7168e+07
-2.77742e+07
-2.77062e+07
-2.71902e+07
-3.05117e+07
-2.95716e+07
-2.84519e+07
-2.95494e+07
-2.94089e+07
-2.8304e+07
-2.87873e+07
-2.88277e+07
-3.18033e+07
-3.23959e+07
-3.26669e+07
-3.11177e+07
-3.06486e+07
-3.00301e+07
-2.98606e+07
-3.07171e+07
-2.91634e+07
-2.81995e+07
-2.96483e+07
-2.89887e+07
-2.80842e+07
-2.73654e+07
-2.61502e+07
-2.6996e+07
-2.57598e+07
-2.53631e+07
-2.706e+07
-2.60005e+07
-2.73166e+07
-2.75388e+07
-2.76065e+07
-2.72179e+07
-2.59828e+07
-2.73363e+07
-2.77595e+07
-2.72765e+07
-2.77073e+07
-3.217e+07
-3.21694e+07
-3.15363e+07
-3.25724e+07
-3.25996e+07
-3.10469e+07
-3.18736e+07
-3.32542e+07
-3.27804e+07
-3.24273e+07
-3.34739e+07
-3.24237e+07
-3.43278e+07
-3.17361e+07
-3.07304e+07
-3.05726e+07
-3.23661e+07
-3.37945e+07
-3.35754e+07
-3.29598e+07
-3.36183e+07
-3.24497e+07
-3.32022e+07
)
;
    }
    procBoundary4to0
    {
        type            processor;
        value           nonuniform List<scalar> 
58
(
-6.53877e+07
-2.57903e+07
-5.37642e+07
-6.44935e+07
-3.73147e+07
-1.25076e+08
-2.78167e+08
-1.76186e+08
-1.03618e+08
-1.50386e+08
-2.78167e+08
-8.06829e+06
-8.06829e+06
-8.06829e+06
-8.06829e+06
-1.03618e+08
-6.16202e+07
-6.16202e+07
-6.16202e+07
-6.16202e+07
-6.16202e+07
-1.76186e+08
-1.76186e+08
-1.76186e+08
-1.76186e+08
-1.76186e+08
-2.23688e+08
-1.50386e+08
-1.50386e+08
-1.50386e+08
-1.50386e+08
-2.70112e+07
-2.06777e+07
-9.70162e+07
-6.53965e+07
-1.05785e+08
-1.42257e+08
-3.14123e+07
-2.14412e+08
-1.58921e+08
-2.08713e+08
-2.73326e+08
-2.75152e+08
-2.75152e+08
-2.23692e+08
-2.73326e+08
-2.98391e+08
-1.89739e+07
-7.14567e+06
1.05168e+07
-6.44935e+07
-4.55205e+07
-4.55205e+07
-4.55205e+07
-5.37642e+07
-1.47287e+07
-2.01135e+07
-2.07323e+07
)
;
    }
    procBoundary4to1
    {
        type            processor;
        value           nonuniform List<scalar> 
78
(
-6.89816e+07
-6.29892e+07
-9.64475e+07
-1.00571e+08
-9.56597e+07
-5.83067e+07
-5.68802e+07
-3.2453e+07
-3.79854e+07
-5.56815e+07
-9.64475e+07
-1.00571e+08
-7.08872e+07
-8.50936e+07
-4.22133e+07
-7.08872e+07
-3.16403e+07
-6.02529e+06
-3.80699e+07
2.7609e+06
-3.04767e+07
-4.76112e+07
-4.67267e+07
-5.01743e+07
-4.52475e+07
-4.5655e+06
-9.84144e+06
-5.53562e+07
-4.22133e+07
-4.22133e+07
2.05597e+06
5.65933e+06
-2.58747e+07
-1.6331e+07
-2.19167e+07
-3.18698e+07
-3.77353e+07
-9.02438e+06
-1.82441e+07
-1.00321e+07
-3.35736e+07
-4.13259e+07
-2.58949e+07
-1.81476e+07
1.09793e+07
-4.67267e+07
-4.76112e+07
-3.77353e+07
-3.18698e+07
3.89587e+06
-1.00321e+07
-1.82441e+07
-4.52475e+07
-5.01743e+07
-4.13259e+07
-3.35736e+07
-9.84144e+06
-4.5655e+06
-1.81476e+07
-2.58949e+07
5.65933e+06
2.05597e+06
1.09793e+07
-5.3861e+07
-4.46138e+07
-9.64475e+07
-9.64475e+07
-4.62089e+07
-5.67196e+07
-3.29998e+07
-4.12286e+07
-9.56597e+07
-1.00571e+08
-9.56597e+07
-8.50936e+07
-8.50936e+07
-7.08872e+07
-5.53562e+07
)
;
    }
    procBoundary4to5
    {
        type            processor;
        value           nonuniform List<scalar> 
526
(
-1.79503e+07
-2.57666e+07
-2.65895e+07
-1.52615e+07
-1.73277e+07
-1.63357e+07
-1.99236e+07
-2.07498e+07
-2.56631e+07
-2.92042e+07
-2.94573e+07
-2.95063e+07
-2.92482e+07
-2.64145e+07
-2.87027e+07
-2.88835e+07
-2.88094e+07
-2.85593e+07
-2.26341e+07
-2.354e+07
-2.58383e+07
-2.16563e+07
-2.98861e+07
-1.41846e+07
-1.56431e+07
-1.23867e+07
-2.71177e+07
-2.7035e+07
-2.44763e+07
-2.81642e+07
-2.80963e+07
-2.89938e+07
-2.92277e+07
-2.58799e+07
-2.91091e+07
-2.88746e+07
-2.03166e+07
-2.58049e+07
-2.63048e+07
-1.27951e+07
-1.29153e+07
-1.37264e+07
-7.10299e+06
-7.10299e+06
22170.3
22170.3
-9.51628e+06
-9.51628e+06
-2.35461e+07
-2.29936e+07
-1.55916e+07
-1.55916e+07
-2.54553e+07
-2.927e+07
-2.90453e+07
-2.55457e+07
-2.55457e+07
-2.44799e+07
-2.44799e+07
-2.58117e+07
-2.58117e+07
-2.92083e+07
-2.94692e+07
-2.64439e+07
-2.61573e+07
-2.89194e+07
-2.87219e+07
-2.71055e+07
-2.69832e+07
-2.71674e+07
-2.98669e+07
-2.85008e+07
-2.78926e+07
-2.83992e+07
-2.70107e+07
1.71775e+07
8.24709e+06
1.15535e+06
-2.21793e+07
-7.29448e+06
-1.24713e+06
-1.75802e+07
-2.58202e+07
-4.21011e+07
-7.43702e+06
-7.43702e+06
2.05169e+07
1.98021e+07
-1.1744e+07
-1.11417e+07
-1.1469e+07
-1.79549e+06
-1.79549e+06
1.66527e+06
1.66527e+06
1.02591e+07
9.06634e+06
9.69694e+06
1.56598e+07
1.62535e+07
1.57307e+07
1.85026e+07
2.08546e+07
2.10807e+07
1.70852e+07
1.78048e+07
1.82119e+07
7.57159e+06
6.90611e+06
-42045
867342
-2.53511e+07
-2.56424e+07
-2.09665e+07
-2.09665e+07
-1.72425e+07
-1.72425e+07
-8.5547e+06
-7.87529e+06
-1.50731e+06
-2.35407e+06
-2.50846e+07
-2.8704e+07
-2.88699e+07
-2.19197e+07
-2.19197e+07
-2.39654e+07
-2.39654e+07
-1.68368e+07
-1.8277e+07
-1.79951e+07
-1.41519e+07
-1.51612e+07
-1.55412e+07
-8.97913e+06
-9.66261e+06
-1.02485e+07
-1.30344e+07
-1.44237e+07
-1.3986e+07
-1.87641e+07
-1.9015e+07
-2.19744e+07
-2.19744e+07
-2.19744e+07
-2.19744e+07
-2.19744e+07
-2.19744e+07
-2.19744e+07
-2.93631e+07
-2.90961e+07
-2.68066e+07
-2.66289e+07
-2.3507e+07
-2.3507e+07
-2.3507e+07
-2.3507e+07
-2.3507e+07
-2.3507e+07
-2.23428e+07
-2.23428e+07
-2.23428e+07
-2.23428e+07
-2.23428e+07
-2.23428e+07
-2.59771e+07
-2.87792e+07
-2.89929e+07
-2.68541e+07
-2.69399e+07
-2.49486e+07
-2.49486e+07
-2.49486e+07
-2.49486e+07
-2.49486e+07
-2.49486e+07
-2.46649e+07
-2.46649e+07
-2.46649e+07
-2.46649e+07
-2.46649e+07
-2.46649e+07
-2.38757e+07
-2.38757e+07
-2.38757e+07
-2.38757e+07
-2.38757e+07
-2.38757e+07
-2.44811e+07
-2.44811e+07
-2.44811e+07
-2.44811e+07
-2.44811e+07
-2.44811e+07
-2.49947e+07
-2.49947e+07
-2.49947e+07
-2.49947e+07
-2.49947e+07
-2.49947e+07
-2.49668e+07
-2.49668e+07
-2.49668e+07
-2.49668e+07
-2.49668e+07
-2.49668e+07
-2.98669e+07
-2.69499e+07
-2.49044e+07
-2.49044e+07
-2.49044e+07
-2.49044e+07
-2.49044e+07
-2.49044e+07
-2.51436e+07
-2.77755e+07
1.43566e+07
9.63591e+06
6.0434e+06
3.61206e+06
-5.48045e+06
-3.43107e+06
-1.8227e+07
-1.88558e+07
1.66074e+07
1.80263e+07
-1.58065e+07
1.3431e+07
-2.76536e+07
1.21747e+07
-4.64506e+06
1.19378e+07
1.13474e+07
1.39683e+07
-2.20625e+06
1.35298e+07
1.40678e+07
1.87116e+07
1.09309e+06
2.0824e+07
2.08104e+07
1.81931e+07
2.28121e+06
1.98628e+07
1.95584e+07
-1.17265e+07
4.61367e+06
5.37455e+06
-1.37888e+07
3.18689e+06
2.37314e+06
-1.99125e+07
-5.93653e+06
-6.65994e+06
-1.86421e+07
-4.61117e+06
-3.78056e+06
-1.60404e+07
-1.71516e+07
-1.74592e+07
-2.52583e+07
-1.51288e+07
-1.65514e+07
-1.61999e+07
-2.48851e+07
-1.04578e+07
-2.26959e+07
-1.17927e+07
-1.1246e+07
-1.18319e+07
-1.27004e+07
-1.31741e+07
-2.34004e+07
-1.96231e+07
-1.9448e+07
-2.60042e+07
-1.99429e+07
-2.00837e+07
-2.62134e+07
-2.31428e+07
-2.31428e+07
-2.31428e+07
-2.31428e+07
-2.31428e+07
-2.31428e+07
-2.27146e+07
-2.27146e+07
-2.27146e+07
-2.27146e+07
-2.27146e+07
-2.27146e+07
-2.49287e+07
-2.49287e+07
-2.49287e+07
-2.49287e+07
-2.49287e+07
-2.49287e+07
-2.48008e+07
-2.48008e+07
-2.48008e+07
-2.48008e+07
-2.48008e+07
-2.48008e+07
-2.40809e+07
-2.40809e+07
-2.40809e+07
-2.40809e+07
-2.40809e+07
-2.40809e+07
-2.43e+07
-2.43e+07
-2.43e+07
-2.43e+07
-2.43e+07
-2.43e+07
-2.50576e+07
-2.50576e+07
-2.50576e+07
-2.50576e+07
-2.50576e+07
-2.50576e+07
-2.51583e+07
-2.51583e+07
-2.51583e+07
-2.51583e+07
-2.51583e+07
-2.51583e+07
-2.68103e+07
-2.86477e+07
-2.63819e+07
-2.54361e+07
-2.54361e+07
-2.54361e+07
-2.54361e+07
-2.54361e+07
-2.54361e+07
-2.54361e+07
-2.54361e+07
-1.63357e+07
-1.73277e+07
-4.64506e+06
-1.37264e+07
-1.29153e+07
-2.20625e+06
-2.07498e+07
-1.99236e+07
-1.17265e+07
-2.29936e+07
-1.37888e+07
-2.35461e+07
-1.23867e+07
-1.56431e+07
1.09309e+06
-1.1469e+07
-1.11417e+07
2.28121e+06
-2.7035e+07
-2.71177e+07
-1.99125e+07
-2.56424e+07
-2.53511e+07
-1.86421e+07
-2.80963e+07
-2.81642e+07
-2.26959e+07
-2.85318e+07
-2.83232e+07
-2.83232e+07
-2.83232e+07
-2.85008e+07
-2.85318e+07
-2.85318e+07
-2.72755e+07
-2.74772e+07
-2.71417e+07
-2.71417e+07
-2.71417e+07
-2.72755e+07
-2.72755e+07
-2.68062e+07
-2.82027e+07
1.98021e+07
2.05169e+07
1.80263e+07
1.66074e+07
1.3431e+07
9.69694e+06
9.06634e+06
1.13474e+07
1.19378e+07
1.57307e+07
1.62535e+07
1.40678e+07
1.35298e+07
2.10807e+07
2.08546e+07
2.08104e+07
2.0824e+07
1.82119e+07
1.78048e+07
1.95584e+07
1.98628e+07
6.90611e+06
7.57159e+06
5.37455e+06
4.61367e+06
867342
-42045
2.37314e+06
3.18689e+06
-7.87529e+06
-8.5547e+06
-6.65994e+06
-5.93653e+06
-2.35407e+06
-1.50731e+06
-3.78056e+06
-4.61117e+06
-1.79951e+07
-1.8277e+07
-1.74592e+07
-1.71516e+07
-1.55412e+07
-1.51612e+07
-1.61999e+07
-1.65514e+07
-1.02485e+07
-9.66261e+06
-1.1246e+07
-1.17927e+07
-1.3986e+07
-1.44237e+07
-1.31741e+07
-1.27004e+07
-1.9015e+07
-1.87641e+07
-1.9448e+07
-1.96231e+07
-2.02559e+07
-2.03581e+07
-2.00837e+07
-1.99429e+07
-2.21837e+07
-2.23482e+07
-2.18859e+07
-2.16679e+07
-2.08261e+07
-2.06747e+07
-2.11701e+07
-2.13304e+07
-2.44402e+07
-2.4497e+07
-2.43277e+07
-2.42733e+07
-2.39033e+07
-2.38323e+07
-2.40602e+07
-2.41287e+07
-2.27536e+07
-2.26429e+07
-2.29724e+07
-2.30745e+07
-2.35625e+07
-2.36551e+07
-2.33638e+07
-2.32743e+07
-2.46544e+07
-2.45863e+07
-2.47995e+07
-2.4878e+07
-2.51289e+07
-2.51323e+07
-2.51296e+07
-2.50208e+07
-2.78692e+07
-2.79798e+07
-2.52756e+07
-2.56172e+07
-2.53355e+07
-2.51073e+07
-2.53738e+07
-2.52937e+07
-2.94573e+07
-2.92042e+07
-2.52583e+07
-2.90453e+07
-2.927e+07
-2.48851e+07
-2.92482e+07
-2.95063e+07
-2.60042e+07
-2.94692e+07
-2.62134e+07
-2.92083e+07
-2.88835e+07
-2.87027e+07
-2.70666e+07
-2.87219e+07
-2.89194e+07
-2.70043e+07
-2.85593e+07
-2.88094e+07
-2.71752e+07
-2.83992e+07
-2.71387e+07
-2.78926e+07
-2.98861e+07
-2.16563e+07
-1.58065e+07
-4.21011e+07
-2.76536e+07
-2.88699e+07
-2.8704e+07
-2.34004e+07
-2.92277e+07
-2.89938e+07
-2.67841e+07
-2.90961e+07
-2.93631e+07
-2.67144e+07
-2.88746e+07
-2.91091e+07
-2.68779e+07
-2.89929e+07
-2.87792e+07
-2.69223e+07
)
;
    }
}


// ************************************************************************* //
