/*--------------------------------*- C++ -*----------------------------------*\
| =========                 |                                                 |
| \\      /  F ield         | OpenFOAM: The Open Source CFD Toolbox           |
|  \\    /   O peration     | Version:  2012                                  |
|   \\  /    A nd           | Website:  www.openfoam.com                      |
|    \\/     M anipulation  |                                                 |
\*---------------------------------------------------------------------------*/
FoamFile
{
    version     2.0;
    format      ascii;
    class       volScalarField;
    location    "0.108/solid";
    object      sigmaDiff;
}
// * * * * * * * * * * * * * * * * * * * * * * * * * * * * * * * * * * * * * //

dimensions      [1 -1 -2 0 0 0 0];


internalField   nonuniform List<scalar> 
3125
(
-1.67927e+08
-1.71795e+08
-6.96372e+07
-6.42101e+07
-3.42126e+07
-3.13354e+07
-1.99211e+07
-1.93399e+07
-1.06439e+08
-9.1957e+07
-4.94544e+07
-4.50969e+07
-2.47204e+07
-2.30959e+07
-1.37092e+08
-1.99212e+08
-1.09802e+08
-6.4916e+07
-1.99321e+08
-4.40667e+07
-1.70796e+08
-1.17831e+08
-1.53483e+08
-1.04955e+08
-6.49736e+07
-1.34701e+08
-2.13764e+07
-7.55377e+07
-7.4453e+07
-2.05169e+07
-7.80558e+07
-2.07579e+07
-7.03461e+07
-5.90516e+07
-2.03222e+07
-6.5888e+07
-1.89802e+07
-3.74615e+07
-4.09024e+07
-1.78134e+07
-4.43604e+07
-1.6459e+07
-3.77972e+07
-2.88133e+07
-1.76549e+07
-3.5034e+07
-1.30573e+07
-2.06945e+07
-2.43104e+07
-1.04286e+07
-2.54367e+07
-5.03228e+06
-2.34685e+07
-1.90147e+07
-9.91832e+06
-2.26614e+07
-2.20381e+08
-5.02067e+07
-1.75055e+08
-1.00146e+08
-5.24552e+07
-4.79336e+07
-4.52458e+07
-1.27939e+08
-9.13899e+07
-2.8647e+07
-1.06886e+08
-3.13659e+07
-4.34921e+07
-9.67292e+07
-9.39078e+07
-2.19135e+07
-8.25037e+07
-8.47287e+07
-2.85999e+07
-8.11963e+07
-1.01006e+08
-1.04736e+08
-1.22974e+07
-1.75828e+07
-2.82255e+07
-2.00366e+07
-9.94724e+07
-1.04563e+08
-9.90012e+07
-9.10144e+07
-1.1431e+07
-1.03004e+07
-2.06271e+07
-5.41223e+07
-5.67068e+07
-2.02667e+07
-6.12817e+07
-1.02863e+07
-1.01961e+07
-7.93651e+07
-8.82599e+07
-1.9146e+07
-4.10914e+07
-5.23039e+07
-2.01095e+07
-4.81692e+07
-5.89592e+07
-6.59512e+07
-1.08885e+07
-1.0814e+07
-1.04317e+07
-1.07197e+07
-7.66144e+07
-6.83775e+07
-5.69557e+07
-5.12624e+07
-1.09091e+07
-1.63035e+07
-2.66214e+07
-3.04133e+07
-1.50632e+07
-3.25829e+07
-4.50791e+07
-4.96521e+07
-1.33162e+07
-2.17522e+07
-2.8506e+07
-1.489e+07
-2.68451e+07
-3.58784e+07
-3.89761e+07
-4.37906e+07
-4.00302e+07
-3.51587e+07
-3.2992e+07
-4.28995e+06
-2.88275e+07
-3.2195e+07
-1.26453e+07
-2.58612e+07
-1.17701e+08
-5.40609e+07
-1.22868e+08
-6.39772e+07
-1.243e+08
-5.1793e+07
-1.23918e+08
-8.92805e+07
-1.36733e+08
-1.25367e+08
-7.42479e+07
-1.24819e+08
-8.08888e+07
-5.52883e+07
-8.58523e+07
-9.16876e+07
-8.79411e+07
-1.13146e+08
-1.34045e+08
-5.59133e+07
-1.15039e+08
-9.54692e+07
-1.37049e+08
-1.06914e+08
-9.46354e+07
-5.09169e+07
-3.16534e+07
-2.06988e+07
-4.38946e+07
-5.25042e+07
-4.273e+07
-2.99139e+07
-4.88106e+07
-2.03119e+07
-4.07489e+07
-2.73989e+07
-4.75187e+07
-4.1833e+07
-2.86625e+07
-4.21769e+07
-2.39945e+07
-2.05415e+07
-3.64892e+07
-3.75536e+07
-2.48123e+07
-4.09778e+07
-4.42331e+07
-2.06375e+07
-3.97773e+07
-2.65153e+07
-4.54539e+07
-3.86802e+07
-2.55104e+07
-2.68134e+07
-1.91817e+07
-1.84785e+07
-2.67854e+07
-2.76464e+07
-2.60874e+07
-1.87076e+07
-2.54625e+07
-1.83276e+07
-2.45067e+07
-1.78897e+07
-2.47541e+07
-2.51227e+07
-1.83224e+07
-2.20021e+07
-1.63981e+07
-1.69848e+07
-2.18403e+07
-2.23458e+07
-1.67731e+07
-2.14795e+07
-2.29884e+07
-1.71327e+07
-2.36506e+07
-1.75229e+07
-2.35856e+07
-2.31002e+07
-1.7119e+07
-1.60054e+07
-1.26886e+07
-1.20957e+07
-1.69346e+07
-1.64618e+07
-1.63982e+07
-1.20597e+07
-1.54197e+07
-1.17441e+07
-1.511e+07
-1.05678e+07
-1.49208e+07
-1.57317e+07
-1.13733e+07
-1.28731e+07
-6.25543e+06
-7.34328e+06
-1.13269e+07
-1.23977e+07
-7.47052e+06
-1.17252e+07
-1.36807e+07
-8.06959e+06
-1.4307e+07
-9.65923e+06
-1.42937e+07
-1.35806e+07
-8.64481e+06
-1.29478e+08
-1.00693e+08
-2.7211e+08
-9.2445e+07
-1.24146e+08
-1.29222e+08
-3.16389e+08
-9.45068e+07
-3.34937e+07
-4.85577e+07
-5.86521e+07
-4.53132e+07
-4.9451e+07
-4.08775e+07
-5.00449e+07
-3.43818e+07
-7.70483e+07
-8.80721e+07
-8.22572e+07
-1.37391e+08
-8.7625e+07
-1.13591e+08
-9.90205e+07
-7.08795e+07
-1.13668e+08
-6.83078e+07
-5.08262e+07
-5.60175e+07
-5.33064e+07
-6.03573e+07
-6.05343e+07
-5.03937e+07
-5.15734e+07
-5.47978e+07
-5.37696e+07
-5.86555e+07
-8.90969e+07
-7.19302e+07
-3.5014e+07
-7.21866e+07
-1.0111e+08
-6.36282e+07
-6.72852e+07
-7.88419e+07
-3.47857e+07
-4.86127e+07
-5.45868e+07
-5.49078e+07
-5.76575e+07
-7.06175e+07
-4.67348e+07
-3.97158e+07
-3.49522e+07
-2.90952e+07
-3.42197e+07
-4.45799e+07
-3.90896e+07
-3.89829e+07
-2.99908e+07
-3.58603e+07
-6.95364e+07
-6.08064e+07
-5.20407e+07
-9.38446e+07
-5.3994e+07
-5.21015e+07
-5.67916e+07
-5.90117e+07
-9.28164e+07
-5.91638e+07
-5.71719e+07
-2.36895e+07
-3.34629e+07
-4.49008e+07
-5.47938e+07
-3.60035e+07
-4.61988e+07
-6.04773e+07
-2.44709e+07
-4.34065e+07
-5.01568e+07
-6.48604e+07
-3.9316e+07
-4.82305e+07
-4.56417e+07
-4.35381e+07
-4.05076e+07
-1.02869e+08
-4.27787e+07
-4.15595e+07
-4.35778e+07
-4.52027e+07
-1.04028e+08
-4.26414e+07
-1.76005e+07
-1.65401e+07
-1.36116e+07
-1.51234e+07
-1.54833e+07
-1.73173e+07
-1.54754e+07
-1.63153e+07
-1.52699e+07
-1.53828e+07
-1.90406e+07
-2.13421e+07
-2.61947e+07
-2.53749e+07
-2.27673e+07
-2.73684e+07
-2.33896e+07
-1.85083e+07
-2.26099e+07
-2.06724e+07
-4.5508e+07
-4.7668e+07
-5.0398e+07
-1.02023e+08
-4.76633e+07
-5.084e+07
-4.79089e+07
-4.48976e+07
-1.03675e+08
-4.77173e+07
-3.72156e+07
-3.91237e+07
-4.02614e+07
-9.64473e+07
-3.82803e+07
-4.14409e+07
-3.94411e+07
-3.59452e+07
-9.39349e+07
-3.76979e+07
-1.51083e+07
-1.44714e+07
-1.08956e+07
-1.44967e+07
-1.46021e+07
-1.45036e+07
-1.05451e+07
-1.40819e+07
-1.44583e+07
-1.49571e+07
-3.77697e+07
-2.34063e+07
-2.05922e+07
-3.52492e+07
-3.89539e+07
-2.27003e+07
-3.42184e+07
-3.5831e+07
-2.04809e+07
-2.15796e+07
-3.19836e+07
-2.21948e+07
-3.29407e+07
-3.46995e+07
-1.48223e+07
-1.52922e+07
-1.02182e+07
-1.46255e+07
-1.42615e+07
-1.41052e+07
-1.0146e+07
-1.45757e+07
-1.53548e+07
-1.50892e+07
-3.67538e+07
-3.49431e+07
-3.12165e+07
-8.23917e+07
-3.25842e+07
-3.27137e+07
-3.43857e+07
-3.51129e+07
-8.52053e+07
-3.357e+07
-3.01257e+07
-1.95948e+07
-1.95973e+07
-2.78713e+07
-2.91758e+07
-2.01084e+07
-2.86555e+07
-3.18114e+07
-1.97387e+07
-2.1107e+07
-3.07196e+07
-3.28682e+07
-2.05424e+07
-2.98405e+07
-2.80406e+07
-2.68346e+07
-2.33728e+07
-6.12337e+07
-2.41229e+07
-2.52331e+07
-2.62941e+07
-2.59161e+07
-6.34473e+07
-2.50246e+07
-1.49162e+07
-1.47791e+07
-1.08936e+07
-1.38906e+07
-1.39774e+07
-1.41941e+07
-1.08411e+07
-1.41744e+07
-1.44465e+07
-1.46404e+07
-1.50636e+07
-1.51078e+07
-1.43587e+07
-1.05213e+07
-1.45647e+07
-1.5183e+07
-1.52644e+07
-1.44101e+07
-1.06558e+07
-1.43281e+07
-2.86221e+07
-2.99829e+07
-3.01751e+07
-7.37081e+07
-2.89761e+07
-3.21119e+07
-3.05877e+07
-2.68952e+07
-7.10983e+07
-2.79396e+07
-2.2516e+07
-2.3354e+07
-2.25594e+07
-5.49039e+07
-2.19374e+07
-2.47384e+07
-2.38006e+07
-2.069e+07
-5.31056e+07
-2.12068e+07
-1.36549e+07
-1.39503e+07
-1.08816e+07
-1.37078e+07
-1.35599e+07
-1.31591e+07
-1.09096e+07
-1.3398e+07
-1.43143e+07
-1.40748e+07
-2.01987e+07
-1.60531e+07
-1.57734e+07
-2.11614e+07
-2.06526e+07
-1.56795e+07
-2.07018e+07
-1.9502e+07
-1.56199e+07
-1.49493e+07
-1.96386e+07
-1.53338e+07
-2.00815e+07
-1.90792e+07
-1.35078e+07
-1.31859e+07
-1.22565e+07
-1.25673e+07
-1.29625e+07
-1.27294e+07
-1.26583e+07
-1.30446e+07
-2.21101e+07
-2.13495e+07
-1.86163e+07
-4.65656e+07
-1.89967e+07
-2.02655e+07
-2.09783e+07
-2.00322e+07
-4.80009e+07
-1.95971e+07
-1.74658e+07
-1.40645e+07
-1.32198e+07
-1.75415e+07
-1.70361e+07
-1.3721e+07
-1.80197e+07
-1.80467e+07
-1.42653e+07
-1.45735e+07
-1.90495e+07
-1.84631e+07
-1.41507e+07
-1.86021e+07
-1.78605e+07
-1.71025e+07
-1.52561e+07
-3.68985e+07
-1.56247e+07
-1.59199e+07
-1.67687e+07
-1.64036e+07
-3.78268e+07
-1.60566e+07
-1.0801e+07
-9.80396e+06
-7.6979e+06
-9.0401e+06
-1.04102e+07
-9.46758e+06
-7.97131e+06
-9.39736e+06
-1.10811e+07
-1.17783e+07
-1.20459e+07
-1.16061e+07
-1.24932e+07
-1.19844e+07
-1.07202e+07
-1.13615e+07
-1.81854e+07
-1.88949e+07
-1.80669e+07
-4.24387e+07
-1.77176e+07
-1.99194e+07
-1.92245e+07
-1.68707e+07
-4.12749e+07
-1.72107e+07
-1.21478e+07
-1.39269e+07
-1.48268e+07
-3.44008e+07
-1.43949e+07
-1.5544e+07
-1.44827e+07
-1.32921e+07
-3.40394e+07
-1.3648e+07
-2.98604e+06
-4.77303e+06
-7.1074e+06
-5.39771e+06
-3.07488e+06
-4.70667e+06
-7.38239e+06
-5.50726e+06
-9.41962e+06
-5.00919e+06
-2.17183e+06
-1.00133e+07
-1.09919e+07
-4.10553e+06
-8.25589e+06
-1.05623e+07
-3.43296e+06
-1.31953e+07
-3.20455e+07
-1.28668e+07
-2.77544e+07
-1.07113e+07
-1.46881e+06
-3.04984e+06
-8.97912e+06
-2.43332e+06
-1.5109e+06
-1.60014e+06
-2.54475e+06
-1.81885e+06
-1.48873e+06
-1.17197e+07
-8.02936e+06
-3.57505e+07
-1.16063e+07
-7.12971e+06
-1.38733e+07
-3.13871e+07
-1.15146e+07
-8.28393e+07
-5.14059e+07
-5.73633e+07
-4.41156e+07
-1.01735e+08
-6.07358e+07
-6.45929e+07
-5.33899e+07
-1.05591e+08
-6.30464e+07
-5.33991e+07
-7.76012e+07
-4.3997e+07
-4.88286e+07
-4.7692e+07
-4.6842e+07
-4.35487e+07
-7.33474e+07
-1.01172e+08
-6.22992e+07
-6.21089e+07
-5.55688e+07
-1.04689e+08
-6.2184e+07
-5.5149e+07
-3.32458e+07
-1.98843e+07
-2.12718e+07
-2.31625e+07
-3.39244e+07
-2.29189e+07
-1.927e+07
-5.28676e+07
-3.19972e+07
-5.06807e+07
-3.34886e+07
-5.50186e+07
-3.7212e+07
-5.76538e+07
-3.52425e+07
-3.07134e+07
-2.02798e+07
-2.18969e+07
-1.80421e+07
-3.01849e+07
-2.20114e+07
-1.85514e+07
-2.76643e+07
-1.84695e+07
-2.06198e+07
-2.20518e+07
-2.20447e+07
-1.87491e+07
-2.73572e+07
-4.67676e+07
-3.05956e+07
-4.87394e+07
-2.93396e+07
-4.48935e+07
-2.69894e+07
-2.81062e+07
-4.30489e+07
-2.96536e+07
-2.0666e+07
-2.21832e+07
-1.86434e+07
-2.97538e+07
-2.23222e+07
-1.8395e+07
-2.18093e+07
-1.75612e+07
-1.88065e+07
-1.99359e+07
-2.19851e+07
-1.98241e+07
-1.7397e+07
-2.04098e+07
-1.79848e+07
-1.87065e+07
-1.65226e+07
-2.02103e+07
-1.87913e+07
-1.66882e+07
-1.85189e+07
-1.53618e+07
-1.66366e+07
-1.72335e+07
-1.73277e+07
-1.55158e+07
-1.83379e+07
-1.97042e+07
-1.74558e+07
-1.84415e+07
-1.64184e+07
-1.99189e+07
-1.83104e+07
-1.62668e+07
-1.40768e+07
-1.21607e+07
-1.2736e+07
-1.36892e+07
-1.44285e+07
-1.34304e+07
-1.18656e+07
-1.23319e+07
-1.09056e+07
-1.12732e+07
-9.48775e+06
-1.19857e+07
-1.16443e+07
-9.99294e+06
-8.14075e+06
-4.20187e+06
-5.82648e+06
-6.15187e+06
-6.82356e+06
-4.94009e+06
-7.47118e+06
-1.09763e+07
-9.33405e+06
-1.0723e+07
-8.97499e+06
-1.15279e+07
-1.02294e+07
-8.39094e+06
-7.4517e+07
-5.93535e+07
-6.18633e+07
-4.03305e+07
-5.54323e+07
-5.04334e+07
-3.20012e+07
-3.71253e+07
-5.68756e+07
-4.98378e+07
-3.62866e+07
-4.17233e+07
-5.40651e+07
-5.2175e+07
-6.44108e+07
-3.80502e+07
-3.93708e+07
-3.99386e+07
-6.823e+07
-3.90367e+07
-4.07218e+07
-4.71097e+07
-3.04321e+07
-2.80169e+07
-3.07258e+07
-2.81942e+07
-3.10395e+07
-4.49117e+07
-3.71819e+07
-3.11465e+07
-2.11388e+07
-2.28587e+07
-3.27522e+07
-2.83183e+07
-2.43281e+07
-2.53011e+07
-3.5291e+07
-2.21835e+07
-1.99578e+07
-2.32688e+07
-3.43518e+07
-2.07615e+07
-2.38062e+07
-6.84683e+07
-5.19514e+07
-7.44006e+07
-4.67883e+07
-4.11416e+07
-2.65385e+07
-2.56149e+07
-2.82803e+07
-4.31994e+07
-2.52676e+07
-2.76698e+07
-6.40318e+07
-3.95933e+07
-6.03698e+07
-4.26346e+07
-2.19579e+07
-2.22938e+07
-2.27314e+07
-2.22346e+07
-1.54397e+07
-1.55564e+07
-1.5606e+07
-1.51638e+07
-1.5809e+07
-1.58651e+07
-2.11291e+07
-1.92885e+07
-2.21723e+07
-2.19537e+07
-2.44438e+07
-2.33036e+07
-2.33526e+07
-2.31288e+07
-2.27016e+07
-2.31255e+07
-1.68052e+07
-1.6523e+07
-1.55569e+07
-1.60994e+07
-2.68596e+07
-1.88888e+07
-2.07485e+07
-2.21315e+07
-2.68435e+07
-1.872e+07
-2.21875e+07
-3.77173e+07
-2.29883e+07
-2.38918e+07
-3.60965e+07
-3.94816e+07
-2.58872e+07
-4.12208e+07
-2.48749e+07
-2.50158e+07
-2.03147e+07
-1.83739e+07
-2.14504e+07
-1.85966e+07
-2.14858e+07
-2.47784e+07
-1.68107e+07
-1.70938e+07
-1.71167e+07
-1.70672e+07
-2.32747e+07
-2.33005e+07
-2.26831e+07
-2.27205e+07
-2.25782e+07
-1.92892e+07
-1.75944e+07
-2.01837e+07
-2.2358e+07
-1.77866e+07
-2.02549e+07
-3.29286e+07
-2.2126e+07
-3.44169e+07
-2.13319e+07
-2.42285e+07
-2.00269e+07
-1.85051e+07
-2.13022e+07
-2.43141e+07
-1.83341e+07
-2.12456e+07
-2.10582e+07
-2.07349e+07
-1.95943e+07
-1.97847e+07
-1.65499e+07
-1.64676e+07
-1.57707e+07
-1.58991e+07
-1.66266e+07
-1.67047e+07
-1.70732e+07
-1.71143e+07
-2.12431e+07
-2.14012e+07
-2.25264e+07
-2.22969e+07
-1.79794e+07
-1.81708e+07
-1.94134e+07
-1.90798e+07
-1.47651e+07
-1.49146e+07
-1.5681e+07
-1.55478e+07
-1.78665e+07
-1.52248e+07
-1.60981e+07
-1.69771e+07
-1.80986e+07
-1.50739e+07
-1.68351e+07
-1.67908e+07
-1.52546e+07
-1.40998e+07
-1.57606e+07
-1.42673e+07
-1.58737e+07
-1.66176e+07
-1.46606e+07
-1.44987e+07
-1.36099e+07
-1.37882e+07
-1.78075e+07
-1.74881e+07
-1.64036e+07
-1.65958e+07
-1.49244e+07
-1.35778e+07
-1.24149e+07
-1.4003e+07
-1.47072e+07
-1.26711e+07
-1.41853e+07
-1.61294e+07
-1.46605e+07
-1.39303e+07
-1.55027e+07
-1.63919e+07
-1.37499e+07
-1.53317e+07
-1.43626e+07
-1.39771e+07
-1.19205e+07
-1.23281e+07
-1.17296e+07
-1.13998e+07
-8.94155e+06
-9.47567e+06
-1.19682e+07
-1.22399e+07
-1.34745e+07
-1.32698e+07
-1.46033e+07
-1.48405e+07
-1.6223e+07
-1.59006e+07
-6.58009e+06
-7.45647e+06
-1.14712e+07
-1.08586e+07
-3.45443e+06
-4.25123e+06
-8.42522e+06
-7.7842e+06
-5.89308e+06
-3.47645e+06
-3.43887e+06
-5.14977e+06
-6.78185e+06
-2.82437e+06
-4.40284e+06
-1.52179e+07
-2.44999e+07
-1.71346e+07
-2.46572e+07
-9.53535e+06
-5.81723e+06
-1.09968e+07
-5.02059e+06
-1.61896e+07
-1.90069e+07
-2.65114e+07
-2.89328e+07
-1.81272e+07
-1.66634e+07
-2.66603e+07
-2.79177e+06
-2.03456e+06
-5.74028e+06
-4.66803e+06
-1.21794e+07
-1.54194e+07
-1.4711e+07
-2.3772e+07
-1.57366e+07
-1.14016e+07
-1.36434e+07
-1.78241e+07
-2.54175e+07
-1.72703e+07
-8.16969e+07
-4.95514e+07
-5.42722e+07
-3.87794e+07
-8.45789e+07
-5.57471e+07
-4.23076e+07
-9.74915e+07
-5.75092e+07
-5.93303e+07
-4.71452e+07
-8.69907e+07
-6.15953e+07
-4.83037e+07
-8.11722e+07
-4.83737e+07
-4.90426e+07
-4.71393e+07
-8.58024e+07
-4.99197e+07
-4.74015e+07
-9.80519e+07
-6.16317e+07
-5.85051e+07
-5.31591e+07
-9.20185e+07
-5.95167e+07
-5.42796e+07
-3.26905e+07
-2.06669e+07
-2.21076e+07
-1.84213e+07
-3.19166e+07
-2.24655e+07
-1.91614e+07
-3.12118e+07
-2.06044e+07
-2.2309e+07
-1.88282e+07
-3.15128e+07
-2.23482e+07
-1.84136e+07
-2.82404e+07
-2.08088e+07
-2.22145e+07
-1.8786e+07
-2.82102e+07
-2.23498e+07
-1.86185e+07
-2.90843e+07
-2.04158e+07
-2.20036e+07
-1.82259e+07
-2.86824e+07
-2.20126e+07
-1.85785e+07
-2.14452e+07
-1.86417e+07
-1.945e+07
-1.70752e+07
-2.12377e+07
-1.95265e+07
-1.72496e+07
-2.0723e+07
-1.81387e+07
-1.91864e+07
-1.69971e+07
-2.09157e+07
-1.90669e+07
-1.68443e+07
-1.87644e+07
-1.6782e+07
-1.77057e+07
-1.58261e+07
-1.89869e+07
-1.75707e+07
-1.56794e+07
-1.94288e+07
-1.73077e+07
-1.79674e+07
-1.59512e+07
-1.92436e+07
-1.80536e+07
-1.61051e+07
-1.3767e+07
-1.24371e+07
-1.2831e+07
-1.1189e+07
-1.35001e+07
-1.30838e+07
-1.15413e+07
-1.27234e+07
-1.13232e+07
-1.24395e+07
-1.08402e+07
-1.31546e+07
-1.20921e+07
-1.04293e+07
-8.69429e+06
-6.53059e+06
-8.22442e+06
-6.36074e+06
-9.43347e+06
-7.5237e+06
-5.58997e+06
-1.0494e+07
-8.75602e+06
-9.10765e+06
-7.12227e+06
-1.00466e+07
-9.64773e+06
-7.81738e+06
-6.48318e+07
-6.79238e+07
-1.02266e+08
-1.18307e+08
-7.37261e+07
-8.5163e+07
-9.83665e+07
-8.41278e+07
-6.72564e+07
-1.22548e+08
-6.75343e+07
-9.41801e+07
-8.3554e+07
-1.14233e+08
-8.62402e+07
-8.12632e+07
-1.22092e+08
-1.3614e+08
-1.86366e+08
-1.23849e+08
-2.09726e+08
-1.1663e+08
-7.68636e+07
-8.43932e+07
-1.0105e+08
-1.53281e+08
-2.59179e+08
-1.64555e+08
-2.33126e+08
-6.15291e+07
-6.3419e+07
-8.74138e+07
-6.30815e+07
-1.25581e+08
-7.40742e+07
-6.27614e+07
-7.82216e+07
-8.01142e+07
-8.85779e+07
-7.80302e+07
-6.68774e+07
-1.23698e+08
-6.36145e+07
-9.14393e+07
-7.66494e+07
-1.38054e+08
-9.3808e+07
-1.01334e+08
-1.22459e+08
-1.33158e+08
-1.88989e+08
-2.82223e+08
-1.75911e+08
-3.08146e+08
-4.53142e+07
-3.02605e+07
-3.47784e+07
-3.96775e+07
-3.54127e+07
-2.38665e+07
-3.79659e+07
-2.76416e+07
-2.89021e+07
-2.86007e+07
-3.14197e+07
-3.11281e+07
-3.3066e+07
-3.27621e+07
-3.9077e+07
-3.54277e+07
-3.42969e+07
-3.95341e+07
-5.14744e+07
-4.53049e+07
-4.41621e+07
-4.14086e+07
-4.4442e+07
-3.39534e+07
-2.30191e+07
-3.52287e+07
-4.04528e+07
-4.03115e+07
-2.96717e+07
-4.14812e+07
-3.44224e+07
-4.74378e+07
-4.2673e+07
-8.05578e+07
-4.78668e+07
-3.99076e+07
-4.86495e+07
-4.35408e+07
-4.64778e+07
-5.01356e+07
-3.93215e+07
-8.33176e+07
-4.13635e+07
-5.36989e+07
-4.8174e+07
-8.45519e+07
-6.54411e+07
-6.73615e+07
-7.61581e+07
-1.00337e+08
-1.67963e+08
-1.0743e+08
-1.50985e+08
-8.51239e+07
-6.71219e+07
-9.44077e+07
-6.32936e+07
-8.56332e+07
-1.26561e+08
-8.25246e+07
-1.37538e+08
-4.23443e+07
-5.15683e+07
-6.34304e+07
-5.38282e+07
-1.0673e+08
-6.23171e+07
-5.28765e+07
-7.23614e+07
-5.76901e+07
-6.29083e+07
-5.63757e+07
-5.1662e+07
-1.03739e+08
-5.13566e+07
-5.56702e+07
-5.93047e+07
-6.54877e+07
-6.17947e+07
-5.86711e+07
-6.87877e+07
-6.63127e+07
-1.0501e+08
-6.76473e+07
-1.07838e+08
-6.53322e+07
-5.78125e+07
-5.94589e+07
-6.367e+07
-7.24661e+07
-1.18584e+08
-7.27334e+07
-1.1248e+08
-3.90262e+07
-5.17544e+07
-3.59821e+07
-3.94258e+07
-3.84034e+07
-4.7777e+07
-4.05452e+07
-4.25505e+07
-5.52963e+07
-4.34643e+07
-4.25667e+07
-4.00881e+07
-2.94427e+07
-3.06139e+07
-2.87706e+07
-2.68369e+07
-2.25879e+07
-2.19693e+07
-2.40472e+07
-2.55624e+07
-4.74021e+07
-5.30874e+07
-4.81699e+07
-5.7313e+07
-4.21601e+07
-4.75047e+07
-4.54491e+07
-4.4447e+07
-4.68785e+07
-5.81831e+07
-4.82854e+07
-4.46542e+07
-6.08215e+07
-3.86299e+07
-3.51155e+07
-3.8002e+07
-5.65457e+07
-3.51442e+07
-3.81657e+07
-4.92305e+07
-3.10293e+07
-3.06726e+07
-3.29745e+07
-5.24373e+07
-3.07509e+07
-3.26958e+07
-3.41359e+07
-3.46748e+07
-4.55307e+07
-3.42706e+07
-3.13404e+07
-2.7136e+07
-3.11377e+07
-2.69101e+07
-4.13515e+07
-3.04075e+07
-3.07844e+07
-2.9464e+07
-1.93522e+07
-1.90629e+07
-1.98796e+07
-1.97669e+07
-2.09127e+07
-2.08386e+07
-1.99948e+07
-2.01945e+07
-2.69121e+07
-2.32013e+07
-2.36879e+07
-3.11097e+07
-2.00479e+07
-2.40334e+07
-2.15758e+07
-2.54454e+07
-2.67031e+07
-3.44522e+07
-2.64449e+07
-2.31127e+07
-2.69634e+07
-2.9583e+07
-4.00924e+07
-3.43488e+07
-4.47318e+07
-6.55328e+07
-4.45081e+07
-3.60408e+07
-4.24128e+07
-3.97987e+07
-4.05689e+07
-3.67943e+07
-6.30382e+07
-3.52749e+07
-3.75538e+07
-4.17101e+07
-5.57466e+07
-4.61955e+07
-4.38329e+07
-5.58157e+07
-6.56008e+07
-1.07312e+08
-6.64218e+07
-1.0608e+08
-5.4908e+07
-4.08553e+07
-4.20009e+07
-5.49482e+07
-6.54695e+07
-1.03704e+08
-6.44283e+07
-1.04853e+08
-2.72575e+07
-2.47467e+07
-3.46517e+07
-3.23444e+07
-5.24535e+07
-3.48367e+07
-3.19992e+07
-3.57599e+07
-3.35687e+07
-3.52608e+07
-3.87725e+07
-3.21707e+07
-5.39852e+07
-3.23787e+07
-3.76755e+07
-3.68484e+07
-5.79753e+07
-4.86918e+07
-5.02095e+07
-5.79906e+07
-6.52503e+07
-1.03243e+08
-6.39367e+07
-1.02614e+08
-5.82586e+07
-5.46018e+07
-5.90195e+07
-5.13061e+07
-6.34577e+07
-1.02931e+08
-6.50597e+07
-1.02345e+08
-3.59313e+07
-2.28882e+07
-2.2041e+07
-2.49649e+07
-3.71877e+07
-2.13285e+07
-2.44312e+07
-3.98434e+07
-2.55034e+07
-2.30329e+07
-2.5871e+07
-3.81857e+07
-2.38278e+07
-2.66167e+07
-2.2202e+07
-2.17882e+07
-2.80478e+07
-2.75784e+07
-4.33195e+07
-2.84654e+07
-2.66236e+07
-2.82695e+07
-2.81537e+07
-2.74077e+07
-2.77819e+07
-2.6046e+07
-4.25169e+07
-2.64714e+07
-2.75914e+07
-2.75102e+07
-4.82424e+07
-3.15283e+07
-3.13814e+07
-4.93116e+07
-6.49636e+07
-1.06217e+08
-6.37728e+07
-1.07787e+08
-4.77922e+07
-3.09924e+07
-3.08339e+07
-4.68104e+07
-6.52722e+07
-1.09791e+08
-6.65026e+07
-1.08361e+08
-2.20887e+07
-2.26151e+07
-2.68811e+07
-2.56251e+07
-4.05176e+07
-2.76011e+07
-2.58071e+07
-2.71664e+07
-2.72088e+07
-2.72998e+07
-2.7824e+07
-2.67406e+07
-4.13013e+07
-2.59545e+07
-2.73213e+07
-2.7724e+07
-4.98176e+07
-3.13819e+07
-3.12767e+07
-4.89922e+07
-6.75154e+07
-1.12335e+08
-6.84281e+07
-1.11524e+08
-5.0427e+07
-3.22926e+07
-3.20765e+07
-5.12322e+07
-6.75491e+07
-1.10307e+08
-6.65728e+07
-1.1142e+08
-1.57544e+07
-1.77037e+07
-1.18038e+07
-1.5255e+07
-1.15226e+07
-1.52589e+07
-1.5005e+07
-1.0802e+07
-1.63677e+07
-1.44675e+07
-1.49859e+07
-1.09425e+07
-7.24274e+06
-6.49364e+06
-6.6446e+06
-1.64536e+07
-1.49616e+07
-8.22781e+06
-1.68042e+07
-8.28022e+06
-6.32935e+06
-6.94477e+06
-8.63174e+06
-1.75479e+07
-1.56351e+07
-1.71778e+07
-7.42443e+06
-8.42067e+06
-7.90047e+06
-8.77195e+06
-9.36276e+06
-1.99606e+07
-1.72739e+07
-1.06442e+07
-1.93859e+07
-1.00398e+07
-1.0065e+07
-1.14169e+07
-1.24142e+07
-8.72691e+06
-9.00395e+06
-1.6336e+07
-1.81112e+07
-1.86147e+07
-9.50802e+06
-8.03576e+06
-1.06238e+07
-9.6251e+06
-1.50288e+07
-1.5522e+07
-1.41063e+07
-1.47985e+07
-1.0448e+07
-1.43488e+07
-1.0271e+07
-1.04749e+07
-1.4611e+07
-1.58339e+07
-1.43645e+07
-1.05631e+07
-1.71232e+07
-1.651e+07
-1.60319e+07
-1.91843e+07
-1.23452e+07
-1.66897e+07
-1.28175e+07
-1.44634e+07
-1.8048e+07
-2.09399e+07
-1.73638e+07
-1.37132e+07
-1.81703e+07
-1.86389e+07
-1.54337e+07
-3.14942e+07
-1.63868e+07
-2.58557e+07
-1.60155e+07
-3.05462e+07
-1.58727e+07
-1.46063e+07
-1.43228e+07
-2.3354e+07
-2.68375e+07
-2.80498e+07
-1.49961e+07
-1.3894e+07
-1.74723e+07
-1.6701e+07
-1.76862e+07
-1.85657e+07
-2.15937e+07
-1.90748e+07
-2.6573e+07
-2.12072e+07
-1.77226e+07
-1.54156e+07
-1.90461e+07
-2.41055e+07
-1.97837e+07
-1.64237e+07
-1.16505e+07
-2.12009e+07
-1.87138e+07
-1.13702e+07
-2.20628e+07
-1.08625e+07
-1.21008e+07
-1.43076e+07
-1.32812e+07
-1.24055e+07
-1.35257e+07
-2.03282e+07
-2.47178e+07
-2.37478e+07
-1.28625e+07
-1.31074e+07
-1.50938e+07
-1.59585e+07
-2.25263e+07
-2.23499e+07
-2.86906e+07
-2.71181e+07
-4.45733e+07
-2.86017e+07
-2.76922e+07
-2.86363e+07
-2.86923e+07
-2.9457e+07
-3.02833e+07
-2.88601e+07
-4.53917e+07
-2.78738e+07
-2.99324e+07
-2.96788e+07
-5.31049e+07
-3.54298e+07
-3.60881e+07
-5.2784e+07
-6.73552e+07
-1.08589e+08
-6.70245e+07
-1.09577e+08
-5.40347e+07
-3.91795e+07
-5.41807e+07
-3.77988e+07
-6.79813e+07
-1.11309e+08
-6.80172e+07
-1.10762e+08
-2.27811e+07
-2.3078e+07
-3.20873e+07
-3.04105e+07
-3.38619e+07
-4.85358e+07
-3.32636e+07
-2.96701e+07
-3.26019e+07
-3.1152e+07
-3.07866e+07
-2.90941e+07
-4.74532e+07
-2.95278e+07
-3.06643e+07
-3.1413e+07
-5.2344e+07
-3.4578e+07
-3.39409e+07
-5.28446e+07
-6.86821e+07
-1.12268e+08
-6.81068e+07
-1.12632e+08
-5.15263e+07
-3.24852e+07
-5.09418e+07
-3.26748e+07
-6.82663e+07
-1.12049e+08
-6.86621e+07
-1.12091e+08
-2.31522e+07
-2.33813e+07
-2.63084e+07
-2.50907e+07
-3.63253e+07
-2.69003e+07
-2.50135e+07
-2.65722e+07
-2.65159e+07
-2.65746e+07
-2.72668e+07
-2.58023e+07
-3.70934e+07
-2.51479e+07
-2.68319e+07
-2.69334e+07
-4.54836e+07
-3.05401e+07
-3.04531e+07
-4.4396e+07
-6.20542e+07
-1.05343e+08
-6.34318e+07
-1.03571e+08
-4.57953e+07
-3.11219e+07
-4.70231e+07
-3.08651e+07
-6.15165e+07
-1.00884e+08
-6.02319e+07
-1.02698e+08
-2.31775e+07
-2.28041e+07
-2.6996e+07
-2.62451e+07
-3.92756e+07
-2.76205e+07
-2.55457e+07
-2.70977e+07
-2.74216e+07
-2.6661e+07
-2.73861e+07
-2.54159e+07
-3.84787e+07
-2.54228e+07
-2.69497e+07
-2.69818e+07
-4.31735e+07
-3.052e+07
-3.01235e+07
-4.44899e+07
-5.76068e+07
-9.48801e+07
-5.62916e+07
-9.6807e+07
-4.2951e+07
-2.97786e+07
-2.97821e+07
-4.18113e+07
-5.82891e+07
-9.98083e+07
-5.97168e+07
-9.78671e+07
-1.5e+07
-1.46222e+07
-1.18766e+07
-1.5046e+07
-1.15298e+07
-1.62736e+07
-1.6717e+07
-1.11288e+07
-1.51248e+07
-1.49069e+07
-1.49502e+07
-1.15455e+07
-5.38771e+06
-5.86759e+06
-6.22023e+06
-1.61196e+07
-1.48724e+07
-8.24814e+06
-1.59645e+07
-6.25408e+06
-8.39441e+06
-6.34787e+06
-8.64914e+06
-1.54515e+07
-1.42961e+07
-1.56541e+07
-6.4122e+06
-8.4639e+06
-5.03128e+06
-4.81618e+06
-7.22004e+06
-1.48045e+07
-1.41045e+07
-9.60165e+06
-1.48351e+07
-9.32369e+06
-7.42261e+06
-4.84293e+06
-5.11833e+06
-6.92669e+06
-8.85737e+06
-1.45979e+07
-1.5129e+07
-1.51704e+07
-9.16427e+06
-6.71688e+06
-4.79419e+06
-4.67081e+06
-1.62473e+07
-1.58508e+07
-1.44826e+07
-1.51478e+07
-1.04245e+07
-1.44612e+07
-1.07753e+07
-1.10246e+07
-1.44687e+07
-1.43995e+07
-1.45555e+07
-1.06858e+07
-2.62833e+07
-2.05573e+07
-1.85262e+07
-2.18601e+07
-2.60306e+07
-1.87613e+07
-2.18637e+07
-2.55432e+07
-2.04938e+07
-1.87859e+07
-2.18097e+07
-2.55499e+07
-1.86293e+07
-2.18141e+07
-1.53606e+07
-1.2002e+07
-1.53164e+07
-1.53808e+07
-1.23521e+07
-1.70768e+07
-1.6922e+07
-1.26011e+07
-1.49448e+07
-1.53735e+07
-1.54224e+07
-1.23335e+07
-7.05021e+06
-7.36327e+06
-9.27202e+06
-1.42069e+07
-1.43267e+07
-1.12637e+07
-1.40729e+07
-1.1084e+07
-9.40498e+06
-6.88315e+06
-6.51832e+06
-9.04878e+06
-1.07566e+07
-1.41309e+07
-1.46813e+07
-1.43922e+07
-8.87049e+06
-1.09905e+07
-8.05346e+06
-1.44822e+07
-9.85857e+06
-1.46201e+07
-7.82021e+06
-1.46858e+07
-1.01617e+07
-5.71044e+06
-5.32997e+06
-5.89278e+06
-6.25724e+06
-8.33644e+06
-1.05473e+07
-1.4203e+07
-1.44286e+07
-1.43373e+07
-1.03033e+07
-8.52221e+06
-1.70748e+07
-1.72285e+07
-1.5533e+07
-1.51253e+07
-1.30826e+07
-1.56054e+07
-1.28976e+07
-1.26848e+07
-1.56286e+07
-1.54271e+07
-1.56204e+07
-1.29392e+07
-2.31473e+07
-2.30776e+07
-2.59655e+07
-2.52272e+07
-2.6645e+07
-3.48616e+07
-2.63478e+07
-2.45829e+07
-2.62053e+07
-2.57216e+07
-2.61435e+07
-2.45588e+07
-3.41342e+07
-2.44384e+07
-2.58249e+07
-2.59019e+07
-3.77589e+07
-2.84537e+07
-2.78976e+07
-3.90669e+07
-4.9464e+07
-8.24397e+07
-4.82205e+07
-8.43119e+07
-3.76684e+07
-2.75316e+07
-2.76585e+07
-3.65695e+07
-5.02148e+07
-8.74128e+07
-5.15817e+07
-8.54607e+07
-2.30333e+07
-2.29112e+07
-2.49174e+07
-2.38203e+07
-3.19683e+07
-2.51881e+07
-2.369e+07
-2.5015e+07
-2.49501e+07
-2.51322e+07
-2.57787e+07
-2.44695e+07
-3.26282e+07
-2.38472e+07
-2.56099e+07
-2.52723e+07
-4.03098e+07
-2.87483e+07
-2.88258e+07
-3.91694e+07
-5.42661e+07
-9.36968e+07
-5.56836e+07
-9.17072e+07
-4.04559e+07
-2.96042e+07
-4.17952e+07
-2.91086e+07
-5.35207e+07
-8.86293e+07
-5.22254e+07
-9.05652e+07
-2.29942e+07
-1.94596e+07
-1.80734e+07
-2.06524e+07
-2.31193e+07
-1.79122e+07
-2.05693e+07
-2.37495e+07
-1.9846e+07
-1.80415e+07
-2.08654e+07
-2.35264e+07
-1.82427e+07
-2.09168e+07
-2.04184e+07
-2.06012e+07
-2.20939e+07
-2.16243e+07
-2.66306e+07
-2.25542e+07
-2.10829e+07
-2.20222e+07
-2.2631e+07
-2.19337e+07
-2.1924e+07
-2.10703e+07
-2.62103e+07
-2.09302e+07
-2.18604e+07
-2.18645e+07
-2.86064e+07
-2.32423e+07
-2.27249e+07
-2.9532e+07
-3.54981e+07
-6.10437e+07
-3.45457e+07
-6.24145e+07
-2.86303e+07
-2.24491e+07
-2.26076e+07
-2.78878e+07
-3.6014e+07
-6.47754e+07
-3.70541e+07
-6.33121e+07
-2.02373e+07
-1.99037e+07
-2.09293e+07
-2.01364e+07
-2.46355e+07
-2.08718e+07
-2.00003e+07
-2.08283e+07
-2.08512e+07
-2.10729e+07
-2.14728e+07
-2.06509e+07
-2.49832e+07
-2.01453e+07
-2.15932e+07
-2.09636e+07
-3.05768e+07
-2.3651e+07
-2.38168e+07
-2.97359e+07
-3.91399e+07
-6.98392e+07
-4.02698e+07
-6.82252e+07
-3.05672e+07
-2.45058e+07
-2.39562e+07
-3.16089e+07
-3.85425e+07
-6.57359e+07
-3.75163e+07
-6.724e+07
-1.53254e+07
-1.49699e+07
-1.33835e+07
-1.52385e+07
-1.34282e+07
-1.62194e+07
-1.63292e+07
-1.33514e+07
-1.47584e+07
-1.5022e+07
-1.51263e+07
-1.33373e+07
-9.57835e+06
-9.67115e+06
-9.55452e+06
-9.43672e+06
-9.17504e+06
-9.01087e+06
-9.22393e+06
-9.35536e+06
-1.61406e+07
-1.60298e+07
-1.46761e+07
-1.44586e+07
-1.32043e+07
-1.47856e+07
-1.32189e+07
-1.33069e+07
-1.50016e+07
-1.46495e+07
-1.49076e+07
-1.33153e+07
-1.688e+07
-1.68511e+07
-1.53069e+07
-1.49948e+07
-1.34083e+07
-1.54072e+07
-1.33524e+07
-1.33363e+07
-1.55665e+07
-1.52288e+07
-1.54998e+07
-1.3433e+07
-7.87564e+06
-7.58282e+06
-9.79444e+06
-1.39583e+07
-1.14098e+07
-1.46633e+07
-9.67787e+06
-1.41847e+07
-1.15691e+07
-9.95358e+06
-1.17289e+07
-1.43482e+07
-1.40232e+07
-1.39099e+07
-1.16131e+07
-1.00338e+07
-7.99822e+06
-8.24118e+06
-1.69334e+07
-1.69603e+07
-1.56863e+07
-1.31234e+07
-1.53935e+07
-1.56389e+07
-1.32887e+07
-1.3334e+07
-1.54907e+07
-1.51294e+07
-1.55766e+07
-1.32239e+07
-8.71092e+06
-8.89214e+06
-8.62944e+06
-8.40643e+06
-2.18401e+07
-2.15506e+07
-2.29603e+07
-2.20185e+07
-2.79671e+07
-2.30174e+07
-2.1881e+07
-2.29067e+07
-2.29334e+07
-2.31367e+07
-2.36629e+07
-2.2611e+07
-2.84672e+07
-2.20403e+07
-2.36812e+07
-2.31191e+07
-3.51289e+07
-2.62341e+07
-2.63893e+07
-3.40988e+07
-4.62924e+07
-8.12506e+07
-4.75896e+07
-7.93837e+07
-3.51749e+07
-2.71653e+07
-3.64165e+07
-2.65885e+07
-4.55681e+07
-7.64849e+07
-4.43888e+07
-7.82584e+07
-2.20104e+07
-2.2126e+07
-2.41723e+07
-2.35805e+07
-2.476e+07
-3.04783e+07
-2.4696e+07
-2.2977e+07
-2.42216e+07
-2.39743e+07
-2.41235e+07
-2.29559e+07
-2.98942e+07
-2.28164e+07
-2.39493e+07
-2.40034e+07
-3.27648e+07
-2.58277e+07
-2.5255e+07
-3.39118e+07
-4.19121e+07
-7.0896e+07
-4.08059e+07
-7.25448e+07
-3.27503e+07
-2.49212e+07
-3.18086e+07
-2.50873e+07
-4.25816e+07
-7.53537e+07
-4.37956e+07
-7.36089e+07
-1.86049e+07
-1.82769e+07
-1.90511e+07
-1.83743e+07
-2.19674e+07
-1.89399e+07
-1.8249e+07
-1.89162e+07
-1.89699e+07
-1.91757e+07
-1.9478e+07
-1.88346e+07
-2.22118e+07
-1.83865e+07
-1.9643e+07
-1.90249e+07
-2.69024e+07
-2.13329e+07
-2.14808e+07
-2.62536e+07
-3.32008e+07
-6.01726e+07
-3.41593e+07
-5.88472e+07
-2.68704e+07
-2.20602e+07
-2.7688e+07
-2.158e+07
-3.27708e+07
-5.68008e+07
-3.1891e+07
-5.80384e+07
-1.8778e+07
-1.89702e+07
-2.00996e+07
-1.97201e+07
-2.35157e+07
-2.04447e+07
-1.92436e+07
-2.05923e+07
-1.99631e+07
-1.99677e+07
-1.98779e+07
-1.92408e+07
-2.32273e+07
-1.91063e+07
-1.98863e+07
-1.9845e+07
-2.53438e+07
-2.09682e+07
-2.05246e+07
-2.60611e+07
-3.03615e+07
-5.29815e+07
-2.95474e+07
-5.4103e+07
-2.53776e+07
-2.02994e+07
-2.04374e+07
-2.48092e+07
-3.07052e+07
-5.60223e+07
-3.15852e+07
-5.48269e+07
-1.3841e+07
-1.36975e+07
-1.26584e+07
-1.39568e+07
-1.27242e+07
-1.51905e+07
-1.50426e+07
-1.29191e+07
-1.38873e+07
-1.42178e+07
-1.41017e+07
-1.28448e+07
-9.80969e+06
-9.72331e+06
-9.82126e+06
-9.85413e+06
-9.3671e+06
-9.26593e+06
-9.68766e+06
-9.80776e+06
-1.52821e+07
-1.54224e+07
-1.46285e+07
-1.42877e+07
-1.31458e+07
-1.45241e+07
-1.31245e+07
-1.29855e+07
-1.42851e+07
-1.41082e+07
-1.4394e+07
-1.30198e+07
-1.76416e+07
-1.59535e+07
-1.47544e+07
-1.65075e+07
-1.74718e+07
-1.49059e+07
-1.66048e+07
-1.70084e+07
-1.54083e+07
-1.46039e+07
-1.62541e+07
-1.72488e+07
-1.44481e+07
-1.6104e+07
-1.3748e+07
-1.25628e+07
-1.34213e+07
-1.36235e+07
-1.24861e+07
-1.42134e+07
-1.43728e+07
-1.23035e+07
-1.32578e+07
-1.33575e+07
-1.3482e+07
-1.23664e+07
-9.37558e+06
-9.40022e+06
-9.38644e+06
-9.29095e+06
-9.32805e+06
-9.28467e+06
-9.28499e+06
-9.28211e+06
-1.41032e+07
-1.39272e+07
-1.28095e+07
-1.27657e+07
-1.18715e+07
-1.29578e+07
-1.19751e+07
-1.22027e+07
-1.32506e+07
-1.29357e+07
-1.31138e+07
-1.21024e+07
-1.71957e+07
-1.73838e+07
-1.82965e+07
-1.7987e+07
-1.8567e+07
-2.10375e+07
-1.87355e+07
-1.75605e+07
-1.81405e+07
-1.81764e+07
-1.80542e+07
-1.75477e+07
-2.08265e+07
-1.74304e+07
-1.80936e+07
-1.80391e+07
-2.2794e+07
-1.90247e+07
-1.86406e+07
-2.33562e+07
-2.64634e+07
-4.64644e+07
-2.5788e+07
-4.73931e+07
-2.28267e+07
-1.84384e+07
-1.85659e+07
-2.23788e+07
-2.66417e+07
-4.89417e+07
-2.73692e+07
-4.79613e+07
-1.70256e+07
-1.67093e+07
-1.73235e+07
-1.67234e+07
-1.97708e+07
-1.71946e+07
-1.66261e+07
-1.71921e+07
-1.72346e+07
-1.74485e+07
-1.77023e+07
-1.7175e+07
-1.99646e+07
-1.67631e+07
-1.78686e+07
-1.72966e+07
-2.40282e+07
-1.9342e+07
-1.94727e+07
-2.35287e+07
-2.8515e+07
-5.22816e+07
-2.93203e+07
-5.12011e+07
-2.3993e+07
-1.99605e+07
-2.46259e+07
-1.95504e+07
-2.82597e+07
-4.9552e+07
-2.75156e+07
-5.05652e+07
-1.51802e+07
-1.38016e+07
-1.31444e+07
-1.46714e+07
-1.54761e+07
-1.29225e+07
-1.44681e+07
-1.59024e+07
-1.44817e+07
-1.33459e+07
-1.49474e+07
-1.57157e+07
-1.35438e+07
-1.50852e+07
-1.3444e+07
-1.37392e+07
-1.47198e+07
-1.45749e+07
-1.69388e+07
-1.50879e+07
-1.41233e+07
-1.469e+07
-1.51462e+07
-1.45015e+07
-1.44189e+07
-1.38466e+07
-1.67066e+07
-1.38872e+07
-1.43163e+07
-1.4504e+07
-1.8894e+07
-1.5515e+07
-1.51315e+07
-1.93412e+07
-2.18598e+07
-3.63973e+07
-2.14602e+07
-3.72164e+07
-1.89514e+07
-1.47854e+07
-1.50056e+07
-1.85765e+07
-2.18255e+07
-3.83085e+07
-2.22566e+07
-3.74717e+07
-1.31326e+07
-1.26675e+07
-1.32278e+07
-1.24664e+07
-1.55585e+07
-1.31876e+07
-1.26179e+07
-1.33546e+07
-1.29418e+07
-1.35306e+07
-1.40466e+07
-1.34477e+07
-1.58396e+07
-1.29349e+07
-1.4005e+07
-1.36138e+07
-1.98202e+07
-1.57975e+07
-1.59622e+07
-1.94415e+07
-2.26817e+07
-4.06523e+07
-2.3178e+07
-3.98104e+07
-1.97783e+07
-1.64212e+07
-1.6063e+07
-2.02338e+07
-2.26628e+07
-3.86232e+07
-2.21977e+07
-3.94515e+07
-1.09769e+07
-1.05069e+07
-1.01395e+07
-1.06647e+07
-9.85431e+06
-1.07185e+07
-1.10905e+07
-9.14638e+06
-1.01401e+07
-9.95747e+06
-1.03246e+07
-9.50035e+06
-5.95037e+06
-5.34613e+06
-6.46765e+06
-6.94159e+06
-7.97058e+06
-8.25036e+06
-7.66759e+06
-7.30833e+06
-1.03717e+07
-9.91634e+06
-8.13512e+06
-8.45814e+06
-7.26827e+06
-8.66738e+06
-7.79846e+06
-8.74162e+06
-9.59521e+06
-8.97491e+06
-9.14822e+06
-8.30539e+06
-1.27148e+07
-1.24632e+07
-1.12213e+07
-1.1307e+07
-1.04103e+07
-1.14775e+07
-1.06448e+07
-1.10815e+07
-1.19497e+07
-1.1575e+07
-1.17265e+07
-1.08883e+07
-9.34372e+06
-9.40699e+06
-9.229e+06
-9.11022e+06
-1.28868e+07
-1.30999e+07
-1.26753e+07
-1.17364e+07
-1.23503e+07
-1.25069e+07
-1.16057e+07
-1.12697e+07
-1.2125e+07
-1.21409e+07
-1.2314e+07
-1.14283e+07
-8.65434e+06
-8.46167e+06
-8.82895e+06
-8.98326e+06
-1.53583e+07
-1.5015e+07
-1.55411e+07
-1.49363e+07
-1.77547e+07
-1.54279e+07
-1.49111e+07
-1.54075e+07
-1.54703e+07
-1.57104e+07
-1.60018e+07
-1.55173e+07
-1.79585e+07
-1.50969e+07
-1.61199e+07
-1.56137e+07
-2.17422e+07
-1.75678e+07
-1.76982e+07
-2.13312e+07
-2.50617e+07
-4.59293e+07
-2.57107e+07
-4.50195e+07
-2.17094e+07
-1.81401e+07
-2.22206e+07
-1.77753e+07
-2.49495e+07
-4.36541e+07
-2.43477e+07
-4.45223e+07
-1.55584e+07
-1.57653e+07
-1.66002e+07
-1.63656e+07
-1.68581e+07
-1.89514e+07
-1.7008e+07
-1.59558e+07
-1.6466e+07
-1.64602e+07
-1.63335e+07
-1.58717e+07
-1.87601e+07
-1.58019e+07
-1.63549e+07
-1.63487e+07
-2.07125e+07
-1.72824e+07
-1.6927e+07
-2.11879e+07
-2.3692e+07
-4.10533e+07
-2.31612e+07
-4.18913e+07
-2.07469e+07
-1.66997e+07
-2.03571e+07
-1.6841e+07
-2.37542e+07
-4.31852e+07
-2.43232e+07
-4.2323e+07
-9.007e+06
-8.12401e+06
-8.70077e+06
-7.53411e+06
-1.22585e+07
-8.75986e+06
-8.1757e+06
-9.28314e+06
-7.93405e+06
-9.37136e+06
-1.0655e+07
-9.63464e+06
-1.26198e+07
-8.71839e+06
-1.02478e+07
-9.83013e+06
-1.8135e+07
-1.34295e+07
-1.38246e+07
-1.77586e+07
-2.12284e+07
-3.62252e+07
-2.15849e+07
-3.54203e+07
-1.80452e+07
-1.44666e+07
-1.84958e+07
-1.40057e+07
-2.1357e+07
-3.46377e+07
-2.10655e+07
-3.53594e+07
-9.73162e+06
-1.03641e+07
-1.19274e+07
-1.19539e+07
-1.45496e+07
-1.27243e+07
-1.13146e+07
-1.25185e+07
-1.2192e+07
-1.14688e+07
-1.14318e+07
-1.05289e+07
-1.41977e+07
-1.08792e+07
-1.09412e+07
-1.17981e+07
-1.71595e+07
-1.29009e+07
-1.22396e+07
-1.76283e+07
-2.1382e+07
-3.4369e+07
-2.12923e+07
-3.4573e+07
-1.74618e+07
-1.17247e+07
-1.19977e+07
-1.69489e+07
-2.11455e+07
-3.47738e+07
-2.12963e+07
-3.41962e+07
-2.79333e+06
-3.46271e+06
-2.11921e+06
-3.43573e+06
-2.68406e+06
-5.73408e+06
-4.90655e+06
-3.99903e+06
-4.1302e+06
-4.86373e+06
-4.13381e+06
-3.28907e+06
-4.10105e+06
-4.75961e+06
-3.50265e+06
-2.8189e+06
-999801
-550750
-1.56977e+06
-2.20258e+06
-6.44262e+06
-7.19086e+06
-7.58687e+06
-6.80586e+06
-6.68137e+06
-6.96517e+06
-6.06307e+06
-4.71298e+06
-5.61477e+06
-6.13038e+06
-6.31795e+06
-5.39963e+06
-5.37726e+06
-2.77042e+06
-1.91949e+06
-2.86915e+06
-4.38623e+06
-2.32807e+06
-3.5891e+06
-1.03088e+07
-7.87925e+06
-7.93373e+06
-4.07898e+06
-6.12602e+06
-9.85189e+06
-7.71404e+06
-5.90299e+06
-3.80809e+06
-6.11236e+06
-1.32816e+07
-1.64595e+07
-1.70168e+07
-2.23845e+07
-3.07623e+07
-2.18314e+07
-1.3359e+07
-1.80784e+07
-1.7902e+07
-1.94633e+07
-2.84093e+07
-2.00763e+07
-7.67898e+06
-1.04692e+07
-7.04005e+06
-1.5781e+06
-2.49536e+06
-3.77551e+06
-5.56344e+06
-2.22768e+06
-4.66141e+06
-1.0049e+07
-5.19757e+06
-6.31172e+06
-2.12789e+06
-1.6016e+06
-2.07567e+06
-1.57248e+06
-1.18964e+06
-1.14537e+06
-1.54676e+06
-866789
-1.72088e+06
-940377
-1.12123e+06
-929304
-2.49758e+06
-700090
-733953
-1.03787e+06
-2.09894e+06
-1.22048e+06
-1.01333e+06
-674509
-1.13411e+06
-988627
-1.12026e+06
-1.07089e+06
-1.17934e+06
-2.87663e+06
-3.83866e+06
-6.00094e+06
-6.5216e+06
-8.12096e+06
-1.06995e+07
-7.13825e+06
-5.44575e+06
-7.26786e+06
-4.94553e+06
-4.94005e+06
-3.87745e+06
-9.94816e+06
-4.44694e+06
-3.63196e+06
-6.18257e+06
-5.82498e+06
-1.04711e+07
-2.34872e+07
-3.82689e+07
-2.1707e+07
-7.40134e+06
-1.74793e+07
-1.31152e+07
-4.20773e+07
-2.08658e+07
-2.09471e+06
-4.60592e+06
-3.38494e+06
-2.14686e+06
-1.46112e+07
-7.25695e+06
-9.34801e+06
-1.20947e+07
-2.08235e+07
-3.53645e+07
-2.10669e+07
-3.60097e+07
-1.59231e+07
-1.13593e+07
-1.70008e+07
-1.06135e+07
-1.99132e+07
-4.17329e+07
-2.09308e+07
-3.77929e+07
-1.2225e+08
-9.56533e+07
-9.80029e+07
-1.2654e+08
-1.3784e+08
-8.48112e+07
-1.07566e+08
-8.65009e+07
-1.13334e+08
-7.66717e+07
-1.47222e+08
-1.18938e+08
-1.06447e+08
-1.45619e+08
-1.08912e+08
-1.40531e+08
-9.6994e+07
-1.13887e+08
-1.04726e+08
-1.30266e+08
-2.60752e+07
-1.77408e+07
-2.50702e+07
-1.82248e+07
-2.73961e+07
-1.93086e+07
-2.85715e+07
-1.87363e+07
-2.30518e+07
-1.73042e+07
-2.38811e+07
-1.68834e+07
-2.19939e+07
-1.61629e+07
-1.65072e+07
-2.13071e+07
-1.50206e+07
-1.04542e+07
-1.46441e+07
-1.11782e+07
-1.56143e+07
-1.24287e+07
-1.59673e+07
-1.18299e+07
-1.35205e+07
-9.65512e+06
-1.40078e+07
-8.77997e+06
-1.26801e+07
-6.77807e+06
-7.79559e+06
-1.16136e+07
-9.20067e+07
-5.8669e+07
-6.68695e+07
-8.22478e+07
-1.04338e+08
-8.71212e+07
-1.17021e+08
-7.6942e+07
-3.13581e+07
-1.99231e+07
-3.00217e+07
-2.05986e+07
-1.9045e+07
-1.47001e+07
-1.50867e+07
-1.8627e+07
-1.98486e+07
-1.58268e+07
-2.03686e+07
-1.54563e+07
-1.75628e+07
-1.43036e+07
-1.79269e+07
-1.38846e+07
-1.69227e+07
-1.29587e+07
-1.65732e+07
-1.3446e+07
-4.37874e+07
-7.26332e+07
-5.55499e+07
-4.18754e+07
-7.02151e+07
-3.98831e+07
-4.50876e+07
-4.21978e+07
-3.48943e+07
-6.15437e+07
-5.01336e+07
-6.68452e+07
-3.86826e+07
-3.9395e+07
-4.4156e+07
-5.08054e+07
-5.61395e+07
-4.09315e+07
-3.92468e+07
-3.23308e+07
-4.52374e+07
-5.68701e+07
-5.69942e+07
-3.46657e+07
-3.77212e+07
-4.44708e+07
-7.37303e+07
-6.2257e+07
-4.14657e+07
-7.43148e+07
-4.58277e+07
-4.12347e+07
-4.3776e+07
-3.75984e+07
-7.19484e+07
-5.95111e+07
-7.26007e+07
-4.05165e+07
-4.00039e+07
-3.22868e+07
-6.02499e+07
-4.95662e+07
-2.74209e+07
-6.15174e+07
-3.02751e+07
-2.92198e+07
-3.47827e+07
-3.5673e+07
-5.57088e+07
-6.78083e+07
-6.67651e+07
-3.23377e+07
-3.84829e+07
-1.75184e+07
-3.45973e+07
-2.98714e+07
-1.70595e+07
-3.61215e+07
-1.76988e+07
-1.67731e+07
-1.87453e+07
-1.97542e+07
-4.14667e+07
-3.37542e+07
-4.01647e+07
-1.96769e+07
-1.88719e+07
-2.48634e+07
-5.47359e+07
-2.62667e+07
-4.5085e+07
-2.70576e+07
-5.35456e+07
-2.41451e+07
-2.27834e+07
-2.0816e+07
-3.95825e+07
-4.63399e+07
-4.81566e+07
-2.24507e+07
-2.11367e+07
-1.0836e+07
-1.33438e+07
-1.38329e+07
-1.20937e+07
-1.33398e+07
-1.20931e+07
-1.08243e+07
-1.07991e+07
-1.21126e+07
-1.34607e+07
-1.40602e+07
-1.35024e+07
-1.07978e+07
-1.21315e+07
-1.06225e+07
-1.36624e+07
-1.43302e+07
-1.20378e+07
-1.37558e+07
-1.20902e+07
-1.0594e+07
-1.06896e+07
-1.20984e+07
-1.40772e+07
-1.35992e+07
-1.35635e+07
-1.20703e+07
-1.06985e+07
-1.04097e+07
-1.3828e+07
-1.42599e+07
-1.19915e+07
-1.37533e+07
-1.04495e+07
-1.1925e+07
-1.03018e+07
-1.18184e+07
-1.45396e+07
-1.38212e+07
-1.39815e+07
-1.19174e+07
-1.02352e+07
-1.0867e+07
-1.32238e+07
-1.37445e+07
-1.20834e+07
-1.32204e+07
-1.08889e+07
-1.20708e+07
-1.08736e+07
-1.1996e+07
-1.30549e+07
-1.35293e+07
-1.30689e+07
-1.08706e+07
-1.20097e+07
-1.07789e+07
-1.26626e+07
-1.31448e+07
-1.17653e+07
-1.27104e+07
-1.18422e+07
-1.06236e+07
-1.0829e+07
-1.19724e+07
-1.33818e+07
-1.29635e+07
-1.28954e+07
-1.19198e+07
-1.09293e+07
-1.03528e+07
-1.18782e+07
-1.23066e+07
-1.11541e+07
-1.19848e+07
-1.12626e+07
-1.02348e+07
-1.04075e+07
-1.14316e+07
-1.22182e+07
-1.24917e+07
-1.21087e+07
-1.04679e+07
-1.13618e+07
-1.06297e+07
-1.25573e+07
-1.17103e+07
-1.29472e+07
-1.06478e+07
-1.25186e+07
-1.16757e+07
-1.05894e+07
-1.15088e+07
-1.2747e+07
-1.2315e+07
-1.24026e+07
-1.15854e+07
-1.04978e+07
-6.50765e+06
-7.50674e+06
-8.12879e+06
-6.73914e+06
-7.99491e+06
-7.26165e+06
-5.92503e+06
-6.9587e+06
-8.17619e+06
-8.8583e+06
-8.65213e+06
-8.42119e+06
-7.43106e+06
-7.74744e+06
-8.46989e+06
-1.0168e+07
-1.01501e+07
-9.54193e+06
-9.85669e+06
-9.26122e+06
-8.77597e+06
-8.16907e+06
-8.56873e+06
-9.7666e+06
-9.19949e+06
-9.55095e+06
-8.92343e+06
-7.78387e+06
-1.00578e+07
-1.1736e+07
-1.10414e+07
-1.1952e+07
-1.01756e+07
-1.15985e+07
-1.09265e+07
-9.93555e+06
-1.06121e+07
-1.17157e+07
-1.12613e+07
-1.14253e+07
-1.07706e+07
-9.76199e+06
-9.24756e+06
-1.04084e+07
-1.09096e+07
-9.79837e+06
-1.06485e+07
-8.99159e+06
-1.00344e+07
-9.43535e+06
-1.04434e+07
-1.11974e+07
-1.10813e+07
-1.08713e+07
-1.02598e+07
-9.63413e+06
-4.78416e+06
-7.04188e+06
-6.5849e+06
-6.17795e+06
-6.48108e+06
-5.40888e+06
-5.59232e+06
-4.19841e+06
-4.30407e+06
-5.38971e+06
-5.93066e+06
-5.97856e+06
-3.50489e+06
-4.95813e+06
-1.79912e+06
-3.27147e+06
-3.49455e+06
-1.89391e+06
-3.77978e+06
-2.42679e+06
-1.21056e+06
-2.25272e+06
-3.62374e+06
-4.12979e+06
-4.8781e+06
-4.23392e+06
-2.98885e+06
-2.90071e+06
-748728
-2.96806e+06
-1.42325e+06
-2.26539e+06
-929278
-2.66627e+06
-1.09866e+06
-743415
-1.04753e+06
-1.93302e+06
-2.30344e+06
-2.60947e+06
-993276
-877381
)
;

boundaryField
{
    left
    {
        type            calculated;
        value           nonuniform List<scalar> 0();
    }
    bottom
    {
        type            calculated;
        value           nonuniform List<scalar> 
243
(
-2.19358e+08
-2.07164e+08
-8.76801e+07
-8.11314e+07
-4.28738e+07
-3.91983e+07
-2.43347e+07
-2.35156e+07
-1.26672e+08
-1.1151e+08
-6.24059e+07
-5.68118e+07
-3.071e+07
-2.86104e+07
-2.29468e+08
-2.53559e+08
-2.0083e+08
-1.79549e+08
-1.40724e+08
-1.83037e+08
-9.06185e+07
-9.44553e+07
-9.43903e+07
-7.46726e+07
-8.00772e+07
-8.56679e+07
-4.89326e+07
-5.3171e+07
-4.70278e+07
-3.59768e+07
-4.17731e+07
-4.51422e+07
-2.88209e+07
-3.01741e+07
-2.54207e+07
-2.28467e+07
-2.70052e+07
-2.77841e+07
-1.86611e+08
-1.01209e+08
-1.13593e+08
-1.50121e+08
-8.52515e+07
-9.74071e+07
-1.47392e+08
-8.49977e+07
-1.07493e+08
-1.03717e+08
-1.00973e+08
-1.08421e+08
-1.01778e+08
-9.67494e+07
-9.80606e+07
-6.84991e+07
-7.42559e+07
-6.83917e+07
-8.90334e+07
-7.99983e+07
-1.00687e+08
-9.24231e+07
-6.59715e+07
-5.89554e+07
-7.68888e+07
-6.85919e+07
-5.16754e+07
-5.78667e+07
-6.29954e+07
-3.61758e+07
-3.87942e+07
-3.31583e+07
-4.94948e+07
-4.49371e+07
-5.68471e+07
-5.11542e+07
-3.88814e+07
-3.58933e+07
-4.3631e+07
-3.99173e+07
-2.68466e+07
-3.18745e+07
-3.38769e+07
-3.0269e+07
-3.60318e+07
-3.52544e+07
-3.41613e+07
-3.67441e+07
-3.05793e+08
-2.51544e+08
-8.75239e+07
-9.18509e+07
-1.09696e+08
-9.56511e+07
-1.07461e+08
-1.05141e+08
-1.05321e+08
-1.06424e+08
-8.61682e+07
-8.2881e+07
-9.84411e+07
-9.51036e+07
-6.35359e+07
-6.11776e+07
-7.40968e+07
-7.12236e+07
-4.78685e+07
-4.64002e+07
-5.48365e+07
-5.2963e+07
-3.77629e+07
-3.68792e+07
-4.23011e+07
-4.11364e+07
-4.29735e+07
-3.84026e+07
-3.83426e+07
-4.78949e+07
-3.45096e+07
-3.44841e+07
-2.75395e+07
-2.94976e+07
-3.19001e+07
-2.72873e+07
-2.52392e+07
-3.60598e+07
-3.47371e+07
-4.99925e+08
-4.46459e+08
-3.09957e+08
-2.67527e+08
-4.02356e+08
-3.53392e+08
-1.3869e+08
-1.39225e+08
-1.39547e+08
-1.37802e+08
-1.462e+08
-1.48328e+08
-1.41754e+08
-1.43547e+08
-1.90029e+08
-1.70409e+08
-2.4059e+08
-2.10136e+08
-1.45212e+08
-1.39468e+08
-1.62296e+08
-1.51014e+08
-1.57987e+08
-1.57039e+08
-1.58434e+08
-1.58005e+08
-1.53668e+08
-1.52037e+08
-1.55792e+08
-1.54467e+08
-1.54726e+08
-1.5609e+08
-1.50527e+08
-1.52513e+08
-1.58694e+08
-1.58811e+08
-1.56892e+08
-1.57647e+08
-1.31047e+08
-1.28794e+08
-1.35056e+08
-1.32829e+08
-1.22629e+08
-1.20413e+08
-1.26679e+08
-1.24455e+08
-1.4714e+08
-1.45123e+08
-1.50292e+08
-1.48454e+08
-1.39381e+08
-1.37176e+08
-1.43119e+08
-1.41002e+08
-9.93884e+07
-9.75711e+07
-1.02867e+08
-1.00987e+08
-9.27639e+07
-9.11072e+07
-9.59444e+07
-9.42317e+07
-1.14412e+08
-1.12297e+08
-1.18362e+08
-1.1621e+08
-1.06632e+08
-1.04654e+08
-1.10371e+08
-1.08344e+08
-7.645e+07
-7.52269e+07
-7.87915e+07
-7.75337e+07
-7.20493e+07
-7.09366e+07
-7.41677e+07
-7.30321e+07
-8.67484e+07
-8.52506e+07
-8.96344e+07
-8.8083e+07
-8.13291e+07
-7.99784e+07
-8.39306e+07
-8.25339e+07
-6.08601e+07
-5.99161e+07
-6.25583e+07
-6.16271e+07
-5.75545e+07
-5.66351e+07
-5.91671e+07
-5.82595e+07
-6.8043e+07
-6.7013e+07
-6.99799e+07
-6.89369e+07
-6.43431e+07
-6.33678e+07
-6.61395e+07
-6.51667e+07
-4.14733e+07
-3.92609e+07
-5.56133e+07
-6.36711e+07
-5.3067e+07
-5.34131e+07
-7.42017e+07
-5.55769e+07
-5.45243e+07
-5.36932e+07
-5.59781e+07
-5.51091e+07
-5.24935e+07
-5.21133e+07
-5.33647e+07
-5.26906e+07
)
;
    }
    interface
    {
        type            calculated;
        value           nonuniform List<scalar> 
1703
(
-5.71615e+07
-4.21776e+07
-5.66213e+07
-2.02379e+07
-1.9119e+07
-1.96238e+07
-1.93036e+07
-1.83494e+07
-1.72901e+07
-1.604e+07
-1.71377e+07
-1.27619e+07
-1.01732e+07
-4.74615e+06
-9.64448e+06
-4.03573e+07
-2.76901e+07
-2.05024e+07
-2.68242e+07
-1.97253e+07
-1.93951e+07
-1.84765e+07
-1.93457e+07
-1.58775e+07
-1.47211e+07
-1.30288e+07
-1.45368e+07
-3.92253e+06
-1.2568e+07
-1.93827e+07
-4.51968e+07
-4.73825e+07
-4.81839e+07
-5.17608e+07
-1.92459e+07
-1.926e+07
-1.95776e+07
-1.93734e+07
-1.78912e+07
-1.77555e+07
-1.65151e+07
-1.66681e+07
-1.18291e+07
-1.14689e+07
-7.01115e+06
-7.80783e+06
-3.3983e+07
-3.21652e+07
-2.2466e+07
-2.32519e+07
-1.96043e+07
-1.96457e+07
-1.88983e+07
-1.89811e+07
-1.53971e+07
-1.52318e+07
-1.37417e+07
-1.39537e+07
-1.95714e+06
-1.05538e+07
-3.41445e+06
-1.31276e+07
-2.45853e+07
-1.28181e+07
-2.08547e+07
-1.07017e+07
-1.4105e+06
-1.46227e+06
-3.01222e+06
-8.95251e+06
-1.54277e+06
-1.40392e+06
-2.8741e+07
-1.15613e+07
-7.07682e+06
-3.68836e+07
-5.39558e+07
-4.38452e+07
-5.55101e+07
-1.9909e+07
-1.91357e+07
-1.9609e+07
-1.94366e+07
-1.81997e+07
-1.7436e+07
-1.61903e+07
-1.69739e+07
-1.24706e+07
-1.06426e+07
-5.51979e+06
-9.08348e+06
-3.70005e+07
-2.88347e+07
-3.26849e+07
-2.03498e+07
-2.10238e+07
-2.52686e+07
-1.47228e+07
-1.97887e+07
-1.97591e+07
-1.94761e+07
-1.60571e+07
-1.63666e+07
-2.18855e+07
-2.14536e+07
-1.86098e+07
-1.92529e+07
-2.02505e+07
-2.13146e+07
-1.73141e+07
-1.85599e+07
-1.57082e+07
-1.48876e+07
-1.42945e+07
-1.33118e+07
-1.70938e+07
-1.5847e+07
-1.32721e+07
-1.43413e+07
-1.38505e+07
-1.15132e+07
-3.12928e+06
-2.6425e+06
-5.24024e+06
-1.20773e+07
-1.50452e+07
-1.77164e+07
-1.12943e+07
-1.64462e+07
-1.90264e+07
-4.13348e+07
-5.03695e+07
-4.45869e+07
-5.39974e+07
-1.94962e+07
-1.92914e+07
-1.96955e+07
-1.9335e+07
-1.80336e+07
-1.75976e+07
-1.63487e+07
-1.68149e+07
-1.21567e+07
-1.10751e+07
-6.2305e+06
-8.49113e+06
-5.27272e+07
-8.97328e+07
-8.09424e+07
-7.8816e+07
-7.86254e+07
-7.35449e+07
-1.00023e+08
-8.14055e+07
-7.85974e+07
-1.05731e+08
-7.7636e+07
-6.09376e+07
-6.67927e+07
-1.0611e+08
-1.07435e+08
-1.29662e+08
-3.24044e+07
-2.21922e+07
-1.47006e+07
-2.71268e+07
-3.78025e+07
-3.34281e+07
-3.39593e+07
-4.21007e+07
-3.80519e+07
-2.08729e+07
-1.5555e+07
-2.601e+07
-3.55475e+07
-4.26251e+07
-3.81064e+07
-3.87001e+07
-6.43347e+07
-6.48191e+07
-7.7468e+07
-6.22902e+07
-7.51361e+07
-5.21275e+07
-6.27202e+07
-4.42906e+07
-5.55603e+07
-6.46497e+07
-5.66552e+07
-6.50508e+07
-4.47544e+07
-3.41566e+07
-3.55938e+07
-4.12574e+07
-3.93111e+07
-5.06887e+07
-2.45228e+07
-2.54251e+07
-2.31976e+07
-1.8531e+07
-4.32025e+07
-4.59826e+07
-3.97736e+07
-4.20654e+07
-5.31402e+07
-4.17169e+07
-3.56352e+07
-2.98279e+07
-4.17021e+07
-3.16755e+07
-2.91722e+07
-2.58637e+07
-2.5068e+07
-3.3717e+07
-1.80322e+07
-1.76629e+07
-1.8256e+07
-1.82531e+07
-2.5221e+07
-1.81938e+07
-1.94646e+07
-2.30267e+07
-3.10678e+07
-3.73121e+07
-3.81396e+07
-3.55657e+07
-5.08901e+07
-6.35929e+07
-5.042e+07
-4.04635e+07
-4.1597e+07
-6.33207e+07
-3.33267e+07
-3.36683e+07
-3.22531e+07
-5.27574e+07
-6.23626e+07
-5.25388e+07
-6.27484e+07
-2.16414e+07
-2.42188e+07
-2.04372e+07
-2.64979e+07
-2.94277e+07
-2.94183e+07
-4.33107e+07
-3.04974e+07
-5.85993e+07
-4.29597e+07
-5.88956e+07
-2.88961e+07
-2.83384e+07
-2.58631e+07
-4.49692e+07
-6.17016e+07
-4.54382e+07
-6.14769e+07
-1.46045e+07
-1.03172e+07
-1.00341e+07
-1.4098e+07
-9.41419e+06
-1.35778e+07
-6.40876e+06
-5.79465e+06
-5.10361e+06
-5.4891e+06
-5.71357e+06
-4.85688e+06
-7.75704e+06
-8.81177e+06
-8.15163e+06
-8.41424e+06
-1.0458e+07
-1.41793e+07
-1.30956e+07
-9.33076e+06
-9.28481e+06
-1.30793e+07
-9.34968e+06
-1.61991e+07
-1.5485e+07
-1.07295e+07
-1.26745e+07
-1.78248e+07
-1.19722e+07
-1.69037e+07
-1.3961e+07
-1.51373e+07
-1.45792e+07
-1.44975e+07
-1.62955e+07
-2.335e+07
-1.69898e+07
-1.35584e+07
-1.92559e+07
-1.44516e+07
-1.00471e+07
-9.6395e+06
-9.25968e+06
-1.04411e+07
-1.3191e+07
-1.22534e+07
-1.40016e+07
-2.73099e+07
-2.97025e+07
-2.94745e+07
-4.85446e+07
-3.46757e+07
-6.4039e+07
-4.91887e+07
-3.87064e+07
-6.41267e+07
-3.0428e+07
-3.2887e+07
-3.14985e+07
-3.20936e+07
-4.74279e+07
-6.34447e+07
-4.68107e+07
-6.35547e+07
-2.16996e+07
-2.52279e+07
-2.79447e+07
-2.75408e+07
-4.07724e+07
-5.55044e+07
-4.10225e+07
-5.5175e+07
-2.15392e+07
-2.56892e+07
-2.87514e+07
-2.60474e+07
-2.8598e+07
-3.8649e+07
-5.14922e+07
-3.84562e+07
-5.18402e+07
-1.39865e+07
-1.11488e+07
-1.04339e+07
-1.34571e+07
-1.07758e+07
-4.80149e+06
-5.17573e+06
-4.77984e+06
-5.43001e+06
-4.74739e+06
-5.50131e+06
-5.84895e+06
-6.77814e+06
-6.53397e+06
-6.09377e+06
-4.42268e+06
-4.66017e+06
-4.33369e+06
-1.52013e+07
-1.29606e+07
-9.522e+06
-9.81728e+06
-1.01381e+07
-1.34562e+07
-1.96386e+07
-1.96145e+07
-1.40282e+07
-1.14317e+07
-1.17151e+07
-1.62346e+07
-1.19951e+07
-1.4408e+07
-6.6415e+06
-6.90343e+06
-8.10277e+06
-8.98392e+06
-8.74058e+06
-8.28877e+06
-6.75932e+06
-7.11708e+06
-6.47985e+06
-7.40456e+06
-5.23668e+06
-1.63715e+07
-1.46282e+07
-1.25739e+07
-1.24378e+07
-1.22052e+07
-1.44219e+07
-1.24057e+07
-2.17846e+07
-2.48906e+07
-2.75885e+07
-2.715e+07
-3.38495e+07
-2.71583e+07
-4.40468e+07
-3.3737e+07
-4.43522e+07
-2.60015e+07
-2.5767e+07
-2.41234e+07
-3.60829e+07
-4.80703e+07
-3.62285e+07
-4.77324e+07
-1.8773e+07
-1.90941e+07
-1.95258e+07
-2.13684e+07
-2.31811e+07
-2.26299e+07
-2.58109e+07
-3.15505e+07
-2.57644e+07
-3.16337e+07
-1.93026e+07
-2.02924e+07
-2.14144e+07
-2.13271e+07
-2.03192e+07
-2.74817e+07
-3.43897e+07
-2.7537e+07
-3.42419e+07
-1.45183e+07
-1.30873e+07
-1.30516e+07
-1.43864e+07
-1.30567e+07
-9.30671e+06
-9.37603e+06
-8.81242e+06
-8.67627e+06
-8.91316e+06
-1.56456e+07
-1.41318e+07
-1.29531e+07
-1.29814e+07
-1.30554e+07
-1.43137e+07
-1.62839e+07
-1.45764e+07
-1.30502e+07
-1.29888e+07
-1.46301e+07
-1.30565e+07
-7.42815e+06
-8.75166e+06
-9.24058e+06
-8.57318e+06
-9.45968e+06
-1.4617e+07
-1.27153e+07
-1.28411e+07
-1.29079e+07
-1.46717e+07
-1.28344e+07
-8.36158e+06
-2.07244e+07
-2.21982e+07
-2.36683e+07
-2.35327e+07
-3.14916e+07
-2.57273e+07
-4.07936e+07
-3.15784e+07
-2.59065e+07
-4.0529e+07
-2.55217e+07
-2.38585e+07
-2.49688e+07
-2.9465e+07
-3.72478e+07
-2.9396e+07
-3.74573e+07
-1.85145e+07
-1.94134e+07
-1.93517e+07
-2.42355e+07
-2.1015e+07
-2.91939e+07
-2.42761e+07
-2.10941e+07
-2.91716e+07
-1.80473e+07
-2.09774e+07
-2.04767e+07
-2.2919e+07
-2.71088e+07
-2.28812e+07
-2.7082e+07
-1.34717e+07
-1.25084e+07
-1.2575e+07
-1.27408e+07
-1.37441e+07
-9.53161e+06
-9.53335e+06
-1.40521e+07
-1.2933e+07
-1.29032e+07
-1.27749e+07
-1.38312e+07
-1.28197e+07
-1.555e+07
-1.50558e+07
-1.33688e+07
-1.24393e+07
-1.23692e+07
-1.21851e+07
-1.30714e+07
-1.22659e+07
-9.50673e+06
-9.52861e+06
-9.5253e+06
-9.52817e+06
-1.37706e+07
-1.26e+07
-1.17721e+07
-1.21017e+07
-1.29605e+07
-1.20038e+07
-1.65886e+07
-1.77907e+07
-1.90367e+07
-1.8594e+07
-2.06286e+07
-2.38562e+07
-2.05947e+07
-2.3781e+07
-1.63712e+07
-1.68696e+07
-1.76286e+07
-1.7591e+07
-1.68628e+07
-2.16768e+07
-2.52828e+07
-2.17107e+07
-2.53458e+07
-1.3511e+07
-1.41478e+07
-1.43631e+07
-1.5506e+07
-1.51095e+07
-1.70056e+07
-1.4863e+07
-1.9871e+07
-1.699e+07
-1.47479e+07
-1.97371e+07
-1.26547e+07
-1.36553e+07
-1.37743e+07
-1.7828e+07
-2.0523e+07
-1.78523e+07
-2.06271e+07
-1.09053e+07
-1.00925e+07
-9.80832e+06
-9.10555e+06
-9.97628e+06
-6.03473e+06
-7.95232e+06
-8.25194e+06
-7.25925e+06
-7.78788e+06
-8.71666e+06
-9.60301e+06
-8.28563e+06
-1.11592e+07
-1.03482e+07
-1.10145e+07
-1.18072e+07
-9.34126e+06
-9.43734e+06
-9.23755e+06
-1.26216e+07
-1.24609e+07
-1.16496e+07
-1.11874e+07
-1.19891e+07
-1.13509e+07
-8.65223e+06
-8.44015e+06
-1.51572e+07
-1.58514e+07
-1.58573e+07
-1.96094e+07
-2.2517e+07
-1.96409e+07
-1.77759e+07
-1.74222e+07
-2.26001e+07
-1.72896e+07
-1.68869e+07
-1.87239e+07
-2.15346e+07
-1.86945e+07
-2.14451e+07
-8.50453e+06
-8.40959e+06
-9.26869e+06
-9.81756e+06
-1.61451e+07
-1.35994e+07
-1.9108e+07
-1.6144e+07
-1.93083e+07
-1.31879e+07
-1.22224e+07
-1.26876e+07
-1.51867e+07
-1.92234e+07
-1.54068e+07
-1.87737e+07
-3.08927e+06
-2.16454e+06
-4.02353e+06
-5.12176e+06
-4.29268e+06
-4.92422e+06
-3.70067e+06
-1.27366e+06
-6.35196e+06
-7.7034e+06
-6.68545e+06
-4.73526e+06
-5.84891e+06
-5.42246e+06
-2.4653e+06
-1.02986e+07
-7.8681e+06
-4.05874e+06
-9.83816e+06
-5.87253e+06
-3.77293e+06
-1.32203e+07
-1.6163e+07
-2.16856e+07
-2.336e+07
-1.33072e+07
-1.80003e+07
-1.82065e+07
-2.14593e+07
-7.66825e+06
-1.04489e+07
-1.55512e+06
-2.463e+06
-5.51514e+06
-2.18918e+06
-1.00175e+07
-5.15721e+06
-2.44836e+06
-1.64862e+06
-950724
-1.45229e+06
-2.44008e+06
-934276
-2.03747e+06
-1.11015e+06
-979416
-1.1198e+06
-991412
-1.3038e+06
-1.08106e+06
-1.69575e+06
-8.56866e+06
-7.64875e+06
-5.70156e+06
-5.99334e+06
-2.29746e+07
-3.2932e+07
-7.36589e+06
-1.74565e+07
-2.03228e+06
-1.86936e+06
-4.55035e+06
-3.34473e+06
-1.34311e+07
-1.89746e+07
-1.45596e+07
-1.90431e+07
-5.3708e+07
-4.84408e+07
-3.07875e+07
-4.90821e+07
-3.37997e+07
-4.79584e+07
-2.92521e+07
-2.36576e+07
-2.05148e+07
-2.09836e+07
-1.45538e+07
-1.44706e+07
-2.05453e+07
-2.31335e+07
-2.18451e+07
-2.12078e+07
-1.58564e+07
-1.47264e+07
-2.00355e+07
-1.87873e+07
-1.60057e+07
-1.53043e+07
-1.60376e+07
-1.64228e+07
-1.43947e+07
-1.52315e+07
-1.14929e+07
-8.78606e+06
-1.17347e+07
-1.31745e+07
-1.41313e+07
-1.56219e+07
-6.1777e+06
-1.101e+07
-3.37406e+06
-8.2598e+06
-1.76658e+08
-7.35448e+07
-2.36068e+08
-5.33952e+07
-2.54883e+08
-2.86136e+07
-6.48309e+07
-1.61852e+08
-6.22272e+07
-1.25975e+08
-3.97153e+07
-5.96538e+07
-1.04674e+08
-1.19425e+08
-2.46179e+07
-2.64829e+07
-4.57291e+07
-9.99071e+07
-9.97263e+07
-2.55196e+07
-1.02948e+08
-9.94447e+07
-3.07395e+07
-9.20449e+07
-3.00194e+07
-9.60792e+07
-2.06016e+07
-3.03837e+07
-9.94728e+07
-9.6447e+07
-1.67874e+07
-2.12248e+07
-1.00628e+08
-1.00604e+08
-2.15682e+07
-9.94602e+07
-1.01022e+08
-2.96293e+07
-9.14297e+07
-3.03052e+07
-8.68293e+07
-8.11878e+07
-8.60674e+07
-1.54787e+07
-2.77202e+07
-6.97639e+07
-2.68485e+07
-7.45398e+07
-2.17291e+07
-2.79923e+07
-8.03361e+07
-7.54197e+07
-2.27001e+07
-5.03876e+07
-2.19851e+07
-5.39509e+07
-5.85358e+07
-5.46256e+07
-1.56974e+07
-1.62714e+07
-2.56171e+07
-6.89026e+07
-2.64798e+07
-6.43524e+07
-2.09078e+07
-5.92903e+07
-6.35382e+07
-1.78251e+07
-2.09077e+07
-4.97877e+07
-2.15603e+07
-4.65572e+07
-4.31112e+07
-1.99083e+07
-4.60378e+07
-1.4784e+07
-1.48668e+07
-1.38825e+07
-1.86311e+07
-3.72325e+07
-1.81049e+07
-3.9652e+07
-4.26622e+07
-4.00167e+07
-1.30078e+07
-1.52341e+07
-2.8518e+07
-1.45578e+07
-3.0337e+07
-3.22946e+07
-1.61123e+07
-3.02965e+07
-1.05196e+07
-1.0168e+07
-1.24467e+07
-1.48043e+07
-1.72595e+07
-3.69464e+07
-3.47058e+07
-1.50468e+07
-3.23929e+07
-3.45041e+07
-1.32313e+07
-2.87458e+07
-1.42135e+07
-2.73376e+07
-9.33521e+06
-2.74523e+07
-2.78324e+07
-5.61567e+06
-954792
-1.23459e+06
-2.5733e+06
-3.57382e+07
-2.85753e+07
-3.55524e+07
-5.59234e+07
-5.46442e+07
-7.30728e+07
-2.69177e+07
-4.52958e+07
-3.26817e+07
-4.16825e+07
-4.41863e+07
-5.65518e+07
-3.66961e+07
-4.67474e+07
-2.86925e+07
-2.14645e+07
-2.63897e+07
-3.9698e+07
-2.41684e+07
-3.29306e+07
-2.06105e+07
-2.69598e+07
-2.06063e+07
-2.56283e+07
-1.44587e+07
-1.42715e+07
-1.4999e+07
-1.83634e+07
-2.05069e+07
-2.70754e+07
-2.22442e+07
-2.16177e+07
-2.54571e+07
-2.14517e+07
-1.57089e+07
-1.50556e+07
-1.62357e+07
-1.63685e+07
-2.18578e+07
-2.53949e+07
-2.14122e+07
-2.4005e+07
-1.97562e+07
-2.19148e+07
-1.88726e+07
-1.59271e+07
-1.54223e+07
-1.61238e+07
-1.64324e+07
-2.03036e+07
-2.22512e+07
-2.11029e+07
-2.32908e+07
-1.74103e+07
-1.85278e+07
-1.82741e+07
-1.94974e+07
-1.9987e+07
-1.45275e+07
-1.51167e+07
-1.41563e+07
-1.3473e+07
-1.68175e+07
-1.82242e+07
-1.59566e+07
-1.35016e+07
-1.47854e+07
-1.18543e+07
-1.29127e+07
-1.26878e+07
-1.11909e+07
-9.29416e+06
-1.19882e+07
-1.29955e+07
-1.42967e+07
-1.50933e+07
-1.53375e+07
-1.61737e+07
-1.65768e+07
-6.96944e+06
-7.67734e+06
-1.04353e+07
-1.16364e+07
-4.14865e+06
-7.66313e+06
-1.86957e+06
-4.26988e+06
-5.65495e+06
-6.77062e+06
-1.42716e+07
-1.40543e+07
-1.31093e+07
-1.57233e+07
-7.92011e+07
-8.65482e+07
-8.30249e+07
-5.54308e+07
-8.65275e+07
-8.4126e+07
-8.73649e+07
-9.12606e+07
-1.96243e+08
-7.26472e+07
-1.13975e+08
-2.15058e+08
-7.42314e+07
-6.68251e+07
-7.91836e+07
-5.47296e+07
-8.17378e+07
-9.24993e+07
-9.47465e+07
-1.2141e+08
-2.76242e+08
-2.43039e+07
-2.36139e+07
-1.8971e+07
-2.63925e+07
-2.84057e+07
-4.29951e+07
-2.88464e+07
-3.78279e+07
-3.27547e+07
-2.64873e+07
-2.88198e+07
-4.57502e+07
-3.57835e+07
-3.49825e+07
-4.87074e+07
-3.47008e+07
-2.69546e+07
-3.15873e+07
-3.30556e+07
-4.06622e+07
-3.84734e+07
-3.03191e+07
-4.28191e+07
-3.10159e+07
-3.20131e+07
-2.41205e+07
-4.07609e+07
-3.65266e+07
-3.07241e+07
-4.2245e+07
-4.65144e+07
-5.79686e+07
-6.19e+07
-8.33516e+07
-1.4689e+08
-5.87173e+07
-6.67944e+07
-7.16479e+07
-1.36313e+08
-4.35285e+07
-5.2693e+07
-4.63417e+07
-4.42081e+07
-5.56197e+07
-5.72136e+07
-5.76302e+07
-6.4227e+07
-1.08635e+08
-5.89558e+07
-5.60658e+07
-6.70893e+07
-1.12711e+08
-4.68774e+07
-3.67278e+07
-4.88435e+07
-3.78882e+07
-4.87934e+07
-2.98227e+07
-4.55847e+07
-3.21643e+07
-2.18686e+07
-4.96174e+07
-3.55487e+07
-5.02262e+07
-3.42184e+07
-1.95531e+07
-3.86194e+07
-2.69952e+07
-2.40378e+07
-4.30674e+07
-1.83798e+07
-2.03683e+07
-3.59108e+07
-1.99163e+07
-2.17764e+07
-3.19257e+07
-4.63836e+07
-5.14611e+07
-4.25729e+07
-5.24074e+07
-3.85875e+07
-2.80697e+07
-3.60044e+07
-2.69185e+07
-1.66699e+07
-1.76186e+07
-1.77573e+07
-1.71183e+07
-1.82979e+07
-1.59162e+07
-1.57861e+07
-1.63453e+07
-1.52161e+07
-1.80786e+07
-2.28981e+07
-1.80826e+07
-1.84264e+07
-1.97562e+07
-1.80204e+07
-1.82176e+07
-2.51536e+07
-1.93918e+07
-2.91638e+07
-1.90076e+07
-2.2115e+07
-2.66329e+07
-2.88014e+07
-2.10539e+07
-3.5708e+07
-4.8737e+07
-3.62495e+07
-3.6233e+07
-2.73393e+07
-3.70016e+07
-5.36442e+07
-5.0878e+07
-4.35508e+07
-5.14939e+07
-6.39173e+07
-9.99773e+07
-5.02039e+07
-6.30944e+07
-9.93998e+07
-3.34829e+07
-3.55087e+07
-3.40379e+07
-2.393e+07
-3.49944e+07
-5.00287e+07
-5.26653e+07
-6.25208e+07
-1.00839e+08
-5.356e+07
-6.33398e+07
-1.00286e+08
-2.9111e+07
-2.86346e+07
-2.01815e+07
-2.60677e+07
-2.61062e+07
-3.1576e+07
-4.43106e+07
-5.7159e+07
-9.38684e+07
-2.98843e+07
-4.20083e+07
-6.03262e+07
-9.43549e+07
-2.89715e+07
-2.62252e+07
-2.89649e+07
-2.08912e+07
-2.5882e+07
-3.03218e+07
-4.41296e+07
-6.28414e+07
-9.81541e+07
-3.12325e+07
-4.6281e+07
-6.0258e+07
-9.79696e+07
-1.45184e+07
-1.4098e+07
-1.35522e+07
-9.56591e+06
-5.44348e+06
-7.09864e+06
-6.3396e+06
-5.84005e+06
-7.84741e+06
-5.98674e+06
-7.07187e+06
-9.60848e+06
-6.89221e+06
-7.51172e+06
-6.45837e+06
-8.73583e+06
-1.13527e+07
-1.44203e+07
-1.27821e+07
-9.19067e+06
-1.33778e+07
-1.55635e+07
-1.58247e+07
-1.11777e+07
-1.71918e+07
-1.31777e+07
-1.28884e+07
-1.36547e+07
-1.24271e+07
-1.55294e+07
-1.74152e+07
-1.7562e+07
-2.19941e+07
-1.56747e+07
-2.01556e+07
-1.08792e+07
-1.20396e+07
-1.12827e+07
-1.1603e+07
-1.48234e+07
-3.06599e+07
-3.3991e+07
-2.86177e+07
-3.0378e+07
-2.09378e+07
-2.78905e+07
-3.15455e+07
-3.17978e+07
-3.53691e+07
-4.81129e+07
-6.41749e+07
-1.00423e+08
-3.72683e+07
-4.97541e+07
-6.38826e+07
-1.01025e+08
-2.9688e+07
-3.11248e+07
-3.12199e+07
-2.18516e+07
-2.91565e+07
-3.32306e+07
-4.80998e+07
-6.26145e+07
-1.0048e+08
-4.61405e+07
-6.4233e+07
-1.00259e+08
-2.83139e+07
-2.9713e+07
-2.58314e+07
-2.79935e+07
-2.18157e+07
-2.53936e+07
-2.89442e+07
-2.89282e+07
-2.95399e+07
-3.97734e+07
-5.70781e+07
-8.94923e+07
-2.99818e+07
-4.21336e+07
-5.36473e+07
-8.87975e+07
-2.54924e+07
-2.85677e+07
-2.80699e+07
-2.12152e+07
-2.57554e+07
-2.92772e+07
-3.98184e+07
-4.99406e+07
-8.32065e+07
-3.74489e+07
-5.34633e+07
-8.40365e+07
-1.36664e+07
-1.08736e+07
-1.57602e+07
-1.3896e+07
-4.88212e+06
-4.4648e+06
-5.73799e+06
-5.00905e+06
-5.60559e+06
-4.32081e+06
-5.55969e+06
-6.01266e+06
-6.29019e+06
-5.30059e+06
-4.20881e+06
-1.49924e+07
-1.34301e+07
-1.30867e+07
-9.86336e+06
-1.43661e+07
-1.61668e+07
-1.41818e+07
-1.17891e+07
-6.40978e+06
-7.86643e+06
-8.24836e+06
-7.63052e+06
-8.55276e+06
-6.09438e+06
-5.47615e+06
-7.04756e+06
-7.90486e+06
-7.63519e+06
-7.27969e+06
-4.90737e+06
-5.78356e+06
-1.64598e+07
-1.44841e+07
-1.46534e+07
-2.70657e+07
-2.67564e+07
-2.16638e+07
-2.47264e+07
-2.48933e+07
-2.88276e+07
-3.4994e+07
-4.25755e+07
-7.16753e+07
-2.69346e+07
-3.28186e+07
-4.59196e+07
-7.25654e+07
-2.66269e+07
-2.47128e+07
-2.6109e+07
-2.15953e+07
-2.41605e+07
-2.80367e+07
-3.51078e+07
-4.96832e+07
-7.8303e+07
-2.8312e+07
-3.74061e+07
-4.62069e+07
-7.74121e+07
-2.25157e+07
-2.31429e+07
-2.12728e+07
-2.2409e+07
-1.96008e+07
-2.12374e+07
-2.39181e+07
-2.33809e+07
-2.21966e+07
-2.65999e+07
-3.04053e+07
-5.18017e+07
-2.21005e+07
-2.5184e+07
-3.2861e+07
-5.24635e+07
-2.0413e+07
-2.20485e+07
-2.15186e+07
-1.90163e+07
-2.0934e+07
-2.32635e+07
-2.68163e+07
-3.57166e+07
-5.69071e+07
-2.84296e+07
-3.30085e+07
-5.61673e+07
-1.45419e+07
-1.31122e+07
-1.58036e+07
-1.43943e+07
-9.23762e+06
-1.01968e+07
-1.06419e+07
-1.01465e+07
-1.06976e+07
-9.14258e+06
-1.02556e+07
-1.07335e+07
-1.07017e+07
-1.02851e+07
-9.96921e+06
-1.05689e+07
-1.05042e+07
-1.00256e+07
-9.88009e+06
-1.03763e+07
-1.04719e+07
-9.79645e+06
-9.01664e+06
-1.55465e+07
-1.41632e+07
-1.43032e+07
-1.30502e+07
-1.62429e+07
-1.45489e+07
-1.30213e+07
-1.47037e+07
-8.929e+06
-7.61395e+06
-9.74887e+06
-9.58145e+06
-9.06451e+06
-7.17722e+06
-7.81454e+06
-1.63237e+07
-1.47579e+07
-1.45964e+07
-8.2219e+06
-9.41122e+06
-9.92727e+06
-1.00764e+07
-9.28416e+06
-8.50809e+06
-9.53967e+06
-1.02572e+07
-9.6316e+06
-1.01473e+07
-8.03334e+06
-2.43522e+07
-2.51918e+07
-2.29046e+07
-2.37888e+07
-2.04693e+07
-2.23383e+07
-2.43621e+07
-2.44823e+07
-3.06493e+07
-4.22921e+07
-6.70241e+07
-3.26572e+07
-3.91271e+07
-6.61576e+07
-2.31399e+07
-2.48487e+07
-2.46726e+07
-2.09254e+07
-2.32171e+07
-2.46284e+07
-3.04559e+07
-3.59249e+07
-6.09708e+07
-2.86396e+07
-3.88734e+07
-6.17811e+07
-1.9976e+07
-2.05073e+07
-1.9504e+07
-1.7543e+07
-1.8625e+07
-1.90868e+07
-2.37329e+07
-3.03192e+07
-4.84293e+07
-2.49685e+07
-2.81232e+07
-4.78473e+07
-2.03821e+07
-1.94039e+07
-2.03088e+07
-1.81386e+07
-1.93842e+07
-2.00771e+07
-2.35241e+07
-2.61637e+07
-4.42944e+07
-2.00086e+07
-2.24439e+07
-2.80965e+07
-4.47982e+07
-1.35362e+07
-1.46572e+07
-1.36787e+07
-1.26768e+07
-9.58045e+06
-1.04213e+07
-1.07818e+07
-1.04542e+07
-1.07706e+07
-9.46648e+06
-9.60654e+06
-1.03896e+07
-1.07716e+07
-1.03701e+07
-1.07938e+07
-9.60241e+06
-1.05237e+07
-1.07985e+07
-1.07682e+07
-1.05307e+07
-9.48022e+06
-9.62148e+06
-1.05505e+07
-1.06519e+07
-1.06981e+07
-1.04938e+07
-1.49919e+07
-1.4015e+07
-1.38794e+07
-1.32856e+07
-1.40246e+07
-1.31508e+07
-9.53966e+06
-1.03476e+07
-1.0449e+07
-1.04144e+07
-1.03886e+07
-9.45688e+06
-9.53554e+06
-1.02924e+07
-1.02269e+07
-1.03065e+07
-1.01819e+07
-1.05181e+07
-1.04958e+07
-1.05386e+07
-1.04402e+07
-9.51398e+06
-1.05392e+07
-1.06238e+07
-1.05423e+07
-1.05975e+07
-1.36196e+07
-1.27071e+07
-1.18839e+07
-1.28555e+07
-1.85048e+07
-1.89815e+07
-1.76896e+07
-1.84538e+07
-1.66879e+07
-1.76833e+07
-1.9535e+07
-1.91377e+07
-1.82588e+07
-2.11019e+07
-2.31279e+07
-3.82509e+07
-1.81998e+07
-2.02492e+07
-2.45564e+07
-3.86002e+07
-1.69841e+07
-1.81504e+07
-1.77301e+07
-1.60953e+07
-1.73986e+07
-1.9077e+07
-2.12917e+07
-2.61795e+07
-4.15259e+07
-2.2243e+07
-2.45108e+07
-4.11053e+07
-1.48536e+07
-1.554e+07
-1.48983e+07
-1.32349e+07
-1.41514e+07
-1.40304e+07
-1.73909e+07
-1.93989e+07
-2.94719e+07
-1.66767e+07
-2.02125e+07
-2.93704e+07
-1.44743e+07
-1.36783e+07
-1.40541e+07
-1.22274e+07
-1.32085e+07
-1.56763e+07
-1.75261e+07
-2.10451e+07
-3.13262e+07
-1.57648e+07
-1.82388e+07
-2.01116e+07
-3.12697e+07
-1.06326e+07
-1.08715e+07
-1.02968e+07
-9.46372e+06
-6.50273e+06
-7.12474e+06
-7.53979e+06
-7.5637e+06
-7.15526e+06
-5.47083e+06
-6.95555e+06
-6.69308e+06
-6.25843e+06
-6.72235e+06
-6.15256e+06
-7.66006e+06
-8.26617e+06
-7.88842e+06
-8.20759e+06
-7.90404e+06
-8.23809e+06
-8.55434e+06
-8.76984e+06
-8.51113e+06
-8.84121e+06
-7.3032e+06
-9.74525e+06
-8.72762e+06
-9.20358e+06
-1.22209e+07
-1.13753e+07
-1.05871e+07
-1.16172e+07
-1.08237e+07
-9.90995e+06
-9.75859e+06
-9.89862e+06
-9.7577e+06
-1.00167e+07
-1.01383e+07
-1.01261e+07
-1.00387e+07
-9.10697e+06
-1.28169e+07
-1.23244e+07
-1.15202e+07
-1.21404e+07
-8.82025e+06
-9.46062e+06
-9.60811e+06
-9.43776e+06
-9.64239e+06
-9.28327e+06
-9.00465e+06
-9.04613e+06
-9.22455e+06
-8.99109e+06
-1.6423e+07
-1.69462e+07
-1.57242e+07
-1.60286e+07
-1.44977e+07
-1.53192e+07
-1.6416e+07
-1.65285e+07
-1.73595e+07
-1.92905e+07
-2.31876e+07
-3.5949e+07
-2.00719e+07
-2.19631e+07
-3.56829e+07
-1.60424e+07
-1.67581e+07
-1.67386e+07
-1.51769e+07
-1.60133e+07
-1.66012e+07
-1.91256e+07
-2.09666e+07
-3.336e+07
-1.83892e+07
-2.20298e+07
-3.35341e+07
-1.12115e+07
-1.26637e+07
-1.04235e+07
-1.20069e+07
-7.66533e+06
-9.06666e+06
-9.93731e+06
-1.15323e+07
-1.57739e+07
-1.95387e+07
-2.78472e+07
-1.37685e+07
-1.6549e+07
-1.88787e+07
-2.81652e+07
-1.19629e+07
-1.07298e+07
-1.22806e+07
-9.90027e+06
-1.11887e+07
-1.55958e+07
-1.90103e+07
-2.78644e+07
-1.18468e+07
-1.52365e+07
-1.90787e+07
-2.71868e+07
-3.73146e+06
-2.72844e+06
-4.83253e+06
-4.41241e+06
-3.33211e+06
-4.47215e+06
-4.00642e+06
-3.0237e+06
-3.79475e+06
-4.61375e+06
-5.049e+06
-5.74694e+06
-5.6521e+06
-5.20122e+06
-1.78596e+06
-2.54459e+06
-3.34921e+06
-2.73198e+06
-3.17986e+06
-1.02937e+06
-2.41103e+06
-2.09003e+06
-1.66639e+06
-2.18613e+06
-1.6688e+06
-7.05982e+06
-7.13521e+06
-6.0754e+06
-6.50219e+06
-7.9304e+06
-6.10637e+06
-7.708e+06
-6.08179e+06
-1.67869e+07
-2.08756e+07
-1.77307e+07
-1.89904e+07
-6.99902e+06
-3.73728e+06
-4.61276e+06
-6.26602e+06
-1.91411e+06
-1.26477e+06
-1.35663e+06
-1.5866e+06
-1.05478e+06
-924157
-1.19162e+06
-1.42815e+06
-613926
-374446
-1.05764e+06
-1.07914e+06
-1.52462e+06
-782604
-805649
-1.42406e+06
-1.04277e+06
-1.56282e+06
-1.16458e+06
-1.58573e+06
-878251
-5.12933e+06
-7.0903e+06
-3.38083e+06
-6.61598e+06
-9.23581e+06
-3.38146e+06
-4.52699e+06
-1.12893e+07
-1.04138e+07
-1.02044e+07
-2.14537e+07
-1.30479e+07
-2.0436e+07
-4.56079e+06
-2.29021e+06
-2.11891e+06
-1.13658e+07
-1.9396e+07
-2.90432e+07
-1.04824e+07
-1.52793e+07
-1.82777e+07
-3.17222e+07
)
;
    }
    procBoundary4to0
    {
        type            processor;
        value           nonuniform List<scalar> 
58
(
-4.90672e+07
-9.13059e+07
-9.81643e+07
-9.9309e+07
-8.76682e+07
-1.60927e+08
-3.51113e+08
-1.21503e+08
-1.0838e+08
-7.83649e+07
-3.51113e+08
-5.7175e+07
-5.7175e+07
-5.7175e+07
-5.7175e+07
-1.0838e+08
-7.12061e+07
-7.12061e+07
-7.12061e+07
-7.12061e+07
-7.12061e+07
-1.21503e+08
-1.21503e+08
-1.21503e+08
-1.21503e+08
-1.21503e+08
-1.34729e+08
-7.83649e+07
-7.83649e+07
-7.83649e+07
-7.83649e+07
-5.46461e+07
-5.94451e+07
-7.97917e+07
-4.76649e+07
-6.19298e+07
-7.36689e+07
-4.10234e+07
-1.03008e+08
-8.00433e+07
-8.31822e+07
-1.00577e+08
-1.96896e+08
-1.96896e+08
-3.29209e+08
-1.00577e+08
-1.43605e+08
-3.59506e+07
-4.28606e+07
-4.56151e+07
-9.9309e+07
-8.01246e+07
-8.01246e+07
-8.01246e+07
-9.81643e+07
-5.07617e+07
-6.20048e+07
-4.85463e+07
)
;
    }
    procBoundary4to1
    {
        type            processor;
        value           nonuniform List<scalar> 
78
(
-1.7226e+08
-1.64255e+08
-1.41514e+08
-1.47412e+08
-1.47991e+08
-1.15947e+08
-1.60616e+08
-1.02011e+08
-1.33946e+08
-1.1131e+08
-1.41514e+08
-1.47412e+08
-1.31731e+08
-1.42263e+08
-9.42691e+07
-1.31731e+08
-4.06259e+07
-3.93224e+07
-1.39298e+08
-3.77709e+07
-4.21704e+07
-2.56244e+07
-2.78008e+07
-2.61866e+07
-2.49134e+07
-2.50387e+07
-2.42988e+07
-1.20082e+08
-9.42691e+07
-9.42691e+07
-2.46115e+07
-2.58149e+07
-4.10612e+07
-4.0592e+07
-4.81959e+07
-3.21721e+07
-2.91092e+07
-5.60259e+07
-3.43261e+07
-3.92182e+07
-2.48752e+07
-2.58053e+07
-2.49787e+07
-2.48703e+07
-2.5136e+07
-2.78008e+07
-2.56244e+07
-2.91092e+07
-3.21721e+07
-4.30998e+07
-3.92182e+07
-3.43261e+07
-2.49134e+07
-2.61866e+07
-2.58053e+07
-2.48752e+07
-2.42988e+07
-2.50387e+07
-2.48703e+07
-2.49787e+07
-2.58149e+07
-2.46115e+07
-2.5136e+07
-1.15568e+08
-1.10506e+08
-1.41514e+08
-1.41514e+08
-1.02063e+08
-1.31687e+08
-9.25113e+07
-1.16951e+08
-1.47991e+08
-1.47412e+08
-1.47991e+08
-1.42263e+08
-1.42263e+08
-1.31731e+08
-1.20082e+08
)
;
    }
    procBoundary4to5
    {
        type            processor;
        value           nonuniform List<scalar> 
526
(
-6.31062e+07
-2.7183e+07
-1.59695e+07
-6.98912e+07
-5.1078e+07
-5.30928e+07
-4.86006e+07
-4.68242e+07
-3.0137e+07
-2.42074e+07
-2.52111e+07
-2.29728e+07
-2.21196e+07
-1.6339e+07
-1.37541e+07
-1.41471e+07
-1.32646e+07
-1.2738e+07
-1.17733e+08
-4.62627e+07
-2.05538e+07
-8.55219e+07
-9.57411e+07
-1.00339e+08
-7.7295e+07
-7.08542e+07
-3.55848e+07
-3.70825e+07
-4.15635e+07
-3.37077e+07
-3.23107e+07
-1.75492e+07
-1.80132e+07
-1.90138e+07
-1.68997e+07
-1.64795e+07
-5.70013e+07
-2.46161e+07
-1.57664e+07
-7.77473e+07
-5.84199e+07
-5.58723e+07
-3.40417e+07
-3.40417e+07
-3.9623e+07
-3.9623e+07
-3.26274e+07
-3.26274e+07
-4.28553e+07
-4.45179e+07
-2.86602e+07
-2.86602e+07
-3.35067e+07
-2.77543e+07
-2.66084e+07
-1.73949e+07
-1.73949e+07
-1.9462e+07
-1.9462e+07
-1.6839e+07
-1.6839e+07
-2.03321e+07
-2.1039e+07
-1.55489e+07
-1.69101e+07
-1.50125e+07
-1.46229e+07
-1.02031e+07
-1.19161e+07
-9.53744e+06
-2.2677e+07
-1.60292e+07
-1.106e+07
-1.2079e+07
-7.14003e+06
-3.14204e+07
-1.14477e+07
-9.01659e+06
-5.14056e+07
-8.27711e+06
-8.66158e+06
-9.22232e+06
-2.24142e+07
-1.07206e+08
-6.40077e+07
-6.40077e+07
-2.41102e+07
-2.44735e+07
-8.74618e+07
-6.18598e+07
-6.56768e+07
-5.64712e+07
-5.64712e+07
-4.22238e+07
-4.22238e+07
-1.31755e+07
-9.26537e+06
-9.78797e+06
-1.9439e+07
-1.5544e+07
-1.46928e+07
-2.91123e+07
-2.32479e+07
-2.26882e+07
-2.18804e+07
-1.67432e+07
-1.76883e+07
-8.14194e+06
-7.78397e+06
-5.57756e+06
-5.37491e+06
-4.06899e+07
-3.91078e+07
-2.40938e+07
-2.40938e+07
-2.7486e+07
-2.7486e+07
-6.60683e+06
-6.28675e+06
-5.27879e+06
-5.59938e+06
-3.7312e+07
-2.93132e+07
-3.05908e+07
-2.30785e+07
-2.30785e+07
-2.02677e+07
-2.02677e+07
-9.1421e+06
-8.92581e+06
-8.83777e+06
-8.82042e+06
-8.20264e+06
-8.36047e+06
-8.29502e+06
-6.76288e+06
-7.05774e+06
-8.66765e+06
-8.06533e+06
-7.88389e+06
-9.00768e+06
-9.08679e+06
-1.03457e+07
-1.03457e+07
-1.03457e+07
-1.03457e+07
-1.03457e+07
-1.03457e+07
-1.03457e+07
-1.93885e+07
-1.87868e+07
-1.40642e+07
-1.52148e+07
-1.0104e+07
-1.0104e+07
-1.0104e+07
-1.0104e+07
-1.0104e+07
-1.0104e+07
-1.02798e+07
-1.02798e+07
-1.02798e+07
-1.02798e+07
-1.02798e+07
-1.02798e+07
-1.77973e+07
-1.55244e+07
-1.59156e+07
-1.36747e+07
-1.24101e+07
-6.26277e+06
-6.26277e+06
-6.26277e+06
-6.26277e+06
-6.26277e+06
-6.26277e+06
-8.57495e+06
-8.57495e+06
-8.57495e+06
-8.57495e+06
-8.57495e+06
-8.57495e+06
-9.99877e+06
-9.99877e+06
-9.99877e+06
-9.99877e+06
-9.99877e+06
-9.99877e+06
-9.04458e+06
-9.04458e+06
-9.04458e+06
-9.04458e+06
-9.04458e+06
-9.04458e+06
-5.18904e+06
-5.18904e+06
-5.18904e+06
-5.18904e+06
-5.18904e+06
-5.18904e+06
-1.86116e+06
-1.86116e+06
-1.86116e+06
-1.86116e+06
-1.86116e+06
-1.86116e+06
-2.2677e+07
-6.24901e+06
-1.23986e+06
-1.23986e+06
-1.23986e+06
-1.23986e+06
-1.23986e+06
-1.23986e+06
-2.33863e+07
-1.07168e+07
-3.37558e+07
-3.58479e+07
-1.02886e+07
-9.43584e+06
-8.31543e+06
-8.48146e+06
-9.25602e+06
-9.29375e+06
-2.51369e+07
-2.53357e+07
-7.28824e+07
-2.57422e+07
-8.3366e+07
-1.50208e+07
-3.56935e+07
-1.15251e+07
-1.08783e+07
-1.72371e+07
-3.74569e+07
-1.27598e+07
-1.35367e+07
-2.67286e+07
-5.05462e+07
-2.08017e+07
-2.16354e+07
-2.4281e+07
-4.57716e+07
-1.97065e+07
-1.88239e+07
-3.12149e+07
-6.69015e+06
-6.87475e+06
-2.99473e+07
-5.86752e+06
-5.89824e+06
-2.51961e+07
-5.86568e+06
-6.22582e+06
-2.62937e+07
-5.82121e+06
-5.47536e+06
-9.06119e+06
-8.6729e+06
-8.78312e+06
-1.80216e+07
-8.9381e+06
-8.56415e+06
-8.43553e+06
-1.87007e+07
-8.39032e+06
-2.20749e+07
-7.40839e+06
-7.16001e+06
-8.52941e+06
-7.56894e+06
-7.78926e+06
-2.11567e+07
-9.1655e+06
-9.13126e+06
-1.6329e+07
-9.18071e+06
-9.16604e+06
-1.58907e+07
-1.01916e+07
-1.01916e+07
-1.01916e+07
-1.01916e+07
-1.01916e+07
-1.01916e+07
-1.02189e+07
-1.02189e+07
-1.02189e+07
-1.02189e+07
-1.02189e+07
-1.02189e+07
-7.22496e+06
-7.22496e+06
-7.22496e+06
-7.22496e+06
-7.22496e+06
-7.22496e+06
-7.96302e+06
-7.96302e+06
-7.96302e+06
-7.96302e+06
-7.96302e+06
-7.96302e+06
-9.73419e+06
-9.73419e+06
-9.73419e+06
-9.73419e+06
-9.73419e+06
-9.73419e+06
-9.43495e+06
-9.43495e+06
-9.43495e+06
-9.43495e+06
-9.43495e+06
-9.43495e+06
-4.04997e+06
-4.04997e+06
-4.04997e+06
-4.04997e+06
-4.04997e+06
-4.04997e+06
-2.944e+06
-2.944e+06
-2.944e+06
-2.944e+06
-2.944e+06
-2.944e+06
-4.14251e+06
-9.28915e+06
-2.89083e+06
-1.37634e+06
-1.37634e+06
-1.37634e+06
-1.37634e+06
-1.37634e+06
-1.37634e+06
-1.37634e+06
-1.37634e+06
-5.30928e+07
-5.1078e+07
-3.56935e+07
-5.58723e+07
-5.84199e+07
-3.74569e+07
-4.68242e+07
-4.86006e+07
-3.12149e+07
-4.45179e+07
-2.99473e+07
-4.28553e+07
-7.08542e+07
-7.7295e+07
-5.05462e+07
-6.56768e+07
-6.18598e+07
-4.57716e+07
-3.70825e+07
-3.55848e+07
-2.51961e+07
-3.91078e+07
-4.06899e+07
-2.62937e+07
-3.23107e+07
-3.37077e+07
-2.20749e+07
-1.38758e+07
-2.27867e+07
-2.27867e+07
-2.27867e+07
-1.60292e+07
-1.38758e+07
-1.38758e+07
-8.9031e+06
-1.04466e+07
-5.44665e+06
-5.44665e+06
-5.44665e+06
-8.9031e+06
-8.9031e+06
-1.51963e+07
-1.28635e+07
-2.44735e+07
-2.41102e+07
-2.53357e+07
-2.51369e+07
-2.57422e+07
-9.78797e+06
-9.26537e+06
-1.08783e+07
-1.15251e+07
-1.46928e+07
-1.5544e+07
-1.35367e+07
-1.27598e+07
-2.26882e+07
-2.32479e+07
-2.16354e+07
-2.08017e+07
-1.76883e+07
-1.67432e+07
-1.88239e+07
-1.97065e+07
-7.78397e+06
-8.14194e+06
-6.87475e+06
-6.69015e+06
-5.37491e+06
-5.57756e+06
-5.89824e+06
-5.86752e+06
-6.28675e+06
-6.60683e+06
-6.22582e+06
-5.86568e+06
-5.59938e+06
-5.27879e+06
-5.47536e+06
-5.82121e+06
-8.83777e+06
-8.92581e+06
-8.78312e+06
-8.6729e+06
-8.36047e+06
-8.20264e+06
-8.43553e+06
-8.56415e+06
-7.05774e+06
-6.76288e+06
-7.16001e+06
-7.40839e+06
-7.88389e+06
-8.06533e+06
-7.78926e+06
-7.56894e+06
-9.08679e+06
-9.00768e+06
-9.13126e+06
-9.1655e+06
-9.04349e+06
-8.99054e+06
-9.16604e+06
-9.18071e+06
-9.02207e+06
-9.00264e+06
-9.05518e+06
-9.03062e+06
-8.99438e+06
-9.00916e+06
-9.00648e+06
-9.00664e+06
-5.63936e+06
-5.0883e+06
-6.09834e+06
-6.55846e+06
-7.54145e+06
-7.83289e+06
-7.25674e+06
-6.89825e+06
-8.89869e+06
-8.99652e+06
-8.80721e+06
-8.68207e+06
-8.24062e+06
-8.02975e+06
-8.39923e+06
-8.57241e+06
-3.9234e+06
-4.54365e+06
-3.35266e+06
-2.70556e+06
-1.35733e+06
-1.29135e+06
-1.66325e+06
-2.15579e+06
-5.91533e+06
-7.3764e+06
-1.10825e+06
-1.14172e+06
-1.38339e+06
-1.11879e+06
-1.14627e+06
-966789
-2.52111e+07
-2.42074e+07
-1.80216e+07
-2.66084e+07
-2.77543e+07
-1.87007e+07
-2.21196e+07
-2.29728e+07
-1.6329e+07
-2.1039e+07
-1.58907e+07
-2.03321e+07
-1.41471e+07
-1.37541e+07
-1.08098e+07
-1.46229e+07
-1.50125e+07
-1.13868e+07
-1.2738e+07
-1.32646e+07
-8.83024e+06
-1.2079e+07
-7.99668e+06
-1.106e+07
-9.57411e+07
-8.55219e+07
-7.28824e+07
-1.07206e+08
-8.3366e+07
-3.05908e+07
-2.93132e+07
-2.11567e+07
-1.80132e+07
-1.75492e+07
-1.44519e+07
-1.87868e+07
-1.93885e+07
-1.48363e+07
-1.64795e+07
-1.68997e+07
-1.32771e+07
-1.59156e+07
-1.55244e+07
-1.28575e+07
)
;
    }
}


// ************************************************************************* //
