/*--------------------------------*- C++ -*----------------------------------*\
| =========                 |                                                 |
| \\      /  F ield         | OpenFOAM: The Open Source CFD Toolbox           |
|  \\    /   O peration     | Version:  2012                                  |
|   \\  /    A nd           | Website:  www.openfoam.com                      |
|    \\/     M anipulation  |                                                 |
\*---------------------------------------------------------------------------*/
FoamFile
{
    version     2.0;
    format      ascii;
    class       volScalarField;
    location    "0.106/solid";
    object      sigmaMin;
}
// * * * * * * * * * * * * * * * * * * * * * * * * * * * * * * * * * * * * * //

dimensions      [1 -1 -2 0 0 0 0];


internalField   nonuniform List<scalar> 
3125
(
-1401
-1387.29
-1354.78
-1349.17
-1300.83
-1290.16
-1173.59
-1132.87
-1374.94
-1368.52
-1332.46
-1325.7
-1248.75
-1232.18
-1403.86
-986.196
-1568.39
-456.034
-984.849
-459.262
-985.214
-1550.34
-1380.86
-1550.87
-471.637
-978.288
-456.105
-1359.68
-952.288
-455.506
-955.963
-449.67
-948.23
-1343.8
-455.107
-943.796
-437.001
-1310.14
-910.381
-429.025
-917.506
-416.225
-902.215
-1277.93
-427.989
-892.885
-364.665
-1196.28
-815.916
-347.708
-831.119
-640.463
-793.165
-1040.52
-365.697
-768.473
-798.085
-1535.92
-797.856
-782.735
-1516.25
-1523.11
-453.751
-1379.33
-968.324
-461.704
-971.8
-1517.91
-1529.44
-769.998
-777.407
-456.843
-1363.62
-964.785
-463.367
-960.165
-752.852
-758.149
-1498.8
-1507.84
-1511.96
-1508.38
-768.261
-760.637
-751.026
-745.074
-1495.23
-1488.17
-449.131
-1338.46
-934.82
-445.303
-939.402
-1476.25
-1485.81
-737.103
-742.939
-437.923
-1318.31
-929.643
-444.594
-923.858
-716.337
-724.816
-1443.14
-1457.49
-1472.59
-1461.58
-734.784
-727.67
-712.789
-702.24
-1437.61
-414.749
-1264.12
-870.7
-397.703
-882.358
-686.162
-697.859
-368.688
-1214.71
-858.088
-395.318
-844.877
-675.514
-670.009
-681.519
-672.864
-679.917
-768.724
-698.319
-841.243
-863.056
-1032.85
-834.524
-1107.54
-399.482
-682.197
-1153.84
-1111.24
-424.676
-696.52
-1158.94
-1110.54
-690.639
-1159.16
-1104.92
-1148.5
-466.931
-697.61
-701.004
-1147.38
-1104.1
-1106.99
-478.257
-703.739
-1153.96
-1110.29
-703.492
-1148.99
-1088.44
-1138
-455.066
-687.578
-1089.58
-687.286
-1136.27
-1086.06
-456.264
-684.806
-1132.66
-1084.64
-685.866
-1134.19
-1077.07
-1123.53
-451.665
-678.298
-679.716
-1124.53
-1075.85
-1079.95
-452.762
-682.863
-1129.86
-1081.82
-682.073
-1126.85
-1047.95
-1099.48
-433.245
-659.271
-1050.58
-657.969
-1095.66
-1043.04
-433.154
-651.919
-1088.49
-1040.31
-654.179
-1091.51
-1024.75
-1069.01
-422.311
-637.387
-640.384
-1073.35
-1020.9
-1031.16
-422.509
-647.367
-1083.93
-1034.75
-645.4
-1078.93
-943.053
-995.858
-345.767
-584.326
-953.135
-578.284
-983.152
-931.108
-347.19
-561.733
-952.121
-916.955
-569.04
-967.768
-837.315
-835.626
-497.007
-564.475
-524.679
-869.559
-808.321
-872.994
-445.761
-546.539
-932.663
-897.952
-536.297
-907.234
-340.547
-388.366
-798.723
-382.803
-364.106
-348.414
-800.091
-376.169
-1269.48
-1561.01
-1392.64
-1406.89
-1575.82
-1408.24
-1272.72
-1270.45
-368.701
-377.193
-397.712
-794.354
-397.781
-375.027
-378.636
-393.326
-788.895
-397.768
-1262.45
-1260.38
-1509.17
-1385.97
-1376.58
-1383.81
-1513.76
-1377.35
-1268.7
-1259.77
-1102.47
-1150.31
-452.779
-694.569
-1102.72
-1150.51
-694.389
-1100.93
-458.25
-1147.83
-694.608
-1149.41
-694.57
-1099.56
-1263.92
-1265.33
-1524.71
-1379.64
-1384.67
-1385.93
-1529.73
-1386.84
-1261.85
-1263.27
-365.42
-364.171
-389.271
-772.012
-389.089
-366.694
-365.832
-390.607
-774.197
-388.779
-1092.61
-459.35
-1138.85
-689.62
-1091.7
-1139.15
-691.234
-1095.09
-462.309
-1144.46
-694.191
-1097.18
-1141.1
-693.473
-362.454
-362.204
-382.211
-754.767
-382.962
-360.368
-362.343
-384.822
-756.513
-383.741
-1251.85
-1249.61
-1502.28
-1362.36
-1365.43
-1370.01
-1505.67
-1367.51
-1246
-1247.54
-1252.57
-1252.63
-1376.53
-1508.49
-1371.66
-1259
-1253.83
-1370.74
-1507.72
-1370.54
-363.512
-367.484
-390.112
-766.225
-389.05
-368.398
-368.39
-386.248
-763.509
-387.968
-355.518
-358.744
-381.317
-749.443
-380.157
-360.214
-359.501
-377.527
-747.317
-378.784
-1236.51
-1237.35
-1492.12
-1359.95
-1355.84
-1352.44
-1489.78
-1354.01
-1243.52
-1239.27
-1071.42
-1121.59
-447.249
-676.011
-1073.05
-1119.06
-675.413
-1068.29
-447.416
-1114.67
-671.628
-1116.41
-673.113
-1066.64
-1234.82
-1231.4
-1479.4
-1341.82
-1344.78
-1350.73
-1482.8
-1347.13
-1227.29
-1228.99
-354.731
-354.125
-372.318
-739.326
-373.495
-350.626
-353.68
-376.076
-741.368
-374.906
-1056.9
-440.967
-1102.86
-662.777
-1054.89
-1104.95
-664.617
-1060.86
-441.403
-1111.65
-668.804
-1063.08
-1108.26
-667.753
-342.729
-340.909
-357.467
-719.474
-359.38
-335.54
-339.997
-363.455
-722.518
-361.726
-1211.91
-1207.02
-1447.86
-1311.82
-1316.46
-1325.44
-1452.88
-1320.11
-1200.07
-1203.22
-1215.01
-1217.04
-1339.18
-1468.75
-1334.49
-1224.53
-1220.02
-1328.43
-1464.93
-1331.68
-343.827
-347.654
-370.646
-732.892
-369.18
-349.856
-348.524
-365.636
-730.338
-367.216
-324.434
-330.089
-354.731
-709.859
-352.509
-334.184
-331.261
-346.95
-706.014
-349.457
-1179.73
-1184.48
-1431.51
-1307.79
-1300.79
-1289.53
-1424.68
-1295.93
-1195.94
-1189.59
-1008.86
-1062.99
-406.771
-631.42
-1013.77
-1056.39
-628.519
-1000.85
-406.631
-1042.68
-618.134
-1048.9
-622.179
-995.441
-1174.32
-1165.94
-1259.84
-1268.65
-1284.28
-1275.22
-1151.99
-1159.16
-322.687
-318.316
-334.227
-690.039
-337.109
-310.074
-317.089
-343.458
-694.427
-340.759
-970.7
-382.575
-1006.54
-593.534
-962.897
-1015.87
-598.85
-980.012
-382.833
-1034.9
-610.597
-986.814
-1026.11
-606.382
-291.363
-284.76
-329.008
-670.995
-322.427
-284.771
-287.207
-319.786
-670.529
-320.083
-1102.77
-1084.99
-1159.37
-1180.31
-1210.55
-1192.87
-1049.66
-1071.07
-1112.15
-1124.07
-1253.19
-1241.06
-1144.98
-1133.4
-1219.2
-1232.51
-293.135
-301.071
-330.298
-678.602
-327.635
-307.964
-301.892
-322.193
-674.968
-324.261
-542.028
-355.552
-344.361
-694.771
-375.373
-290.188
-321.764
-536.856
-720.61
-439.868
-948.952
-969.705
-1142.97
-1110.96
-1035.77
-1078.84
-1033.16
-1002.11
-872.935
-861.105
-895.322
-686.102
-815.165
-905.654
-815.109
-1081.44
-963.608
-1000.85
-822.241
-891.436
-842.623
-1039.31
-900.167
-865.714
-924.333
-933.57
-893.253
-876.085
-999.676
-948.838
-805.144
-620.184
-896.661
-786.958
-937.022
-939.773
-692.009
-875.397
-872.423
-801.648
-393.494
-466.198
-693.384
-826.432
-442.196
-504.269
-727.069
-827.436
-496.715
-723.287
-823.218
-724.66
-459.137
-507.053
-508.022
-726.052
-824.149
-831.835
-473.881
-512.253
-731.282
-833.524
-515.308
-733.482
-814.105
-719.259
-452.605
-502.931
-815.263
-501.597
-719.234
-1369.59
-1435.27
-1367.27
-1437.98
-1372.28
-1442.64
-1373.8
-1440.82
-811.466
-452.767
-501.436
-716.333
-811.49
-500.652
-717.061
-803.799
-709.487
-447.317
-495.846
-495.241
-710.236
-804.047
-1361.67
-1431.84
-1364.07
-1428.8
-1358.64
-1424.62
-1426.19
-1356.79
-808.602
-451.201
-500.535
-715.168
-810.323
-499.178
-714.758
-783.203
-692.544
-432.868
-481.313
-785.167
-479.737
-691.974
-775.682
-427.906
-474.018
-683.47
-774.947
-473.687
-684.55
-759.883
-668.305
-416.163
-461.064
-461.001
-669.67
-758.386
-770.12
-423.292
-471.403
-680.972
-772.571
-469.66
-680.171
-692.928
-607.286
-355.172
-408.028
-699.789
-403.436
-603.731
-668.94
-342.254
-379.873
-563.425
-655.822
-382.035
-569.519
-619.674
-725.721
-592.066
-636.529
-574.957
-675.415
-674.9
-635.456
-383.198
-380.218
-553.216
-651.68
-385.767
-544.689
-105.267
-161.426
-146.172
-823.267
-873.848
-865.201
-169.986
-174.754
-176.961
-187.032
-868.014
-864.864
-880.915
-877.701
-821.196
-723.951
-449.859
-504.789
-822.007
-723.288
-502.052
-822.836
-457.683
-726.057
-508.292
-726.104
-506.452
-822.86
-865.743
-862.811
-869.94
-866.838
-162.981
-160.508
-172.101
-169.611
-815.718
-454.613
-719.896
-504.052
-816.249
-720.591
-503.56
-1379.49
-1449.13
-1382.35
-1445.56
-820.857
-460.085
-725.423
-508.648
-822.647
-725.39
-507.977
-1376.95
-1443.55
-1375.8
-1443.75
-168.055
-167.949
-169.382
-169.327
-861.627
-857.737
-858.249
-855.541
-861.872
-858.468
-869.629
-864.439
-169.774
-171.398
-174.326
-176.452
-165.293
-166.327
-169.184
-169.665
-850.212
-847.153
-857.155
-852.173
-801.453
-708.537
-445.59
-494.687
-802.89
-708.297
-493.35
-1348.22
-1413.64
-1416.32
-1345.71
-1351.64
-1422.23
-1353.81
-1419.54
-796.951
-443.002
-703.252
-490.749
-704.14
-490.232
-796.874
-849.581
-845.291
-843.368
-840.845
-164.297
-164.467
-162.331
-163.021
-787.255
-435.984
-694.282
-483.178
-787.01
-695.281
-482.796
-1338.94
-1410
-1341.83
-1406.43
-793.514
-440.566
-701.786
-489.3
-795.33
-701.309
-487.817
-155.586
-155.357
-150.299
-151.807
-832.094
-827.075
-821.076
-819.628
-833.276
-830.982
-842.285
-837.298
-156.86
-157.984
-161.456
-161.477
-140.645
-143.016
-148.763
-148.073
-803.953
-803.578
-819.669
-813.975
-752.17
-664.799
-409.242
-457.407
-755.323
-663.586
-455.285
-738.52
-399.155
-646.954
-442.609
-648.783
-443.117
-735.76
-802.098
-795.533
-779.602
-780.97
-138.521
-136.905
-126.358
-130.254
-709.494
-372.717
-614.641
-414.984
-704.025
-617.658
-416.789
-727.58
-388.304
-641.978
-437.545
-731.958
-640.117
-434.69
-103.478
-95.0546
-150.25
-140.35
-738.546
-727.435
-682.565
-693.122
-742.302
-746.792
-777.076
-769.021
-104.598
-111.89
-123.492
-119.771
-496.71
-434.787
-175.433
-191.274
-785.266
-751.511
-676.854
-659.015
-809.247
-768.46
-764.409
-698.62
-711.505
-825.986
-779.788
-955.776
-956.425
-938.932
-919.323
-996.064
-1036.91
-975.403
-1030.79
-903.32
-743.025
-898.782
-873.869
-834.803
-858.468
-912.022
-815.561
-855.35
-571.425
-665.962
-1033.4
-1003.81
-986.893
-758.887
-881.929
-1030.75
-980.213
-929.558
-779.733
-896.923
-802.695
-394.288
-472.911
-701.673
-807.643
-463.968
-693.529
-820.082
-436.667
-479.882
-708.396
-817.566
-487.082
-716.469
-825.388
-461.649
-516.066
-730.252
-827.307
-510.463
-726.856
-832.102
-475.212
-516.853
-730.964
-830.929
-517.954
-734.145
-813.737
-453.658
-503.088
-718.27
-813.824
-500.961
-718.099
-812.188
-454.276
-502.476
-717.451
-813.31
-500.817
-717.295
-804.799
-449.157
-498.321
-711.389
-806.031
-495.926
-710.554
-807.703
-451.782
-499.564
-712.529
-807.433
-498.229
-713.15
-781.944
-433.217
-479.636
-689.177
-781.129
-478.193
-689.705
-777.29
-429.765
-477.383
-686.861
-779.185
-475.241
-686.104
-761.91
-418.064
-465.563
-673.114
-764.397
-463.371
-672.151
-768.403
-423.236
-468.722
-676.367
-766.961
-467.508
-677.17
-690.535
-351.863
-396.246
-591.902
-681.826
-397.714
-595.531
-669.257
-337.174
-389.12
-581.766
-678.786
-386.064
-578.564
-579.105
-533.935
-474.158
-593.345
-608.943
-526.217
-640.738
-635.594
-412.624
-438.806
-562.641
-611.645
-406.81
-543.983
-109.264
-105.913
12.7045
-331.488
-184.125
112.109
14.1986
110.825
-189.038
-329.313
-180.06
11.1972
116.524
-81.5129
219.687
219.665
-76.6369
-357.308
-973.203
-359.816
-975.758
-85.0739
189.871
207.83
-92.5758
-353.44
-982.021
-352.313
-979.51
-126.489
-140.452
-18.7428
-220.849
-350.899
71.7991
-210.617
86.9686
-33.9299
-11.7472
103.627
-196.786
-343.232
-200.299
-2.33664
96.5925
-69.5135
228.575
239.647
-73.3842
-67.3569
-346.638
-984.743
-349.18
-985.302
-1255.63
-1090.48
-1235.2
-833.277
-827.744
-1242.24
-1262.33
-1102.17
-1094.85
-1244.37
-1536.14
-1522.37
-1544.2
-1558.18
-1563.13
-1567.28
-1564.47
-855.564
-863.374
-1110.91
-1274.61
-1248.12
-1111.35
-1252.06
-1254.41
-1105.8
-1275.76
-1111.51
-1253.54
-184.088
-179.04
-50.1664
-229.043
-360.425
57.1172
-228.369
56.7093
-46.6986
-54.4787
46.9731
-239.957
-364.605
-232.071
-60.1643
52.5538
-99.3874
163.158
174.365
-101.602
-362.076
-969.09
-362.895
-965.166
-98.2807
179.485
-95.4974
181.396
-363.678
-958.339
-363.497
-961.046
-193.141
-190.864
-57.7122
-232.559
-366.405
60.2021
-233.735
-49.6944
52.8724
-63.1353
43.2465
-240.572
-369.074
-238.153
-66.9804
48.0162
-98.8397
168.046
178.086
-101.124
-358.637
-947.068
-357.922
-949
-98.442
171.839
178.594
-98.2248
-359.484
-955.154
-362.351
-951.583
-1101.88
-1261.65
-1236.98
-1101.07
-1235.23
-868.969
-865.506
-1230.77
-1259.89
-1101.21
-1099.84
-1233.57
-1507.4
-1514.44
-1502.64
-1504.3
-1514.55
-1520.27
-1512.2
-1504.95
-878.548
-875.735
-1109.35
-1266.24
-1244.06
-1107.21
-1239.09
-1234.62
-1101.96
-1263.32
-1105.06
-1234.74
-821.115
-450.549
-724.081
-504.735
-821.952
-722.698
-501.427
-822.523
-457.925
-724.312
-505.302
-823.162
-725.563
-505.263
-1102.59
-1239.33
-1265.32
-1103.2
-1241.15
-864.885
-863.175
-1238.7
-1264.92
-1103.44
-1102.82
-1241.84
-1514.47
-1510.55
-1516.98
-1520.59
-1525.39
-1522.59
-1525.19
-1522.9
-868.92
-867.175
-1101.47
-1262.74
-1236.51
-1102.09
-1239.45
-1240.6
-1102.56
-1264.83
-1103.46
-1239.23
-164.383
-162.412
-36.067
-225.892
62.5623
-354.684
-39.9622
-220.693
66.6874
-37.8814
62.1608
-225.375
-354.014
-219.905
-40.6932
67.4536
-96.5653
172.762
180.06
-96.962
-353.52
-932.176
-353.8
-933.546
-96.8512
169.467
178.844
-98.6807
-353.255
-937.661
-354.823
-935.318
-168.804
-171.072
-44.4175
-229.798
-356.67
55.5512
-225.604
60.6459
-47.8188
-45.0831
61.1279
-226.872
-356.169
-224.11
-44.6856
61.296
-95.168
175.178
184.464
-96.6697
-354.201
-945.147
-356.553
-942.599
-95.2141
176.147
-97.3518
185.728
-354.153
-939.439
-354.416
-940.762
-816.803
-456.669
-722.079
-507.377
-818.035
-720.772
-504.391
-820.117
-461.103
-723.026
-508.484
-819.759
-724.012
-507.49
-171.413
-170.159
-44.0118
-226.832
-352.212
57.1937
-223.151
59.1113
-45.4927
-46.4895
54.5217
-227.624
-352.183
-223.053
-48.752
58.9105
-94.697
165.868
174.328
-96.115
-344.926
-910.022
-344.967
-910.834
-94.411
167.141
175.162
-95.2048
-345.255
-913.571
-347.086
-911.721
-172.329
-172.289
-45.7635
-226.228
-350.911
55.3396
-223.245
58.2597
-46.7983
-48.2425
54.9553
-227.718
-351.862
-223.473
-49.7952
57.0907
-95.2676
166.596
175.352
-96.3677
-347.068
-918.662
-348.867
-916.852
-95.3835
168.617
176.917
-96.8094
-347.112
-914.86
-347.312
-915.729
-1092.22
-1252.11
-1227.45
-1091.9
-1227.51
-858.539
-857.631
-1223.46
-1250.59
-1089.96
-1090.65
-1226.27
-1494.32
-1492.14
-1564.36
-1572.56
-1363.57
-1448.78
-1574.51
-1450.88
-1562.6
-1565.8
-1452.97
-1577.09
-1365.5
-1576.24
-1566.98
-1451.67
-1495.63
-1497.25
-1572.42
-1582.58
-1370.25
-1458.26
-1582.54
-1457.81
-1572.96
-1502.35
-1502.56
-1570.89
-1454.21
-1368.89
-1579.12
-1581.16
-1456.42
-1568.82
-1500.99
-1498.85
-859.023
-856.424
-1086.89
-1246.56
-1220.36
-1087.36
-1222.89
-1223.19
-1088.55
-1248.33
-1088.62
-1222.57
-861.909
-859.647
-1092.73
-1252.73
-1227.11
-1092.71
-1227.66
-1226.56
-1093.29
-1252.83
-1092.82
-1227.56
-1505.39
-1507.58
-1576.19
-1588.48
-1464.75
-1375.5
-1578.83
-1586.4
-1462.32
-1573.91
-1458.32
-1373.16
-1582.45
-1584.11
-1460.1
-1572.18
-1502.86
-1502.01
-864.661
-863.626
-1099.41
-1234.46
-1258.08
-1097.97
-1232.39
-1227.92
-1094.46
-1255.56
-1095.96
-1230.2
-1572.93
-1582.95
-1371.05
-1458.16
-1583.04
-1572.95
-1458.35
-1502.42
-1502.83
-1572.36
-1457.54
-1371.12
-1581.79
-1582.71
-1458.16
-1571.86
-1502.61
-1501.15
-177.025
-175.02
-47.7698
-227.849
-354.316
55.1737
-225.464
-47.1468
56.8369
-51.3159
50.8126
-232.445
-356.368
-226.96
-54.6009
54.4346
-98.5617
162.966
171.912
-99.7265
-352.501
-930.433
-354.085
-928.123
-98.4321
167.735
-98.9025
174.643
-352.862
-925.285
-352.927
-926.451
-179.641
-179.004
-51.4877
-231.585
54.313
-358.29
-50.636
-228.919
53.9198
-54.6513
48.8655
-233.238
-358.652
-229.519
-56.5672
52.8217
-97.3432
164.259
173.569
-99.3114
-349.546
-919.752
-349.354
-920.648
-96.9167
167.744
-97.2306
175.048
-350.221
-923.919
-352.396
-921.836
-171.06
-169.726
-43.7177
-222.264
-346.289
57.5635
-219.652
59.6914
-43.6347
-46.9331
54.5789
-225.668
-347.936
-220.736
-49.6344
57.6512
-93.5896
164.247
172.833
-94.5305
-342.958
-908.788
-344.671
-906.985
-93.6972
166.749
-94.9042
174.521
-343.133
-905.458
-343.302
-906.134
-172.166
-171.684
-46.3104
-226.07
-349.892
56.0498
-222.668
-47.0251
57.1586
-48.779
53.073
-226.453
-349.794
-222.526
-50.4145
56.8739
-92.2712
164.549
173.468
-94.1278
-340.289
-900.994
-340.174
-901.759
-91.809
167.558
175.011
-92.2289
-340.929
-904.49
-342.952
-902.702
-1077.97
-1236.88
-1210.99
-1078.22
-1212.4
-850.762
-848.325
-1212.2
-1237.8
-1079.19
-1078.92
-1212.48
-1488.77
-1490.35
-1558.79
-1570.33
-1359.47
-1447.11
-1569.14
-1560.6
-1445.31
-1556.72
-1441.27
-1565.2
-1357.29
-1567.07
-1554.76
-1443.44
-1486.83
-1485.08
-1552.68
-1561.82
-1353.23
-1438.26
-1562.88
-1439.41
-1551.83
-1482.89
-1481.86
-1553.23
-1440.24
-1354.29
-1563.68
-1563.66
-1439.84
-1553.59
-1483.64
-1483.91
-852.064
-851.376
-1084.99
-1243.12
-1219.16
-1083.9
-1217.71
-1213.04
-1080.7
-1240.6
-1081.88
-1216.01
-800.753
-446.352
-706.582
-494.176
-800.535
-706.815
-492.467
-798.041
-444.916
-705.28
-492.968
-799.381
-704.728
-490.89
-1076.73
-1210.64
-1234.78
-1076.07
-1209.87
-845.259
-844.793
-1205.25
-1232.6
-1073.29
-1074.28
-1208.29
-1471.74
-1469.67
-1541.24
-1549.54
-1342.91
-1426.76
-1551.29
-1428.82
-1539.64
-1472.9
-1474.3
-1542.56
-1430.82
-1553.57
-1344.86
-1552.9
-1543.6
-1429.63
-1549.58
-1560.4
-1437.52
-1350.59
-1550.79
-1559.71
-1436.32
-1479.79
-1480.9
-1478.11
-1475.81
-1547.6
-1432.14
-1348.62
-1555.68
-1557.81
-1434.59
-1545.4
-844.906
-842.015
-1069.48
-1227.72
-1201.5
-1069.9
-1204
-1204.53
-1071.5
-1229.59
-1071.32
-1203.94
-167.289
-166.48
-41.6455
-221.466
59.1226
-344.489
-42.8146
-217.939
60.647
-44.0349
56.4225
-221.931
-344.351
-217.734
-45.8915
60.5327
-88.8918
165.356
173.992
-90.6278
-335.028
-891.5
-334.84
-892.389
-88.3671
167.898
175.435
-88.7971
-335.647
-895.185
-337.667
-893.303
-167.247
-166.508
-40.8171
-218.545
-341.492
59.5597
-215.946
61.9984
-41.0391
-43.8975
57.5631
-221.419
-342.986
-216.78
-46.0907
60.1256
-90.1669
165.714
174.22
-91.0963
-337.99
-900.019
-339.775
-898.226
-90.3992
167.707
-91.7871
175.755
-337.948
-896.342
-338.037
-897.195
-788.607
-438.026
-696.988
-486.143
-790.181
-696.207
-483.854
-792.412
-441.035
-698.793
-487.93
-791.866
-699.309
-486.515
-157.171
-156.846
-33.8935
-211.604
-332.244
65.1879
-207.879
66.629
-35.4099
-35.8802
62.9334
-211.069
-331.649
-207.185
-37.2527
67.0565
-79.4615
166.427
174.861
-81.3721
-321.054
-867.638
-320.391
-869.157
-78.6178
169.08
176.371
-78.7836
-322.008
-872.973
-324.373
-870.615
-156.813
-155.455
-31.2262
-205.866
-327.037
67.4207
-203.583
69.8128
-30.6349
-34.4481
64.8301
-209.86
-329.051
-205.129
-37.196
67.3112
-81.4171
166.936
175.225
-82.1178
-325.43
-879.259
-327.595
-876.908
-81.9171
168.664
176.544
-83.473
-325.137
-874.381
-324.913
-875.565
-1055.57
-1211.76
-1188.4
-1054.6
-1186.46
-825.607
-826.116
-1180.54
-1208.32
-1050.49
-1051.79
-1184.58
-1439.49
-1436.4
-1441.23
-1443.6
-1451.21
-1453.36
-1448.96
-1445.63
-824.852
-821.011
-1043.94
-1200.59
-1174.05
-1044.65
-1177.29
-1179.47
-1047.57
-1203.62
-1047.04
-1177.75
-835.54
-832.327
-1057.95
-1215.4
-1189.11
-1058.41
-1191.72
-1192.68
-1060.43
-1217.54
-1060.09
-1191.88
-1466.19
-1468.07
-1535.9
-1547.25
-1425.32
-1338.73
-1537.73
-1546.02
-1423.39
-1533.44
-1418.45
-1336.1
-1541.23
-1543.57
-1421.29
-1530.96
-1464.15
-1461.53
-836.403
-836.469
-1067.36
-1200.65
-1224.3
-1066.39
-1198.97
-1193.62
-1062.72
-1221.29
-1063.93
-1197.19
-1457.14
-1454.98
-1458.42
-1459.91
-162.87
-161.642
-36.5918
-212.822
-334.953
63.1461
-210.419
-36.3549
65.445
-39.8905
60.4114
-216.519
-336.799
-211.671
-42.5373
63.1504
-86.438
165.928
174.265
-87.1837
-332.47
-890.415
-334.403
-888.423
-86.8099
167.736
-88.2669
175.65
-332.306
-886.261
-332.185
-887.272
-163.538
-163.164
-39.2831
-217.718
61.0911
-339.443
-40.5207
-214.112
62.4671
-41.4412
58.6916
-217.525
-339.046
-213.631
-42.8906
62.6307
-84.6266
165.761
174.448
-86.5515
-328.65
-880.581
-328.202
-881.778
-83.9358
168.747
-84.175
176.069
-329.475
-885.045
-331.714
-882.967
-148.567
-146.609
-23.686
-196.092
-316.597
73.5777
-194.089
75.7799
-22.3597
-26.8707
70.4446
-201.017
-318.913
-196.278
-30.083
72.9192
-75.57
166.863
175.225
-76.1641
-317.311
-866.034
-319.633
-863.457
-76.2793
168.82
-77.8946
176.459
-316.822
-860.137
-316.294
-861.79
-148.99
-149.11
-27.5933
-204.196
-323.444
69.905
-200.287
-29.4884
71.3874
-29.2011
68.1312
-202.779
-322.505
-199.135
-30.1926
72.2389
-73.2633
165.992
173.996
-75.1915
-311.858
-851.895
-310.972
-853.782
-72.1821
167.821
175.279
-72.2844
-313.01
-858.328
-315.564
-855.62
-1024.72
-1180.44
-1153.51
-1025.77
-1157.63
-810.052
-805.227
-1161.38
-1184.63
-1030.07
-1029.18
-1158.51
-1431.23
-1434.28
-1428.4
-1424.15
-1415.66
-1411.5
-1418.12
-1421.57
-811.135
-812.568
-1040.72
-1195.62
-1172.99
-1039.45
-1170.1
-1162.85
-1034.06
-1191.09
-1035.71
-1167.85
-749.951
-408.557
-658.37
-453.142
-747.5
-659.566
-452.303
-740.942
-401.01
-653.799
-448.845
-744.349
-652.637
-446.571
-1020.41
-1152.12
-1173.77
-1018.76
-1148.14
-790.639
-793.474
-1138.95
-1167.87
-1011.61
-1013.78
-1145.39
-1384.97
-1379.34
-1387.84
-1393.02
-1405.03
-1409.05
-1402.01
-1396.38
-789.294
-782.822
-998.29
-1152.93
-1125.43
-999.856
-1130.94
-1136.9
-1006.13
-1158.86
-1004.73
-1132.34
-136.506
-137.352
-18.0194
-193.672
76.5732
-311.597
-20.6121
-189.414
78.5381
-19.0072
76.0393
-190.929
-310.361
-187.614
-19.5431
79.7528
-66.8298
162.12
168.879
-68.3368
-302.182
-835.578
-301.768
-836.973
-65.6253
160.935
169.359
-66.1305
-303.427
-841.428
-305.625
-838.951
-136.405
-133.536
-12.835
-182.395
-303.339
82.8676
-180.885
83.3452
-10.5272
-15.9837
77.7882
-188.571
-305.669
-183.851
-19.6575
81.0476
-68.6547
164.113
173.046
-69.4036
-307.497
-849.752
-309.9
-846.98
-69.5634
167.256
-71.1347
174.323
-306.893
-843.44
-306.4
-845.189
-711.837
-374.36
-625.653
-424.493
-716.972
-623.895
-421.941
-724.905
-386.546
-632.477
-430.434
-720.586
-634.427
-430.411
-97.3058
-100.036
1.19713
-160.868
-279.515
49.3631
-155.846
51.5505
-0.0500066
-4.24663
26.1361
-160.181
-280.43
-154.351
-16.8621
41.2772
-93.55
90.863
80.661
-83.2537
-320.143
-851.335
-331.991
-841.841
-99.797
39.7357
65.3105
-117.173
-317.194
-833.946
-309.864
-839.637
-116.284
-117.958
-59.0947
-194.521
-282.083
-39.4793
-175.633
-17.5988
-78.396
-41.9005
7.68924
-163.853
-276.854
-167.113
-33.7793
0.923629
-71.1424
105.25
123.056
-79.1571
-301.606
-827.043
-299.55
-828.661
-70.2405
129.854
129.157
-67.395
-301.911
-832.991
-307.833
-828.766
-951.469
-1100.46
-1082.66
-947.858
-1074.62
-713.325
-722.902
-1057.64
-1089.88
-933.4
-938.137
-1069.74
-1289.8
-1279.82
-1295.44
-1305.9
-1326.15
-1333.52
-1321.68
-1311.39
-711.23
-694.994
-901.428
-1053.83
-1022.44
-905.554
-1035.21
-1052.75
-921.621
-1067.81
-917.39
-1039.7
-758.809
-749.004
-959.807
-1114.35
-1085.42
-962.567
-1093.22
-1103.12
-972.487
-1122.66
-969.91
-1095.68
-1370.6
-1376.19
-1366.65
-1359.22
-760.703
-766.129
-992.479
-1123.6
-1143.95
-990.242
-1118.24
-1106.22
-980.32
-1135.97
-983.456
-1114.78
-1344.53
-1337.35
-1348.01
-1355.1
-118.289
-113.076
-0.108153
-164.491
-288.263
58.7726
-163.345
0.508714
66.435
-1.87042
67.7552
-171.415
-289.57
-166.928
-5.54485
72.4605
-63.1578
151.853
162.774
-65.0037
-299.131
-833.767
-300.754
-831.78
-64.1044
159.359
-64.9906
164.722
-298.402
-829.66
-299.182
-830.111
-116.964
-119.653
-4.08194
-178.986
80.8924
-296.442
-7.82107
-174.149
87.1681
-4.0397
76.696
-174.321
-295.302
-171.446
-4.20347
82.8232
-64.888
146.858
149.816
-64.439
-297.839
-827.635
-299.958
-826.465
-64.2681
135.334
-67.2183
147.241
-298.551
-828.175
-298.782
-827.488
-315.67
-364.244
-371.791
-547.484
-466.619
-441.399
-468.09
-350.879
-449.559
-294.5
-215.161
-349.154
-404.536
-404.167
-243.791
-271.067
-174.126
-81.8423
-36.5426
-213.25
-354.568
-855.5
-337.615
-869.11
-153.515
18.0366
-129.624
-6.26089
-366.919
-898.068
-394.998
-876.109
-258.34
-224.144
-115.267
-211.894
-286.558
-65.0344
-231.805
-99.2785
-82.0312
-145.231
-158.867
-304.332
-306.542
-259.318
-187.572
-114.995
-312.26
-132.122
-198.544
-250.532
-522.266
-1028.79
-596.165
-970.44
-379.704
-393.734
-288.036
-479.362
-466.794
-911.597
-421.651
-946.261
-907.744
-933.323
-947.852
-871.413
-943.253
-678.603
-708.602
-963.67
-965.964
-836.322
-860.513
-934.612
-1264.47
-1275.2
-1255.69
-1238.17
-1177.09
-1151.55
-1201.38
-1223.85
-636.407
-651.803
-887.204
-1029.3
-1018.11
-882.205
-1003.76
-972.797
-858.552
-1008.22
-864.118
-995.68
-833.298
-821.158
-878.431
-896.773
-877.977
-858.564
-856.242
-1085.33
-1074.18
-1093.01
-1057
-1119.39
-1084.41
-1102.84
-1063.49
-1023.26
-1096.11
-962.483
-985.427
-992.435
-897.819
-843.969
-908.263
-908.048
-977.043
-973.604
-919.024
-871.854
-939.756
-1009.77
-997.116
-944.606
-868.499
-925.114
-857.453
-987.19
-837.296
-921.284
-907.757
-910.895
-863.024
-917.828
-946.548
-957.044
-945.392
-935.17
-894.875
-880.01
-845.913
-926.686
-938.036
-942.974
-898.333
-1019.72
-934.808
-851.212
-859.213
-968.961
-994.558
-1071.01
-1116.29
-1015.73
-922.343
-868.783
-798.399
-884.744
-882.803
-745.199
-654.876
-641.993
-547.859
-738.255
-538.495
-740.083
-665.922
-768.89
-938.849
-915.98
-829.724
-864.202
-934.466
-812.438
-1039.02
-1095.75
-875.813
-797.659
-913.256
-1049.81
-958.267
-992.603
-1022.52
-1167.41
-953.201
-1140.25
-970.481
-988.431
-880.312
-975.702
-812.167
-996.757
-811.224
-1071.1
-688.922
-1157.11
-729.573
-509.948
-583.984
-653.507
-938.258
-1064.48
-1019.56
-1209.45
-1411.59
-1588.67
-1471.91
-1429.19
-1404.27
-1484.13
-1410.13
-1598.95
-1431.06
-1486.8
-1392.33
-1542.09
-1459.11
-1398.68
-1451.76
-1390.15
-1456.45
-1544.12
-1451.97
-1390.56
-1318.32
-1382.35
-1314.4
-1386.48
-1323.63
-1395.55
-1327.11
-1391.38
-1303.62
-1376.87
-1308.33
-1371.35
-1296.67
-1359.27
-1364.86
-1291.43
-1189.57
-1233.41
-1174.07
-1249.85
-1203.14
-1278.46
-1214.09
-1265.53
-1119.66
-1211.71
-1150.68
-1182.65
-1071.72
-1090.1
-1137.62
-1023.52
-1388.76
-1454.03
-1458.27
-1385.78
-1390.72
-1460.39
-1390.75
-1461.03
-1334.71
-1399.62
-1331.77
-1402.59
-1268.71
-1328.86
-1336.41
-1261.81
-1277.38
-1352.15
-1283.63
-1344.9
-1244.27
-1319.97
-1252.38
-1310.66
-1234.12
-1289.76
-1225.11
-1299.82
-1607.19
-1606.69
-1398.41
-1482.43
-1618.75
-1491.14
-1597.66
-1617.94
-1504.72
-1638.5
-1404.6
-1628.79
-1625.32
-1498.02
-1625.4
-1399.22
-1638.6
-1500.25
-1631.68
-1505.36
-1406.87
-1643.47
-1645.62
-1506.12
-1631.25
-1580.8
-1597.39
-1382.31
-1474.55
-1590.27
-1587.82
-1468.41
-1576.77
-1463.77
-1584.88
-1378.55
-1586.17
-1575.69
-1464.25
-1586.3
-1599.53
-1382.09
-1473.49
-1595.75
-1470.4
-1589.65
-1581.59
-1463.74
-1379.25
-1586.96
-1591.4
-1467.45
-1578.15
-1585.17
-1591.82
-1381.6
-1467.57
-1595.37
-1470.81
-1582.1
-1588.13
-1474.99
-1600.79
-1384.42
-1598.49
-1590.51
-1472.48
-1595.11
-1602.79
-1476.44
-1387.64
-1593.31
-1605.16
-1478.28
-1594.97
-1476.09
-1387.72
-1603.36
-1605.31
-1478.17
-1593.08
-1508.43
-1515.74
-1313.17
-1394.67
-1518.12
-1397.68
-1506.15
-1510.61
-1401.26
-1521.93
-1316.22
-1520.62
-1512.36
-1399.09
-1520.79
-1532.06
-1324.97
-1411.05
-1530.67
-1408.87
-1522.76
-1517.95
-1403.13
-1321.87
-1525.07
-1527.84
-1406.57
-1515.02
-1526.38
-1534.55
-1329.52
-1412.45
-1536.34
-1524.74
-1414.61
-1527.83
-1416.95
-1331.68
-1538.82
-1538.08
-1415.58
-1528.97
-1500.77
-1512.38
-1307.02
-1392.76
-1510.38
-1503.39
-1389.73
-1497.12
-1382.47
-1503.29
-1302.89
-1506.7
-1493.47
-1386.85
-1484.27
-1490.59
-1291.23
-1370.81
-1493.71
-1374.73
-1481.31
-1487.39
-1379.97
-1295.33
-1499.14
-1497.09
-1376.79
-1489.92
-1452.31
-1457.22
-1262.06
-1338.91
-1461.33
-1344
-1448.56
-1456.73
-1351.72
-1468.99
-1267.71
-1465.93
-1460.38
-1346.92
-1474.47
-1486.27
-1368.35
-1283.17
-1477.73
-1483.59
-1364.27
-1469.85
-1355.07
-1277.77
-1474.51
-1478.84
-1360.73
-1465.29
-1350.99
-1356.55
-1163.79
-1235.07
-1364.89
-1246.74
-1342.6
-1360.26
-1263.49
-1381.52
-1176.16
-1373.7
-1368.92
-1252.86
-1394.16
-1409.78
-1207.62
-1292.7
-1405.32
-1285.91
-1399.46
-1386.68
-1269.85
-1197.42
-1390.73
-1398.26
-1280.9
-1378.27
-1439.68
-1451.9
-1335.8
-1251.62
-1443.9
-1448.51
-1330.17
-1433.82
-1318.66
-1244.5
-1437.15
-1442.63
-1325.89
-1427.96
-1410.39
-1415.6
-1222.58
-1296.5
-1420.48
-1405.22
-1303.53
-1416.2
-1314.16
-1230.49
-1430.47
-1426.31
-1307.18
-1421.52
-1324.34
-1345.76
-1138.91
-1230.07
-1337.07
-1333.76
-1217.59
-1311.13
-1190.07
-1308.56
-1118.46
-1322.94
-1295.17
-1209.2
-1226.52
-1221.47
-1039.1
-1116.22
-1237.18
-1140.07
-1201.73
-1253.31
-1178.98
-1072.83
-1283.78
-1267.71
-1155.1
-1275.16
-1138.74
-1179.89
-1095.93
-1004.46
-1167.15
-1168.77
-1067.75
-1077.77
-944.41
-972.341
-1065.18
-1118.66
-1016.03
-1023.2
)
;

boundaryField
{
    left
    {
        type            calculated;
        value           nonuniform List<scalar> 0();
    }
    bottom
    {
        type            calculated;
        value           nonuniform List<scalar> 
243
(
-1322.46
-1311.11
-1274.74
-1269.13
-1219.49
-1208.74
-1103.92
-1079.97
-1295.66
-1289.52
-1251.75
-1244.85
-1167.93
-1152.14
-1047.27
-1047.29
-1326.54
-1304.32
-1036.41
-1043.45
-1008.18
-1012.36
-1279.86
-1263.59
-998.894
-1003.63
-962.805
-970.417
-1228.93
-1196.56
-944.433
-954.146
-878.7
-887.424
-1120.66
-1034.21
-887.78
-872.829
-810.871
-1026.14
-1030.46
-1300.73
-792.777
-785.845
-811.726
-798.474
-774.074
-769.074
-784.091
-776.868
-1284.39
-1016.76
-1021.62
-989.097
-994.14
-1257.96
-758.637
-752.979
-767.005
-761.133
-739.909
-731.594
-750.235
-743.276
-1237.29
-977.249
-983.455
-921.959
-933.586
-1182.89
-711.972
-700.572
-727.387
-717.119
-683.17
-690.816
-695.036
-686.679
-1136.25
-898.159
-909.82
-918.655
-951.638
-697.294
-821.395
-873.391
-810.789
-809.815
-789.685
-787.249
-809.506
-804.451
-772.621
-770.64
-782.399
-779.505
-757.272
-754.863
-765.572
-763.1
-737.925
-734.252
-748.593
-745.551
-709.089
-703.757
-724.885
-720.274
-684.496
-684.742
-692.739
-688.139
-890.1
-904.43
-1030.04
-875.515
-717.384
-756.202
-962.566
-1025.18
-1013.99
-978.161
-989.655
-799.394
-763.859
-1401.69
-1397.59
-1380.26
-1375.93
-1391.77
-1387.37
-1323.07
-1320.8
-1329.32
-1325.96
-1312.08
-1310
-1317.89
-1315.12
-1356.88
-1352.13
-1368.87
-1363.4
-1336.59
-1333.25
-1346.17
-1341.31
-1286.71
-1285.58
-1290.05
-1288.16
-1280.27
-1279.02
-1283.84
-1281.97
-1302.1
-1300.35
-1307.09
-1304.55
-1293.44
-1291.91
-1297.9
-1295.51
-1262.26
-1261.21
-1265.23
-1263.54
-1256.09
-1254.81
-1259.57
-1257.71
-1274.15
-1273.06
-1277.26
-1275.51
-1268.02
-1266.81
-1271.44
-1269.56
-1235.27
-1233.78
-1239.13
-1237.05
-1226.95
-1225.07
-1231.56
-1229.17
-1249.76
-1248.49
-1253.04
-1251.23
-1242.73
-1241.2
-1246.68
-1244.56
-1197.16
-1195.08
-1202.4
-1199.72
-1186.64
-1184.65
-1192.01
-1189.37
-1217.84
-1215.92
-1222.5
-1220.08
-1207.76
-1205.52
-1213.17
-1210.42
-1172.7
-1175.62
-1171.23
-1172.04
-1185.56
-1192.56
-1177.24
-1181.72
-1177.42
-1176.4
-1181.69
-1179.56
-1171.97
-1172.15
-1174.23
-1173.19
-930.635
-941.741
-1512.06
-1398.99
-1409.94
-1472.49
-634.441
-801.07
-1219.36
-1235.37
-1198.41
-1208.76
-1310.29
-1352.85
-1254.19
-1280.69
)
;
    }
    interface
    {
        type            calculated;
        value           nonuniform List<scalar> 
1703
(
-425.991
-429.674
-438.974
-425.788
-424.851
-419.322
-424.396
-406.376
-398.755
-386.16
-397.277
-335.212
-356.615
-656.682
-377.746
-425.108
-431.005
-426.699
-432.388
-418.594
-414.789
-407.551
-413.907
-384.025
-367.921
-340.093
-364.666
-712.699
-1038.88
-805.84
-381.06
-399.081
-438.055
-445.504
-425.478
-426.118
-421.993
-423.061
-403.776
-403.093
-392.177
-393.206
-322.034
-324.837
-510.181
-463.566
-424.515
-428.24
-430.022
-432.254
-417.593
-417.384
-411.038
-411.821
-377.734
-376.382
-352.51
-354.49
-900.157
-1065.95
-943.981
-1016.5
-906.575
-933.378
-874.908
-1037.76
-904.595
-846.754
-856.136
-902.333
-855.985
-808.155
-917.119
-907.657
-897.586
-376.416
-415.245
-430.577
-441.706
-423.51
-423.311
-418.17
-421.954
-403.641
-398.465
-386.65
-394.104
-328.401
-339.605
-605.621
-399.903
-422.093
-428.277
-762.539
-766.07
-425.712
-430.592
-759.021
-766.005
-416.322
-413.651
-747.126
-741.407
-165.891
-163.819
-406.71
-411.299
-158.322
-162.812
-141.946
-149.887
-380.164
-369.573
-701.285
-680.479
-139.499
-127.592
-343.496
-359.592
-110.106
-181.481
-778.938
-809.571
-601.65
-1046.08
-987.136
-725.542
-1035.89
-915.432
-729.488
-376.158
-408.479
-433.264
-443.978
-424.197
-424.541
-419.833
-422.272
-403.567
-400.427
-388.929
-393.547
-324.511
-326.583
-551.529
-428.119
-118.681
5.2886
137.501
-56.5405
196.468
196.648
-311.781
-64.23
185.203
-308.356
-22.8126
98.8594
113.806
-45.1789
-45.9061
-299.605
-1235.58
-1243.92
-1346.37
-1518.07
-1546.3
-1551.94
-749.399
-1358
-1250.02
-1253.95
-1357.87
-1254.71
-185.196
-51.6253
81.3647
81.4645
-82.2161
153.415
-318.678
-78.5488
-319.672
85.3005
-51.2041
78.3512
-79.8539
-315.974
-79.0301
-316.353
-1344
-1238.96
-1237.71
-768.82
-1233.99
-1338.62
-1491.1
-1496.51
-1485.59
-1498.24
-775.968
-1352.03
-1245.81
-1236.85
-1341.2
-1237.65
-422.459
-428.159
-1346.79
-1241.18
-1242.85
-761.967
-1240.89
-1345.97
-1497.36
-1494.07
-1500.55
-1508.38
-1344.49
-1238.57
-1240.95
-1241.86
-1346.63
-39.2891
87.5172
91.959
-75.0422
-311.543
-76.4116
148.359
157.157
-311.243
80.5855
85.9391
-50.0399
-73.9086
-311.746
-73.759
-311.601
-427.579
-431.411
-172.864
-46.1067
81.5998
83.976
-73.9828
153.039
-303.952
-73.9822
-304.228
79.7352
83.0871
-48.9762
-74.818
-305.899
-74.3609
-305.842
-1334.43
-1229.19
-1229.41
-756.452
-1225.65
-1330.09
-1477.53
-1475.66
-1748.49
-1361.33
-1363.39
-1746.33
-1758.27
-1369.54
-1369.51
-1758.62
-1485.66
-756.591
-1327.48
-1222.45
-1224.88
-1329.12
-1224.73
-760.417
-1334.19
-1229.13
-1228.76
-1332.95
-1229.64
-1488.9
-1760.66
-1376.53
-1763.13
-1374.84
-1486.11
-1341.55
-1236.2
-1230.15
-1334.25
-1232.27
-1758.07
-1369.57
-1758.63
-1370.04
-1485.79
-1486.07
-1485.89
-49.485
79.5115
81.6282
-79.0212
142.208
-311.014
-77.7992
146.58
-311.234
-52.7334
78.8844
-52.6938
78.9552
-77.1309
-308.243
-76.5042
-308.796
-171.97
-45.3885
81.67
84.2593
-73.596
-302.158
-72.9672
-302.2
-173.137
-47.8623
80.3146
-49.159
81.8403
-71.8971
-299.547
-71.3581
-300.098
-1317.67
-1213.02
-1214.12
-1317.85
-1214.55
-1472.36
-1473.57
-1742.29
-1359.49
-1744.1
-1358.3
-1735.93
-1351.04
-1352.29
-1735.06
-1466.26
-1465.34
-1467.18
-750.72
-1325.78
-1220.85
-1219.84
-1215.29
-1318.97
-416.748
-415.341
-1317.08
-1212.29
-1211.83
-744.101
-1207.44
-1311.23
-1455.04
-1453.24
-1723.46
-1340.31
-1342.37
-1721.49
-1732.78
-1350.14
-1734.03
-1349.47
-1463.3
-743.483
-1308.05
-1203.58
-1205.6
-1206.23
-1309.91
-1206.05
-168.338
-43.4321
83.1972
85.1643
-68.3923
152.992
-294.532
-67.9892
-295.053
83.5641
86.457
-43.2276
-70.0263
-297.288
-69.5022
-297.259
-408.633
-411.402
-158.077
-35.6224
88.8812
90.7004
-58.9325
-281.026
-58.3891
-281.811
-157.333
-32.778
90.9463
93.7528
-32.8829
-61.4347
-285.162
-61.0095
-284.93
-1294.13
-1189.79
-1182.77
-1285.97
-1186.06
-1422.68
-1420.02
-1434.82
-1436.54
-1432.14
-724.248
-1279.95
-1176.13
-1178.66
-1180.89
-1284.01
-734.666
-1295.31
-1191.19
-1194.33
-1297.67
-1193.98
-1449.81
-1717.57
-1338.63
-1719.62
-1337.38
-1306.77
-1202.18
-1201.03
-1195.87
-1299.24
-1198.83
-1440.44
-163.541
-38.2039
86.9158
89.6675
-66.4496
153.379
-291.98
-66.008
154.637
-291.823
85.0072
-42.6633
86.7844
-64.182
-288.35
-63.6155
-289.047
-25.1612
96.6899
99.2847
-55.6363
154.691
-277.304
-55.3315
155.776
-276.891
-149.868
93.3047
95.1101
-52.6513
-272.195
-51.9756
-273.171
-1258.83
-1155.56
-1158.74
-1162.53
-1265.26
-1414.87
-1398.8
-1278.26
-1174.16
-1172.13
-1165.09
-1267.91
-1169.12
-378.857
-372.247
-1256.66
-1152.99
-1150.15
-1141.27
-1243.49
-1146.37
-1367.53
-1388.52
-1391.99
-1384.5
-689.623
-1229.55
-1127.42
-1137.76
-1239.8
-1134.48
-137.407
-19.9889
99.5438
101.709
-46.1224
-263.11
-45.2152
-264.217
-136.602
-14.2504
105.231
106.162
-13.062
-48.5633
-268.017
-48.4945
-267.412
-346.748
-357.011
-10.0618
70.5505
72.0359
-81.5904
61.2133
-288.281
-87.5009
46.4195
-285.732
-138.015
-21.4286
1.77125
-51.3858
-265.989
-51.8037
-266.027
-1183.1
-1082.7
-1076.8
-1060.18
-1157.91
-1275.22
-1310.73
-1118.43
-1024.81
-1034.87
-1052.33
-1149.19
-1042.4
-1186.84
-1087.44
-1103.23
-1203.59
-1353.99
-1358.79
-1349.33
-663.097
-1226.7
-1123.96
-1108.25
-1209.03
-1115.01
-1327.55
-1321.07
-3.66383
79.7657
88.1804
-42.5012
-260.502
-43.0823
139.777
144.587
-259.688
103.357
109.387
-44.7936
-260.042
-43.6054
-260.82
-345.562
-389.249
-431.352
-336.552
-171.447
-54.8722
-332.102
-151.426
-344.089
-46.5506
-115.084
-65.2906
-317.259
-511.217
-386.576
-461.719
-1031.65
-949.947
-960.905
-1053.26
-1251.76
-1260.85
-1242.88
-1173.97
-634.296
-1111.94
-1016.51
-976.492
-1069.32
-993.577
-835.134
-1081.71
-1077.23
-1063.37
-1068.58
-1034.11
-1020.78
-970.693
-976.404
-915.324
-939.094
-933.165
-913.548
-912.627
-917.799
-1020.37
-967.45
-884.292
-933.454
-963.42
-759.617
-906.382
-848.626
-1044.78
-947.101
-849.712
-1033.6
-1002.06
-840.332
-965.952
-1076.84
-1118.09
-876.608
-785.982
-801.734
-865.296
-928.975
-535.516
-659.319
-930.494
-1050.54
-911.957
-844.767
-1023.3
-911.004
-924.915
-974.992
-1133.48
-962.188
-875.415
-811.767
-731.635
-941.902
-164.165
-768.381
-172.796
-178.886
-765.248
-776.145
-166.267
-173.964
-170.08
-170.993
-758.441
-755.418
-171.821
-176.02
-166.989
-170.706
-747.93
-754.379
-156.881
-151.673
-730.394
-720.203
-731.825
-740.183
-703.832
-718.366
-639.16
-588.831
-644.541
-676.854
-107.361
-124.519
-529.961
-204.87
-782.242
-584.922
-738.208
168.604
-740.838
-133.545
-741.045
-732.313
142.683
-737.023
157.856
-730.747
-192.663
147.114
-722.896
-729.04
-764.85
-167.311
151.353
-712.678
-716.482
-170.948
-721.724
-717.442
145.04
-695.799
146.251
-698.799
-173.485
145.725
-702.782
-699.607
-762.699
-178.111
-711.809
-707.882
-180.469
-703.542
-707.064
143.605
-695.002
145.897
-692.047
-688.257
-691.366
-749.438
144.855
-680.108
147.226
-683.48
-168.055
145.131
-687.55
-684.301
146.267
-659.231
148.704
-664.083
-669.606
-665.161
-725.476
-735.829
145.49
-679.342
147.15
-675.573
-164.454
-670.549
-674.607
-148.914
146.736
-658.068
148.596
-652.742
-645.639
147.664
-651.356
-709.915
-711.673
-691.999
142.512
-632.056
141.077
-636.97
-644.081
-638.528
-116.527
72.0807
-657.836
20.6238
-635.852
-626.746
110.734
-635.197
-617.529
-613.454
-659.616
-119.257
132.196
-630.601
-627.633
-118.175
-627.402
-626.396
-100.927
-661.326
-0.253597
-714.682
-292.405
-872.667
-728.501
-672.372
-897.95
-882.524
-901.691
-933.064
-917.015
-1013.14
-115.566
-150.899
-36.3004
-725.094
-761.304
-175.647
-49.1931
-185.936
-57.3545
-764.047
-775.39
-760.505
-764.129
-163.482
-43.4332
-171.005
-46.5623
-169.189
-48.0697
-170.021
-47.5246
-756.052
-754.01
-757.319
-762.993
-172.178
-49.5577
-176.86
-166.882
-45.919
-170.254
-746.409
-751.294
-744.479
-740.203
-165.215
-45.1187
-163.439
-42.4672
-155.91
-37.5986
-151.911
-727.192
-719.807
-730.829
-737.052
-158.282
-38.582
-162.022
-40.9237
-142.892
-24.6889
-148.566
-29.3647
-31.6482
-704.254
-714.655
-696.859
-682.197
-137.413
-22.8343
-129.92
-102.949
-9.25821
-166.715
-72.709
-94.3176
-630.83
-598.183
-648.795
-671.155
-113.259
-6.70453
-120.482
-6.7298
-10.3556
-464.051
-469.992
-224.496
-133.342
-745.258
-577.614
-852.927
-697.603
-675.746
-562.134
-987.314
-871.811
-974.742
-889.48
138.165
205.685
142.316
-114.711
8.04274
4.25273
-52.4319
-315.58
-739.359
-69.9537
-305.668
-739.897
129.01
123.264
-14.3928
-144.053
-7.037
215.981
-47.6291
-302.996
-740.122
-1336.07
-726.341
-1345.04
-1244.53
-1529.07
-1807.13
-1409.92
-1822.41
-1404.56
-1506.64
-1541.16
-1797.33
-1393.12
-1400.68
-1782.92
-1836.34
-1405.42
-1406.26
-1831.73
-1830.43
-1399.55
-1548.91
-756.922
-1359.75
-1253.12
-1361.08
72.715
77.7007
-180.102
-55.708
-61.6693
150.567
-83.3396
-318.01
-734.459
160.129
-77.0057
-320.145
-732.427
67.8413
-66.3724
73.3125
-189.97
-62.9835
156.594
-82.2011
-314.866
-724.514
157.06
-77.8221
-319.149
-725.999
-1341.78
-765.558
-1339.6
-1235.92
-1756.24
-1377.61
-1758.27
-1377.95
-1487.27
-1762.73
-1386.87
-1770.38
-1382.12
-1494.8
-1769.17
-1375.32
-1378.92
-1761.12
-1502.98
-1488.54
-1772.87
-1382.93
-1380.66
-1778.72
-775.107
-1346.88
-1241.74
-1341.87
-1347.86
-760.385
-1347.66
-1243.29
-1773.79
-1385.34
-1777.79
-1383.4
-1503.58
-1771.2
-1379.29
-1382.31
-1767.18
-1508.29
-1784.54
-1385.33
-1387.36
-1781.66
-1506.05
-1506.4
-1785.47
-1385.38
-1782.73
-1387.35
-764.23
-1346.12
-1346.21
-1241.33
87.5303
153.784
-43.5767
92.4762
-164.671
-40.3021
154.665
163.633
158.328
-75.6506
-311.887
-713.733
-77.1086
-312.402
-714.57
-46.3412
85.8219
86.4105
-171.93
-46.759
162.414
-74.3788
-313.907
-719.582
-75.7236
-312.059
-718.378
79.2189
83.5015
-170.83
-47.8697
-50.5855
147.558
-75.35
-303.83
-696.528
153.848
-73.903
-305.941
-697.107
79.421
-51.3485
81.6857
-172.542
-49.1836
153.951
-75.013
-307.47
-701.17
155.415
-75.6274
-306.039
-700.346
-1334.16
-755.79
-1332.03
-1228.01
-1749.42
-1479.16
-1364.97
-1751.06
-1480.51
-1364.2
-1755.93
-1484.15
-1366.03
-1368.19
-1753.41
-1482.42
-1485.79
-754.933
-1329.02
-1224.52
-1328.61
-758.555
-1333.85
-1229.68
-1333.28
-1757.04
-1370.85
-1372.63
-1756.02
-1485.5
-1490.54
-762.334
-1339.11
-1234.62
-1336.02
-1757.5
-1369.41
-1370.38
-1755.59
-1484.63
75.655
143.441
-56.0548
79.1627
-175.545
-52.3455
146.698
153.635
150.685
-79.2582
-312.178
-709.86
153.241
-78.4827
-311.371
-708.86
-55.3125
73.501
77.5917
-178.961
-57.6017
152.226
-78.8979
-307.844
-704.348
-76.0581
-310.944
-705.156
78.9904
143.948
-51.0322
82.0418
-169.978
-47.8701
146.753
153.834
151.724
-73.7005
-303.689
-693.347
153.283
-74.1735
-302.339
-692.69
-49.6622
77.4768
81.3343
-171.747
-51.7859
152.35
-73.5757
-299.212
-688.979
-70.9719
-302.055
-689.688
-1318.14
-1214.22
-747.615
-1317.87
-1739.37
-1470.18
-1354.33
-1737.39
-1356.42
-1468.77
-1736.13
-1353
-1353.03
-1736.13
-1467.4
-750.444
-1323.96
-1321.32
-1217.86
-1315.92
-743.849
-1313.48
-1210.01
-1456.49
-1724.18
-1344.01
-1725.49
-1343.35
-1457.67
-1461.36
-1730.1
-1345.39
-1347.78
-1727.5
-1464.15
-1459.49
-741.496
-1309.52
-1309.25
80.7364
84.803
-166.666
-45.1298
-47.4713
146.956
-70.0866
-294.071
-681
154.392
-67.5106
-297.014
-681.703
81.7509
-47.4704
84.3601
-166.553
-44.7431
153.159
-69.9735
-298.98
-685.891
154.571
-70.9041
-297.249
-685.083
86.835
146.629
-38.8546
90.9147
-156.775
-36.9356
148.232
155.664
154.185
-61.0411
-280.039
-660.707
155.674
-57.3564
-284.181
-661.866
-35.3345
88.5752
91.0945
-155.393
-38.4814
154.481
-60.9505
-287.283
-667.391
-62.8155
-284.507
-666.337
-1291.99
-1188.47
-725.94
-1289.04
-1424.9
-1689.4
-1315.89
-1691.75
-1314.33
-1426.88
-1688.09
-1309.78
-1312.75
-1684.99
-1698.03
-1317.88
-1321.18
-1694.33
-1701.3
-1324.99
-1323.48
-1703.63
-1429.4
-721.584
-1281.85
-1282.41
-1179.86
-732.386
-1296.85
-1193.27
-1296.79
-1714.5
-1447.44
-1332.51
-1335.26
-1711.62
-1451.3
-1445.3
-736.005
-1304.77
-1301.98
-1442.07
-1708.28
-1330.83
-1330
-1709.6
-1438.57
-1707.4
-1326.63
-1705.4
-1328.79
-1443.32
84.4176
145.429
-43.8627
87.1769
-161.663
-40.7569
148.199
155.178
-66.1637
-293.851
-677.434
-67.5866
-291.597
-676.517
-42.4091
82.7978
86.7273
-163.126
-44.3881
153.597
-66.1298
-287.605
-671.724
-62.8357
-291.24
-672.671
93.8275
146.069
96.3388
-146.526
-27.8747
-31.343
-54.9022
-279.628
-655.617
-57.3416
-276.178
-654.288
91.7103
-31.8988
95.7696
-148.922
-30.3023
153.549
-54.942
-271.008
-647.372
154.842
-50.7336
-275.724
-648.856
-1261.39
-706.555
-1262.63
-1160.6
-1411.45
-1675.62
-1298.28
-1670.83
-1302.4
-1417.33
-1407.91
-1679.49
-1307.59
-1682.75
-1305.31
-1401.77
-1664.03
-1295.62
-1293.18
-1667.58
-1395.24
-1404.61
-1662.14
-1287.13
-1290.95
-1657.84
-712.813
-1275.35
-1271.85
-1252.88
-694.158
-1248.67
-1371.3
-1630.26
-1268.65
-1635.92
-1264.85
-1362.66
-1375.58
-1627.75
-1256.78
-1261.81
-1621.57
-1646.51
-1272.16
-1277.48
-1639.98
-1379.7
-1650.82
-1284.33
-1655.36
-1281.12
-685.15
-1233.34
-1131.67
-1235.56
99.1094
144.212
-21.5055
102.775
-137.122
-20.2836
147.307
153.884
148.746
-47.9977
-262.541
-633.146
149.279
-44.5254
-266.34
-634.799
-17.2469
100.638
103.859
-133.435
-20.9646
152.774
-47.9342
-270.375
-641.533
-50.5364
-266.826
-640.037
46.3905
85.7516
61.905
-113.311
-15.6277
-30.4952
-67.1007
-303.743
-645.25
-109.955
-275.917
-643.796
27.8139
-46.6269
20.5426
-145.002
-56.5468
103.462
-62.4587
-262.616
-629.607
109.324
-46.6769
-273.777
-629.318
-1175.82
-624.99
-1168.76
-1069.92
-1281.4
-1526.8
-1182.5
-1541.06
-1172.49
-1266.5
-1290.42
-1521.43
-1154.82
-1165.7
-1507.66
-1305.7
-1560.99
-1189.08
-1199.2
-1547.36
-1317.08
-1564.42
-1211.34
-1204.96
-1573.29
-1296.84
-602.129
-1129.33
-1136.8
-652.789
-1192.79
-1093.45
-1196.61
-1097.73
-1608.53
-1237.33
-1244.35
-1599.49
-1612.78
-1253.26
-1619.19
-1248.8
-1342.9
-667.16
-1221.55
-1119.93
-1216.27
-1331.82
-1586.07
-1232.75
-1226.8
-1594.93
-1583.48
-1215.8
-1574.49
-1222.74
-1338
89.8225
127.636
-8.04933
94.3324
-113.644
-5.41971
115.81
127.619
142.819
-43.6255
-261.855
-629.075
-44.0501
-260.683
-627.59
-5.87391
98.8912
105.048
-119.807
-7.19599
130.051
-43.7731
-262.755
-625.363
-47.0452
-260.464
-626.442
-199.284
-149.522
-256.738
-217.59
-397.457
-314.153
-260.938
-409.252
-215.468
-309.746
-679.494
-25.7793
-122.25
-380.583
-685.89
-143.48
-206.815
-97.8738
-255.113
-162.76
-252.407
-598.418
-799.987
-301.967
-485.734
-405.621
-773.613
-1013.7
-942.881
-706.877
-1028.05
-942.059
-1484.69
-1105.65
-1228.52
-1461.2
-1124.14
-1491.24
-1146.92
-1505.52
-1135.45
-1196.65
-1416.32
-1090.15
-1066.42
-1446.62
-1152.45
-1214.38
-1392.55
-1015.35
-1044.51
-1359.61
-603.819
-1099.5
-1005.83
-1088.08
-1106.37
-1114.27
-1109.5
-1087.05
-942.482
-945.482
-924.13
-926.731
-927.376
-840.657
-845.591
-882.274
-1068.4
-938.227
-874.067
-1064.61
-901.506
-741.066
-862.481
-1081.77
-948.944
-859.595
-992.778
-1014.52
-1242.81
-832.876
-900.243
-1141.57
-939.906
-1288.03
-980.52
-1334.7
-955.662
-934.065
-978.132
-940.562
-799.715
-823.613
-777.117
-794.203
-521.122
-1049.05
-1111.08
-878.283
-928.912
-1096.73
-1156.63
-1005.85
-918.953
-1001.79
-677.218
-1024.92
-664.401
-586.929
-1016.89
-1095.6
)
;
    }
    procBoundary4to0
    {
        type            processor;
        value           nonuniform List<scalar> 
58
(
-405.842
-1380.67
-1424.73
-1403.33
-1588.47
-984.817
-805.379
-680.722
-1102.73
-377.804
-805.379
-1566.18
-1566.18
-1566.18
-1566.18
-1102.73
-1144.17
-1144.17
-1144.17
-1144.17
-1144.17
-680.722
-680.722
-680.722
-680.722
-680.722
-342.821
-377.804
-377.804
-377.804
-377.804
-1249.37
-1390.83
-800.713
-695.904
-475.084
-120.31
-827.305
-1.9574
-195.14
97.7093
237.829
-345.299
-345.299
-987.051
237.829
-68.6921
-1086.24
-1222.38
-1546.27
-1403.33
-1474.65
-1474.65
-1474.65
-1424.73
-1611.65
-1625.09
-1486.53
)
;
    }
    procBoundary4to1
    {
        type            processor;
        value           nonuniform List<scalar> 
78
(
-1273.74
-1291.69
-1419.08
-1409.75
-1403.68
-1454.46
-1267.9
-1459.53
-1301.85
-1475.95
-1419.08
-1409.75
-1403.32
-1401.41
-1556.36
-1403.32
-1371.1
-1381.61
-1267.33
-1389.07
-1393.79
-1615.99
-1635.35
-1602.71
-1592.08
-1619.75
-1614.38
-1404.02
-1556.36
-1556.36
-1626.11
-1627.94
-1364.32
-1370.25
-1425.56
-1684.08
-1654.7
-1445.91
-1695.94
-1704.59
-1589.45
-1589.45
-1597.35
-1604.48
-1629.17
-1635.35
-1615.99
-1654.7
-1684.08
-1693.11
-1704.59
-1695.94
-1592.08
-1602.71
-1589.45
-1589.45
-1614.38
-1619.75
-1604.48
-1597.35
-1627.94
-1626.11
-1629.17
-1446.25
-1450.51
-1419.08
-1419.08
-1502.88
-1384.39
-1520.26
-1387.51
-1403.68
-1409.75
-1403.68
-1401.41
-1401.41
-1403.32
-1404.02
)
;
    }
    procBoundary4to5
    {
        type            processor;
        value           nonuniform List<scalar> 
526
(
-1238.23
-1181.39
-1061.36
-1243.58
-1380.21
-1382.37
-1376.71
-1374.62
-1191.71
-1326.69
-1330.3
-1320.06
-1315.75
-1085.91
-1194.72
-1206.63
-1172.24
-1147.38
-1262.67
-1222.24
-1141.99
-1398.75
-1401.85
-1256.23
-1394.71
-1392.24
-1358.46
-1360.76
-1215.73
-1354.23
-1351.64
-1273.79
-1280.12
-1127.02
-1263.93
-1256.88
-1233.19
-1169.62
-992.585
-1248.35
-1386.72
-1385.4
-1527.62
-1527.62
-1536.06
-1536.06
-1524.13
-1524.13
-1369.74
-1371.37
-1516.53
-1516.53
-1200.73
-1339.28
-1336.11
-1471.09
-1471.09
-1485.62
-1485.62
-1465.58
-1465.58
-1303.38
-1308.22
-1446.35
-1099.33
-1228.3
-1219.38
-1326.48
-1366.29
-1308.09
-957.836
-983.871
-1062.97
-1099.24
-1185.09
-1376.27
-1354.73
-1348.12
-1228.07
-1336.57
-1345.84
-1298.99
-1156.4
-1404.38
-1547.42
-1547.42
-1606.44
-1611.75
-1251.92
-1388.84
-1389.59
-1541.83
-1541.83
-1536.72
-1536.72
-1358.19
-1588.57
-1590.96
-1367.08
-1601.19
-1600.21
-1370
-1603.47
-1599.6
-1367.37
-1600.56
-1600.69
-1586.94
-1584.74
-1578.5
-1579.64
-1366.48
-1364.52
-1504.64
-1504.64
-1514.15
-1514.15
-1565.34
-1567.11
-1577.5
-1576
-1208.63
-1344.36
-1347.04
-1501.01
-1501.01
-1489.72
-1489.72
-1304.42
-1529.94
-1532.17
-1318.39
-1547.57
-1545.55
-1333.03
-1563.34
-1561.41
-1322.41
-1549.93
-1551.65
-1526.55
-1524.02
-1418.62
-1418.62
-1418.62
-1418.62
-1418.62
-1418.62
-1418.62
-1295.01
-1289.4
-1414.34
-1439.19
-1386.68
-1386.68
-1386.68
-1386.68
-1386.68
-1386.68
-1411.41
-1411.41
-1411.41
-1411.41
-1411.41
-1411.41
-1112.53
-1238.92
-1246.61
-1405.58
-1376.11
-1295.98
-1295.98
-1295.98
-1295.98
-1295.98
-1295.98
-1336.53
-1336.53
-1336.53
-1336.53
-1336.53
-1336.53
-1377.6
-1377.6
-1377.6
-1377.6
-1377.6
-1377.6
-1347.4
-1347.4
-1347.4
-1347.4
-1347.4
-1347.4
-1280.22
-1280.22
-1280.22
-1280.22
-1280.22
-1280.22
-1183.32
-1183.32
-1183.32
-1183.32
-1183.32
-1183.32
-957.836
-1121.42
-1126.2
-1126.2
-1126.2
-1126.2
-1126.2
-1126.2
-707.795
-1002.17
-1383.96
-1389.41
-1352
-1349.82
-1339.78
-1343.05
-1293.24
-1286.86
-1621.99
-1616.06
-1553.23
-1625.57
-1557.01
-1361.79
-1530.98
-1595.21
-1592.81
-1365.1
-1534.02
-1597.06
-1599.5
-1366.93
-1538.17
-1596.97
-1598.74
-1366.51
-1536.84
-1598.38
-1598.81
-1520.98
-1581.6
-1583.49
-1518.52
-1580.92
-1580.08
-1507.91
-1570.48
-1568.87
-1511.18
-1572.35
-1574.5
-1309.19
-1537.15
-1535.12
-1476.06
-1314.04
-1540.22
-1542.8
-1480.97
-1329.5
-1497.13
-1557.14
-1559.32
-1325.85
-1555.05
-1553.57
-1493.35
-1517.07
-1520.21
-1459.43
-1512.96
-1510.27
-1452.99
-1394.81
-1394.81
-1394.81
-1394.81
-1394.81
-1394.81
-1403.64
-1403.64
-1403.64
-1403.64
-1403.64
-1403.64
-1310.39
-1310.39
-1310.39
-1310.39
-1310.39
-1310.39
-1324.7
-1324.7
-1324.7
-1324.7
-1324.7
-1324.7
-1367.77
-1367.77
-1367.77
-1367.77
-1367.77
-1367.77
-1357.16
-1357.16
-1357.16
-1357.16
-1357.16
-1357.16
-1258.05
-1258.05
-1258.05
-1258.05
-1258.05
-1258.05
-1223.5
-1223.5
-1223.5
-1223.5
-1223.5
-1223.5
-1051.04
-1054.83
-1022.95
-1063.18
-1063.18
-1063.18
-1063.18
-1063.18
-1063.18
-1063.18
-1063.18
-1382.37
-1380.21
-1530.98
-1385.4
-1386.72
-1534.02
-1374.62
-1376.71
-1520.98
-1371.37
-1518.52
-1369.74
-1392.24
-1394.71
-1538.17
-1389.59
-1388.84
-1536.84
-1360.76
-1358.46
-1507.91
-1364.52
-1366.48
-1511.18
-1351.64
-1354.23
-1497.13
-968.497
-890.199
-890.199
-890.199
-983.871
-968.497
-968.497
-1023.64
-1026
-1082.1
-1082.1
-1082.1
-1023.64
-1023.64
-845.221
-946.102
-1611.75
-1606.44
-1616.06
-1621.99
-1625.57
-1590.96
-1588.57
-1592.81
-1595.21
-1600.21
-1601.19
-1599.5
-1597.06
-1599.6
-1603.47
-1598.74
-1596.97
-1600.69
-1600.56
-1598.81
-1598.38
-1584.74
-1586.94
-1583.49
-1581.6
-1579.64
-1578.5
-1580.08
-1580.92
-1567.11
-1565.34
-1568.87
-1570.48
-1576
-1577.5
-1574.5
-1572.35
-1532.17
-1529.94
-1535.12
-1537.15
-1545.55
-1547.57
-1542.8
-1540.22
-1561.41
-1563.34
-1559.32
-1557.14
-1551.65
-1549.93
-1553.57
-1555.05
-1524.02
-1526.55
-1520.21
-1517.07
-1506.34
-1503.56
-1510.27
-1512.96
-1473.23
-1469.5
-1477.81
-1481.74
-1495.9
-1499.03
-1491.13
-1486.97
-1390.38
-1382.85
-1393.52
-1401.06
-1419.16
-1423.31
-1413.62
-1406.39
-1460.57
-1464.35
-1454.61
-1450.07
-1433.38
-1429.56
-1439.17
-1443.58
-1373.4
-1381.92
-1370.4
-1355.83
-1313.63
-1283.27
-1326.23
-1347.85
-1112.45
-1076.85
-916.393
-945.812
-1209.54
-1260.74
-1159.67
-1041.1
-1330.3
-1326.69
-1476.06
-1336.11
-1339.28
-1480.97
-1315.75
-1320.06
-1459.43
-1308.22
-1452.99
-1303.38
-1206.63
-1194.72
-1341.68
-1219.38
-1228.3
-1354.63
-1147.38
-1172.24
-1279.71
-1099.24
-1237.73
-1062.97
-1401.85
-1398.75
-1553.23
-1404.38
-1557.01
-1347.04
-1344.36
-1493.35
-1280.12
-1273.79
-1422.85
-1289.4
-1295.01
-1431.21
-1256.88
-1263.93
-1395.89
-1246.61
-1238.92
-1386.03
)
;
    }
}


// ************************************************************************* //
