/*--------------------------------*- C++ -*----------------------------------*\
| =========                 |                                                 |
| \\      /  F ield         | OpenFOAM: The Open Source CFD Toolbox           |
|  \\    /   O peration     | Version:  2012                                  |
|   \\  /    A nd           | Website:  www.openfoam.com                      |
|    \\/     M anipulation  |                                                 |
\*---------------------------------------------------------------------------*/
FoamFile
{
    version     2.0;
    format      ascii;
    class       volScalarField;
    location    "0.106/solid";
    object      sigmaMax;
}
// * * * * * * * * * * * * * * * * * * * * * * * * * * * * * * * * * * * * * //

dimensions      [1 -1 -2 0 0 0 0];


internalField   nonuniform List<scalar> 
3125
(
-313.952
-320.89
-320.657
-319.312
-303.508
-299.908
-254.049
-238.361
-323.591
-323.723
-314.071
-311.901
-285.094
-278.59
-307.148
111.25
-566.743
-202.083
128.28
-212.817
82.0472
-567.419
-323.383
-569.356
-218.168
75.7046
-214.243
-321.773
68.0068
-214.825
68.9786
-211.182
67.0652
-317.675
-214.855
67.5557
-205.119
-306.634
72.5057
-202.081
71.3138
-200.31
74.0264
-295.699
-202.188
75.8109
-185.652
-263.344
106.49
-142.551
96.4469
-53.6436
127.105
-191.418
-135.304
164.275
479.798
-771.014
458.946
444.516
-761.49
-767.908
-208.161
-323.31
74.7617
-217.507
78.9941
-769.309
-772.704
437.071
446.682
-214.748
-322.925
68.7157
-219.478
68.0533
426.077
429.513
-760.682
-765.11
-766.502
-765.128
432.518
429.135
425.073
424.018
-758.838
-755.019
-211.003
-315.94
68.5469
-209.097
68.2774
-748.782
-753.822
422.661
424.164
-205.315
-309.408
69.091
-208.936
70.1104
421.148
422.218
-733.305
-739.566
-746.932
-741.425
422.652
421.944
421.464
420.041
-731.233
-201.006
-290.793
80.662
-205.541
78.0808
418.277
420.423
-189.954
-271.325
84.3698
-207.515
89.0141
414.348
417.64
418.93
416.394
416.4
392.261
-35.7584
334.437
372.143
-32.923
355.561
-8.64178
-142.766
187.64
-437.243
-20.2136
-167.151
147.101
-453.324
-34.8784
167.919
-441.116
-61.1277
-472.972
-219.55
115.594
106.861
-476.33
-56.736
-60.5696
-228.937
116.145
-463.762
-53.4634
105.989
-473.89
-58.1595
-468.754
-214.312
110.535
-57.9556
108.423
-468.172
-58.3651
-215.698
107.789
-467.164
-58.4724
107.131
-467.455
-57.5334
-462.094
-213.405
108.417
105.867
-463.213
-56.5438
-58.5091
-214.04
107.1
-465.831
-58.4065
104.879
-464.742
-48.3863
-447.468
-203.855
113.629
-48.8421
111.829
-445.541
-46.8669
-204.619
115.105
-440.915
-45.5671
112.872
-443.061
-40.5509
-428.458
-202.187
119.974
117.412
-431.644
-38.6147
-42.6711
-200.848
117.353
-437.828
-43.5646
115.851
-435.059
0.312559
-376.191
-164.496
151.857
-5.99617
156.281
-366.818
5.28839
-167.215
169.782
-346.237
13.7316
162.916
-357.094
41.321
-280.573
-98.4057
215.541
222.478
-301.063
37.1724
34.2725
-95.0199
192.04
-332.995
22.3725
202.756
-318.018
372.08
90.8709
499.85
98.9377
325.523
357.546
513.631
110.501
-658.571
-782.997
-693.537
-691.473
-790.295
-689.772
-670.407
-664.788
295.327
283.605
68.9916
446.839
65.9382
301.353
282.961
60.7964
443.451
57.7141
-669.288
-667.384
-758.312
-690.95
-690.574
-693.302
-761.837
-690.878
-669.941
-667.475
-52.333
-470.588
-208.519
122.71
-52.79
-469.684
121.973
-54.6569
-213.872
-472.217
113.251
-470.154
116.615
-57.3292
-670.953
-672.532
-772.333
-695.435
-696.282
-694.914
-774.157
-696.851
-672.514
-672.632
300.985
299.726
57.5468
441.501
59.9161
290.132
295.309
61.1207
445.229
62.5106
-60.7043
-217.686
-470.03
108.535
-59.232
-471.347
104.82
-61.4469
-220.057
-472.532
107.287
-60.2696
-472.7
103.721
286.306
282.745
51.9903
426.911
53.0247
282.659
281.456
52.6179
428.065
53.3843
-667.373
-666.149
-762.486
-687.28
-688.774
-690.595
-764.138
-689.867
-664.352
-665.262
-667.49
-667.592
-693.836
-764.796
-692.32
-671.049
-668.396
-691.048
-764.647
-691.539
284.96
279.216
53.0231
429.046
53.2542
285.174
278.599
52.231
428.487
52.0553
282.394
278.203
51.437
423.558
52.0839
281.765
277.76
52.0776
423.57
52.4673
-658.779
-659.405
-757.146
-685.881
-684.217
-681.812
-755.952
-683.07
-662.945
-660.469
-55.5169
-460.592
-210.545
109.629
-55.5054
-459.594
107.522
-54.8333
-211.115
-457.067
109.449
-458.163
107.666
-54.156
-657.988
-656.015
-750.467
-676.301
-677.977
-680.755
-752.205
-679.324
-653.772
-654.817
283.027
279.427
53.3446
422.592
54.0789
282.191
279.158
52.7395
422.887
53.4646
-51.5453
-207.832
-449.832
111.893
-50.407
-451.49
109.576
-52.8624
-207.65
-455.137
110.389
-53.1256
-453.559
108.499
284.168
281.015
58.4657
421.06
58.9439
284.858
281.208
56.7303
420.987
57.4735
-645.829
-643.506
-735.282
-662.533
-664.216
-667.913
-737.411
-666.11
-640.777
-641.774
-647.298
-648.327
-674.759
-744.931
-672.906
-652.332
-649.827
-669.587
-743.097
-671.303
283.349
279.496
54.0618
421.471
54.7757
282.467
279.133
55.4615
421.62
55.9519
287.424
283.483
60.038
420.102
60.8332
285.883
283.098
62.6381
420.175
62.8263
-635.054
-635.037
-729.001
-660.511
-659.02
-656.208
-726.892
-656.9
-639.011
-636.987
-34.0825
-424.272
-201.147
123.344
-35.7996
-420.234
122.455
-31.2607
-204.113
-410.781
127.611
-415.569
124.445
-28.2125
-633.41
-633.465
-656.132
-653.031
-654.226
-654.817
-635.769
-631.921
289.063
286.99
68.5778
418.721
68.3256
291.698
287.367
64.7673
418.847
65.6544
-16.8983
-204.681
-384.733
141.688
-11.7472
-392.039
137.024
-20.7678
-203.106
-404.906
133.074
-24.1694
-398.728
133.814
307.066
312.619
99.384
415.433
92.5775
323.55
314.414
82.9746
416.421
86.0143
-662.223
-689.41
-744.991
-713.144
-680.69
-706.192
-743.358
-697.471
-658.187
-642.643
-655.308
-662.423
-635.314
-642.152
-677.194
-662.903
301.274
295.377
71.5073
417.334
72.7975
294.587
294.552
78.3082
416.977
76.7514
344.338
360.206
108.462
414.909
124.025
335.452
353.288
206.236
406.598
138.493
-684.15
-741.045
-743.305
-724.032
-663.552
-705.608
-759.966
-754.036
19.3082
-263.066
-97.0907
229.012
24.0594
-224.853
185.788
-64.2699
-286.045
13.414
771.222
179.894
459.232
-10.1385
-84.7994
-281.965
173.51
-659.229
-591.184
-444.133
-630.496
-545.69
-505.651
362.766
271.749
800.293
198.05
199.657
258.016
501.128
231.22
-75.2482
-136.098
-111.22
-295.186
-124.253
-189.006
-154.052
-333.979
-131.662
-153.791
-330.636
-150.075
-342.182
-213.906
-175.063
-178.939
-344.942
-146.824
-157.813
-223.182
-178.945
-341.962
-152.86
-180.337
-346.277
-148.401
-343.18
-212.415
-177.091
-149.031
-176.544
-344.353
-270.865
-561.691
-270.22
-562.83
-271.279
-564.829
-271.849
-563.937
-150.542
-213.374
-177.202
-342.054
-150.251
-179.393
-343.846
-147.503
-338.156
-210.176
-174.099
-176.374
-340.065
-146.776
-268.843
-560.207
-269.554
-558.763
-267.684
-555.934
-557.222
-266.577
-150.08
-212.82
-178.452
-341.741
-150.482
-177.996
-342.722
-137.683
-330.002
-203.101
-166.119
-138.567
-165.218
-331.021
-134.771
-201.484
-160.433
-326.464
-133.521
-163.091
-328.06
-126.522
-323.724
-199.709
-151.913
-154.511
-324.638
-124.72
-131.146
-200.115
-159.609
-325.761
-132.358
-158.628
-327.012
-78.2523
-337.074
-174.606
-107.144
-82.6663
-105.05
-337.091
-57.0265
-153.736
-73.6355
-299.962
-48.8617
-78.4394
-302.398
8.69496
-205.925
-76.7036
20.5326
8.07816
-211.704
16.6186
-28.8797
-116.373
-54.8728
-283.637
-37.8314
-48.4224
-280.849
219.827
147.059
166.885
-370.118
-427.855
-419.687
127.002
118.883
123.197
107.089
-430.807
-429.542
-438.907
-438.006
-139.49
-341.706
-205.967
-170.317
-141.839
-342.461
-168.223
-150.136
-214.661
-346.224
-177.318
-347.289
-179.167
-150.965
-428.688
-426.989
-436.026
-433.914
136.489
138.576
121.646
123.947
-150.967
-213.987
-343.366
-177.742
-149.957
-345.372
-180.089
-274.892
-568.923
-275.193
-567.945
-154.677
-218.125
-346.808
-182.371
-154.249
-348.167
-182.178
-274.126
-565.8
-272.907
-566.762
122.42
121.212
118.259
117.069
-431.394
-429.004
-430.304
-428.791
-431.268
-429.476
-436.865
-433.63
120.383
116.548
117.187
112.368
120.17
117.251
117.604
115.271
-425.396
-423.731
-429.979
-426.819
-145.773
-337.883
-209.234
-174.161
-146.295
-338.946
-173.582
-263.484
-549.882
-551.477
-262.363
-264.598
-554.487
-265.375
-553.119
-144.998
-207.998
-335.021
-171.23
-336.914
-173.7
-144.314
-425.384
-422.759
-422.031
-420.65
120.965
119.303
120.845
118.55
-140.338
-204.402
-330.551
-166.33
-139.395
-332.426
-168.965
-259.874
-547.913
-260.959
-545.991
-143.152
-206.858
-334.529
-171.535
-143.842
-335.492
-170.809
124.672
123.504
127.416
124.076
-416.661
-413.704
-411.932
-410.938
-416.803
-415.496
-421.795
-418.708
123.845
120.937
121.174
119.612
133.114
128.789
128.313
127.704
-408.118
-407.051
-412.037
-408.993
-121.108
-323.181
-199.32
-149.701
-122.832
-325.255
-148.764
-114.096
-204.098
-327.957
-139.236
-326.906
-141.588
-111.474
-408.849
-406.318
-411.035
-408.984
134.582
135.031
142.12
136.256
-93.2381
-195.279
-346.822
-116.751
-88.9661
-345.809
-119.39
-105.451
-206.158
-328.233
-134.323
-108.077
-332.775
-133.475
165.53
173.585
196.76
180.855
-441.532
-447.44
-425.264
-435.811
-435.328
-429.007
-413.302
-412.621
159.823
150.798
144.913
147.655
277.279
253.318
206.924
227.695
-316.059
-346.587
-420.018
-400.434
27.2038
-185.452
-30.0729
40.5464
33.2819
-178.463
53.1392
-48.4912
-39.6675
-31.2172
73.6786
-106.484
-370.708
-118.935
-326.916
74.2793
294.833
148.382
468.3
118.136
216.845
273.016
-296.626
-276.107
298.315
300.815
-65.6525
-28.0214
-60.3015
147.328
-37.0646
-94.9181
-86.1892
52.6688
238.418
0.546575
-72.9401
-139.048
-111.359
-301.694
-76.653
-107.353
-297.033
-105.769
-182.708
-127.741
-310.509
-97.2111
-132.855
-320.743
-155.133
-215.72
-188.059
-347.088
-159.928
-182.998
-345.602
-165.909
-226.179
-188.991
-347.046
-164.734
-194.261
-349.778
-149.749
-213.627
-178.597
-342.767
-150.308
-178.802
-343.871
-150.946
-214.963
-180.557
-342.766
-151.511
-179.096
-343.856
-149.027
-212.101
-179.517
-339.849
-150.365
-177.497
-340.383
-151.065
-213.733
-179.397
-340.284
-151.061
-180.269
-341.938
-138.364
-203.927
-166.092
-328.63
-138.134
-166.89
-329.904
-136.315
-203.079
-166.286
-327.909
-137.78
-164.301
-328.862
-128.375
-200.631
-158.273
-324.023
-130.151
-156.479
-325.504
-131.445
-200.971
-158.883
-324.802
-130.848
-159.634
-325.718
-73.623
-172.38
-97.2757
-326.723
-69.3141
-97.461
-326.615
-61.7178
-152.444
-87.8178
-313.563
-65.4914
-88.9625
-316.31
2.49187
-72.2478
-6.08633
-235.723
-2.15585
-6.47848
-238.884
-20.3435
-110.404
-27.9528
-260.545
-11.207
-33.2232
-262.685
214.399
216.351
326.728
332.441
137.337
342.892
326.334
343.178
132.598
338.273
144.587
325.493
347.721
449.612
429.313
422.076
458.848
460.981
244.282
455.782
249.436
444.85
397.761
412.938
430.739
472.709
258.569
476.315
253.296
190.889
171.577
285.551
96.6743
299.522
296.233
106.197
311.246
265.968
291.548
332.612
124.612
314.049
122.025
304.667
321.093
470.564
439.078
443.521
464.322
473.614
489.413
262.739
485.077
268.768
-649.19
-558.177
-690.176
-379.783
-375.558
-697.601
-656.634
-568.705
-563.108
-696.946
-888.395
-877.597
-899.389
-909.976
-919.242
-922.559
-920.905
-404.711
-414.244
-592.253
-670.995
-705.167
-590.213
-706.915
-706.233
-578.86
-668.821
-586.608
-706.905
108.71
114.018
236.165
73.2208
258.17
269.138
74.2323
264.856
240.649
231.482
257.84
61.3884
252.428
70.0243
227.225
261.835
412.894
363.689
369.039
407.556
441.986
240.759
444.36
236.759
415.345
383.546
423.744
375.041
434.528
231.518
432.356
234.682
97.5248
100.684
230.433
77.7526
258.912
277.966
75.77
242.762
265.232
223.12
256.262
65.689
250.192
67.6844
216.791
258.297
405.691
365.978
368.195
405.046
428.756
225.032
427.138
226.688
405.14
368.727
368.667
404.003
429.655
229.81
430.59
227.807
-591.761
-669.846
-702.106
-591.757
-699.955
-432.57
-429.795
-696.31
-668.335
-591.447
-590.848
-698.384
-863.77
-868.797
-859.896
-861.346
-876.945
-881.866
-871.582
-865.392
-440.926
-439.021
-595.188
-670.333
-703.163
-595.275
-700.075
-698.252
-593.351
-669.341
-595.216
-697.918
-140.47
-207.039
-342.265
-170.517
-141.702
-342.521
-169.9
-147.482
-214.983
-343.646
-175.74
-146.535
-346.047
-175.354
-592.194
-704.209
-672.73
-593.323
-705.884
-428.826
-427.922
-705.476
-673.299
-593.722
-593.564
-706.6
-882.051
-879.28
-884.517
-886.559
-889.274
-886.233
-890.108
-888.909
-433.847
-433.493
-595.911
-673.728
-705.102
-596.308
-706.522
-706.919
-594.864
-674.374
-596.535
-706.357
132.481
134.306
253.464
75.8397
274.156
268.091
250.293
81.1376
276.599
249.404
272.709
75.0979
267.454
82.3375
246.879
276.097
399.404
368.29
368.415
400.673
420.34
217.809
418.839
219.105
398.59
362.735
367.084
394.482
422.733
220.936
423.02
219.836
125.362
121.397
240.126
68.3991
257.587
263.643
72.7503
266.141
236.183
238.203
269.402
73.1067
259.645
76.2956
240.152
267.244
405.412
371.378
375.233
401.688
428.346
224.325
428.09
223.354
405.645
372.467
403.958
376.022
426.928
221.592
425.454
222.908
-153.107
-216.093
-345.56
-184.355
-154.969
-345.687
-181.831
-156.697
-219.56
-345.972
-184.67
-156.505
-347.866
-186.097
115.699
116.694
235.403
66.1947
252.345
260.364
69.8097
260.023
234.941
230.756
256.511
64.0894
250.601
69.9789
228.773
258.664
387.36
354.276
356.075
386.641
410.062
212.532
409.264
212.998
387.299
354.284
356.554
385.286
410.44
213.345
410.054
213.169
113.631
112.782
231.259
64.4595
249.027
256.926
67.5659
256.766
230.462
227.193
255.551
63.6039
248.193
68.5761
226.728
255.918
389.35
355.24
358.149
386.7
412.528
213.721
412.073
213.568
389.251
357.401
359.311
388.476
411.544
213.304
410.722
213.66
-590.682
-668.436
-700.136
-591.004
-700.149
-429.577
-429.388
-697.88
-667.595
-589.356
-590.288
-699.308
-871.773
-870.237
-869.142
-761.253
-688.534
-778.654
-763.063
-779.72
-868.071
-869.961
-780.832
-763.506
-689.818
-763.97
-870.626
-780.166
-872.7
-873.484
-873.684
-765.568
-691.704
-783.486
-766.291
-783.328
-873.824
-877.02
-876.725
-872.773
-781.424
-691.004
-764.278
-765.883
-782.504
-871.655
-876.146
-874.709
-430.721
-429.357
-588.361
-665.598
-696.181
-588.996
-697.402
-697.74
-588.955
-666.529
-589.674
-697.354
-431.898
-430.551
-590.728
-668.571
-699.729
-591.104
-699.586
-698.891
-591.021
-668.668
-591.286
-699.514
-875.515
-876.739
-874.489
-768.886
-786.606
-694.951
-875.995
-769.237
-785.101
-872.978
-782.72
-693.563
-766.659
-768.385
-783.685
-872.023
-873.585
-873.043
-434.027
-433.813
-595.081
-703.811
-671.633
-594.639
-702.299
-699.65
-592.022
-670.11
-593.507
-700.857
-873.257
-765.648
-692.217
-783.166
-767.142
-873.435
-782.959
-875.728
-876.144
-872.613
-782.358
-692.556
-766.381
-767.053
-782.755
-872.154
-874.889
-873.427
109.733
111.575
231.367
65.3512
249.998
259.173
67.8889
232.815
257.405
226.267
253.191
60.5269
247.064
66.8637
223.877
255.363
391.407
353.869
356.858
388.568
416.087
217.14
416.36
216.284
391.759
359.801
393.194
359.076
413.84
215.162
412.823
215.981
106.898
107.177
228.806
64.6205
259.956
248.993
231.601
66.8426
256.45
223.316
252.473
60.8643
245.9
65.5803
221.27
253.887
389.671
354.482
356.945
388.253
412.813
213.78
412.071
214.32
389.61
356.748
388.358
357.97
412.735
214.874
412.428
214.49
111.536
112.54
230.402
65.544
248.271
256.919
68.3201
255.677
231.188
225.571
252.326
62.2364
246.068
67.9483
223.701
253.955
385.63
350.929
353.498
383.414
409.102
212.564
408.727
212.497
385.482
353.626
385.231
354.732
408.038
212.179
407.339
212.524
110.768
110.769
229.063
63.8929
247.347
256.25
66.9783
229.679
254.815
224.385
251.937
61.8321
245.418
66.9569
222.998
253.245
385.059
351.131
353.553
383.585
408.006
211.898
407.366
212.211
385.148
353.164
354.663
383.786
407.737
212.215
407.166
212.174
-582.933
-659.937
-690.448
-583.43
-690.91
-426.063
-424.721
-690.912
-660.55
-583.494
-583.949
-691.065
-868.205
-868.98
-865.847
-760.219
-686.85
-777.681
-760.734
-866.896
-776.527
-864.431
-774.042
-758.055
-685.493
-759.736
-863.283
-775.252
-866.697
-865.499
-862.367
-755.483
-683.082
-772.616
-757.201
-773.046
-861.898
-865.09
-864.416
-862.581
-773.503
-684.001
-757.268
-757.775
-773.309
-862.743
-865.237
-865.064
-426.698
-426.726
-587.286
-663.693
-695.374
-586.996
-694.268
-691.402
-584.357
-662.081
-585.687
-693.016
-146.887
-210.238
-336.874
-175.188
-147.082
-338.226
-175.768
-146.185
-209.942
-336.5
-176.148
-147.253
-337.288
-174.282
-582.409
-690.328
-658.881
-582.475
-689.754
-422.729
-422.871
-687.028
-657.539
-580.215
-581.362
-688.629
-858.821
-857.49
-856.084
-749.33
-677.553
-766.47
-751.15
-767.438
-855.166
-859.439
-859.998
-856.786
-768.535
-751.732
-678.931
-752.121
-857.355
-767.914
-860.845
-754.77
-772.316
-681.726
-861.488
-755.281
-771.617
-863.731
-864.109
-862.46
-860.937
-859.558
-769.206
-680.545
-752.713
-754.422
-770.485
-858.31
-423.124
-421.519
-578.516
-654.927
-685.055
-579.08
-686.163
-686.623
-579.417
-656.001
-579.96
-686.281
114.454
114.897
232.066
66.1512
257.446
249.279
232.002
69.5182
256.694
227.514
253.659
64.2079
247.528
69.6942
225.945
255.33
384.125
350.974
353.18
382.96
406.89
212.159
406.261
212.4
384.314
352.539
354.197
382.797
406.675
212.314
406.129
212.34
113.633
113.764
231.051
66.8476
248.556
256.892
69.6168
255.976
231.301
226.325
253.455
64.4592
246.878
69.8319
225.087
254.522
385.023
351.336
353.881
382.632
407.793
211.992
407.331
212.074
384.708
353.285
384.104
355
407.079
212.121
406.369
212.299
-141.888
-206.379
-332.329
-172.077
-143.282
-333.023
-169.979
-143.91
-207.686
-332.984
-171.835
-143.774
-334.451
-172.683
119.492
119.408
234.393
70.6764
251.064
258.876
74.0485
258.229
234.003
230.152
255.687
69.1729
249.569
74.5738
229.053
257.11
383.379
351.089
353.355
382.399
405.593
213.896
404.95
214.082
383.808
353.162
354.445
382.188
405.236
213.813
404.763
213.854
118.678
119.64
234.511
73.1657
251.637
260.01
75.9966
258.739
235.754
230.1
255.831
70.3028
249.635
75.3657
228.191
257.024
384.089
351.359
353.625
381.7
406.183
213.177
405.724
213.403
383.558
352.864
354.553
383.142
405.616
213.563
404.89
213.736
-571.34
-646.819
-677.988
-571.397
-676.936
-413.078
-413.67
-673.751
-644.848
-568.651
-569.739
-675.681
-842.318
-840.876
-843.033
-843.793
-848.131
-848.931
-846.602
-844.773
-413.584
-411.604
-566.495
-641.583
-671.372
-566.8
-672.467
-673.362
-567.431
-643.114
-568.055
-672.696
-418.204
-416.433
-572.427
-648.331
-678.252
-572.889
-679.258
-679.825
-573.397
-649.542
-573.915
-679.463
-855.758
-856.584
-853.193
-748.199
-765.729
-675.709
-854.19
-748.617
-764.601
-851.618
-761.763
-674.113
-745.675
-747.422
-763.236
-850.259
-854.237
-852.627
-418.151
-418.626
-577.425
-684.56
-653.175
-577.306
-683.457
-680.314
-574.512
-651.327
-575.75
-682.16
-850.796
-849.602
-851.349
-851.817
115.373
116.169
232.446
69.6477
249.785
258.262
72.3266
233.268
257.028
227.642
253.903
66.5357
247.709
71.9992
225.873
255.306
384.125
350.68
352.991
381.883
406.644
212.302
406.177
212.467
383.708
352.409
383.217
353.979
406.021
212.624
405.404
212.761
115.488
115.403
231.574
67.3388
257.092
248.912
231.505
70.6268
256.21
227.21
253.632
65.7182
247.305
70.9785
226.057
254.964
383.685
350.627
353.017
382.416
406.277
212.962
405.676
213.127
383.994
352.796
382.535
354.199
405.891
212.876
405.3
212.939
123.286
124.933
237.686
78.4204
254.51
262.842
81.405
261.311
239.858
233.888
258.325
75.3494
252.336
79.9269
231.396
259.482
383.822
351.884
354.024
381.286
405.332
214.116
404.996
214.255
383.206
353.176
382.963
354.83
404.75
214.468
404.012
214.611
124.385
123.892
237.28
74.7091
253.294
260.785
78.0424
236.51
260.277
233.301
258.05
73.4962
252.024
78.9277
232.561
259.369
382.85
351.548
353.749
382.143
404.46
214.786
403.742
214.996
383.368
353.71
354.759
381.581
404.198
214.737
403.824
214.756
-561.446
-635.199
-665.186
-561.131
-665.98
-409.217
-407.194
-666.631
-636.818
-561.387
-562.412
-665.911
-839.187
-840.127
-837.608
-835.776
-833.418
-832.137
-834.12
-834.896
-408.276
-409.004
-565.2
-640.247
-671.17
-565.456
-669.939
-666.752
-562.727
-637.966
-563.525
-668.755
-120.767
-200.734
-324.448
-148.114
-119.678
-324.19
-148.432
-116.529
-203.138
-324.112
-146.119
-118.601
-327.252
-145.057
-560.349
-665.631
-635.503
-561.459
-664.804
-406.617
-406.907
-662.766
-633.441
-559.962
-559.742
-664.319
-829.081
-828.915
-828.746
-828.938
-831.501
-831.973
-830.619
-829.245
-408.924
-407.511
-563.038
-634.111
-665.413
-560.937
-664.938
-663.626
-559.102
-635.039
-561.472
-663.504
132.724
131.715
242.703
80.9161
264.071
257.317
241.161
84.2805
264.002
239.206
262.213
80.251
256.455
85.7784
238.933
263.432
381.631
352.158
354.108
381.321
402.172
214.592
401.316
215.015
382.048
354.157
354.92
380.268
402.099
215.126
402.004
214.958
130.837
133.204
243.022
86.4886
259.112
267.406
89.519
265.314
246.586
240.014
262.396
83.0472
256.719
86.8546
236.939
263.412
383.146
352.806
354.869
380.424
404.029
215.03
403.81
215.078
382.556
353.802
382.468
355.488
403.283
215.035
402.462
215.27
-96.8167
-195.598
-337.376
-125.707
-99.3391
-345.102
-125.836
-103.562
-206.993
-336.298
-130.624
-101.547
-332.777
-130.334
179.987
174.294
274.316
108.566
279.776
280.978
112.655
285.101
266.789
275.395
288.424
113.162
282.73
118.275
279.263
287.245
375.703
357.044
358.311
376.01
387.732
200.969
387.122
201.772
373.743
358.325
357.445
373.827
390.279
204.707
391.301
203.864
175.042
182.783
281.789
130.072
290.535
300.472
131.949
293.442
294.303
282.177
288.696
122.212
285.887
122.371
274.549
290.735
378.719
358.347
359.394
376.774
396.433
209.968
396.598
209.203
379.654
356.061
358.759
378.506
395.374
206.68
393.863
207.856
-590.715
-673.048
-695.719
-601.056
-702.497
-452.673
-452.158
-719.239
-678.611
-618.497
-606.369
-711.558
-904.376
-916.132
-892.997
-883.407
-860.421
-853.408
-867.979
-874.723
-451.65
-435.948
-679.874
-725.962
-776.143
-657.264
-759.786
-732.207
-627.322
-714.088
-644.887
-743.156
-422.152
-423.332
-586.48
-651.693
-687.781
-579.195
-683.049
-675.027
-570.567
-649.407
-576.674
-677.449
-831.435
-830.219
-832.506
-833.345
-416.765
-415.092
-563.049
-667.77
-639.778
-566.569
-668.749
-671.222
-569.403
-639.254
-566.314
-670.686
-842.455
-846.858
-838.269
-835.516
145.044
149.119
254.617
100.963
268.724
277.162
103.726
261.067
273.606
252.661
270.263
96.1943
265.513
98.6639
248.153
271.418
381.57
354.354
356.166
378.911
401.233
214.393
401.204
214.195
381.314
354.446
381.103
356.369
400.472
213.52
399.37
214.049
147.945
145.481
252.492
90.6178
269.456
264.325
249.197
94.1019
270.537
250.215
270.083
91.3823
264.553
96.983
251.223
270.743
379.611
353.298
354.984
379.539
397.795
211.102
396.79
211.908
379.449
355.285
378.228
355.455
398.153
213.049
398.43
212.585
246.734
263.182
349.905
185.181
340.045
356.963
184.502
344.824
366.515
355.81
336.199
178.753
330.66
176.2
343.395
343.342
369.634
365.304
363.142
369.562
385.074
197.942
384.735
197.044
373.983
359.248
371.904
363.918
377.976
191.289
378.635
193.133
250.47
233.756
323.696
146.018
313.91
307.823
151.7
306.112
319.381
332.099
334.483
161.341
324.289
163.04
344.059
326.014
353.474
361.863
363.565
361.517
327.084
164.887
320.037
172.674
342.481
343.724
348.294
322.816
360.729
185.1
363.173
181.099
-580.52
-705.916
-761.715
-596.144
-793.112
-378.034
-345.757
-833.531
-725.798
-633.861
-625.776
-812.915
-943.102
-931.289
-953.869
-958.186
-932.709
-909.547
-951.72
-960.035
-376.967
-395.665
-689.332
-767.191
-797.569
-683.358
-815.488
-836.325
-658.905
-766.74
-664.697
-831.922
34.8291
-33.2341
-146.753
50.5746
8.03506
-165.042
29.9231
-97.1927
-93.4075
-126.865
-326.58
-249.822
-130.656
-170.383
-168.049
-298.732
-198.532
67.5487
14.4393
67.3099
295.812
681.251
234.362
128.575
183.126
130.956
104.264
584.811
171.24
-30.2666
39.9051
31.1901
-117.494
82.7067
18.8296
-110.462
-187.114
-47.7009
120.718
174.344
110.716
-547.874
-727.431
-635.129
-526.342
-688.003
-283.516
-270.788
-625.938
-613.117
-494.896
-499.128
-643.654
-502.17
-661.639
-673.535
-572.07
-459.455
-597.117
-819.936
-872.56
-731.094
-661.01
-194.075
-611.654
-480.67
209.766
321.378
382.925
182.601
361.392
349.528
395.167
201.707
369.384
400.456
252.779
197.867
340.263
150.641
262.477
334.103
-5.80687
-46.4489
308.27
712.553
206.367
80.6826
209.915
87.7888
388.006
-49.7701
234.343
130.514
188.056
253.293
186.46
106.25
252.602
30.8291
237.073
155.566
268.741
137.645
256.135
328.71
296.19
299.008
194.584
316.365
-20.9658
134.209
-259.148
-567.267
-561.424
-318.478
-263.706
-557.61
-250.827
-569.403
-314.701
-557.339
-276.89
-568.38
-566.907
-274.938
-570.901
-277.984
-571.508
-569.077
-571.913
-275.397
-251.423
-531.69
-249.544
-534.335
-253.441
-539.387
-254.824
-537.066
-245.113
-528.488
-247.108
-525.272
-242.366
-517.747
-521.498
-239.657
-190.175
-439.979
-183.622
-448.027
-194.805
-464.157
-200.841
-456.208
-169.086
-431.201
-177.584
-421.874
-160.86
-396.635
-409.717
-143.991
-273.71
-569.696
-570.076
-274.008
-272.611
-571.008
-273.595
-570.5
-258.213
-541.777
-256.709
-543.799
-229.571
-498.092
-503.468
-225.55
-233.243
-513.295
-236.318
-508.717
-216.429
-491.991
-221.049
-485.628
-211.794
-471.71
-206.22
-478.715
-885.409
-768.696
-693.25
-789.138
-772.808
-792.99
-879.501
-892.096
-797.692
-774.649
-694.264
-773.128
-896.26
-795.818
-894.252
-681.509
-766.138
-789.528
-899.634
-796.241
-688.528
-772.425
-774.135
-794.806
-900.21
-868.88
-767.424
-693.048
-784.901
-766.4
-873.17
-781.582
-866.56
-779.418
-763.949
-691.35
-766.285
-866.125
-779.428
-875.668
-768.746
-693.854
-787.075
-769.393
-784.471
-878.482
-871.494
-779.73
-692.43
-765.736
-766.741
-782.098
-868.846
-879.789
-769.974
-696.469
-788.216
-772.058
-789.757
-878.018
-881.473
-791.424
-772.471
-697.767
-772.869
-882.613
-790.465
-883.91
-771.173
-789.709
-696.663
-882.036
-772.631
-791.436
-884.507
-791.493
-697.414
-772.601
-773.894
-791.972
-883.94
-839.641
-734.045
-663.5
-751.138
-735.831
-752.209
-838.729
-840.572
-753.669
-736.763
-665.335
-737.102
-841.258
-752.797
-845.511
-740.802
-668.942
-758.455
-741.18
-757.359
-846.438
-843.859
-754.401
-667.174
-738.133
-739.881
-756.003
-842.415
-848.076
-741.999
-670.769
-759.009
-743.824
-847.267
-759.896
-848.771
-761.049
-672.268
-744.507
-744.864
-760.413
-849.306
-836.794
-732.619
-661.791
-750.581
-733.068
-837.754
-749.349
-835.005
-746.321
-730.032
-659.725
-731.592
-833.634
-747.99
-831.034
-726.502
-656.563
-743.721
-727.911
-744.523
-830.494
-831.942
-745.755
-658.486
-728.546
-729.146
-744.892
-832.49
-827.278
-724.557
-654.849
-742.398
-724.616
-741.877
-828.284
-827.266
-741.293
-723.328
-656.086
-725.064
-826.903
-741.04
-829.569
-725.239
-743.711
-656.334
-829.892
-726.275
-742.875
-828.226
-741.002
-654.464
-724.327
-725.094
-742.158
-827.579
-906.804
-787.577
-735.505
-845.009
-797.629
-831.022
-920.843
-895.059
-805.498
-779.261
-727.648
-782.831
-883.762
-816.382
-859.959
-748.616
-690.658
-770.594
-756.144
-777.517
-852.369
-866.674
-793.882
-695.78
-768.816
-763.427
-786.426
-875.04
-830.771
-724.546
-744.183
-659.656
-829.143
-727.654
-744.975
-831.301
-747.774
-659.415
-729.965
-728.241
-746.644
-833.108
-841.482
-743.655
-671.447
-763.288
-739.64
-846.862
-758.55
-838.105
-750.909
-669.53
-731.432
-736.573
-753.46
-834.68
-950.271
-796.78
-741.647
-863.191
-782.938
-936.547
-876.41
-962
-885.601
-770.257
-730.484
-785.463
-968.038
-886.87
-945.69
-723.452
-675.266
-819.067
-740.771
-845.551
-922.659
-961.681
-880.527
-699.082
-766.019
-751.098
-863.735
-970.642
-849.533
-702.282
-788.601
-616.072
-889.568
-681.526
-750.043
-776.404
-642.433
-582.728
-587.936
-646.1
-696.247
-723.064
)
;

boundaryField
{
    left
    {
        type            calculated;
        value           nonuniform List<scalar> 0();
    }
    bottom
    {
        type            calculated;
        value           nonuniform List<scalar> 
243
(
-182.717
-197.677
-204.964
-204.309
-191.985
-189.169
-156.443
-148.921
-204.393
-206.383
-200.328
-198.666
-178.107
-173.371
324.844
348.443
-169.399
-202.499
280.216
289.435
265.215
266.953
-205.411
-203.086
263.447
263.586
264.137
263.906
-194.437
-185.956
264.95
264.617
268.307
269.033
-162.503
-132.717
249.428
265.824
481.394
275.918
281.837
-202.538
447.407
438.082
465.279
447.689
430.278
427.26
434.586
430.445
-206.267
266.764
268.401
263.221
263.589
-201.71
425.08
423.805
426.47
425.138
423.121
422.081
423.73
423.037
-196.669
263.446
263.148
265.844
265.606
-182.26
420.315
417.226
422.104
420.473
409.191
396.803
416.624
410.972
-168.222
267.256
266.883
306.288
331.043
391.063
349
669.964
513.441
500.176
445.433
442.287
453.609
448.971
429.127
428.243
431.528
430.584
424.221
423.989
425.306
425.121
422.31
422.266
422.971
423.012
418.908
418.258
421.108
420.936
405.962
401.398
414.644
412.958
1228.63
854.163
448.853
1311.33
383.16
365.645
154.695
289.385
464.648
83.4937
-44.3405
515.501
354.896
311.228
304.292
289.618
282.845
300.425
293.671
259.965
258.235
261.355
260.296
255.66
254.021
257.751
256.309
272.518
268.384
279.957
274.423
263.661
262.086
267.085
265.057
249.546
249.005
249.618
249.342
248.728
248.164
249.002
248.761
252.096
251.09
253.539
252.333
250.213
249.647
250.813
250.401
247.927
247.612
247.59
247.579
247.993
247.752
247.765
247.784
248.166
247.725
248.179
247.978
247.836
247.491
247.764
247.718
249.29
249.051
248.686
248.851
249.685
249.502
249.288
249.291
248.381
248.103
247.845
247.972
248.729
248.565
248.39
248.397
250.651
250.199
250.257
250.218
250.139
249.586
250.165
249.874
250.2
249.922
249.604
249.705
250.507
250.232
250.13
250.073
242.101
240.036
244.033
242.809
233.717
231.041
237.833
235.505
248.959
248.105
249.261
248.854
246.322
245.188
247.44
246.626
1151.06
1000.23
55.4788
91.997
167.124
108.682
1760.02
1339.6
221.801
215.204
227.962
224.265
192.588
166.269
211.546
197.757
)
;
    }
    interface
    {
        type            calculated;
        value           nonuniform List<scalar> 
1703
(
-223.675
-232.935
-237.598
-234.066
-234.388
-230.755
-234.264
-224.148
-221.222
-219.303
-220.939
-254.191
-231.192
-132.488
-219.443
-228.991
-237.337
-234.633
-238.96
-230.428
-228.467
-224.593
-228.102
-219.458
-224.313
-249.215
-225.733
-107.678
-40.8882
166.305
-171.519
-192.55
-239.289
-246.493
-234.203
-235.195
-232.843
-233.533
-223.138
-223.405
-220.664
-220.02
-255.683
-253.384
-175.383
-183.158
-229.608
-233.962
-237.422
-239.429
-230.06
-230.317
-226.874
-227.01
-220.236
-222.19
-236.777
-231.762
-131.314
-51.4836
-285.15
-4.26692
498.547
158.575
220.992
-11.6055
-106.157
-63.6544
-299.993
182.487
-442.334
-517.093
498.636
205.368
216.144
-162.543
-212.288
-234.111
-241.591
-232.733
-233.363
-230.11
-232.759
-222.71
-220.771
-218.67
-219.547
-258.703
-239.292
-151.811
-205.232
-227.27
-235.075
-425.875
-432.814
-234.215
-238.037
-428.288
-433.528
-229.149
-227.725
-422.23
-419.017
2.2683
2.68832
-223.978
-226.586
6.3721
3.36028
17.6447
12.3828
-218.583
-222.614
-405.497
-408.436
20.0534
28.0498
-243.989
-226.392
55.3311
86.085
-101.627
-368.104
207.486
-80.5583
-23.9359
20.9448
-101.752
14.756
69.202
-165.579
-204.987
-235.715
-244.875
-233.601
-234.643
-231.749
-233.341
-223.117
-222.279
-219.692
-219.923
-260.648
-242.28
-155.774
-195.144
85.8572
265.393
402.652
363.354
375.263
368.487
345.414
355.362
360.04
351.262
226.939
359.259
374.56
379.817
380.52
367.556
-689.652
-697.512
-728.487
-876.925
-907.282
-911.273
-403.15
-746.424
-704.711
-705.083
-740.775
-706.293
-9.73765
183.422
326.29
323.461
329.753
320.248
330.928
333.921
327.929
337.429
189.747
325.528
322.718
317.993
322.261
320.005
-742.688
-701.738
-699.802
-429.717
-696.408
-739.009
-853.363
-857.633
-849.155
-866.102
-437.1
-745.662
-702.611
-697.912
-741.643
-697.857
-228.121
-235.03
-744.381
-703.792
-705.432
-426.273
-705.21
-744.976
-870.888
-868.432
-873.585
-878.005
-746.037
-704.711
-705.93
-706.259
-746.592
197.28
332.844
336.31
317.33
308.842
315.587
313.691
316.623
310.241
322.462
325.979
183.086
321.596
314.531
321.698
313.889
-235.996
-239.179
-3.37076
181.278
317.869
318.827
306.746
306.562
300.32
306.409
300.689
314.341
315.534
177.757
307.834
301.642
308.008
301.564
-740.209
-699.643
-699.734
-426.751
-697.586
-737.806
-860.78
-859.398
-945.896
-762.946
-763.999
-944.665
-951.188
-767.545
-767.522
-951.242
-866.041
-427.646
-736.494
-695.827
-697.246
-737.55
-697.055
-429.035
-739.908
-699.352
-698.603
-739.412
-699.19
-864.709
-951.373
-770.757
-952.774
-769.538
-862.636
-744.58
-703.301
-699.363
-740.461
-700.514
-950.451
-767.302
-950.855
-767.195
-864.776
-865.143
-863.93
177.962
316.468
316.072
309.845
305.64
305.45
310.95
310.649
304.746
175.874
317.984
178.555
315.699
308.321
302.609
308.435
302.962
-5.95084
177.375
313.679
313.843
305.061
299.578
305.421
299.492
-6.94926
176.029
313.506
177.031
313.235
304.742
298.939
304.912
299.004
-730.424
-690.083
-690.522
-730.752
-690.745
-857.412
-857.999
-942.355
-761.875
-943.379
-760.951
-938.771
-756.92
-757.395
-938.301
-854.193
-853.579
-854.413
-423.863
-735.477
-694.862
-693.952
-691.143
-731.437
-229.8
-229.386
-730.188
-689.804
-689.379
-419.919
-686.748
-726.821
-847.926
-846.733
-932.06
-750.873
-751.842
-930.991
-937.243
-756.523
-937.892
-756.012
-852.914
-420.08
-725.025
-684.716
-685.644
-686.145
-726.234
-685.98
-3.0277
178.87
314.231
314.72
304.402
304.342
298.403
304.452
298.472
313.419
313.907
179.007
304.561
298.696
304.849
298.632
-225.731
-227.024
3.51602
181.872
314.829
315.242
304.849
298.688
304.87
298.701
3.43603
182.551
315.42
315.494
183.985
304.565
298.616
304.88
298.625
-717.48
-677.381
-673.511
-713.254
-675.149
-831.484
-830.254
-837.453
-838.042
-835.726
-410.475
-710.916
-671.06
-671.886
-672.799
-712.52
-415.169
-717.998
-677.926
-679.338
-719.28
-679.173
-845.037
-928.955
-750.006
-930.026
-749.128
-724.32
-683.997
-683.129
-680.068
-720.033
-681.68
-839.949
-0.77469
180.013
314.247
314.425
304.209
304.407
298.405
304.471
305.134
298.438
313.549
179.346
313.792
304.432
298.511
304.571
298.482
186.373
317.262
317.061
304.889
306.275
298.753
305.261
306.768
298.737
9.35835
316.079
316.482
305.265
298.707
305.179
298.775
-704.361
-664.892
-665.322
-665.979
-705.358
-828.597
-822.67
-710.366
-670.491
-669.626
-666.538
-705.995
-668.156
-219.426
-222.089
-704.32
-664.854
-664.511
-662.619
-701.6
-663.633
-818.171
-820.942
-821.158
-819.601
-405.666
-703.924
-665.151
-662.898
-701.712
-663.312
18.8248
190.789
318.351
318.905
305.421
297.855
305.096
298.099
18.4823
192.498
320.035
319.421
195.484
305.15
298.552
305.646
298.442
-239.271
-228.897
221.584
330.226
333.048
303.796
313.192
286.073
302.64
313.529
286.956
67.8552
342.081
338.533
305.837
291.978
305.975
291.014
-731.466
-694.758
-702.451
-719.391
-755.715
-894.532
-850.551
-814.7
-776.348
-758.82
-731.159
-766.764
-743.454
-724.759
-687.642
-674.073
-711.529
-821.019
-819.404
-821.762
-414.566
-705.491
-666.844
-671.034
-708.967
-669.758
-831.863
-836.635
204.913
326.26
324.677
305.068
297.029
305.647
308.995
309.595
296.707
321.974
323.074
305.191
294.701
304.688
295.356
146.496
298.142
371.707
372.312
301.35
320.307
281.199
302.27
279.457
350.359
255.257
357.659
287.541
250.055
277.907
257.299
-794.129
-761.635
-830.215
-872.319
-933.879
-921.292
-944.006
-924.31
-463.443
-836.458
-796.062
-836.494
-882.776
-830.049
-96.783
-95.134
-100.476
-341.932
-115.972
-154.614
-305.256
56.9542
5.77853
236.92
397.4
109.774
200.471
40.6841
334.935
-48.3407
55.7953
-125.374
78.6133
-108.148
-161.716
114.682
200.258
-764.588
-726.333
-628.13
-699.525
-492.603
-590.403
-463.876
-817.576
-865.645
-201.409
-634.022
-614.438
-480.452
-655.174
377.635
365.308
37.4074
-39.4437
245.183
478.78
88.7647
217.88
246.068
178.955
131.589
191.595
123.67
140.505
193.641
66.1031
25.3504
-424.515
5.35989
0.524495
-427.939
-435.235
14.3744
1.19018
2.21349
-1.07586
-428.291
-427.215
0.126154
-3.2192
1.25643
-1.50102
-422.393
-426.757
7.63318
10.8302
-413.437
-409.025
-413.845
-418.57
-405.316
-408.743
-438.593
-513.379
-433.007
-409.92
47.3148
32.2288
174.462
101.954
-397.758
-502.989
347.565
348.219
364.14
61.6304
369.451
-379.982
316.099
342.023
333.223
330.452
-19.333
317.328
323.211
328.127
-430.744
10.7229
318.544
314.188
318.133
3.92759
322.333
319.095
305.89
306.285
305.754
307.418
-5.12876
306.752
308.397
307.645
-431.041
-8.66811
312.984
310.506
-11.374
308.496
309.907
302.977
306.095
305.188
305.579
304.961
305.531
-423.133
303.357
304.595
304.525
304.936
-3.44795
303.524
305.012
304.879
304.275
304.939
305.851
305.137
304.754
304.916
-410.361
-415.389
303.21
304.588
304.597
304.661
-1.1736
304.719
304.955
9.31692
305.155
304.973
306.221
305.058
304.962
306.917
305.286
-406.038
-405.642
-404.146
306.638
304.19
308.072
304.933
304.995
304.792
68.1053
313.442
293.729
314.037
298.731
301.698
311.703
298.835
-463.655
-476.688
-418.833
34.8073
308.742
304.211
303.285
35.2346
301.597
303.305
320.919
294.107
316.766
282.618
138.757
234.914
283.032
-454.199
-336.474
-255.164
154.054
288.26
231.488
194.152
91.2641
40.4338
212.599
-370.397
-417.573
-0.298487
187.412
-10.4429
179.95
-427.037
-434.533
-424.691
-431.134
16.2582
195.307
3.22989
185.488
1.64982
181.48
-1.61488
177.75
-426.445
-426.059
-426.96
-430.968
-2.36625
179.625
-6.31759
-0.565101
178.537
-2.80594
-421.144
-424.267
-420.198
-417.956
1.39963
179.361
1.34042
178.228
7.1433
182.099
8.73541
-411.192
-408.186
-412.819
-416.179
4.57075
181.195
2.59569
178.872
14.8263
188.417
12.2937
185.105
185.057
-404.235
-406.523
-403.936
-406.089
20.7091
190.173
24.1329
61.2386
216.476
75.3363
232.465
241.763
-445.63
-505.62
-426.111
-410.425
41.1675
209.951
34.4942
200.605
198.676
156.899
310.146
116.288
267.77
-420.965
-488.117
-353.5
208.859
329.409
333.386
-73.6313
-56.4706
-91.3755
-34.5573
407.084
385.847
408.381
88.261
266.605
264.525
368.467
340.416
352.705
347.7
356.113
358.82
392.454
384.002
235.395
47.2833
246.458
388.415
375.138
361.461
375.345
-719.848
-375.262
-727.5
-696.298
-888.806
-971.133
-781.543
-978.691
-779.374
-867.244
-898.372
-964.686
-773.278
-777.114
-956.749
-985.545
-779.094
-778.136
-984.264
-980.333
-772.788
-909.466
-411.573
-746.342
-706.193
-745.144
318.618
321.429
-4.98368
178.741
175.143
319.289
325.893
334.681
337.446
325.594
337.272
324.58
334.279
314.362
168.849
318.257
-16.9288
172.455
318.217
324.23
316.31
324.652
318.592
320.532
322.174
326.309
-741.959
-427.32
-740.381
-698.177
-941.185
-764.421
-942.116
-764.253
-850.618
-944.62
-769.311
-949.119
-766.444
-860.45
-949.688
-764.132
-766.67
-945.064
-870.574
-854.728
-953.496
-771.07
-768.705
-957.354
-435.88
-743.931
-699.899
-741.958
-746.031
-425.436
-746.42
-706.055
-958.873
-775.478
-960.7
-774.562
-875.323
-957.315
-772.407
-773.93
-955.158
-878.841
-963.611
-775.326
-775.853
-962.624
-875.165
-877.837
-963.348
-773.561
-961.102
-775.31
-430.72
-747.345
-747.303
-706.025
332.291
321.67
192.419
335.215
12.404
194.507
322.558
324.633
317.88
317.893
307.601
315.536
313.606
311.208
316.89
184.887
327.696
326.658
1.30355
186.818
323.911
319.567
315.511
321.194
321.767
312.344
320.602
314.651
316.841
-2.29737
177.813
176.396
308.48
306.323
299.834
306.799
306.989
305.462
300.766
307.153
313.314
174.757
314.143
-5.41793
174.901
308.351
306.824
301.805
308.073
309.316
307.701
301.078
308.075
-740.708
-426.667
-739.595
-698.849
-946.507
-861.828
-765.055
-947.364
-862.47
-764.522
-949.921
-865.077
-765.647
-766.71
-948.63
-863.823
-865.693
-426.671
-737.94
-696.876
-737.973
-427.962
-740.359
-699.232
-740.318
-949.264
-767.21
-768.12
-948.638
-862.212
-865.657
-431.031
-743.801
-702.007
-742.136
-949.791
-766.632
-767.188
-948.729
-862.536
311.83
306.117
172.048
313.909
-6.85763
173.803
307.854
308.178
307.461
308.438
306.245
312.004
309.325
311.411
303.776
311.318
171.423
310.557
312.541
-10.9229
170.223
307.298
308.208
301.952
309.064
307.443
303.294
309.442
309.971
303.276
172.318
311.719
-4.82922
173.595
304.836
305.426
304.387
304.18
299.509
305.913
305.358
304.943
299.044
305.905
172.487
309.463
311.168
-6.65791
171.645
304.434
304.197
298.539
305.325
304.167
299.019
305.381
-731.288
-690.482
-422.114
-731.471
-940.561
-855.779
-758.525
-939.423
-759.667
-854.738
-938.836
-757.858
-757.805
-938.841
-854.195
-423.995
-735.031
-733.472
-692.598
-730.17
-420.118
-728.78
-688.169
-848.666
-932.507
-752.903
-933.191
-752.441
-849.104
-851.516
-935.645
-753.639
-754.881
-934.243
-853.164
-850.186
-418.892
-726.385
-726.584
310.947
312.798
-2.37543
175.478
174.417
305.084
303.725
298.178
304.824
305.273
303.858
298.395
304.859
310.599
173.893
311.931
-3.00968
174.673
304.883
303.912
298.446
304.95
305.754
304.145
298.409
305.123
312.018
304.201
178.057
313.65
3.8
178.805
305.416
306.023
305.284
304.009
298.538
305.127
306.34
304.589
298.561
305.018
179.008
311.996
313.414
4.47327
177.799
305.379
304.186
298.246
304.907
303.987
298.531
305.081
-717.097
-676.601
-410.855
-715.429
-832.399
-915.129
-738.197
-916.063
-737.52
-832.961
-914.57
-735.729
-736.8
-913.316
-918.946
-739.027
-740.567
-917.198
-920.797
-742.8
-741.947
-921.862
-834.163
-409.068
-712.133
-712.618
-672.422
-413.862
-719.279
-678.735
-719.583
-927.104
-843.356
-746.331
-747.738
-925.594
-845.669
-841.962
-415.84
-723.856
-722.201
-840.645
-924.013
-745.507
-745.045
-924.621
-838.9
-923.563
-743.491
-922.606
-744.377
-840.981
310.648
303.407
175.083
312.248
0.154079
176.256
305.077
305.637
303.69
298.064
304.703
303.656
298.255
304.906
175.664
310.456
312.052
-0.906846
174.928
304.531
303.665
298.33
304.899
304.128
298.387
304.795
313.665
305.291
315.033
10.8472
183.067
181.528
304.608
298.412
305.075
304.323
298.669
305.264
313.604
181.805
315.154
9.36181
182.335
306.22
304.341
298.533
305.252
307.264
305.04
298.647
305.123
-705.159
-404.748
-705.484
-665.655
-826.746
-909.445
-731.087
-907.611
-732.648
-829.25
-825.243
-911.342
-735.008
-912.557
-734.056
-823.573
-905.619
-730.393
-729.784
-906.593
-821.682
-824.043
-905.239
-728.491
-729.27
-904.129
-406.129
-709.906
-708.16
-704.42
-403.977
-703.157
-818.199
-899.67
-726.108
-900.149
-726.223
-818.396
-817.946
-900.524
-727.466
-726.935
-900.495
-901.926
-725.964
-726.975
-900.465
-818.599
-903.142
-728.275
-904.001
-727.773
-405.257
-703.337
-664.176
-702.591
316.506
306.61
188.297
318.024
18.4735
188.556
307.491
307.999
307.323
304.445
297.52
304.722
308.262
305.162
298.094
304.62
189.463
316.407
317.535
20.4874
187.659
307.736
304.989
298.327
304.975
304.68
298.303
305.124
335.43
313.137
335.5
64.48
224.014
226.657
303.539
284.718
296.794
302.862
287.839
296.525
335.584
225.721
336.524
73.1175
230.042
313.879
305.544
292.867
300.456
312.712
304.856
289.502
300.758
-739.892
-452.597
-746.95
-710.718
-883.592
-964.544
-790.495
-955.725
-801.836
-906.925
-873.294
-978.178
-831.291
-816.386
-989.813
-857.719
-939.488
-778.962
-771.045
-945.561
-843.019
-930.969
-755.391
-762.472
-925.002
-865.173
-489.936
-795.515
-780.183
-421.434
-719.596
-682.181
-715.248
-677.313
-904.296
-733.007
-731.784
-904.74
-903.057
-729.005
-902.364
-730.253
-823.074
-412.068
-707.578
-668.391
-708.262
-828.075
-909.021
-736.008
-738.936
-907.137
-913.813
-748.473
-917.494
-743.739
-824.869
321.832
308.681
199.399
322.815
37.8804
201.982
310.006
309.876
309.785
305.036
297.097
303.855
304.661
296.301
303.962
199.686
321.961
323.153
33.8554
200.276
309.08
304.189
293.879
302.713
305.154
295.712
302.592
370.939
320.907
372.882
318.499
156.308
298.301
291.463
306.346
299.149
283.483
289.698
318.629
302.216
273.25
290.836
367.889
286.404
364.674
128.015
277.7
295.132
224.622
266.88
313.675
262.063
269.431
267.57
-825.947
-790.025
-429.289
-846.316
-812.505
-1034.89
-884.564
-949.621
-1037.37
-878.019
-1020.09
-849.179
-1008.71
-864.9
-944.036
-1029.58
-884.399
-872.722
-1042.36
-903.625
-950.41
-1014.94
-828.305
-853.666
-989.13
-477.208
-861.29
-815.581
-883.599
-141.985
-248.982
-177.7
-196.686
80.6205
160.531
135.401
112.885
26.2082
22.541
-36.3694
97.0604
-735.529
-689.774
-332.091
-715.695
-645.636
-603.896
-676.108
-637.258
-698.243
-694.023
-592.996
-728.625
-852.058
-643.94
-692.785
-782.245
-667.338
-917.012
-793.196
-961.236
-751.225
231.254
95.4632
244.235
335.85
218.239
233.265
336.852
299.629
-27.9427
-146.652
186.451
108.28
-22.9343
64.3943
213.749
282.839
-38.6022
206.891
160.81
269.468
243.176
-123.815
103.699
)
;
    }
    procBoundary4to0
    {
        type            processor;
        value           nonuniform List<scalar> 
58
(
-143.617
-300.417
-317.197
-254.518
-571.272
117.935
515.402
179.845
-13.5649
106.378
515.402
-783.556
-783.556
-783.556
-783.556
-13.5649
-442.341
-442.341
-442.341
-442.341
-442.341
179.845
179.845
179.845
179.845
179.845
359.316
106.378
106.378
106.378
106.378
-645.523
-678.137
-87.3169
-294.724
-116.602
201.026
-373.136
309.672
126.735
327.437
440.845
492.824
492.824
273.893
440.845
469.112
-555.068
-681.337
-907.554
-254.518
-559.889
-559.889
-559.889
-317.197
-885.08
-762.535
-780.507
)
;
    }
    procBoundary4to1
    {
        type            processor;
        value           nonuniform List<scalar> 
78
(
-444.62
-444.257
-323.477
-328.626
-331.322
-600.618
-444.368
-606.224
-442.646
-600.044
-323.477
-328.626
-329.479
-330.87
-569.184
-329.479
-709.815
-717.153
-443.32
-722.416
-721.586
-885.444
-898.385
-874.439
-868.126
-891.847
-887.635
-327.391
-569.184
-569.184
-898.067
-900.419
-706.024
-710.177
-737.821
-930.598
-914.332
-749.128
-945.248
-949.268
-865.632
-865.338
-873.418
-878.629
-902.073
-898.385
-885.444
-914.332
-930.598
-943.202
-949.268
-945.248
-868.126
-874.439
-865.338
-865.632
-887.635
-891.847
-878.629
-873.418
-900.419
-898.067
-902.073
-602.417
-604.976
-323.477
-323.477
-601.774
-430.157
-603.157
-426.515
-331.322
-328.626
-331.322
-330.87
-330.87
-329.479
-327.391
)
;
    }
    procBoundary4to5
    {
        type            processor;
        value           nonuniform List<scalar> 
526
(
-432.145
-406.273
-342.326
-434.36
-320.481
-320.925
-319.19
-318.564
-410.898
-297.106
-298.56
-293.94
-292.226
-352.823
-231.434
-234.883
-226.827
-224.621
-441.766
-424.795
-387.135
-326.679
-326.26
-440.056
-326.389
-326.236
-311.261
-312.101
-421.84
-309.312
-308.35
-271.116
-274.585
-378.844
-265.603
-261.425
-429.848
-400.879
-316.261
-436.418
-322.593
-322.065
-555.833
-555.833
-559.82
-559.82
-554.271
-554.271
-316.161
-316.966
-549.746
-549.746
-414.952
-302.501
-301.296
-523.938
-523.938
-532.193
-532.193
-520.756
-520.756
-286.4
-288.585
-509.387
-361.256
-244.665
-239.835
-438.887
-456.322
-435.326
-172.81
-146.207
-222.028
-219.111
-419.726
-718.321
-708.559
-704.965
-427.439
-698.811
-703.775
-681.534
-394.522
-326.673
-565.697
-565.697
-888.202
-891.374
-438.293
-324.072
-324.904
-564.252
-564.252
-560.838
-560.838
-710.327
-879.809
-881.357
-714.698
-886.951
-886.915
-715.407
-885.709
-883.953
-714.62
-886.024
-885.953
-878.624
-877.716
-874.241
-874.984
-314.502
-313.798
-543.101
-543.101
-548.248
-548.248
-867.064
-868.217
-873.863
-873.375
-418.57
-304.973
-306.126
-541.124
-541.124
-534.589
-534.589
-683.613
-849.953
-850.957
-689.795
-857.999
-857.363
-697.01
-865.945
-865.214
-691.648
-859.064
-860.036
-848.557
-847.964
-725.281
-725.281
-725.281
-725.281
-725.281
-725.281
-725.281
-282.133
-279.428
-488.962
-504.923
-722.101
-722.101
-722.101
-722.101
-722.101
-722.101
-723.842
-723.842
-723.842
-723.842
-723.842
-723.842
-370.043
-250.661
-255.565
-483.021
-462.879
-795.266
-795.266
-795.266
-795.266
-795.266
-795.266
-748.265
-748.265
-748.265
-748.265
-748.265
-748.265
-723.522
-723.522
-723.522
-723.522
-723.522
-723.522
-737.902
-737.902
-737.902
-737.902
-737.902
-737.902
-811.268
-811.268
-811.268
-811.268
-811.268
-811.268
-784.171
-784.171
-784.171
-784.171
-784.171
-784.171
-172.81
-400.65
-743.022
-743.022
-743.022
-743.022
-743.022
-743.022
55.8647
-123.159
-721.805
-723.939
-707.049
-705.94
-700.548
-702.252
-679.379
-677.346
-897.469
-894.76
-567.095
-900.485
-568.347
-712.201
-557.279
-883.63
-882.606
-713.838
-558.625
-884.988
-886.417
-713.902
-562.928
-881.924
-882.833
-714.002
-561.812
-883.387
-884.187
-552.687
-875.412
-876.568
-551.177
-875.178
-875.048
-544.911
-869.788
-869.177
-546.635
-870.914
-872.24
-685.658
-852.837
-852.289
-526.856
-687.744
-854.32
-855.66
-529.603
-695.149
-539.009
-862.439
-863.722
-693.375
-861.382
-860.941
-536.824
-844.804
-845.991
-517.248
-843.148
-842.783
-513.502
-721.819
-721.819
-721.819
-721.819
-721.819
-721.819
-722.591
-722.591
-722.591
-722.591
-722.591
-722.591
-777.299
-777.299
-777.299
-777.299
-777.299
-777.299
-761.662
-761.662
-761.662
-761.662
-761.662
-761.662
-726.133
-726.133
-726.133
-726.133
-726.133
-726.133
-730.554
-730.554
-730.554
-730.554
-730.554
-730.554
-816.524
-816.524
-816.524
-816.524
-816.524
-816.524
-806.58
-806.58
-806.58
-806.58
-806.58
-806.58
-353.183
-160.859
-496.397
-691.35
-691.35
-691.35
-691.35
-691.35
-691.35
-691.35
-691.35
-320.925
-320.481
-557.279
-322.065
-322.593
-558.625
-318.564
-319.19
-552.687
-316.966
-551.177
-316.161
-326.236
-326.389
-562.928
-324.904
-324.072
-561.812
-312.101
-311.261
-544.911
-313.798
-314.502
-546.635
-308.35
-309.312
-539.009
-138.414
-78.3929
-78.3929
-78.3929
-146.207
-138.414
-138.414
-191.556
-210.716
-361.766
-361.766
-361.766
-191.556
-191.556
-80.752
-114.679
-891.374
-888.202
-894.76
-897.469
-900.485
-881.357
-879.809
-882.606
-883.63
-886.915
-886.951
-886.417
-884.988
-883.953
-885.709
-882.833
-881.924
-885.953
-886.024
-884.187
-883.387
-877.716
-878.624
-876.568
-875.412
-874.984
-874.241
-875.048
-875.178
-868.217
-867.064
-869.177
-869.788
-873.375
-873.863
-872.24
-870.914
-850.957
-849.953
-852.289
-852.837
-857.363
-857.999
-855.66
-854.32
-865.214
-865.945
-863.722
-862.439
-860.036
-859.064
-860.941
-861.382
-847.964
-848.557
-845.991
-844.804
-841.336
-840.702
-842.783
-843.148
-835.569
-836.146
-836.29
-835.868
-839.442
-839.492
-837.764
-837.139
-908.943
-919.437
-897.983
-888.38
-866.717
-858.835
-873.387
-880.738
-838.27
-836.32
-838.312
-840.459
-848.152
-853.713
-845.207
-841.379
-943.705
-933.826
-954.884
-958.267
-940.685
-917.822
-953.569
-961.011
-288.335
-202.11
-622.202
-604.994
-837.819
-887.918
-754.753
-686.802
-298.56
-297.106
-526.856
-301.296
-302.501
-529.603
-292.226
-293.94
-517.248
-288.585
-513.502
-286.4
-234.883
-231.434
-443.909
-239.835
-244.665
-449.62
-224.621
-226.827
-431.812
-219.111
-427.199
-222.028
-326.26
-326.679
-567.095
-326.673
-568.347
-306.126
-304.973
-536.824
-274.585
-271.116
-494.675
-279.428
-282.133
-499.929
-261.425
-265.603
-476.44
-255.565
-250.661
-469.814
)
;
    }
}


// ************************************************************************* //
