/*--------------------------------*- C++ -*----------------------------------*\
| =========                 |                                                 |
| \\      /  F ield         | OpenFOAM: The Open Source CFD Toolbox           |
|  \\    /   O peration     | Version:  2012                                  |
|   \\  /    A nd           | Website:  www.openfoam.com                      |
|    \\/     M anipulation  |                                                 |
\*---------------------------------------------------------------------------*/
FoamFile
{
    version     2.0;
    format      ascii;
    class       volScalarField;
    location    "0.108/solid";
    object      epsilonEq;
}
// * * * * * * * * * * * * * * * * * * * * * * * * * * * * * * * * * * * * * //

dimensions      [0 0 0 0 0 0 0];


internalField   nonuniform List<scalar> 
3125
(
0.00206178
0.000679843
0.00214513
0.00208617
0.00209023
0.000702778
0.000693962
0.000679683
0.0012962
0.00796411
0.00381176
0.00352055
0.00133533
0.0012281
0.00125086
0.0136693
0.005651
0.00368288
0.00354813
0.0045543
0.00551837
0.00426377
0.00186552
0.00173549
0.00159428
0.000672367
0.00112651
0.000641987
0.00189238
0.00180108
0.00087206
0.000899411
0.000694082
0.000888974
0.00183197
0.00156987
0.00168673
0.00123399
0.00154891
0.00122153
0.00152631
0.00261262
0.00551609
0.000669999
0.000605883
0.00160272
0.00956838
0.00446639
0.00608993
0.000675443
0.00241681
0.00731092
0.00536866
0.00794629
0.00636397
0.000630649
0.00184308
0.00176213
0.00283952
0.00149897
0.00232476
0.00191062
0.00258173
0.0014522
0.0018577
0.00168439
0.000948935
0.000932859
0.00119101
0.000922571
0.000692024
0.000885101
0.00117989
0.000918004
0.00453276
0.00557506
0.00891134
0.0101107
0.00569106
0.00397821
0.00749126
0.00530839
0.0122285
0.00597228
0.00250379
0.00246989
0.00383684
0.00178576
0.00183627
0.00222964
0.00376439
0.00183546
0.00236801
0.00248164
0.00446566
0.0038987
0.00519727
0.0023871
0.00310602
0.00387229
0.00531907
0.00320359
0.00295326
0.00379509
0.00183662
0.00228233
0.00328119
0.00158544
0.00282399
0.00194972
0.00294613
0.00149573
0.00199963
0.00194014
0.00188977
0.000683428
0.00067549
0.000653191
0.00216671
0.00212641
0.0020264
0.00206895
0.00200991
0.00074667
0.000768685
0.00070321
0.000778564
0.00146303
0.00129058
0.00144177
0.00169712
0.00227023
0.0143781
0.0117584
0.00887842
0.00917179
0.00663838
0.00309606
0.00448337
0.00427625
0.0141137
0.00709551
0.000997126
0.00185804
0.00331889
0.00176884
0.00108287
0.00107095
0.00207459
0.0013425
0.00144838
0.00112749
0.00110119
0.00124237
0.0011053
0.00314811
0.00364781
0.0137139
0.0103502
0.00997043
0.0044369
0.00594241
0.00513721
0.0107921
0.00632048
0.0015594
0.00127808
0.00379503
0.00188222
0.00192306
0.00281679
0.00354445
0.00225192
0.00108516
0.00109
0.00300037
0.00259997
0.00481156
0.00261293
0.00289656
0.00425931
0.00545363
0.00382097
0.00140439
0.00165405
0.000737243
0.00251665
0.00394873
0.00223217
0.00132842
0.00112343
0.00231234
0.00143796
0.00196049
0.00176349
0.00185175
0.00189846
0.00170071
0.00184583
0.0017225
0.0016685
0.001809
0.000681285
0.000621583
0.000645211
0.000712477
0.000902933
0.000660618
0.000610537
0.000829651
0.00064624
0.00206741
0.0019873
0.00193967
0.00203419
0.00194377
0.00203525
0.00191141
0.000804174
0.000794798
0.000906973
0.000807955
0.00070156
0.000768794
0.000776661
0.000902574
0.000796986
0.00080561
0.00170696
0.00173283
0.00161576
0.00169344
0.00147182
0.00158172
0.0015122
0.00164975
0.00149363
0.00127412
0.0013664
0.0014196
0.00161959
0.00141259
0.0014694
0.00116437
0.0013498
0.00127861
0.00143433
0.00139442
0.00131732
0.00205135
0.00333007
0.00268225
0.00350864
0.00252225
0.00373197
0.0041482
0.00297186
0.000655018
0.000615714
0.000595595
0.00060237
0.000536362
0.00057814
0.00663765
0.00110448
0.0045219
0.0116921
0.00749996
0.00987143
0.0107262
0.00965088
0.00225366
0.00906402
0.00535644
0.00708102
0.00862594
0.00960298
0.000945608
0.00216956
0.00418884
0.00292274
0.00329786
0.00402418
0.00564979
0.00676027
0.00478397
0.00371162
0.00636353
0.00450387
0.00394502
0.00583943
0.0134144
0.0110446
0.00226235
0.00835158
0.00101006
0.00468308
0.00936831
0.0069105
0.0005291
0.00184686
0.000598382
0.0010361
0.00100714
0.00157392
0.00123881
0.00134646
0.00163999
0.00126685
0.00182505
0.00166708
0.00173608
0.0030883
0.0015985
0.00172863
0.0016288
0.00157037
0.00169867
0.00104443
0.00106552
0.00149231
0.00216583
0.00145196
0.00137075
0.00210537
0.00143435
0.00125798
0.00132367
0.00232419
0.00154809
0.00139614
0.0013068
0.00152311
0.0013744
0.00173014
0.00190402
0.00177912
0.00190852
0.00178448
0.0015656
0.00103424
0.00106126
0.000943357
0.00106246
0.00122773
0.00106926
0.00109526
0.000938017
0.00103035
0.00105377
0.000676977
0.000766629
0.00074935
0.000794523
0.000860328
0.000775565
0.00112775
0.0010613
0.00102074
0.00102337
0.000890371
0.000986799
0.00376978
0.00477823
0.0041725
0.00450715
0.00383918
0.00489934
0.00486554
0.00432247
0.011915
0.0072109
0.00897556
0.0107047
0.00836855
0.0096318
0.00675705
0.00751569
0.00854797
0.00433
0.00436898
0.00494219
0.00649365
0.00666644
0.00543951
0.00454078
0.00627374
0.00520568
0.0047829
0.00574536
0.0113997
0.00931202
0.00695181
0.00511625
0.008098
0.00621789
0.00190919
0.00240875
0.00164279
0.00112507
0.00122102
0.00241831
0.00152999
0.00159568
0.00384826
0.00196193
0.00193288
0.00184702
0.00183015
0.00188736
0.00191621
0.00183596
0.00189498
0.00266431
0.00191732
0.00215855
0.00365002
0.00198314
0.00214688
0.00187406
0.00193228
0.00206642
0.00111047
0.0010919
0.00150126
0.00246029
0.00151562
0.00152312
0.00247679
0.00151718
0.00364365
0.00425376
0.00327729
0.00214023
0.00247822
0.00417408
0.0028059
0.00315792
0.00502771
0.00327887
0.0029915
0.00254996
0.00270078
0.00284343
0.00323588
0.00280397
0.00294129
0.00416985
0.00358186
0.00376888
0.00539874
0.00337747
0.00370124
0.00348839
0.00333621
0.00365343
0.00203571
0.00174404
0.00193894
0.00333279
0.00224807
0.00269108
0.00345435
0.00235589
0.000865124
0.000762713
0.0014354
0.000984076
0.00119772
0.00152659
0.00102992
0.00245189
0.00197265
0.00216033
0.00361831
0.00186057
0.00213637
0.00187231
0.00178644
0.0020646
0.000908027
0.00106328
0.0018416
0.00243769
0.0015699
0.00126323
0.00231152
0.00148695
0.00117674
0.00137176
0.00262087
0.00177008
0.00151762
0.00124951
0.00169781
0.00144823
0.00149738
0.00153567
0.0128819
0.00415526
0.00063851
0.00058122
0.00131483
0.0014264
0.0126007
0.00715641
0.00146039
0.0014243
0.000696734
0.000756393
0.00121775
0.00113307
0.000606851
0.000626991
0.000587471
0.000568956
0.00189543
0.00183607
0.00186444
0.0016375
0.00161615
0.00166155
0.000675429
0.000652991
0.000657067
0.000609205
0.000702001
0.00063806
0.00192196
0.00191285
0.00194355
0.000696389
0.000717289
0.000719437
0.000892756
0.000857222
0.000860212
0.00179502
0.001803
0.00176691
0.00161158
0.00154307
0.00158298
0.00124547
0.001277
0.00129025
0.00157024
0.00150448
0.0015237
0.00120793
0.00126323
0.00124811
0.00150132
0.00148317
0.00145984
0.0029137
0.00277959
0.00444156
0.00452755
0.00309488
0.00203244
0.00189357
0.00757075
0.00482342
0.00552564
0.00666066
0.00492995
0.000667758
0.000649941
0.000647191
0.000590833
0.000577183
0.000575055
0.0222232
0.0028804
0.00627925
0.0152865
0.0209675
0.00502983
0.0119403
0.01075
0.00898438
0.00634557
0.00686837
0.00927783
0.0103561
0.0071468
0.000735274
0.000882867
0.00108716
0.00490558
0.00257708
0.00265457
0.00459683
0.00467187
0.0028464
0.00482527
0.00713471
0.0078012
0.00474327
0.00565513
0.0068477
0.00811707
0.00502089
0.00221876
0.00244113
0.00969632
0.0107162
0.0169202
0.0244848
0.0122328
0.015508
0.00873163
0.00625325
0.0072526
0.00999758
0.00702158
0.000588991
0.000763455
0.000658512
0.000291215
0.000278208
0.003088
0.00190514
0.00177511
0.00295986
0.00184821
0.00436495
0.00169922
0.00427969
0.0017343
0.00416179
0.00448938
0.00167582
0.00365726
0.00335256
0.00154414
0.00146779
0.0034936
0.00350737
0.00150875
0.00031275
0.000343967
0.00230596
0.00407091
0.0022762
0.00396173
0.00226475
0.00321722
0.00196138
0.00197734
0.00334661
0.00201662
0.00320741
0.00321133
0.0014042
0.00142507
0.00307102
0.00335688
0.00138094
0.00181997
0.00187763
0.00183917
0.00120184
0.00114989
0.00115917
0.000926709
0.000957012
0.000962166
0.000690033
0.00071533
0.000713362
0.000853859
0.000880938
0.00085032
0.0011677
0.00113979
0.00112887
0.000951691
0.000913123
0.000945968
0.00479745
0.0046033
0.00663347
0.00491407
0.00666223
0.00252275
0.0022763
0.00771394
0.00527745
0.00596493
0.005706
0.00729411
0.0171866
0.00973632
0.0104829
0.017339
0.0106385
0.0172671
0.0170618
0.00979052
0.00848082
0.00598565
0.00617715
0.00647234
0.00880953
0.00943441
0.00700344
0.00403431
0.00409344
0.00676968
0.00417801
0.00678082
0.00698979
0.0076573
0.00782007
0.00499755
0.00558274
0.00524643
0.00737688
0.00812092
0.0028164
0.00314975
0.0119679
0.012417
0.0184327
0.0114931
0.0171249
0.00832675
0.00629388
0.00651141
0.00671237
0.00921691
0.00277759
0.00441272
0.00244153
0.00442097
0.00267902
0.0011607
0.00121091
0.00458739
0.00245339
0.00249581
0.00457843
0.00250444
0.00470995
0.00171872
0.00438939
0.00180501
0.00460504
0.00448946
0.00173418
0.00503719
0.00482179
0.00177004
0.00183793
0.00505572
0.00480357
0.00176561
0.00482654
0.00235595
0.00458079
0.00208815
0.00480617
0.00460226
0.00217945
0.005042
0.00482381
0.00183868
0.00177873
0.00481004
0.00505718
0.00179543
0.00110693
0.00105184
0.00234336
0.00417268
0.00240548
0.00426588
0.00237659
0.00458254
0.00248775
0.00248728
0.00456322
0.00247811
0.00468408
0.00660389
0.00439828
0.00457212
0.00656748
0.000812573
0.000850095
0.00608031
0.00399645
0.00387698
0.00399761
0.00619645
0.00546294
0.00234838
0.00249186
0.00502446
0.00244793
0.00521584
0.00526927
0.00630766
0.00619741
0.00304737
0.00300679
0.00294766
0.0064424
0.00606049
0.00695944
0.00390324
0.0067577
0.00377238
0.00697754
0.00378157
0.00673816
0.00666829
0.00632071
0.00329967
0.00314725
0.00324766
0.00642949
0.00656291
0.00077922
0.00074863
0.00286803
0.00308148
0.0047794
0.00299464
0.00496678
0.00595128
0.00375422
0.00368609
0.00362969
0.00581009
0.000471691
0.000462666
0.00308218
0.00183736
0.00172798
0.00174284
0.00291182
0.00486706
0.00224922
0.00217795
0.00482861
0.00215067
0.00507016
0.00462951
0.00383888
0.00343815
0.00167819
0.00159271
0.00168012
0.00363072
0.00363903
0.000482195
0.000493886
0.00274254
0.00269454
0.0045887
0.00261876
0.00439586
0.00325873
0.00193702
0.00206708
0.00204125
0.00344077
0.00325213
0.00325024
0.00140949
0.00150797
0.00142625
0.00306781
0.003443
0.00197399
0.00202251
0.00197947
0.00196744
0.00200627
0.00194753
0.00198976
0.00193658
0.00187048
0.0019305
0.00191036
0.00191098
0.00189517
0.0019521
0.000672007
0.000681632
0.000682356
0.000667432
0.000682738
0.000669942
0.000667196
0.000671672
0.000668184
0.000656279
0.000659936
0.000663981
0.000678553
0.000659088
0.00206527
0.00208657
0.00209207
0.00209293
0.00205301
0.00204957
0.00200572
0.00204736
0.00203275
0.00202626
0.00207054
0.00206624
0.00204678
0.00209062
0.00206187
0.00207126
0.0020403
0.00208456
0.00204536
0.00200649
0.00192381
0.00197634
0.000678717
0.000714837
0.000753089
0.000716009
0.000717698
0.000700332
0.000699343
0.000725939
0.000697702
0.000720173
0.000722474
0.00074074
0.000770166
0.000774641
0.000751164
0.000766748
0.000743872
0.000747358
0.000707557
0.000661947
0.000678877
0.000767182
0.00133127
0.00129455
0.00127537
0.00133997
0.00128094
0.00132444
0.00134516
0.001383
0.00142553
0.00144954
0.00139049
0.00143541
0.00137453
0.0013969
0.00103801
0.00186038
0.00121213
0.00163234
0.00157977
0.00205068
0.00175334
0.00145189
0.0254244
0.0582867
0.0499999
0.0225276
0.0197634
0.00456999
0.00798803
0.00787529
0.0100792
0.021036
0.00930002
0.00659682
0.00568839
0.00573762
0.00647647
0.00679053
0.00630116
0.0059341
0.00719696
0.00351716
0.00407122
0.0122245
0.0130039
0.010129
0.00712838
0.00803205
0.0079806
0.000295207
0.00031374
0.0005547
0.000986092
0.000569397
0.00635417
0.00643674
0.00653297
0.0062644
0.00614072
0.0058468
0.00604245
0.00593771
0.00047444
0.000525462
0.000895573
0.00107952
0.000851211
0.000758881
0.00107536
0.000804963
0.0036024
0.00363958
0.00343509
0.00381121
0.00126675
0.00133379
0.00144458
0.00137472
0.00122829
0.0011649
0.00106953
0.00112893
0.00118407
0.00124524
0.00122763
0.00119538
0.00123176
0.00118098
0.00119722
0.00113752
0.00109171
0.00110534
0.00114962
0.00109269
0.00113566
0.00115054
0.120272
0.0687658
0.0691614
0.00539241
0.00544801
0.0060391
0.00551746
0.0186677
0.0176397
0.0186051
0.019431
0.0074755
0.00741239
0.00753176
0.00736381
0.00658971
0.00672099
0.0069301
0.00685752
0.00554999
0.00574107
0.0062155
0.0059615
0.00746736
0.00765419
0.00798815
0.00785166
0.00760781
0.00776476
0.00806249
0.00789904
0.00199887
0.00330412
0.00219939
0.00170061
0.00155478
0.0034707
0.00273655
0.00244465
0.019087
0.0195704
0.0183801
0.0210828
0.0198262
0.0190928
0.0195986
0.0193933
0.00861189
0.00777025
0.00774775
0.00858544
0.00865264
0.00784948
0.00774676
0.00881359
0.00475255
0.00567155
0.0114187
0.00770884
0.00786714
0.00772826
0.00684882
0.00823588
0.000929437
0.00144496
0.000880931
0.00134707
0.0013861
0.00135205
0.000902182
0.000877313
0.00686009
0.00661678
0.00671404
0.00675756
0.0069978
0.0069829
0.00688349
0.00710229
0.00657673
0.00582086
0.00652414
0.00593496
0.00671976
0.00633826
0.00619047
0.00682647
0.000876897
0.000816079
0.000937175
0.0010868
0.000975136
0.00103449
0.00108834
0.00100783
0.001838
0.00286045
0.00171199
0.000995988
0.00105986
0.00272714
0.00154107
0.00161509
0.00775141
0.00746798
0.00767656
0.00753246
0.00795836
0.00803844
0.00786131
0.00814533
0.0086572
0.00792496
0.00798173
0.00863835
0.00873088
0.00821762
0.00817396
0.00874856
0.000671165
0.000648677
0.00100412
0.00148391
0.00106042
0.00116381
0.00156718
0.00111406
0.00641149
0.00623337
0.00581014
0.00602377
0.00313877
0.00360424
0.00335859
0.00723486
0.00700813
0.00649341
0.00675013
0.00397762
0.00370648
0.000443544
0.000439784
0.000343785
0.000715314
0.000344032
0.00704763
0.00723562
0.00729062
0.00700388
0.00678007
0.00648747
0.00673494
0.00652091
0.000535571
0.000551684
0.000944796
0.0012561
0.000883521
0.000757069
0.00118757
0.000820816
0.00380958
0.00395157
0.00372454
0.00404336
0.00187775
0.00192127
0.00194955
0.00192826
0.00191722
0.00190455
0.00188916
0.00180036
0.00179021
0.00182882
0.00183765
0.00184063
0.00189186
0.00181394
0.00188099
0.00180174
0.00185356
0.00175268
0.00171596
0.00168266
0.00175065
0.00173238
0.00170139
0.00176747
0.00180267
0.00182699
0.00186534
0.00179927
0.00185028
0.00178061
0.00181747
0.00168168
0.00174917
0.00170627
0.00166836
0.0016362
0.00165713
0.00171669
0.00170573
0.00162376
0.00168289
0.00171604
0.0017982
0.0017725
0.00176369
0.00175746
0.00175244
0.0017283
0.00066144
0.000678488
0.000679024
0.000664368
0.000665115
0.000676216
0.000661069
0.000635521
0.000630367
0.00064138
0.000649535
0.000656649
0.000651309
0.000638606
0.000655726
0.000647953
0.000646861
0.000870889
0.000981458
0.000984284
0.000750794
0.000790669
0.00105239
0.000807634
0.000761568
0.000683824
0.000676687
0.000693178
0.000711009
0.000732559
0.000719719
0.000607798
0.000623213
0.000629086
0.000690722
0.000763822
0.000913075
0.000704334
0.000734493
0.000861871
0.000666599
0.000681868
0.000662679
0.000635114
0.000668851
0.000646839
0.000703463
0.000649597
0.00195158
0.00194752
0.00197626
0.00200915
0.00199768
0.00193675
0.00197
0.00193012
0.00197038
0.00196042
0.00197636
0.00202209
0.00202484
0.00199682
0.00201355
0.00197735
0.00198593
0.00197392
0.00202333
0.00199902
0.00199028
0.001716
0.00178386
0.00188697
0.00182506
0.00087539
0.000830033
0.000767572
0.00080843
0.000858511
0.000903891
0.000895716
0.00087226
0.000861549
0.000893005
0.0008688
0.000825782
0.000798622
0.000804064
0.000839217
0.000795179
0.000829155
0.00083549
0.00071682
0.000698929
0.000697201
0.000724421
0.000718635
0.000695251
0.000721738
0.000742465
0.000770961
0.000744374
0.00074091
0.000768963
0.000749549
0.000773343
0.000742564
0.000766912
0.00074662
0.000855737
0.000896615
0.000892983
0.000868673
0.000859265
0.000888409
0.000863536
0.000826211
0.000799175
0.000828971
0.000824467
0.000797134
0.000836321
0.00080177
0.00082747
0.000794774
0.000831904
0.00087859
0.00173822
0.00100465
0.000746153
0.00175132
0.00167871
0.00172414
0.00176873
0.00169933
0.00173388
0.00164848
0.00165936
0.00169236
0.00165378
0.00166144
0.00162335
0.00150981
0.00150891
0.0015478
0.00162287
0.00154547
0.00158647
0.00159585
0.00166347
0.00163216
0.00159803
0.00164893
0.00158066
0.00161016
0.00154211
0.00147693
0.00150278
0.0015458
0.00148865
0.00152884
0.00155646
0.00129078
0.0012565
0.00126267
0.00132168
0.00131049
0.00124548
0.0013024
0.00132201
0.00138231
0.00133604
0.00133782
0.00140843
0.00137027
0.00139673
0.00135871
0.00138457
0.00134918
0.00152936
0.00158933
0.0016086
0.00156983
0.00157587
0.00155834
0.00154137
0.00145786
0.00142913
0.00147639
0.00148019
0.00145782
0.00151963
0.00144457
0.00150846
0.00143263
0.00149308
0.0011883
0.00120165
0.00122678
0.00130666
0.00133155
0.00128998
0.00123979
0.00130693
0.0012671
0.00146967
0.00139542
0.00143
0.00143831
0.00137453
0.00141672
0.00135641
0.00134831
0.00138858
0.00239607
0.00222562
0.00257388
0.00301565
0.00496623
0.00362091
0.00469403
0.00332828
0.00243475
0.00306126
0.00279392
0.00169828
0.00178221
0.00353651
0.00313671
0.00300776
0.00211458
0.00280886
0.00253186
0.004224
0.00537044
0.00398077
0.00592539
0.00441205
0.00471514
0.00369866
0.00420221
0.00338086
0.00330788
0.00375786
0.000661941
0.000634132
0.000641175
0.000631479
0.000610652
0.000627862
0.000614235
0.000603202
0.000621315
0.000594459
0.000595279
0.000583452
0.000552652
0.000547942
0.000559636
0.000586357
0.000562161
0.000571837
0.00196023
0.00126443
0.00110819
0.00166902
0.00131694
0.0018094
0.00186536
0.00257689
0.00526034
0.00500781
0.00225707
0.00492383
0.00186816
0.00283016
0.0131832
0.0120056
0.0124978
0.0137667
0.0144925
0.0138769
0.018667
0.0126903
0.0214817
0.00932569
0.016497
0.00925979
0.0154091
0.0160267
0.00817389
0.0153577
0.00386728
0.0104474
0.028392
0.00410734
0.00754089
0.00542035
0.0240309
0.00353275
0.0115525
0.0121554
0.00781203
0.0137361
0.00883824
0.014381
0.0120603
0.007927
0.00161088
0.000803011
0.000940378
0.00150806
0.000820078
0.00174078
0.00129505
0.00100138
0.00302708
0.0010451
0.00114186
0.00555661
0.00178799
0.00382977
0.00141318
0.0051486
0.00119278
0.00507414
0.00294684
0.00510424
0.00354139
0.00483226
0.00535615
0.00316658
0.00962775
0.0102297
0.0106092
0.00895131
0.008574
0.00702011
0.007803
0.00783051
0.00636787
0.00419108
0.00551654
0.00397286
0.0060891
0.00578057
0.00446694
0.00307222
0.00274098
0.00412858
0.0044449
0.004765
0.00620417
0.00509305
0.00547913
0.0107677
0.0134332
0.0176556
0.0134478
0.0171029
0.0111654
0.0163911
0.0104147
0.0161547
0.0102376
0.0137038
0.00203295
0.00783866
0.00876905
0.00904673
0.00913744
0.00125883
0.00148414
0.00242697
0.00532929
0.00529105
0.00601054
0.00846694
0.0130521
0.00887283
0.0117863
0.00807486
0.00608833
0.00769781
0.00689673
0.000552599
0.000529482
0.000574321
0.00090833
0.00131835
0.000772097
0.000553629
0.000834839
0.000639438
0.000281594
0.00027528
0.000575291
0.00102682
0.000557451
0.000546934
0.0010169
0.000547671
0.00150887
0.00259009
0.00167812
0.00247356
0.00162249
0.00121043
0.00141499
0.00137425
0.00157529
0.00132086
0.00153603
0.00170725
0.00271015
0.00173432
0.00283359
0.00179108
0.00129432
0.00145574
0.00149618
0.00423314
0.00170227
0.00390645
0.00161799
0.00409524
0.00403676
0.00164851
0.00523335
0.00489631
0.00500722
0.00511489
0.00548294
0.00559539
0.00570132
0.00538471
0.00380592
0.00158755
0.00377171
0.00158433
0.00395244
0.0036336
0.00154774
0.000425469
0.000381347
0.00060115
0.00105213
0.000633773
0.000714214
0.00105896
0.000671702
0.00182714
0.00148096
0.00180374
0.00222294
0.00372608
0.0021728
0.00384616
0.00222028
0.00146746
0.001749
0.00177767
0.00161335
0.0013937
0.00164991
0.00204237
0.00360185
0.00212256
0.003475
0.00207037
0.00141491
0.00171784
0.00168479
0.00263581
0.00120913
0.00266484
0.00124441
0.00253646
0.00277324
0.00119833
0.00452564
0.00461827
0.00475243
0.00439872
0.0042741
0.00390679
0.00405312
0.00412197
0.00305982
0.00135569
0.002797
0.0012904
0.00293267
0.00291481
0.00133602
0.0017757
0.00174967
0.0017943
0.00189415
0.00186496
0.0018552
0.00176574
0.00181974
0.00180989
0.00187001
0.00182504
0.00167298
0.00160224
0.00148722
0.00155864
0.000901569
0.000951723
0.0010365
0.000981625
0.000967594
0.000940737
0.000931557
0.00098142
0.000929449
0.000969164
0.000979357
0.00100769
0.00104934
0.00106173
0.00102116
0.00104929
0.00100844
0.00101972
0.00115784
0.00121188
0.00121671
0.0011824
0.00117116
0.0012011
0.00116814
0.00110865
0.00107657
0.0011173
0.00111524
0.00108429
0.00113818
0.0010838
0.00112733
0.00107391
0.00112542
0.000958266
0.000931111
0.00092794
0.000975072
0.000922497
0.00096492
0.000967206
0.000993408
0.00103716
0.000999049
0.000995544
0.00104324
0.00101369
0.00104364
0.00100311
0.00103412
0.00100473
0.000684268
0.000699934
0.00070739
0.000740435
0.000764357
0.000738393
0.000724139
0.000757715
0.000732187
0.000823358
0.000791936
0.000820313
0.000871773
0.000831139
0.000841972
0.000784858
0.000802782
0.000812575
0.00114944
0.00109137
0.00111207
0.00109971
0.00105272
0.00108997
0.0010556
0.00103854
0.00107442
0.000987203
0.00101581
0.000980613
0.00090318
0.000921363
0.000934986
0.00100272
0.000953604
0.000968687
0.0043872
0.00130022
0.023139
0.0169118
0.0114804
0.0137369
0.0121186
0.0132633
0.0100355
0.0083882
0.00651275
0.0075951
0.0108231
0.012617
0.0174162
0.0152406
0.0098518
0.00880368
0.00769126
0.00825093
0.00696332
0.0070373
0.00701352
0.00701737
0.00691142
0.0067577
0.0064078
0.00663126
0.0083263
0.00831572
0.00814043
0.00821773
0.0083625
0.00830405
0.00815311
0.00827473
0.00420662
0.00389897
0.00433137
0.00468289
0.00517119
0.0067584
0.00503753
0.00669983
0.00403317
0.004598
0.00446141
0.00186786
0.00205747
0.00441749
0.00426926
0.0039205
0.00307921
0.00404331
0.00347196
0.00506046
0.00532156
0.00685796
0.00549554
0.00702479
0.00532146
0.00466523
0.00510211
0.00474719
0.00448262
0.00491067
0.0132623
0.0114291
0.0127033
0.0118852
0.0156563
0.0177184
0.0179937
0.0158187
0.0165708
0.00975221
0.00859639
0.0142621
0.00959856
0.0146535
0.0163654
0.0111087
0.0067688
0.00775531
0.0123805
0.00706847
0.0128398
0.0106937
0.00702874
0.00422201
0.00451822
0.00684544
0.00433772
0.00680134
0.00708142
0.0100495
0.0100501
0.00935132
0.0108397
0.00944076
0.00816653
0.00905622
0.00850323
0.00736023
0.0047471
0.00472435
0.00693478
0.0049644
0.0070985
0.00718216
0.00406948
0.00357544
0.00497759
0.00506091
0.00557898
0.00696263
0.00541905
0.00626244
0.0114234
0.00903719
0.0097754
0.0109687
0.00885112
0.0137536
0.0101439
0.0160003
0.00768043
0.00761952
0.00851858
0.00559949
0.00539651
0.00592608
0.0072048
0.00792253
0.0119582
0.00724759
0.0103757
0.00578635
0.00686892
0.00636112
0.00225608
0.00179584
0.00214893
0.00241332
0.00448761
0.00256415
0.00444988
0.00261022
0.00170828
0.00201294
0.0020696
0.00130447
0.00125904
0.00104085
0.00114691
0.00101333
0.000939194
0.00117803
0.000978389
0.00243496
0.00452541
0.00253464
0.00455698
0.0025163
0.00192239
0.00154253
0.0019325
0.001974
0.00156334
0.00194853
0.00726689
0.00706694
0.00707335
0.00726776
0.00724294
0.00704207
0.00718757
0.00709244
0.00480359
0.00181984
0.00465617
0.0017543
0.00488457
0.00457891
0.00174601
0.00500217
0.00183832
0.00471991
0.00175945
0.00495099
0.00476943
0.00176267
0.00486928
0.00198627
0.00469412
0.001943
0.00464431
0.00492049
0.00204354
0.00717351
0.00696287
0.00689728
0.0072265
0.00706998
0.00658998
0.0069737
0.00670968
0.00501217
0.00184982
0.00474216
0.00187209
0.00478198
0.00497037
0.0018248
0.000935731
0.000994216
0.00105841
0.00110098
0.00106636
0.00105347
0.00109528
0.00106438
0.00184754
0.00150796
0.00186482
0.00243635
0.00442175
0.00242991
0.00434933
0.00240542
0.00151263
0.00189025
0.00187894
0.00191582
0.00151972
0.00191063
0.00248592
0.00448215
0.00245009
0.00452961
0.00246596
0.00151826
0.00189901
0.00190548
0.00408463
0.0035201
0.00396448
0.00432815
0.00434735
0.00646068
0.00446019
0.00652041
0.00339805
0.00372621
0.00384517
0.000941022
0.000892478
0.00136354
0.0022485
0.00139904
0.001484
0.00236109
0.00143792
0.00408831
0.00423285
0.00638714
0.00411622
0.00629892
0.00325009
0.00292211
0.00336919
0.00360736
0.00303962
0.00348837
0.0085683
0.00845213
0.00835881
0.00867177
0.00845656
0.00816389
0.00830857
0.00830254
0.00565042
0.00259661
0.00264802
0.00558043
0.00254794
0.00583
0.00540175
0.00615986
0.00290602
0.00274795
0.00575054
0.00284783
0.00600014
0.00591108
0.00693088
0.00367611
0.00355756
0.00666111
0.00366693
0.00670675
0.00688855
0.008784
0.00843298
0.00847698
0.00872759
0.00878333
0.00837727
0.00879655
0.00838169
0.00675782
0.00339451
0.0034521
0.00660009
0.0033491
0.00652279
0.00683128
0.000695196
0.000720884
0.0013284
0.00193498
0.0012916
0.00120986
0.00183775
0.00125243
0.00232104
0.00203934
0.00243229
0.00320833
0.00324964
0.00532675
0.00312206
0.00514966
0.00214251
0.00266043
0.00254556
0.00313106
0.00257776
0.0030123
0.00357235
0.00337705
0.00549654
0.0035039
0.00565814
0.00246599
0.00277661
0.00289408
0.00484511
0.00509828
0.00557933
0.00534101
0.004598
0.00433909
0.00383874
0.00409515
0.00537327
0.00566055
0.00621912
0.00594292
0.00509082
0.00480142
0.0042411
0.00452563
0.000449002
0.000455197
0.000462584
0.000826529
0.000417418
0.000355874
0.000792261
0.000381181
0.00134994
0.0014928
0.00244629
0.00142131
0.00230848
0.000943033
0.00118856
0.00113381
0.00145956
0.00113687
0.00138425
0.00162444
0.00157012
0.00259278
0.00165375
0.00274834
0.00108082
0.00124844
0.00131375
0.00466161
0.00207457
0.00195731
0.00422719
0.00205326
0.00445502
0.00442863
0.00567671
0.0053713
0.00562835
0.00540822
0.00596932
0.00619321
0.00623657
0.00593805
0.00404242
0.00177395
0.00186292
0.00402647
0.00177026
0.00424829
0.00382724
0.000520302
0.000506634
0.000514663
0.000955433
0.000571376
0.000693934
0.0010071
0.000631648
0.00221211
0.00174757
0.00210586
0.00256556
0.00237811
0.00400859
0.00249717
0.00420206
0.00165687
0.00190226
0.00200242
0.00153951
0.00133338
0.00162398
0.00218788
0.00226216
0.00381656
0.00214975
0.00362695
0.00140801
0.00180571
0.00171279
0.00256082
0.00110809
0.00120438
0.00256475
0.00113831
0.00241355
0.00272176
0.00485249
0.00505676
0.0048045
0.00511534
0.0045669
0.00425085
0.00431531
0.00449371
0.0030678
0.00132726
0.00127416
0.00272422
0.0013482
0.00289217
0.00289072
0.00198686
0.00204842
0.00202367
0.00204798
0.00202043
0.00201182
0.00201454
0.000668959
0.000678518
0.000666736
0.000680362
0.000678646
0.000672147
0.000665757
0.00206934
0.00210998
0.00207624
0.00207382
0.00204817
0.00209624
0.00209773
0.000710215
0.000717397
0.000696094
0.000689309
0.000690931
0.0007082
0.000717591
0.00132635
0.00135451
0.00127938
0.00129727
0.00133418
0.00127508
0.00134909
0.00117685
0.00119573
0.00123031
0.00124682
0.00122535
0.00117864
0.00119776
0.00175779
0.0017959
0.00172192
0.001731
0.00177928
0.0017048
0.00178438
0.000977382
0.000925854
0.00100165
0.00104943
0.0011254
0.00106222
0.000876742
0.000848747
0.000859897
0.000880914
0.00089937
0.00084456
0.000883433
0.000863946
0.00159622
0.00162443
0.00166885
0.00167671
0.00165089
0.00160983
0.00162161
0.00186612
0.00200228
0.00244233
0.00147156
0.00169316
0.00147505
0.00199212
0.000958369
0.000976616
0.000916521
0.000936711
0.000919849
0.000957103
0.00097585
0.00194798
0.00198902
0.00192814
0.00193234
0.00197462
0.00190502
0.00197562
0.000675958
0.000667092
0.000694041
0.000665753
0.000687387
0.000682071
0.000661222
0.00208331
0.00212139
0.00211221
0.00211704
0.00210779
0.00208831
0.00211166
0.000732089
0.000738684
0.000754544
0.000769278
0.000728266
0.000757771
0.000742161
0.00137877
0.00140219
0.00144321
0.00145617
0.00138587
0.00143226
0.00140215
0.0207645
0.0180137
0.0264887
0.0114348
0.0402016
0.0147959
0.014424
0.0215632
0.0141518
0.00999247
0.00802209
0.00550353
0.018382
0.0225687
0.00556447
0.0033534
0.00343496
0.00512738
0.00373404
0.00546539
0.00520058
0.00581198
0.00571378
0.00382358
0.00460211
0.00421372
0.00539103
0.00612996
0.00526729
0.00162776
0.00512232
0.00183395
0.00540761
0.00167499
0.00497946
0.00508782
0.00465913
0.00180099
0.00164589
0.00159177
0.00482088
0.00493042
0.0030345
0.00303948
0.0012914
0.00127515
0.00129035
0.00287099
0.00319753
0.00112989
0.00115287
0.00108407
0.00110401
0.00113239
0.00108437
0.00115008
0.0175494
0.00942023
0.0120419
0.0167735
0.0111535
0.0172225
0.0170372
0.0181413
0.0161561
0.0109008
0.0108138
0.0103198
0.0173754
0.0175657
0.0076147
0.00457712
0.00464154
0.00726747
0.00489035
0.00758945
0.00725982
0.00767872
0.00736033
0.00486976
0.00548718
0.00518327
0.00728205
0.00777734
0.00567442
0.00168631
0.00525777
0.00189804
0.00555846
0.00165601
0.00537409
0.00578735
0.00556281
0.00168374
0.00191408
0.00168381
0.00587371
0.00547958
0.00549015
0.00305269
0.00513514
0.00258136
0.00546162
0.00269009
0.00519595
0.00559593
0.00538318
0.00239833
0.00221463
0.00253755
0.00528417
0.0056653
0.00654403
0.00241573
0.00270703
0.00601344
0.00248724
0.00634529
0.00620674
0.00672865
0.00656563
0.00267834
0.00280258
0.00257606
0.00690766
0.00639581
0.00760133
0.00440253
0.00728961
0.00409677
0.00761408
0.00409144
0.00731369
0.00764787
0.00733984
0.00395432
0.00370415
0.00399579
0.00733252
0.00762132
0.00591812
0.0023061
0.00242237
0.00580374
0.00225969
0.00613137
0.00559289
0.00568291
0.00514779
0.00232586
0.00210579
0.00213297
0.00536911
0.00546181
0.00317175
0.00314716
0.00136362
0.00138174
0.00138123
0.00295339
0.00336115
0.00180934
0.00184236
0.00188304
0.00188575
0.0018586
0.0018297
0.00183614
0.000774477
0.000770759
0.000780351
0.000694114
0.000738258
0.000784877
0.000744479
0.000816245
0.000829891
0.000781221
0.000798774
0.000785665
0.00081302
0.000830327
0.00154125
0.00157462
0.00149665
0.0015109
0.0014864
0.00155566
0.0015662
0.00293463
0.00268319
0.018456
0.00589626
0.00533247
0.0076138
0.0029288
0.0122876
0.00824906
0.0101227
0.00844943
0.0120275
0.0108677
0.00858734
0.0131744
0.0157757
0.0100981
0.00906057
0.0171554
0.0128495
0.00974582
0.026166
0.0138319
0.00818208
0.00910712
0.0266291
0.0141664
0.00809188
0.0112582
0.00668548
0.00996548
0.00799798
0.0117336
0.0096031
0.00755624
0.0123199
0.0158491
0.00856944
0.00924471
0.0125826
0.0152195
0.00820517
0.00508745
0.00273736
0.00323583
0.00521184
0.00529529
0.00302763
0.00501018
0.00525819
0.00578713
0.0035995
0.00376809
0.00547637
0.0055504
0.00336946
0.00841304
0.00708075
0.00888567
0.00600834
0.00936888
0.00778403
0.00659671
0.00740044
0.00622169
0.00528912
0.00536989
0.00676008
0.00692042
0.00566919
0.00740273
0.00598968
0.0087839
0.0056573
0.00843749
0.00771322
0.00532136
0.00661231
0.0062541
0.00422331
0.00505771
0.00599361
0.00690593
0.00474594
0.00461058
0.00175486
0.00499107
0.00179977
0.00485066
0.00474365
0.00173052
0.00446903
0.0045425
0.00176935
0.00167018
0.00469984
0.00432054
0.00170208
0.00435027
0.00153766
0.00394637
0.00164306
0.00412697
0.00417605
0.00148929
0.00456163
0.00448498
0.00154573
0.00168936
0.00473064
0.00431042
0.00159938
0.00384774
0.00151284
0.00386428
0.0016154
0.00403756
0.00368534
0.00155588
0.00400856
0.00437818
0.00163479
0.00165875
0.00416648
0.00421006
0.00159671
0.0027394
0.00301003
0.00127292
0.00127853
0.0028501
0.00288872
0.00123025
0.00378514
0.00142398
0.00375981
0.00149961
0.00396012
0.00357823
0.00146323
0.00357228
0.0032167
0.00137971
0.00144661
0.00340152
0.00339378
0.00135161
0.00336028
0.001468
0.00368961
0.00147459
0.00352224
0.00351632
0.00142186
0.00319999
0.0031754
0.00132683
0.00142467
0.00304261
0.00334385
0.00137467
0.000998585
0.00101344
0.00104111
0.00105958
0.00104072
0.000996553
0.00101688
0.0113889
0.00812302
0.00774765
0.00966814
0.00816566
0.0108075
0.010435
0.0134409
0.0143483
0.00926516
0.00845341
0.0153751
0.00935061
0.0124493
0.0173446
0.0104857
0.0121786
0.0170904
0.0174657
0.0118249
0.017117
0.0169962
0.015788
0.0104842
0.00911875
0.0173978
0.0105383
0.0152264
0.0101719
0.00632855
0.0072709
0.00951529
0.00682785
0.0106054
0.0091265
0.0116014
0.0140038
0.00795627
0.00810636
0.00747077
0.0121305
0.0134214
0.00717114
0.00416633
0.00450923
0.00735558
0.00736245
0.00432547
0.00716629
0.00719129
0.00745976
0.0047108
0.00470637
0.00738858
0.00450351
0.00724612
0.00885085
0.00716792
0.00619339
0.00881279
0.00689143
0.00940369
0.0081913
0.00826335
0.00751432
0.00594512
0.00578808
0.00802855
0.00621534
0.00777035
0.00787712
0.00588908
0.00586261
0.00873335
0.00552007
0.00838355
0.00817958
0.00755065
0.00759037
0.0049379
0.00550893
0.00520604
0.00735534
0.00781535
0.00600398
0.00179824
0.00569748
0.00194917
0.00569866
0.00601454
0.00168873
0.00599031
0.00563075
0.00167771
0.00193925
0.00594045
0.00567383
0.0017237
0.00497882
0.00177536
0.00512121
0.00186405
0.00523828
0.00486713
0.00179161
0.00507761
0.00542878
0.00187803
0.00181282
0.00534178
0.00516206
0.00180407
0.00531621
0.00183409
0.00559389
0.00190719
0.00558229
0.00533122
0.00182754
0.00528258
0.00549888
0.00190053
0.00181894
0.00555036
0.00523078
0.0018232
0.00503229
0.00249762
0.00520392
0.00245212
0.00524027
0.00500008
0.00230401
0.00508785
0.00537596
0.00228629
0.0020398
0.00530418
0.00515138
0.00215331
0.00594273
0.00175147
0.00567561
0.0020176
0.00597247
0.00562872
0.00193679
0.00584973
0.0054787
0.00217318
0.00206873
0.00578893
0.00556313
0.00191175
0.0053055
0.00184615
0.00558468
0.00195908
0.00532745
0.00555655
0.00186755
0.00526639
0.00544825
0.00195857
0.00200173
0.00521359
0.00550936
0.00190309
0.00731321
0.00310893
0.00318163
0.00709966
0.00292992
0.00699507
0.00743604
0.00720865
0.00672716
0.00274498
0.00308612
0.00705541
0.00288378
0.00686698
0.00576005
0.00244265
0.00264773
0.00584773
0.00604673
0.00254147
0.00556283
0.00594937
0.00641598
0.00274589
0.00273942
0.00623709
0.00264051
0.00612921
0.00659839
0.00313508
0.00313715
0.00699601
0.00303598
0.00687404
0.00672692
0.00645518
0.00658295
0.00303884
0.00283826
0.00293707
0.00673601
0.00629828
0.00716114
0.00402274
0.0073602
0.00402452
0.00736101
0.00716614
0.00389101
0.00714704
0.00733829
0.00389188
0.00365378
0.00735692
0.00376884
0.00711862
0.00758283
0.00314154
0.00348077
0.00718927
0.00336234
0.0074937
0.00725491
0.00759362
0.00732993
0.00365385
0.00358667
0.00764908
0.003394
0.00730353
0.00693536
0.00323487
0.00343838
0.00710026
0.00333585
0.00683947
0.00718731
0.00701369
0.00730605
0.00354428
0.0035438
0.00343869
0.00707485
0.00725509
0.0051504
0.00234403
0.00235436
0.00564034
0.00542746
0.00224591
0.00535902
0.00493784
0.00498781
0.00225685
0.0020521
0.00520882
0.00214845
0.00472304
0.00473356
0.00180322
0.00195014
0.00423151
0.00180757
0.00445662
0.00451225
0.00498855
0.00491637
0.00196677
0.00204402
0.00521295
0.00195328
0.00468989
0.00407813
0.00168288
0.00187731
0.00409661
0.00177207
0.00431721
0.00386683
0.0042921
0.00476411
0.00195705
0.00197037
0.00186359
0.00450728
0.00454089
0.00271499
0.00306252
0.00129901
0.00128168
0.00287805
0.00121236
0.00288819
0.00404314
0.00165636
0.00168418
0.00400217
0.00165656
0.00425819
0.0037825
0.00379695
0.00335383
0.0015153
0.00159824
0.00359372
0.00151363
0.0035622
0.00345688
0.00159629
0.00161176
0.00387845
0.00151249
0.00365924
0.0036657
0.00326003
0.00325653
0.00135477
0.00152843
0.00143183
0.0030701
0.00345738
)
;

boundaryField
{
    left
    {
        type            calculated;
        value           nonuniform List<scalar> 
670
(
0.00205206
0.000685446
0.00216698
0.000717159
0.00211211
0.000692687
0.00207449
0.000698776
0.00130014
0.0083484
0.00125098
0.00135893
0.00125784
0.0116679
0.00173338
0.00159244
0.0018545
0.00121332
0.000659585
0.000672586
0.000890523
0.00182511
0.00188877
0.000695251
0.000888329
0.000907312
0.00123386
0.00154182
0.00168806
0.0015192
0.00122035
0.0018206
0.00156507
0.00510813
0.000727453
0.0016083
0.000647145
0.00797998
0.000670493
0.000612149
0.000968579
0.00170898
0.00184928
0.000884978
0.000693206
0.00117722
0.000918823
0.00093847
0.000923546
0.00118791
0.0111351
0.00841766
0.00193312
0.00189044
0.00199912
0.000685161
0.000652401
0.000687064
0.00219053
0.000762471
0.00203229
0.0020256
0.00206875
0.00211284
0.000707635
0.000784676
0.000775923
0.00129697
0.00144731
0.00146801
0.00589274
0.00588806
0.0195661
0.00504528
0.00114938
0.00147267
0.00110636
0.00111235
0.00124907
0.0105258
0.00909002
0.00170364
0.00184717
0.00189455
0.00171311
0.00181224
0.00167253
0.00196256
0.00185455
0.00176075
0.000912863
0.000661131
0.00072055
0.000610648
0.000645441
0.000824126
0.000684269
0.000644378
0.000622769
0.000821348
0.00193484
0.00192835
0.00203658
0.00198948
0.00203919
0.00193866
0.00206815
0.000768788
0.00078186
0.000705252
0.00090864
0.00081102
0.000798218
0.00080026
0.000814356
0.000913972
0.00136142
0.00142529
0.00128006
0.0016242
0.00147462
0.00141168
0.00151385
0.00149866
0.00165337
0.00139161
0.00133701
0.00145452
0.00118414
0.0012986
0.00134501
0.00172595
0.00163649
0.0017305
0.00149166
0.00160269
0.00168362
0.00743359
0.00370102
0.00705944
0.00112808
0.00371603
0.00246468
0.00907464
0.00491082
0.00124617
0.00207898
0.000542919
0.000530926
0.00815507
0.00104923
0.00637125
0.000616451
0.000608936
0.000670519
0.000543058
0.000590364
0.000602095
0.00105509
0.00159016
0.00189993
0.00181426
0.00175388
0.00180886
0.00189237
0.000795738
0.000793383
0.000879065
0.00069309
0.00076679
0.000767052
0.00106133
0.00104028
0.00114765
0.000909333
0.00100631
0.00102218
0.000950413
0.00106963
0.00106914
0.00102867
0.00106016
0.000944084
0.001234
0.0011015
0.00106979
0.0119584
0.0092526
0.0228204
0.0165241
0.00162932
0.00165617
0.00161553
0.00188635
0.00186415
0.00183307
0.000612298
0.000643438
0.000721965
0.00067704
0.000658853
0.000654077
0.00190144
0.00193276
0.00192195
0.000717451
0.00072147
0.000698648
0.000894836
0.000863054
0.00085839
0.00127304
0.00128962
0.00124692
0.00156649
0.00152395
0.00150321
0.00147948
0.00145562
0.00149506
0.0012065
0.00124502
0.00125948
0.00179538
0.00175894
0.00178511
0.00153774
0.00157541
0.00160296
0.0122797
0.0146975
0.0037425
0.0008318
0.00116269
0.000972576
0.000810988
0.000675334
0.000589078
0.00642789
0.0103134
0.0130445
0.000650942
0.000648465
0.000668745
0.000578083
0.000573908
0.000590087
0.00181154
0.00182872
0.00186548
0.000854945
0.000851586
0.000881384
0.000691482
0.000714382
0.000715836
0.00113931
0.00112825
0.00116564
0.000914047
0.000945909
0.000951053
0.000955905
0.000963987
0.000929366
0.00120214
0.00116125
0.00115017
0.0219593
0.0125629
0.00790322
0.0183995
0.0187419
0.00193077
0.00195769
0.00191654
0.0020269
0.00199467
0.00196721
0.000657661
0.000662143
0.000660657
0.00068712
0.000671035
0.000669761
0.00204652
0.00207404
0.00205339
0.00209397
0.00208787
0.00206127
0.000731115
0.000729849
0.000706678
0.000783276
0.000755322
0.000756835
0.00134618
0.00135621
0.00130557
0.00146029
0.00140774
0.00139632
0.00867452
0.0126955
0.0119701
0.00898948
0.0199568
0.00115663
0.00116167
0.0011163
0.00125641
0.0012083
0.00120221
0.0103073
0.0254202
0.0210498
0.00175311
0.00177563
0.00172461
0.00187225
0.00182495
0.00180108
0.0017427
0.0017057
0.00167945
0.00176711
0.00172928
0.00177108
0.00163765
0.0016825
0.00172057
0.00193063
0.00188948
0.00191755
0.00181434
0.00185097
0.00189441
0.00179017
0.00182094
0.00178921
0.000769809
0.000830483
0.00100267
0.000679424
0.000721248
0.000690307
0.00062311
0.000632405
0.000611036
0.000665264
0.000654675
0.00063678
0.000788209
0.000685732
0.000719582
0.000666285
0.000663663
0.000681391
0.000640577
0.000648639
0.000652148
0.000635673
0.000642235
0.000631691
0.00195902
0.00196205
0.00192607
0.00202746
0.00198711
0.00199148
0.00194787
0.00196504
0.00201096
0.00200151
0.00197699
0.000773158
0.000747007
0.000743702
0.000754314
0.000750643
0.000777503
0.000702352
0.000725424
0.000728778
0.000874501
0.000868114
0.000901152
0.000806125
0.000836338
0.00084205
0.000825952
0.000831184
0.000801893
0.000845892
0.000844995
0.000813083
0.000914027
0.00087856
0.000879096
0.00138085
0.00133726
0.00132153
0.00137594
0.00135257
0.00139932
0.00126025
0.0013056
0.00132769
0.00157454
0.00154362
0.00159016
0.00144733
0.00149486
0.00152482
0.00145194
0.00147378
0.00142959
0.00155046
0.00156661
0.00151317
0.00167274
0.00161983
0.00160211
0.00137128
0.00141152
0.00143236
0.0013761
0.00138273
0.00134397
0.00146265
0.0014244
0.00141515
0.00122128
0.00122341
0.00118627
0.0013024
0.00126393
0.00125955
0.00130467
0.00128767
0.00132745
0.00169203
0.00172443
0.00175791
0.00166981
0.00168203
0.00165041
0.00174074
0.00171442
0.00170041
0.00152877
0.00153937
0.001503
0.00161341
0.0015784
0.00156552
0.00164785
0.00161693
0.0016528
0.00504215
0.013435
0.0103608
0.0123578
0.0129418
0.00179891
0.0014654
0.00134366
0.00099695
0.0030766
0.00238065
0.0026316
0.00156364
0.00186557
0.0029129
0.00301725
0.00319468
0.00537407
0.0013907
0.00208308
0.00175969
0.00154969
0.000888895
0.00126843
0.000534848
0.000623774
0.000911242
0.000546709
0.000569209
0.000524298
0.0107243
0.0116332
0.00631501
0.00149873
0.00648311
0.00326303
0.00918707
0.00854485
0.00385036
0.000611537
0.000628582
0.000631741
0.000628335
0.000622586
0.000604405
0.000663581
0.000642927
0.000649072
0.000557001
0.000558438
0.000550813
0.000586872
0.000572003
0.000573163
0.000595391
0.000583817
0.000595416
0.00186144
0.00181642
0.00177432
0.00178356
0.00176593
0.00181006
0.00180019
0.0017917
0.00188517
0.00184639
0.00185459
0.000793367
0.000821058
0.000823553
0.000820839
0.000813923
0.000786746
0.000872748
0.000843585
0.000849655
0.000716422
0.000709092
0.000686261
0.00075935
0.000734204
0.000741206
0.00074167
0.000739891
0.000765318
0.00105271
0.00108867
0.00109782
0.00107515
0.00107319
0.00103837
0.00114729
0.00111105
0.00111115
0.000940368
0.000935322
0.000904334
0.00100239
0.000969238
0.000972949
0.000987653
0.000981125
0.00101521
0.000988574
0.000989965
0.000951033
0.00107267
0.00103042
0.0010283
0.00103865
0.00100168
0.000994195
0.00101991
0.00100932
0.00104806
0.000935699
0.000971727
0.000981347
0.00118857
0.00117235
0.00121567
0.00108819
0.0011296
0.00114457
0.00110635
0.00111827
0.00107881
0.0119945
0.00201415
0.00201345
0.0020471
0.000671692
0.000668458
0.000682985
0.00207451
0.00209609
0.00209786
0.000700783
0.000723741
0.000723963
0.00130438
0.00135673
0.00136066
0.0012004
0.0012053
0.001255
0.00173408
0.00178729
0.00179478
0.0011022
0.000885068
0.000946426
0.000865504
0.000871363
0.00090773
0.00162439
0.00162605
0.00168115
0.00215742
0.0020826
0.00150724
0.000944419
0.000984449
0.000984596
0.00193247
0.00197541
0.00198216
0.000667655
0.000663586
0.000672687
0.00210837
0.0021104
0.00211648
0.000743857
0.000748218
0.000776523
0.00140516
0.00140862
0.00146301
0.021215
0.0144948
0.0134852
0.00111179
0.0011586
0.00116042
0.00794067
0.0176543
0.0179924
0.0018379
0.00183776
0.00188706
0.000803181
0.000756627
0.000696113
0.000805678
0.000838261
0.00083756
0.00151647
0.00157198
0.00157801
0.00736916
0.00371793
0.00435426
0.00101893
0.00102471
0.00106823
0.0185041
0.0185148
0.00894875
)
;
    }
    bottom
    {
        type            calculated;
        value           nonuniform List<scalar> 0();
    }
    interface
    {
        type            calculated;
        value           nonuniform List<scalar> 
2110
(
0.00186015
0.00159649
0.000669211
0.000643493
0.00189821
0.000692171
0.000884377
0.00182821
0.00156925
0.00123311
0.0015425
0.00122033
0.00152218
0.000667984
0.000606796
0.000649687
0.000617983
0.00185784
0.00118518
0.000920575
0.000690715
0.000882359
0.00117639
0.00091659
0.000821954
0.00172021
0.0135612
0.00824836
0.000895368
0.00110924
0.00106647
0.00292321
0.00331597
0.0114521
0.00643723
0.00063823
0.000565655
0.00111551
0.00109794
0.00282586
0.00257824
0.00152849
0.00181784
0.000535967
0.00143129
0.00114543
0.00176782
0.00171619
0.00062029
0.000607894
0.00193592
0.00194814
0.000764898
0.000794957
0.00173256
0.00160175
0.00168893
0.00136008
0.00141304
0.0013458
0.00142239
0.00139347
0.00130682
0.00151254
0.00220368
0.00363052
0.00211978
0.00398619
0.00255204
0.000614715
0.000592473
0.000600713
0.000531652
0.000878852
0.001995
0.00427249
0.00675239
0.00117303
0.00892017
0.00463791
0.00723413
0.00170981
0.000554988
0.000964213
0.000909558
0.00116724
0.00129056
0.00119752
0.000984739
0.00104742
0.00148832
0.00143109
0.00132116
0.00140633
0.00190119
0.0017665
0.00190917
0.00106764
0.00102508
0.000673741
0.000764235
0.000793135
0.000855515
0.000771617
0.00105994
0.00102019
0.000980554
0.00357819
0.00386023
0.00426895
0.00349894
0.00448426
0.00397774
0.00462012
0.00587915
0.0122537
0.00672503
0.00474859
0.00599662
0.00139263
0.00128555
0.000889387
0.000645083
0.00139839
0.00130247
0.000952668
0.00107628
0.0014998
0.00150435
0.00142981
0.00149447
0.00349317
0.00323499
0.00226307
0.00250121
0.0028537
0.00314446
0.00217911
0.00191137
0.00198899
0.00231972
0.00275098
0.00242951
0.000733428
0.000569033
0.000874904
0.00112132
0.00092492
0.000805232
0.00105451
0.00188037
0.00156703
0.00120016
0.00146884
0.0064656
0.00142927
0.00742744
0.00115839
0.000682347
0.00134769
0.000556942
0.0018881
0.00184169
0.00163116
0.00161681
0.000673783
0.000651311
0.00060432
0.000701428
0.0019305
0.00190817
0.000695229
0.000713765
0.000890475
0.000855259
0.00179035
0.0018032
0.00160704
0.00154022
0.00124416
0.00127093
0.00156527
0.00150601
0.00120555
0.00125937
0.0014968
0.00148254
0.00256376
0.00439211
0.00759541
0.00522739
0.000665868
0.000648731
0.000588478
0.000576432
0.0203005
0.0204487
0.0107227
0.00883833
0.00919559
0.0102293
0.000682748
0.000869382
0.00480597
0.00450241
0.00455663
0.00474221
0.00701697
0.0076405
0.00667855
0.00802304
0.00246765
0.0239245
0.00879536
0.00600583
0.0100999
0.000582818
0.000754961
0.000375529
0.0030918
0.00185477
0.00296117
0.00437752
0.00428831
0.00416891
0.00450373
0.00365892
0.00334916
0.00349194
0.00350683
0.000395087
0.00226918
0.00409598
0.00322364
0.00191262
0.0033558
0.00320299
0.00320625
0.00306438
0.0033543
0.00181734
0.0018737
0.00119853
0.00114873
0.000925252
0.000952088
0.000688569
0.0007131
0.000852481
0.000878387
0.00116418
0.00113857
0.000948683
0.000911279
0.00462376
0.00660903
0.00662938
0.00248261
0.00770367
0.00557055
0.0072642
0.0178195
0.0179688
0.0177819
0.01782
0.00969225
0.00831183
0.00868783
0.00927117
0.00693957
0.00671798
0.00671371
0.00694017
0.00753073
0.00765426
0.00722096
0.00799538
0.0128335
0.0186831
0.0083474
0.00588324
0.00245683
0.00437337
0.00439276
0.000976825
0.00460866
0.00239198
0.00459464
0.00472734
0.0043993
0.00462106
0.00450042
0.00505291
0.00482827
0.00506856
0.00481265
0.00477679
0.00450629
0.00474018
0.00454576
0.00504561
0.00482658
0.0048078
0.00506607
0.000947673
0.00230657
0.00419977
0.00429461
0.00460761
0.00240205
0.00454029
0.00658828
0.00610899
0.0038597
0.00622153
0.0054827
0.00503584
0.00522852
0.00528742
0.00632819
0.00620978
0.00646105
0.00607427
0.00693461
0.00671948
0.00694101
0.00671149
0.00668059
0.00633089
0.00643659
0.00657888
0.00285803
0.0048095
0.00598263
0.0037441
0.0058433
0.00308673
0.00178021
0.00291356
0.00488137
0.00483843
0.00508646
0.00463761
0.00384119
0.00343445
0.00362896
0.00363888
0.00272801
0.00461662
0.00442132
0.00326623
0.00188416
0.00324763
0.00324464
0.00306044
0.00344059
0.00197412
0.00197417
0.00200626
0.00194226
0.00067156
0.000681067
0.000681965
0.000669317
0.00205215
0.00199998
0.00203221
0.00202044
0.000710435
0.000715884
0.00069752
0.000696234
0.00071796
0.00132936
0.00127113
0.00127898
0.00132018
0.000454898
0.00106956
0.00143522
0.00137045
0.00111759
0.0255143
0.00658146
0.00678178
0.00998122
0.0132751
0.00687996
0.00932705
0.000619911
0.000882949
0.00638613
0.000519166
0.00101526
0.00109825
0.000905253
0.00108358
0.00360791
0.00122055
0.00107532
0.00118185
0.00122348
0.00122953
0.00117689
0.00214727
0.00303369
0.00316347
0.00245353
0.0193757
0.0215761
0.0202787
0.00860302
0.00857763
0.00864433
0.0043771
0.00828768
0.00886825
0.00553394
0.00704802
0.000433366
0.000534326
0.00107443
0.000517376
0.000715012
0.00689437
0.00657002
0.0065167
0.00104562
0.00111635
0.00110354
0.00111078
0.00208705
0.00273823
0.00265653
0.00195539
0.00778805
0.00757088
0.00799824
0.00865869
0.00121868
0.00162568
0.0014565
0.00172235
0.000202162
0.00051486
0.00708312
0.0003904
0.00113499
0.00133454
0.000877547
0.00123895
0.00194767
0.00191379
0.00179463
0.0017938
0.00183569
0.00183717
0.0018788
0.00175261
0.00167797
0.00172771
0.00170122
0.00168514
0.00174305
0.0016535
0.00170312
0.00179586
0.00175558
0.00174885
0.000660914
0.000677238
0.000663827
0.000675538
0.000632755
0.000629802
0.000649079
0.000657165
0.000654776
0.000647834
0.000864377
0.000985544
0.000782282
0.00104014
0.000607604
0.000620435
0.000924716
0.000726677
0.000661883
0.000707466
0.00197301
0.00199596
0.0019343
0.00193618
0.00196036
0.00197365
0.00202066
0.00201031
0.00198897
0.00202032
0.00198726
0.000869121
0.000833748
0.000770646
0.000855928
0.000892266
0.00085823
0.000890276
0.000694969
0.000716224
0.000740491
0.000769017
0.000766173
0.00073978
0.000889783
0.000855904
0.000887227
0.000821991
0.000797819
0.000823373
0.000794017
0.000824421
0.00174296
0.00166426
0.00176442
0.00169641
0.00163417
0.00165323
0.00165327
0.00165636
0.00150451
0.00149581
0.00161498
0.00153209
0.00159532
0.00162763
0.00164853
0.00157611
0.00128924
0.00125884
0.00130718
0.00124398
0.00132184
0.00137818
0.00140525
0.00135483
0.00138295
0.0015276
0.00160579
0.00157412
0.00155456
0.00145156
0.00142847
0.00147851
0.001454
0.0015054
0.00143097
0.00118447
0.00119253
0.00130554
0.00132737
0.00130108
0.00146298
0.0013839
0.00143419
0.00137189
0.00134379
0.00192083
0.00168588
0.00490871
0.00323564
0.00191565
0.00259209
0.00156535
0.00282526
0.00307336
0.00146723
0.00256766
0.00532287
0.00360481
0.00589503
0.00449657
0.00344099
0.00295204
0.0029609
0.00065942
0.000629661
0.000609304
0.000611087
0.000601087
0.000594061
0.000593514
0.000549443
0.000583801
0.000558671
0.00187598
0.001057
0.00125546
0.00178246
0.0133868
0.0141832
0.0216537
0.0166736
0.0155852
0.0159432
0.0043726
0.00189212
0.0121184
0.0136546
0.0145052
0.0119756
0.00161988
0.000885646
0.001773
0.000831402
0.00258448
0.000963404
0.00514446
0.00117274
0.0050303
0.00496006
0.00495206
0.00469702
0.00523215
0.00969896
0.010672
0.00859998
0.00624316
0.00535223
0.00591931
0.00565187
0.00367482
0.00340367
0.00496658
0.00564152
0.00584476
0.0130596
0.0166841
0.0105616
0.0167758
0.00449288
0.00149295
0.00957561
0.00956503
0.000912433
0.0013425
0.00521531
0.00535187
0.013261
0.00878446
0.00630518
0.00794358
0.00054691
0.000788224
0.00120903
0.000749595
0.000716516
0.000944372
0.000636671
0.000925881
0.00258531
0.00162599
0.00113802
0.00135305
0.00152857
0.00125948
0.00270715
0.00168188
0.00283264
0.0012284
0.00139615
0.00424365
0.00391019
0.00410352
0.00404223
0.00525151
0.00502613
0.00380978
0.00377364
0.0039585
0.00363373
0.000482901
0.000750752
0.00100591
0.000865766
0.00102677
0.00182914
0.0014726
0.00374363
0.00213212
0.00386647
0.00145331
0.00173485
0.00157254
0.00135103
0.00361663
0.0020798
0.00137947
0.00169698
0.00262587
0.00265427
0.00252494
0.00276429
0.00453974
0.00305367
0.00278759
0.0029246
0.00290713
0.00176894
0.00173532
0.0018943
0.00186033
0.00181053
0.0018675
0.00181727
0.00102937
0.000986697
0.000964844
0.000927982
0.00092681
0.000965481
0.00121335
0.00116732
0.00119962
0.00110315
0.00107512
0.00108052
0.00112391
0.00107255
0.000924417
0.000961593
0.000991613
0.00103449
0.00103986
0.000999435
0.000682154
0.000739057
0.000762164
0.000754829
0.000820778
0.000790322
0.000868388
0.000826706
0.000782503
0.00114461
0.00108391
0.00109635
0.00105064
0.00104843
0.00103532
0.00098578
0.00101276
0.000900434
0.0009158
0.000998624
0.000947821
0.00401134
0.0036655
0.00489544
0.00671351
0.00375887
0.00427719
0.00338531
0.00397305
0.00262032
0.00371429
0.00501073
0.00681195
0.00698317
0.00492014
0.00428248
0.00439097
0.00411355
0.0133423
0.0168799
0.0141973
0.0147321
0.0165265
0.0110316
0.0122442
0.0127911
0.0105542
0.00694981
0.00674251
0.00671701
0.00698748
0.0101074
0.0108923
0.00724112
0.00681266
0.0069582
0.00707413
0.00374624
0.00500207
0.00504677
0.00544416
0.0126107
0.00996307
0.00853288
0.0140228
0.0164096
0.00768284
0.00748441
0.00521182
0.0050682
0.00757938
0.0121041
0.00548803
0.00667094
0.00181526
0.0013205
0.00448064
0.00234891
0.00443269
0.00128821
0.0017315
0.00102028
0.00081528
0.000813065
0.000732066
0.00452751
0.00235271
0.00182823
0.00136442
0.00174783
0.00133082
0.00729975
0.00730062
0.00727851
0.00482182
0.00466807
0.00490316
0.00459053
0.00501969
0.00473154
0.00496938
0.00478019
0.00483409
0.00466613
0.00460334
0.00489786
0.00720065
0.00500883
0.00472479
0.00477311
0.00495833
0.000844353
0.00106049
0.00100446
0.00110789
0.00104559
0.00185244
0.0015066
0.00445216
0.00238514
0.00437921
0.00150821
0.00188956
0.00185195
0.00145679
0.00451251
0.00239915
0.00147862
0.00188991
0.00393073
0.00340877
0.00427556
0.00646922
0.003323
0.00367887
0.00177693
0.00234425
0.00191539
0.00242344
0.00417897
0.00640216
0.00328967
0.0029537
0.00358798
0.00305076
0.0086052
0.00567134
0.00559487
0.00585163
0.00541549
0.00618143
0.00576528
0.00602202
0.00592564
0.00691626
0.00665226
0.00668982
0.00688265
0.00881449
0.0087593
0.00676528
0.00659782
0.0065258
0.00683271
0.00172198
0.00209248
0.00152897
0.00200314
0.00236781
0.00209889
0.00324815
0.00536096
0.00220934
0.00272477
0.00318238
0.00264579
0.0033759
0.00553111
0.00253854
0.00284216
0.000461057
0.000669089
0.000252103
0.000613795
0.0014276
0.00244105
0.000832914
0.0011025
0.00140171
0.00104872
0.00150524
0.00258957
0.000983026
0.0011664
0.00467362
0.00423148
0.0044646
0.00443484
0.00569705
0.00543018
0.00599628
0.00404715
0.00402874
0.00425544
0.0038275
0.000540276
0.000883416
0.000791634
0.000966869
0.00224953
0.00177351
0.00234708
0.00402833
0.00422481
0.00166885
0.00190504
0.00149264
0.00128474
0.00222544
0.00383331
0.0036407
0.00137451
0.00179596
0.00255
0.00255288
0.0024006
0.00271207
0.00486931
0.00513081
0.00306132
0.00271366
0.00288315
0.00288248
0.00120122
0.000640443
0.000512677
0.00217259
0.00275156
0.000938095
0.000888915
0.000262115
0.000276404
0.00207225
0.00209434
0.00193307
0.000680115
0.000747898
0.000672485
0.00169281
0.00115592
0.00126863
0.000651818
0.0392027
0.00562667
0.00619875
0.00427122
0.000993348
0.000356413
0.0064266
0.00583533
0.0036326
0.00171584
0.00127405
0.000745566
0.00111976
0.00101413
0.0139755
0.0381252
0.00533399
0.00590567
0.019651
0.018814
0.00743006
0.00745939
0.00661583
0.00696671
0.00551767
0.00619387
0.00749491
0.00802916
0.0075943
0.00804791
0.00175297
0.0205162
0.0190343
0.00773443
0.00779028
0.00660655
0.00697131
0.00578612
0.0063198
0.000805749
0.00114922
0.0074545
0.00802581
0.00789645
0.00820671
0.000696481
0.00643874
0.00583208
0.00359692
0.00726683
0.00651713
0.00397333
0.000269071
0.00722432
0.00647213
0.0039444
0.00145934
0.00156813
0.000574833
0.0123621
0.0135164
0.00971411
0.00693413
0.00052276
0.000352483
0.00488486
0.00558655
0.00461064
0.00389635
0.00177183
0.00166547
0.00149595
0.000905939
0.000885297
0.00798359
0.0122944
0.0106928
0.00948103
0.00656378
0.0109003
0.0175284
0.00978373
0.00766148
0.0070009
0.00703709
0.00692082
0.00642843
0.00836816
0.00816525
0.00837412
0.00818011
0.00189712
0.011248
0.0176315
0.00993209
0.00806193
0.00385505
0.00105206
0.00705324
0.00703364
0.00695463
0.00657129
0.00109324
0.00843787
0.00815346
0.0084253
0.0083594
0.000743716
0.00485949
0.00559423
0.00460052
0.00384475
0.00538966
0.00623869
0.00509748
0.00424919
0.000258981
0.00535571
0.00618334
0.000355254
0.00504837
0.00423626
0.00125818
0.00568563
0.000598822
0.00152206
0.00531069
0.00112535
0.000724139
0.00127513
0.000602592
0.000469706
0.00187117
0.00187549
0.00190249
0.00165537
0.00166657
0.00162194
0.000656172
0.000627746
0.000687896
0.00086498
0.00193414
0.00194947
0.000717667
0.000715963
0.000694487
0.000859025
0.000854603
0.00176424
0.00157804
0.00128626
0.00152434
0.00124419
0.00145721
0.00447053
0.00272335
0.00193153
0.00665508
0.00460108
0.000645809
0.00057295
0.00105656
0.000798115
0.00280364
0.0124389
0.00326488
0.0068051
0.000653752
0.000361751
0.00179665
0.000419795
0.00398451
0.00222725
0.0019697
0.00183429
0.0011582
0.00115639
0.000959631
0.000957006
0.000921289
0.000711304
0.000848643
0.00112672
0.000943123
0.00470793
0.00225943
0.00533239
0.00305516
0.0117043
0.0178743
0.00631113
0.00927025
0.00239224
0.00100378
0.00237854
0.000915536
0.00233861
0.00459103
0.00240708
0.00445537
0.00656053
0.000987989
0.00397082
0.000840213
0.00298852
0.00499873
0.00362447
0.000254393
0.00168213
0.000297444
0.00259908
0.00199341
0.00345135
0.00193683
0.00186546
0.00190594
0.00189542
0.00196471
0.00204274
0.00206008
0.00199815
0.00201491
0.00202758
0.00192464
0.00194239
0.00197185
0.00198529
0.00188232
0.000672588
0.00066946
0.00066398
0.000679259
0.000662506
0.00070452
0.000680995
0.000672526
0.000666372
0.000672671
0.000679581
0.000766491
0.000693631
0.000674444
0.00208615
0.00209785
0.00206467
0.00204028
0.00206907
0.00203402
0.00204891
0.00208963
0.0020272
0.00210863
0.00206478
0.00212385
0.00212276
0.00207116
0.000718388
0.000738651
0.000767376
0.000764396
0.000741332
0.00070215
0.000686055
0.000683464
0.000706519
0.000723407
0.000752073
0.000725845
0.00074826
0.000661438
0.00138149
0.00142119
0.00143403
0.0013702
0.00130751
0.0012827
0.00133544
0.00125772
0.00135998
0.00143658
0.0014458
0.00138278
0.00139088
0.00141196
0.00123033
0.000593434
0.00133498
0.000823436
0.000631057
0.0047897
0.0204558
0.0140859
0.00275021
0.00618665
0.0174194
0.00545309
0.022451
0.0221399
0.00871403
0.00182564
0.00856588
0.00573339
0.00554475
0.00524162
0.00718737
0.0060341
0.00568183
0.00646126
0.00584499
0.00550195
0.00502905
0.00541919
0.00507792
0.0049579
0.0103458
0.00601338
0.00812253
0.000364713
0.000608005
0.00616814
0.00507261
0.00467838
0.00484258
0.00491252
0.00656433
0.0062534
0.00524992
0.0051493
0.00539237
0.00500438
0.00596587
0.00603301
0.000558264
0.000980956
0.000943906
0.00302061
0.00303392
0.00286375
0.00381599
0.00318597
0.0034256
0.00175177
0.00132584
0.00117144
0.00112144
0.00113502
0.00108776
0.00109023
0.00113162
0.00116092
0.00123056
0.00120806
0.0011807
0.00111401
0.00108487
0.00113165
0.00106975
0.000696467
0.000720611
0.0053714
0.00547705
0.018173
0.0192932
0.00736856
0.00731435
0.0067536
0.00688341
0.00569835
0.00596166
0.00769137
0.00787886
0.00773363
0.0079093
0.00222367
0.00162949
0.00232407
0.0180774
0.0162303
0.0198186
0.0171343
0.0179626
0.0185692
0.0193871
0.0175955
0.0177513
0.0178542
0.0180972
0.0076227
0.00723778
0.00718197
0.00880486
0.00770515
0.00770722
0.00768153
0.00756903
0.00721125
0.00755774
0.00718392
0.00489122
0.00683643
0.00587142
0.000502778
0.00109838
0.000607383
0.007034
0.00577225
0.00559634
0.00713816
0.00585888
0.00551266
0.00674887
0.00674669
0.00565936
0.0052875
0.00554205
0.00540526
0.00687414
0.0067256
0.0055695
0.00536973
0.00525525
0.00564971
0.00590063
0.0054644
0.00506388
0.0054216
0.00514624
0.00683272
0.00616641
0.000765738
0.00107114
0.00109073
0.00203805
0.00120945
0.00199529
0.00671129
0.00660178
0.00818358
0.00689083
0.00643143
0.00766459
0.00784922
0.00652674
0.00604544
0.00632648
0.00624017
0.00874293
0.0076261
0.00734341
0.00732511
0.00876173
0.00760803
0.00796261
0.00863875
0.00815207
0.00758233
0.00725283
0.00758411
0.00729209
0.000649082
0.00130044
0.00138004
0.00625797
0.00604495
0.00312808
0.0033606
0.00703442
0.00677603
0.0037104
0.000283023
0.000171936
0.00680985
0.00566526
0.00516899
0.00539276
0.00544131
0.00732435
0.00698926
0.00589825
0.00583281
0.00611378
0.00561991
0.00655249
0.00672433
0.000428608
0.00104981
0.000963595
0.00381701
0.00315539
0.00314222
0.0029466
0.00334738
0.0040497
0.003711
0.00182191
0.00179967
0.00180283
0.00182221
0.00185053
0.0017758
0.00173446
0.00172559
0.00173241
0.00177699
0.00178645
0.00168269
0.00178678
0.00188114
0.00189214
0.00183507
0.00184238
0.00170892
0.0017141
0.000639772
0.000761279
0.000684206
0.000713309
0.000736142
0.000974018
0.000775461
0.000832017
0.00116049
0.000997821
0.000756376
0.00101023
0.000799106
0.000737979
0.000737264
0.00062937
0.000682566
0.00064641
0.00197297
0.00197508
0.00183471
0.000802639
0.000823154
0.00079562
0.000792746
0.000825974
0.000837767
0.00087849
0.000843103
0.000871469
0.000805475
0.000779251
0.00077581
0.000810387
0.000743242
0.000739987
0.000765924
0.000826869
0.000793738
0.00175691
0.000720034
0.00171761
0.00172891
0.0016843
0.0016204
0.00154052
0.0015806
0.00154121
0.00147248
0.00148762
0.00152437
0.00157499
0.00167448
0.00162832
0.00161151
0.0016185
0.00151963
0.00150324
0.00146622
0.00155958
0.00133551
0.00133623
0.00147166
0.00134527
0.00122143
0.00128747
0.00126287
0.00142511
0.00141231
0.00138234
0.00208131
0.00463378
0.00294465
0.00230325
0.0017283
0.00232128
0.00186619
0.00405395
0.00390269
0.00338493
0.000639113
0.000626058
0.000618847
0.000543944
0.000582236
0.000556516
0.000569458
0.00242319
0.00477787
0.00418403
0.00158913
0.00172644
0.00449525
0.0024665
0.00164312
0.00145863
0.000571922
0.00261518
0.0047943
0.00449837
0.00724065
0.0127682
0.0159854
0.0187267
0.0172538
0.0127148
0.0126571
0.0120745
0.0121663
0.00992533
0.0119782
0.0106425
0.0142792
0.0059552
0.0240329
0.0137918
0.00331712
0.00554438
0.0247741
0.014182
0.00302288
0.00327084
0.0122097
0.0161282
0.0124241
0.0154283
0.0112275
0.00983937
0.0117216
0.00947588
0.000784719
0.00512824
0.00564234
0.00534444
0.00540651
0.00497614
0.00511898
0.00518276
0.00491897
0.00726967
0.0060358
0.00782773
0.00663854
0.00673432
0.00900427
0.00824355
0.00870505
0.00919254
0.00759017
0.0076057
0.00646123
0.00609975
0.00584059
0.00675604
0.00725261
0.00866531
0.00831408
0.00756097
0.00321855
0.00403391
0.00480224
0.000519753
0.000538654
0.0134376
0.00315684
0.0104684
0.00315894
0.00987204
0.00108076
0.00599217
0.0119491
0.00795498
0.00703246
0.000565833
0.000714012
0.000615784
0.000354025
0.000685447
0.000658572
0.00246734
0.0015715
0.00131123
0.00148414
0.00173875
0.00143991
0.00448294
0.00455326
0.00471297
0.00433208
0.00462675
0.0050087
0.0048662
0.00476187
0.00550662
0.00454367
0.00450085
0.00572429
0.00471566
0.00432367
0.00510668
0.00433579
0.00395366
0.00413686
0.00415846
0.00537312
0.00401514
0.00438633
0.00417555
0.00421571
0.00385185
0.00386494
0.00404063
0.00368707
0.000449289
0.000787743
0.000826097
0.00180138
0.00218133
0.00176975
0.00161551
0.00348703
0.00202555
0.00165712
0.00273001
0.00300071
0.00283953
0.00288062
0.00428298
0.00355951
0.00321345
0.00406269
0.00338594
0.00339267
0.00476584
0.00438767
0.00376835
0.00376393
0.00394636
0.00357991
0.00411472
0.00319523
0.00316766
0.00303607
0.0033379
0.00335752
0.00368787
0.00352165
0.00351239
0.0017856
0.00185249
0.00180241
0.00155072
0.000944993
0.00100511
0.00104548
0.00104664
0.00100467
0.000945147
0.000915598
0.000907697
0.000955023
0.000985243
0.00103966
0.00102622
0.000996452
0.00111429
0.00111382
0.000997873
0.000994253
0.00103277
0.00070469
0.000736858
0.000729948
0.000798489
0.00081793
0.000839446
0.000809442
0.00110858
0.00108666
0.00106996
0.000978657
0.00093123
0.000965677
0.0164774
0.0116803
0.0147314
0.00869528
0.00734842
0.0125623
0.0149963
0.0088024
0.00815966
0.00705557
0.00705595
0.00678997
0.00662749
0.00833546
0.0082606
0.00834105
0.00827485
0.00409335
0.00479714
0.00665977
0.00418093
0.00206357
0.00308453
0.00282734
0.00515156
0.00470136
0.0045267
0.0159687
0.0130625
0.0142003
0.0151262
0.0122106
0.0125311
0.0120193
0.0183511
0.0153339
0.01111
0.00945204
0.0105888
0.0102041
0.0173352
0.0159234
0.0177784
0.0153221
0.0179862
0.0179609
0.0181096
0.0179273
0.0114671
0.0139316
0.0119812
0.0133322
0.0100349
0.00934222
0.0104579
0.00896479
0.00710276
0.00734733
0.00729447
0.00713917
0.00710075
0.00729757
0.00728734
0.00711265
0.00944587
0.00814575
0.00736644
0.00793293
0.00759857
0.00918352
0.00906543
0.00841246
0.00869109
0.00860442
0.00922773
0.00799556
0.00740985
0.00745877
0.00723012
0.00766825
0.00772305
0.00856959
0.00822647
0.00801808
0.00343887
0.00414133
0.00460425
0.0107665
0.00986928
0.00865804
0.00558179
0.006846
0.0104904
0.00605917
0.00175538
0.00235944
0.00173097
0.00102872
0.000966087
0.000897032
0.00456683
0.00236435
0.00180111
0.00177293
0.00597564
0.00566488
0.00722334
0.0059269
0.005707
0.00706555
0.00707987
0.00599197
0.00572626
0.00573048
0.0059996
0.00510012
0.0054515
0.00536402
0.00518508
0.0050003
0.0051408
0.0052593
0.00488719
0.00530453
0.00552161
0.00557212
0.00525367
0.00533631
0.00561098
0.00560235
0.00534839
0.00505228
0.00535401
0.00526809
0.0051299
0.00498011
0.00513207
0.00518706
0.00492919
0.00708817
0.00583808
0.00547907
0.0057695
0.00557355
0.00688171
0.00725366
0.00699179
0.00669867
0.00592656
0.0057002
0.0059614
0.00564736
0.00526612
0.0054383
0.00520386
0.00550894
0.00531271
0.00559758
0.00534041
0.00556366
0.000881175
0.00108758
0.00110307
0.00187055
0.00236493
0.00188303
0.00187063
0.0045592
0.00240635
0.00188348
0.00384949
0.00436748
0.00652159
0.0037659
0.00103959
0.00182679
0.00187275
0.00407725
0.00631948
0.00339322
0.00349272
0.0084946
0.00719233
0.00676434
0.00703981
0.00690346
0.00835003
0.00870735
0.00834811
0.00828912
0.00729946
0.00713319
0.00703098
0.00742004
0.00597513
0.00644188
0.00626227
0.00615578
0.0057845
0.00586988
0.00607045
0.00558565
0.00648166
0.00660925
0.00676177
0.00632514
0.00662377
0.00701857
0.00689878
0.00675032
0.00713358
0.00733258
0.00734097
0.00711495
0.00713609
0.00731824
0.00733286
0.00712773
0.008807
0.00758193
0.007343
0.00763128
0.007324
0.00846132
0.00881909
0.00837376
0.00756654
0.00722002
0.00748149
0.00728109
0.00702484
0.00730888
0.00707936
0.00726493
0.00695179
0.00711986
0.00685996
0.00720258
0.000791819
0.00166231
0.00159777
0.00248693
0.00311878
0.00518309
0.00260613
0.00307165
0.00350165
0.00569246
0.00295815
0.00510675
0.00535943
0.00434922
0.0040923
0.00567354
0.00596323
0.00481368
0.00452642
0.000253632
0.000385336
0.000314603
0.00135723
0.00230159
0.00104624
0.00131668
0.00159044
0.00274751
0.00123803
0.00495395
0.0050005
0.00522403
0.00473662
0.00516896
0.00566033
0.00544524
0.00537982
0.00496795
0.00493401
0.00626184
0.00519548
0.00470491
0.00561926
0.0059223
0.0047166
0.00424032
0.00446809
0.00449199
0.00430032
0.00477401
0.0045182
0.0045481
0.00408365
0.00409845
0.00432164
0.00386977
0.000323863
0.000622164
0.000706241
0.00213261
0.00247196
0.00201758
0.00158906
0.00210733
0.00169033
0.00270531
0.0030532
0.00286721
0.00288006
0.00457762
0.00378183
0.00335143
0.00357553
0.00356208
0.00478927
0.00432723
0.0044859
0.00402369
0.0040076
0.00424199
0.00378539
0.00325572
0.00324899
0.00306376
0.00345188
0.00345481
0.00387766
0.00365962
0.00366246
)
;
    }
    procBoundary3to0
    {
        type            processor;
        value           nonuniform List<scalar> 
43
(
0.00231432
0.0021475
0.00213369
0.00224526
0.00207238
0.00209845
0.0019057
0.00181229
0.00177061
0.0017718
0.00165127
0.00169315
0.00234685
0.00216218
0.0021574
0.00214878
0.00202129
0.00198707
0.00150553
0.00145158
0.00203351
0.00188412
0.00192333
0.00163701
0.00157178
0.00153103
0.0021475
0.00213369
0.00216218
0.0021574
0.00207238
0.00209845
0.00202129
0.00198707
0.00145158
0.00181229
0.00177061
0.00188412
0.00192333
0.00165127
0.00169315
0.00157178
0.00153103
)
;
    }
    procBoundary3to1
    {
        type            processor;
        value           nonuniform List<scalar> 
23
(
0.00214702
0.00212033
0.00204463
0.00208744
0.00205637
0.00193987
0.00202828
0.0019052
0.00178492
0.00207973
0.00204463
0.00208744
0.00206694
0.00204463
0.00196984
0.00197444
0.0020146
0.00199552
0.0018672
0.00182322
0.00210516
0.00211246
0.00208365
)
;
    }
    procBoundary3to2
    {
        type            processor;
        value           nonuniform List<scalar> 
328
(
0.000697301
0.00069038
0.000711546
0.000676537
0.000694885
0.000737433
0.00066606
0.00427736
0.00343529
0.00276931
0.00137974
0.00133599
0.00129995
0.00126134
0.00119296
0.0012262
0.00343529
0.00343529
0.011691
0.011691
0.011691
0.00481659
0.00481659
0.00481659
0.00288397
0.00288397
0.00288397
0.0030039
0.0030039
0.0030039
0.00380967
0.00380967
0.00380967
0.00459197
0.00459197
0.00459197
0.00276931
0.00276931
0.00145302
0.00359259
0.00359259
0.00359259
0.0010641
0.000875195
0.000844191
0.000863583
0.0010641
0.0010641
0.0010641
0.0010641
0.0010641
0.00157931
0.00857902
0.00693985
0.00225177
0.00204883
0.000957557
0.000941762
0.000917996
0.00157931
0.00157931
0.00157931
0.00157931
0.00157931
0.00857902
0.00857902
0.00693985
0.00693985
0.00857424
0.00857424
0.00857424
0.00698686
0.00698686
0.00698686
0.00296183
0.00296183
0.00296183
0.00290558
0.00290558
0.00290558
0.00426237
0.00426237
0.00426237
0.00434475
0.00434475
0.00434475
0.00225177
0.00225177
0.00204883
0.00204883
0.00282365
0.00282365
0.00282365
0.00255171
0.00255171
0.00255171
0.000694885
0.000742446
0.000734216
0.000736012
0.000694885
0.000694885
0.000694885
0.000694885
0.000694885
0.01904
0.00815122
0.00422741
0.00262018
0.001643
0.00141299
0.00115106
0.00112364
0.0010932
0.01904
0.01904
0.01904
0.01904
0.01904
0.00815122
0.00815122
0.00422741
0.00422741
0.0116795
0.0116795
0.0116795
0.00522399
0.00522399
0.00522399
0.00295671
0.00295671
0.00295671
0.00284349
0.00284349
0.00284349
0.0039962
0.0039962
0.0039962
0.0044758
0.0044758
0.0044758
0.00262018
0.00262018
0.001643
0.001643
0.00335116
0.00335116
0.00335116
0.0020239
0.0020239
0.0020239
0.000785479
0.00080299
0.000794728
0.000781605
0.000785479
0.000785479
0.000785479
0.000785479
0.000785479
0.0101458
0.0107063
0.00534749
0.00244485
0.00184364
0.00104967
0.00100123
0.0010285
0.0101458
0.0101458
0.0101458
0.0101458
0.0101458
0.0107063
0.0107063
0.00534749
0.00534749
0.0114634
0.0114634
0.0114634
0.00590425
0.00590425
0.00590425
0.00298256
0.00298256
0.00298256
0.00284494
0.00284494
0.00284494
0.00414755
0.00414755
0.00414755
0.0044075
0.0044075
0.0044075
0.00244485
0.00244485
0.00184364
0.00184364
0.0030925
0.0030925
0.0030925
0.00228318
0.00228318
0.00228318
0.00069038
0.000711546
0.000734216
0.000736012
0.000737433
0.00066606
0.000693611
0.000872028
0.00133599
0.00129995
0.00141299
0.00119296
0.0012262
0.00112364
0.0010932
0.0489943
0.0414748
0.05393
0.00542742
0.00541293
0.00564829
0.00600178
0.017529
0.0181634
0.0191127
0.0188866
0.00736686
0.00740361
0.00738484
0.0075205
0.00680735
0.00666132
0.00692355
0.00702121
0.00571734
0.00555384
0.00599154
0.00619177
0.0077682
0.00756566
0.00793108
0.00809336
0.00766485
0.00756179
0.0078759
0.00797557
0.00630482
0.0064887
0.00608918
0.00587732
0.00311472
0.00336682
0.00359333
0.00711833
0.00735164
0.00686478
0.00660956
0.00378937
0.00403971
0.000844191
0.000863583
0.000794728
0.000781605
0.0017441
0.00244608
0.00129783
0.000911369
0.000941762
0.000917996
0.00100123
0.0010285
0.00553618
0.00452367
0.0141903
0.0334246
0.013183
0.0122219
0.0142667
0.012947
0.00884567
0.00985712
0.00750035
0.00680141
0.0129064
0.0113131
0.0156717
0.0175132
0.00916635
0.00999261
0.00831864
0.00787007
0.00707682
0.00704846
0.00710791
0.00706943
0.00683065
0.00692971
0.00662592
0.0064622
0.00833784
0.00839468
0.00830768
0.00819485
0.00834466
0.00834721
0.0082205
0.00816163
0.00513414
0.00489393
0.0054003
0.00563082
0.00437546
0.00461771
0.00409897
0.00386165
0.00576074
0.00548664
0.00605927
0.00632839
0.00490763
0.00517947
0.00460091
0.00433753
)
;
    }
    procBoundary3to7
    {
        type            processor;
        value           nonuniform List<scalar> 
49
(
0.00184021
0.00202757
0.00033561
0.000436721
0.00144537
0.00236164
0.00156777
0.00250334
0.00116055
0.00241288
0.00115241
0.00127056
0.00135504
0.00217967
0.00240897
0.00104374
0.00107616
0.00227152
0.000975607
0.000589481
0.00337706
0.00318531
0.00318531
0.00291043
0.00346101
0.000697369
0.00035543
0.00355682
0.00344346
0.00118213
0.0013337
0.000906486
0.00108356
0.00284532
0.00123794
0.0011958
0.00270451
0.00295794
0.00129002
0.00126018
0.0027635
0.00259534
0.0012224
0.00269484
0.00118229
0.00255025
0.00122937
0.00270099
0.00114667
)
;
    }
}


// ************************************************************************* //
