/*--------------------------------*- C++ -*----------------------------------*\
| =========                 |                                                 |
| \\      /  F ield         | OpenFOAM: The Open Source CFD Toolbox           |
|  \\    /   O peration     | Version:  2012                                  |
|   \\  /    A nd           | Website:  www.openfoam.com                      |
|    \\/     M anipulation  |                                                 |
\*---------------------------------------------------------------------------*/
FoamFile
{
    version     2.0;
    format      ascii;
    class       volScalarField;
    location    "0.106/solid";
    object      sigmaHyd;
}
// * * * * * * * * * * * * * * * * * * * * * * * * * * * * * * * * * * * * * //

dimensions      [1 -1 -2 0 0 0 0];


internalField   nonuniform List<scalar> 
3125
(
-19018.1
-37725.6
586.88
-4286.86
-39111.2
-5430.13
-6007.86
-39331.4
-32827.4
14570.2
19875.3
-28343.3
-19278.4
-5235.06
-37965.6
-3343.51
-15400.6
-31601.4
-12968
13752.7
-27239.3
7982.83
-17932.8
-4905.2
-18190.1
-1012.56
-3031.4
-5011.12
-14490.2
-3675.9
-12169.5
2526.25
7195.13
-2873.95
554.537
-785.975
-4383.62
652.588
-3170.75
552.889
2035.71
-2443.29
-27221.5
-28473
-733.761
-1018.48
-50654.5
-49167.8
-39345.4
-50694.5
-34112.5
-5854.63
-21821.1
-25849.6
-31120.5
-5938.89
-27183.4
-49245.5
-27129.1
-32361.8
-43240.1
-41893.3
-13539.8
-37724.2
-10483.6
16948.7
-1463.46
-2697.49
-4902.05
17709.6
-3187.89
-36490.6
-7068.99
-9558.98
-27510.1
-13995.9
-18694.5
-20478.6
-4518.13
-16494.9
-28759.1
-25403.9
-20334.1
-11444.2
-4241.93
-15196.3
-22410
-23488.7
-19092.8
-2420.23
-3844.12
-1128.72
11263.6
-341.287
-20050.5
-6332.91
-4400.16
271.352
10431.8
-144.713
-11049.6
-10172.5
-12521.5
-11236.5
-8445.79
-1808.26
-3373.27
-5972.17
-10259.2
-2103.61
-6966.05
-10352.8
-4030.97
-7222.35
-8731.05
-8009.87
-2021.13
-7199.98
-1026.49
4301.21
556.239
540.798
361.708
4977.44
518.334
-6575.21
-107.336
-756.41
-733.423
977.628
-508.782
-2646.64
-260.208
-908.284
-1043.31
-3143.07
-1037.81
927.023
-136.346
-462.445
-340.876
-555.225
-65.7096
956.665
534.46
552.272
944.507
557.176
-248.267
59.4079
434.639
964.176
739.15
591.141
-22399.7
-33657.9
8.3855
-2642.03
-56678
-43341.1
-56582.9
-46405.1
-5599.29
-10850.8
-11409.5
-14337.1
-6015.94
-13905.3
-43515.6
-32463.2
-36498.2
-48790.3
-36618.4
-42777.5
-31248.8
15376.3
8904.64
9297.27
11159.3
19174.1
10913.2
-31733.4
-20335.1
-21954.3
-22682.8
-15996
-19162.4
-10276.9
-5017.32
-9689.17
-33926.2
-31909.4
-28055.4
-6040.73
-3651.56
-6646.63
-18275.2
-28005.5
-15469.4
-9028.9
-10271
8492.02
12927.1
8061.53
-24050
-18678.5
-17143.4
5257.24
8786.97
5735.6
-14822
-6967.61
-15390.1
-15052.2
-12496
-1259.72
-1841.66
-2268.96
-5444.14
-2718.83
-4860.32
-7104.83
-4134.42
-6034.74
-11871.8
-5365.29
-7956.7
-9910.04
-6827.86
3070.3
1850.75
2200.4
4782.07
6428.66
4313.29
-4312.55
-1814.16
-2555.26
98.9638
781.631
298.94
-1451.19
-584.451
-1099.83
-2710.64
-3732.5
-2208.74
531.441
100.836
149.819
-1836.42
325.165
715.535
661.281
1534.61
1603.57
1256.75
-1318.72
-1292.89
-710.703
816.051
793.639
-23570.2
-32333.3
-110.6
-2171.39
-55153.8
-44777.7
-48262.5
-37606.2
-46062.8
-55105.2
-41668.5
-46019.2
-35862.1
-41667.7
-43866.1
-5741.08
-12472.4
-11950.6
-16447.8
-23166
-17403.6
-19283.3
-24510.1
-18349.2
-22859.4
-29820
-21991.7
-5992.88
-12972.8
-13450.9
-28507.2
-20202.2
-21105.7
-44928.5
-41216.3
-37016.9
-32958.8
-28866.9
-35116.8
-39475.7
-30612.2
-37290.2
-47390.5
-37906
-21519.9
-12474.8
-20018.5
-41485.6
-27398.2
-29150.1
-11455.9
-17177.3
-18570
16170.1
10018.4
9669.24
3894.72
-1835.82
3915.67
3865.72
-2246.5
3906.3
3370.56
-4290.56
3544.78
18451.7
10342.2
10640.9
-3718.99
3791.62
3685
-32904.5
-25445.8
-23755.8
-12163.7
-7851.96
-13332.6
-15839
-8681.92
-14557.1
-23857.2
-23200.5
-19789.5
-16827.9
-15520
-18686.5
-22566.7
-17088.5
-20601.8
-15484.7
-19140.7
-14517.4
-4777.3
-8484.02
-9090.44
-17811.8
-12582
-13548.5
-32615.1
-23821.1
-27467.8
-30823.3
-23693.5
-28710.6
-24577.8
-22002.7
-26628.1
-8812.47
-12665.4
-9732.09
-3952.17
-7872.27
-7258.66
-13917.3
-11620.2
-10668.8
-19272.4
-26853
-16349
-12831.7
-11484.6
-4815.28
-2856.01
-5546.53
-7163.79
-3329.93
-6327.87
3844.71
-831.067
3767.49
12095.9
7157.87
7615.95
-568.934
3538.11
3664.33
-23016.9
-14190
-15634.8
-11050.5
-5643.61
-9995.13
-8051.75
-4999.45
-8994.88
2849.66
158.893
3043.49
9604.46
6689.92
6214.32
20.9422
3390.78
3224.58
-13835.9
-7716.97
-15034.6
-11101.1
-13308.7
-14060.7
-9321.69
-11915.8
-9741.18
-10088.2
-11659
-1526.16
-3225.34
-2731.33
-2638.03
-4171.88
-3255.58
-4643.06
-5039.82
-3924.89
-7915.86
-9113.64
-7046.17
-2408.45
-3747.14
-4293.72
-8014.58
-5404.69
-6207.5
-7868
-8782.73
-6526.57
-4752.89
-5010.11
-5934.15
-8608.14
-6075.55
-7220.88
-11053.3
-5981.39
-4133.38
-1657.12
-3501.27
-9196.37
-4886.88
-5895.97
-1326.11
-2377.64
-2915.6
3663.39
2984.8
2579.59
1213.37
557.582
1396.32
1797.16
553.449
1591.77
2646.1
431.3
2435.98
5687.74
3410.99
3855.07
482.769
2008.09
2222.15
-4844.15
-4093.38
-3213.15
-662.048
-298.483
-1026.4
-1883.3
-514.509
-1432.73
-57.1272
-564.57
153.683
900.698
368.586
355.81
-572.899
-55.5721
-65.4677
-2074.5
-1993.63
-1568.04
-407.903
-515.96
-787.376
-1414.78
-723.307
-1117.4
-2232.63
-782.306
-1901.5
-3685.28
-2348.17
-2731.51
-1179.24
-1647.13
-1897.02
646.591
298.844
220.389
-49.1135
-276.987
-78.4785
-75.1225
-371.974
-68.546
88.2741
-1462.58
268.845
324.172
525.078
823.232
818.463
725.519
503.303
634.461
619.273
1046.96
547.851
901.147
1237.87
842.678
1024.55
548.774
693.963
781.72
-1001.61
72.4938
-326.964
-340.639
203.262
-63.6899
357.84
327.453
169.475
849.78
831.027
821.411
618.343
728.767
679.986
649.369
655.095
664.387
-20112.8
-36348.5
320.198
-3692.04
-59742.2
-40497.6
-70886.7
-59567.9
-70657.4
-54949
-50087
-40713.1
-47985.7
-36182.5
-49558
-37469.6
-48523.8
-51640.1
-34068.3
-26078.8
-45386
-42696
-33242.2
-14544.7
-29449.5
-26690
-18983.7
-27720.2
-19867.8
-13798.7
-26021.8
-20389.8
-24259.2
-17640.6
-25591.1
-18670.7
-24672
-45366.7
-36601.5
-46402.8
-34922.8
-44818.3
-46937.4
-33654.5
-16331.3
-30374.6
-5163.51
-13776.6
-12193.2
-7597.25
-12950.7
-8155.87
-4734.46
-12383.5
-26159
-25638.9
-18122.8
-13087.8
-24636.2
-17265.7
-16863.8
-5549.86
-21997.3
-22933.4
-16637.8
-17116.7
-23319.8
-21618.6
-15644.9
-7603.95
-5672.82
-6676.67
-4484.07
-7491.6
-5095.33
-6767.21
-13583.6
-4201.95
-3934
-11431.2
-7056.7
-11394.5
-4331.84
-10707.7
-6518.51
-217.648
-3324.15
-2644.47
-1031.24
-3068.32
-1304.37
-28.029
569.224
413.232
551.889
580.844
407.379
514.803
679.15
-5186.03
-3786.09
-5887.2
-3905.74
-5127.78
-5954.99
-3354.65
366.671
-2684.94
731.082
476.693
535
547.486
557.364
544.421
626.208
309.285
-2038.86
-2232.56
-772.662
144.723
-1853.54
-519.478
929.228
699.228
581.51
1090.08
-25976.8
-29735.1
-472.582
-1354.64
-52135.2
-47687.4
-62878.2
-52157.3
-60878.4
-46712.8
-62491.1
-61294.8
-48079.2
-58075
-47791.6
-59247.7
-45376.5
-57611.3
-59679.9
-44021.6
-44606.5
-40536.2
-21223.8
-38956.1
-35507.4
-26649.5
-36650.9
-27698.6
-20306
-18552.5
-35280.6
-34334.4
-25625.3
-33214.6
-24602.8
-19426.1
-33167.8
-26270.6
-34145.3
-25249.2
-32659.4
-34652.2
-24099.7
-37646.8
-30027.3
-35629.4
-26399.4
-37116.9
-36154.9
-27577.2
-21332.1
-24586.8
-7549.36
-18157.8
-17965.8
-11945
-17095.3
-11254.2
-8089.75
-9215.85
-21015.5
-18878.9
-12642.7
-19780.2
-13358.2
-8637.69
-11941.1
-9316.53
-15800
-12148.6
-14414.3
-10220.8
-15526.3
-14665.3
-11064.5
-12457.1
-9490.92
-13317.7
-9407.15
-12242.6
-13542
-8611.74
-9473.55
-7297.48
-2219.11
-7839.02
-6739.41
-3754.17
-7339.78
-4165.88
-1918.64
-1363.49
-5973.94
-6142.64
-3356.99
-5580.04
-2963.39
-1639.05
-752.066
-465.302
-1221.68
-532.748
-842.216
-1144.21
-278.19
542.716
1007.04
642.326
884.899
572.406
606.34
942.808
-2052.45
-1394.63
-1630.31
-821.6
-2083.02
-1579.39
-1149.32
457.587
846.528
544.082
796.429
446.376
560.193
683.967
-148.067
-814.636
968.914
81.9598
43.7628
548.234
192.255
607.795
953.986
926.068
953.126
990.647
1020.5
860.967
999.153
974.28
865.453
-462.595
-139.186
473.054
-346.917
372.908
920.103
1038.62
926.889
850.874
1068.2
985.857
982.846
1080.52
-21239.2
-34986.3
152.634
-3141.05
-58196.6
-41904.2
-72693.3
-73904.7
-69280.5
-58075.4
-67399.9
-52178.2
-69017.1
-53573.6
-67701.4
-75788.4
-32109.8
-33753
-31967.8
-32827.7
-25433.1
-24725.1
-25880.6
-26565.7
-30499.9
-31248.1
-30590.4
-32177
-38291
-39828.8
-40657.8
-38723.7
-31358.8
-31905.1
-39821.9
-41831.9
-39332.2
-41013.2
-31207
-30629.3
-58017.8
-56696.6
-51683.6
-42104.2
-52773.8
-40066.3
-51154.9
-38751.8
-53279
-53434.2
-54766.6
-50212.5
-35320.7
-3197.74
-4045.96
-25073.4
-44065.9
-40249.9
-30970.2
-41443.4
-32100.3
-24072.9
-5305.33
-4397
31624
30112
31512
29310.7
32545.9
31669.7
33306.4
34166
30098.9
27987.5
30158.6
28799
37551.9
34931.3
35629.3
37951.6
41894
42630.2
38990.3
36508.6
38532.4
35826.5
41389.3
40625.1
703.324
1274.51
-15296.5
-30586.2
-29865.4
-21707.4
-28802.5
-20767.9
-16087
1868.28
1356.08
-32368.2
-31078.5
-27416.8
-21523.5
-28370.8
-20789.2
-26962.8
-19714.3
-28830
-28078.6
-29340.1
-27416.3
-27935.6
-28873.8
-27404.5
-23521.3
-24244.1
-23000.9
-22262.6
-29016.4
-30552.2
-28982.4
-29612.8
-46918.3
-48263.4
-43800.2
-35257.6
-41714.5
-31180
-43250.4
-32417.8
-42262.6
-51515.8
-50175.4
-18939.8
-20130.1
-19205.7
-19128.5
-14855.8
-14118
-15503.3
-16249.8
-17448.9
-17470.1
-17236.1
-18367.5
-17284.3
-29181.9
3494.09
3692.23
-5599.54
-14614.3
-14547.7
-9343.32
-13750.4
-8733.76
-6066.46
3680.85
3521.08
27115.2
25173.3
26002.5
27077.1
29991.1
30877.5
28638.8
27429
28633.2
26605.4
29170.7
28270.3
2787.25
2378.28
-11711.3
-25088.9
-22649.4
-15642.7
-23617.6
-16445.1
-11051.6
1911.83
2375.47
18840.6
18391.3
17563.9
19056.4
18515.7
17646.7
17417.3
16022.2
17179.4
16832
19408.4
20291.4
-15821.7
-6232.57
-22352.6
-23541.3
-20700.3
-16071.7
-19108.7
-13741
-20341.1
-14684.3
-19444.9
-26395.6
-25167.8
-6607.49
-7275.08
-6854.36
-6630.89
-4864.16
-4371.4
-5368
-5899.11
-5636.57
-5420.74
-5406.49
-6002.9
-14163.5
-14071.8
-14914.5
-13916.3
-12746.5
-13467.3
-15555.9
-16628.7
-15793.5
-15751.3
-12103.5
-11393.2
-11104
-10204.7
-8499.23
-6370.72
-9289.72
-6415
-8362.71
-5736.91
-9435.16
-8247.62
-9071.23
-12714.6
-4761.07
3529.18
3428.45
-3561.62
-10637
-9303.77
-5527.92
-9985.15
-6013.93
-3200.45
3495.75
3627.74
6771.43
6882.55
7035.43
6297.37
6110.74
5542.08
6756.67
7378.08
5843.9
5201.18
5597.03
5733.26
14202.6
12993
13759.7
13932.5
15915.3
16763.6
15538.4
15286.3
15797.5
14494
15047.7
14220.7
2678.93
2692.86
-416.861
-3806.05
-4002.58
-1923.12
-3528.54
-1600.13
-638.536
2495.15
2496.78
-77.532
219.549
377.409
238.93
-35.0269
261.293
208.269
395.565
131.236
596.853
651.286
656.888
787.436
547.257
760.803
566.557
669.351
490.633
-3540.31
-3332.41
-3788.81
-3344.99
-3478.72
-3919.17
-3070.74
-2683.9
-4312.24
-4839.44
-4530.74
-4314.54
-4891.88
-5554.01
-4466.06
-3228.38
-3781.54
-2364.89
-4424.23
-2842.64
-3802.61
-7220.79
-6475.18
-519.179
-544.868
-380.45
-549.006
-535.278
-437.977
-585.843
-648.278
-341.874
-82.5424
-270.885
-253.053
240.557
-2242.07
1078.16
974.629
799.714
372.75
463.298
577.599
509.369
563.38
860.883
825.587
583.051
730.589
736.908
600.014
676.921
823.504
750.524
814.085
3801.01
3332.38
3749.01
3599.63
4449.79
4957.97
4535.19
4684.77
4762.84
4208.16
3933.01
3487.73
2099.35
2122.68
453.194
-1661.28
-1168.82
-101.515
-1492.59
-298.514
582.098
2308.31
2300.37
1319.56
1253.07
1288.73
1278.81
1010.52
740.141
704.645
1114.29
824.075
1092.14
983.519
1359.98
1479.76
1342.8
1432.95
1452.66
1324.82
1317.05
1264.03
-24756.6
-31020.8
-270.096
-1733.04
-53637.8
-46218.9
-68589.2
-67766.6
-69078.1
-67621.7
-64695.8
-64309.7
-70374
-70604
-64150
-61918.1
-62249.2
-62469.2
-70796.9
-69559.6
-64490.2
-53622.1
-65764.2
-50815
-66091.6
-64122.6
-49429.6
-66383.1
-67647.5
-64810.9
-66221.3
-65812.1
-64885.2
-59070.2
-56975.9
-57605.6
-57197.7
-59754.9
-60066.1
-61635.8
-59476.4
-62983.5
-61965
-63322.6
-61958.4
-33373.1
-34362.5
-33566.3
-35263.9
-27992.5
-28636.5
-34959.1
-36724.8
-35832
-34711.6
-27640
-26966.7
-39227.6
-38609.3
-38486.8
-40400.8
-42420.8
-42387.9
-43845
-41983.7
-44297.1
-46233.9
-44709.3
-44767
-38411.2
-36547.2
-36722.2
-37227.2
-42347.4
-40360.9
-40448.5
-41178
-48811.3
-50861.6
-49136.9
-49380.4
-43072.8
-42215.5
-42185.2
-44235.3
-46943.4
-47096.4
-46580.9
-48573.9
-49512.8
-47263.8
-47143.4
-48379.6
-57139.9
-59440.8
-57275.3
-57955.8
-50009.9
-48632.9
-48818.8
-51133.8
-55339.2
-55915.7
-57394
-55151.9
-37545.9
-39425
-37169.7
-38562.9
-29570.4
-28946
-35975.3
-37233.2
-36290.2
-38109.1
-29829
-30425.7
-46675.9
-45568.8
-47824.3
-45645.5
-51267.4
-51620.8
-53098.4
-50983.2
-53100.3
-55280.9
-53795.8
-53336.8
-46064.4
-43945.6
-44906.2
-43929.8
-59945.6
-61251.7
-56467.3
-46357.7
-54383.6
-41368.5
-54882.4
-55986.4
-42700.5
-64465.2
-63179
-53168.8
-54422.5
-53019.1
-54260.3
-48368.2
-46514
-47267.7
-46568.5
-49277.9
-49904.4
-49186.8
-51099.2
-51293.5
-49998.6
-51410.7
-50189.5
-57200.7
-56024.4
-57414.2
-56129.4
-54598.2
-55082.6
-56457.3
-54426.8
-59059.4
-60385.7
-60114
-59008.2
-53797.7
-51824
-52516.7
-51954.4
-45979.5
-39215.6
4719.66
285.393
-208.088
5168.37
10603.3
13900.9
11328.8
14364.7
4396.98
-1231.83
-689.826
3904.41
11782.6
14641.5
11049.1
14235.8
-2891.41
-2094.72
-22145.6
-40218.8
-39022.1
-29865.5
-23107.5
-37851.5
-28762.8
-1103.08
-1835.16
5835.49
720.134
5438.55
1163.63
12388.7
14915.2
14615.7
11647.9
11399.1
14474.1
12133.2
14827.7
6055.49
1943.74
1550.56
6405.46
32863.5
30578
33026.3
31358.1
36420.1
37244.7
34364.5
32543.5
31777.8
34146.2
35736.7
34888.5
24461.2
26404.8
26544
25223.1
20123.5
18136.9
18900.3
20228.8
20925.1
19468.5
20779.3
18711.8
24267.9
25443.5
25358.7
23488.6
26110.9
27566.8
27382.4
25361.6
22092.8
20346.7
21839.7
19606.3
26185
28275.7
28519.8
26919
21348.3
19200.6
21551.7
19951.9
28842.4
30889
30477.7
28159.1
23363.4
21027.1
22885.2
20331.2
28644.2
31034
31511.1
29310.3
22762.4
20294.5
20996.5
23181.7
36834
34681.6
36490.3
33953.2
38694.1
37888
35354.6
32903.4
35637.1
33650
39292.3
40075
27585.4
29826.9
28288.8
30186.6
22238.9
19929.5
20654.8
22544.5
22909.7
20873.9
20156.1
22547.2
27647.4
29392.4
26927
29095.3
579.106
-40.6305
-17712.2
-34077.5
-30980.4
-22651.7
-16883.7
-32070.2
-23618.7
-888.18
-208.051
7518.35
3452.92
3702.48
7309.68
12473.3
14335.4
14229.9
11718.2
11833.3
14456.2
14612.7
12588.8
7539.25
4104.93
3901.54
7705.01
6987.9
3209.26
2913.54
7242.09
11801.1
14654.5
12550.7
14908
6871.12
2281.19
6572.83
2623.91
12614.9
14803.5
14602.1
11862
-34148.2
-35461.8
-31697.3
-25053.8
-29782.7
-21870.5
-30264.1
-31202.9
-22979.8
-38609.2
-37280.9
-29488.4
-30535.8
-29186.9
-30589
-26440.5
-25066
-25889.1
-24939.2
-27545.9
-28479.9
-29094.9
-27656.2
-27761.5
-26384.2
-27703.8
-26687.3
-33468.6
-32053.3
-33426.6
-32358.1
-32889.2
-33800.1
-34532.6
-32979
-35270.9
-36371.9
-34976.4
-36400.5
-31801.7
-30294.4
-30193.5
-31123.5
-34292.2
-32561.2
-32821.8
-33117.8
-39623.5
-41435.1
-40098.2
-39980.1
-35192.4
-34790
-34576.7
-36366.3
-37743.6
-37555.2
-37242.2
-38993.5
-25752.9
-27172.4
-25801.4
-26217.8
-20382.4
-19631
-20964.4
-21709.5
-24159.7
-24487.4
-25432.3
-24066.3
-31019.4
-30811.9
-32187.3
-30527.3
-32984.6
-32656.2
-34051.8
-32432
-34835.1
-36530.5
-35373.3
-35112.3
-30066.2
-28458.7
-28784
-28903
-45023.3
-43679
-39176.2
-31308.8
-40172.6
-29971
-40711.3
-38631.8
-28757.8
-40460.6
-41800.6
-45323.7
-43948.1
-45367.1
-44200.7
-43838.9
-44592
-45616.5
-43826.2
-47195.6
-48391.4
-46972.1
-48314.6
-42851.8
-41107.3
-41900.8
-41098.1
-41206.6
-42351
-40932.5
-42334.5
-37297.9
-35674.7
-35616.2
-36501.7
-39355.5
-37938.2
-38228.5
-39346.7
-38354.9
-39200.1
-38394.2
-40071.6
-22566.7
-22661.1
-22278.3
-23667.7
-23522.9
-23021.8
-24282.8
-22924.3
-25253.7
-26691.8
-25382.9
-25851.1
-21570.5
-20238.9
-20645.4
-20493.9
-20816.8
-20968.6
-20648.5
-21895.7
-18268.4
-19023.8
-17643.2
-16887.7
-22360.3
-23673.7
-22496
-22729.7
-25788.9
-24325.1
-24670.7
-24704.7
-30020
-31587.4
-30207.2
-30589.1
-28211.7
-27783.7
-29122
-27625.2
-26785.3
-26742.6
-27926.3
-26395
-20292.6
-25700.2
3644.66
3414.12
-7039.14
-17238.5
-15387.4
-9961.87
-6539.93
-16218.7
-10598.8
3266.35
3541.68
6852.3
4793.28
4743.47
6928.42
9036.29
9746.86
9907.56
8340.77
8935.37
10618.6
9649.61
10482.8
6599.71
4592.43
4666.52
6503.09
7211.31
4846.17
4870.14
7162.22
10014.9
11940.7
10755.7
11860.2
7419.96
4891.59
4897.01
7444.55
10226.5
11188
9494.78
11300.6
22148.9
23066.8
23078.9
21357.3
19450.9
18264
19395.4
17489.3
22454.7
24248.3
24286
23236.8
18596.6
16776.5
18610
17553.3
25473
24540.2
25551.6
23698.1
25659.4
24755.3
23957.1
22194.6
23035.9
23836.4
26526.3
27426.6
20208.9
21851.4
21004.4
21802.2
16819
15164.4
15937.9
16753.2
17704.5
16776.5
17737.8
16000.3
19814.5
20488.3
20580.2
19013.8
2755.33
3119.79
-9801.58
-22009.5
-21664.8
-14864.6
-10423.3
-20727.9
-14093.2
3366.17
3052.09
7734.85
4652.44
4535.04
7819.51
11518.1
13914.2
12278.2
13981.5
7802.53
4261.86
4420.27
7680.71
12003.3
13544.6
13522.1
11244.6
7756.61
4729.23
4805.6
7710.2
11234.6
12477.7
10488.3
12532.9
7611.27
4885.01
7622.57
4845.32
10898.3
13059.8
13044.6
11652.3
15255.2
16581.8
16401.4
16033.3
12754.6
11452
12182
12574.8
13651.3
13169.2
12419.3
13811.1
14741.6
15013.5
15219.7
13975.4
20701.2
19116.2
20509.6
19949.3
22972.7
23874.5
22177.4
21503.9
22338.4
20662.8
22083.5
21184.1
17315.7
17778.7
16530.6
17939.3
15750.3
15056.8
14282.8
15849.9
14847
13367.2
14126.1
14714
17786.3
19272.6
18579.6
19147.3
-12868.5
-8495.72
-22331
-21028.5
-22268.6
-21316.2
-22405
-23346.1
-23848.7
-22544.1
-23954.5
-24944.8
-23661.1
-25009
-21335
-20084.4
-19945.5
-20874.4
-20793.2
-19650.5
-16984.9
-13088.1
-17888.7
-12827.6
-18199
-16685
-11928.5
-17068
-18159
-18769.4
-19691.1
-19753.3
-18497.1
-16558.3
-15461.6
-16203.2
-15315.6
-17584.4
-18489.8
-18895.1
-17723.3
-17279.9
-16083.1
-17221
-16342.8
-8165.77
-7957.86
-7906.6
-8642.07
-7592.6
-8207.16
-9298.03
-10111.2
-9373.68
-9564.52
-7024.07
-6438.79
-7769.34
-8095.64
-7737.85
-8510.51
-7565.39
-7071.89
-7852.77
-7119.01
-8698.29
-9528.63
-9189.08
-8670.61
-7029.47
-6325.72
-6668.19
-6345.54
-10115.7
-9253.85
-9643.59
-9312.46
-12267.3
-13251.8
-12810.5
-12251.4
-10967.4
-11281.5
-10884
-11825.8
-10934.5
-10398.5
-10423.3
-11331.4
-17480.3
-16303.9
-16728
-16480.3
-20643.7
-21937.1
-21237.3
-20706.5
-18462.3
-18662.5
-18252.2
-19500.2
-19014.2
-18471.5
-19643.3
-18422.8
-12317.3
-13259.1
-12571
-12436.1
-9460.99
-8809.32
-11033.5
-10870.3
-10775.3
-11650.6
-10084.6
-10759.5
-14559.7
-14837.6
-15523.1
-14426.8
-14786.5
-14229
-15286.7
-14219.9
-16278.6
-17425.5
-16300.8
-16858.8
-13634.9
-12609.6
-12718.5
-13022.7
-12333.1
-13303
-11408
-8663.43
-10238.3
-7116.74
-10408.8
-11215
-7851.03
-15659.4
-14625.4
-9859.5
-10589.6
-9655.72
-10639.1
-8452.3
-7669.94
-8247.92
-7542.83
-9274.4
-10024.1
-9406.79
-10271.8
-8721.81
-7823.59
-8679.26
-8009.97
-12709.2
-11650
-12655.4
-11873.8
-13169
-14015.2
-14337.1
-13317.5
-14036.5
-14872.3
-14930.1
-13795
-12238
-11290.9
-11955.2
-11149.8
-10243.5
-6625.2
5835.04
4179.12
4289.5
5706.35
7720.73
9168.83
8399.13
8993.88
6116.68
4497.13
4402.31
6233.52
7742.75
8224.56
7087.32
8415.55
3322.81
3402.44
-2527.67
-8507.6
-8622
-5060.27
-2861.37
-7978.22
-4598.32
3244.56
3189.6
5275.49
4054.44
5416.96
3931.03
6404.18
6699.91
6906.85
5810.38
6448.17
7659.16
7073.68
7459.11
4985.71
3665.05
3796.87
4837.31
8322.58
7492.51
8046.03
8120.66
9497.95
10216
9410.98
9443.03
8770.73
9694.52
8752.59
8076.84
5722.14
6386.56
6150.49
6268.06
4797.34
4192.91
4666.42
4593.01
5432.58
5481.67
5651.44
4964.25
5271.98
5129.93
5354.65
4770.33
7341.04
7250.35
7499.18
6750.79
7299.48
7264.07
7528.37
6665.97
7847.92
8676.98
8425.33
8476.83
6562.58
5790.53
6339.48
6351.23
12160.2
12280
12521.2
11438.3
11491
11188.9
11687.9
10471.9
12700.5
13863.2
13639.5
13445
10623.7
9498.59
10187.7
10410.6
12367.5
12273.9
12644.6
11529.9
11761.5
11003.2
11138.3
10120.2
10856.8
10830
12582.8
13374.2
10200.8
11199.3
10898.8
10953.4
8532.29
7584.83
8215.92
8303.96
9345.88
9195.27
8529.56
9567.34
9668.1
9662.66
9000.5
9915.53
2884.2
2861.23
-1109.48
-5394.08
-4510.5
-2254.25
-865.987
-5026.56
-2599.23
3031.94
3072.15
3537.61
2964.61
2828.35
3687.46
3894.57
3924.58
4113.89
3451.46
3996.74
4758.71
4562.58
4482.57
3279.3
2556.38
2689.46
3134.21
4112.08
3106.8
3244.97
3959.8
5182.4
6164.47
5745.98
5959.73
4395.17
3525.18
4548.25
3387.5
5101.69
5243.12
5445.99
4575.72
-481.264
-820.92
-411.577
-238.865
-265.384
114.251
-124.294
-527.019
-62.2848
-1720.51
-1306.78
195.208
-149.512
178.012
-125.929
612.832
974.27
598.974
893.087
556.579
655.425
935.893
429.378
656.934
396.492
747.674
125.079
-199.788
-227.737
63.69
522.098
751.249
477.18
779.785
-875.899
-498.243
-878.941
-545.136
-1343.44
-1734.01
-1804.51
-1426.78
-1373.96
-1745.02
-1301.56
-1758.3
-962.096
-636.885
-561.995
-905.358
-4441.94
-3908.41
-4195.8
-3899.54
-5671.31
-6330.95
-6083.02
-5619.66
-5057.69
-5364.01
-5052.42
-5664.76
-4744.22
-4327.74
-4379.8
-4956.15
-2503.77
-2876.23
-2668.22
-2472.35
-1710.04
-1446.2
-2005.67
-2329.16
-1929
-1759.98
-2091.15
-1797.47
-2887.96
-3156.54
-3359.76
-2913.68
-2535.86
-2195.61
-2661.96
-2254.28
-3233.74
-3731.88
-3565.82
-3186.35
-2423.73
-2050.25
-2264.13
-2021.75
-4081.96
-3503.2
-2587.17
-1790.67
-3170.12
-1924.05
-3171.36
-2595.48
-1515.03
-2309.57
-2802.97
-5400.17
-4676.69
-5367.18
-4823.32
-5971.52
-6613.24
-6792.47
-6097.7
-6326.42
-6936.76
-6159.84
-6976.61
-5296.23
-4675.09
-5144.65
-4567.63
-3496.43
-3979.32
-3372.07
-4007.15
-2801.42
-2347.36
-2262.19
-2711.32
-2792.5
-2250.99
-2353.04
-2770.56
-3333.38
-3843.43
-3430.3
-3962.75
-196.394
-419.979
-309.895
-441.22
193.739
541.058
255.026
408.293
-110.384
-337.263
-23.6226
-308.776
17.441
94.8288
-62.464
259.206
-871.504
-724.749
-813.618
-923.006
-1019.04
-1218
-859.551
-730.96
-1228.27
-1441.32
-1331.95
-1175.17
-971.088
-769.517
-704.063
-910.566
-1413.7
-1757.54
-1355.88
-1656.97
-922.862
-651.959
-982.38
-717.042
-1300.24
-1516.08
-1627.99
-1341.29
-12.6649
-1112.18
1252.13
1321.46
956.112
195.638
396.974
613.772
917.388
313.974
626.704
1534.96
1482.07
1040.4
1041.22
968.017
1143.09
901.452
895.446
780.282
804.547
831.087
931.985
889.492
1040.39
1137.82
1094.17
1064.75
1085.61
1205.73
1157.08
1150.81
947.226
819.515
862.183
959.544
1361.44
1142.15
1251.96
1267.07
1416.35
1689.23
1645.34
1585.9
1500.34
1462.65
1349.65
1607.41
1369.29
1330.99
1182.62
1414.22
3536.24
3385.89
3572.43
3140.62
3821.91
3916.73
4013.65
3487.84
3909.25
4412.99
4205.71
4355.82
3305.94
2858.24
3134.86
3237.95
2801.64
2940.67
2969.91
2585.88
2318.64
2021.21
2285.31
1986.54
2272.03
2159.17
2674.91
3045.56
2483.56
2839.56
2821.59
2683.09
2162.11
1848.94
2124
2037.09
2535.22
2635.68
2686.47
2309.66
2223.2
2106.57
2231.62
1945.46
1930.45
1901.01
791.576
-715.292
-863.613
76.6559
692.68
-592.619
241.471
1694.27
1738.68
2527.2
2039.71
2164.19
2394.65
2944.23
3510.68
3347.55
3335.99
2752.01
2421.55
2292.45
2891.11
2842.14
2799
2961.44
2484.45
2065.4
1917.82
1798.94
2190.23
1984.91
1918.04
1716.22
2045.78
1883.68
1570.53
1766.94
1684.76
2073.27
2470.72
2324.68
2386.18
1247.54
1276.99
1295.91
1246.48
1001.82
907.087
921.367
1102.36
1038.82
799.108
1106.19
1208.86
1218.46
1156.56
1274.41
1240.06
1206.45
1170.16
1258.97
1256.85
1381.31
1295.22
1343.02
1429.4
1279.36
1410.71
1413.69
1554.52
1766.44
1691.83
1755.66
1766.12
1548.29
1409.93
1281.84
1426.91
1404.37
1277.66
1442.03
1650.29
1711.1
1491.66
1743.57
1444.22
1237.4
1404.86
1383.26
1543.74
1760.75
1752.24
1678.14
-116.092
267.718
142.776
-83.4737
73.6284
398.738
295.963
252.165
282.668
80.3921
94.7251
287.603
755.455
439.345
407.249
287.419
440.107
555.242
-70941.6
-48803
-52215
-62779.6
-69330.4
-60022
-48448
-49626.3
-50949.1
-61977.1
-67839.7
-50526.2
-34598.4
-34190
-43324
-35826.4
-49009
-45119.8
-52146.3
-47930.8
-38274.2
-34732.9
-37026.7
-53666.9
-46106.5
-18604.7
-18190.8
-33244
-19555.8
-36972.1
-18219
-17796.7
-16637.6
-31074
-34787.6
-35806.6
-16604.8
-16895
-9096.73
-22787.4
-20286.6
-8784.85
-23657.7
-8469.49
-8713.88
-9652.99
-9834.07
-25543.1
-22013.9
-24645.8
-10329.1
-9899.16
-26491.4
-16983.2
-17244.8
-22238
-17972.7
-25147.2
-23676.1
-27924.8
-26183.7
-19993.6
-17868.5
-18967.1
-29306
-24693.5
-45890.7
-33417.4
-42324.7
-30247.7
-47396.5
-32212.1
-40564.1
-44288.8
-37820.4
-29868
-29672.5
-31050.4
-42788.9
-39546.2
-2189.54
-10205.7
-9081.97
-2444.71
-10835.3
-1878.45
-2340.66
-2451
-2906.52
-12206.7
-10222.7
-11545.5
-2797.81
-3011.3
-7368.64
-21831.9
-7666.97
-18706.2
-7955.46
-20989.4
-7746.65
-6895.43
-6783.24
-19253.6
-17125.7
-20067
-6356.48
-6698.54
-22460.3
-16026.9
-21245
-14215.9
-23755.1
-15078.7
-19868.5
-21117.4
-17581.3
-13617.6
-13255.1
-14161.8
-18896.8
-19864.7
-7837.42
-4372.44
-4830.71
-6243.89
-4963.12
-6988.38
-7100.4
-8762.93
-8745.12
-6229.59
-5284.94
-5580.79
-9688.64
-7808.68
-1364.22
-9531.92
-1827.07
-7893.73
-1646.56
-8935.24
-1933.42
-1158.93
-1472.72
-6893.29
-7735.2
-8298.66
-1369.71
-909.085
759.51
-2086.88
-1887.76
390.61
-2435.79
871.618
465.066
673.6
254.899
-3222.3
-2477.48
-2835.22
539.838
172.967
410.768
85.3156
292.229
452.571
418.722
176.655
323.907
-5388.39
-3816.24
-5603.3
-3119.73
-6147.04
-3288.87
-4835.81
-4634.72
-3580
-2331.68
-2760.78
-2795.57
-3958.9
-4260.11
936.613
887.662
548.432
624.526
565.729
1031.66
799.242
1032.68
-1731.25
642.721
-1223.09
940.507
-1423.21
570.85
1083.27
716.434
-846.675
-770.468
-1112.39
1151.27
783.003
-63099.8
-44508.7
-54470.2
-43610.4
-56381.1
-61588
-45807.2
-64722.1
-59186.9
-48368.2
-44037.8
-66222.7
-57254.3
-47057.7
-58445.4
-43268.9
-53568.3
-39336.6
-59960
-51684.1
-41985.3
-56815.3
-48893.1
-39489
-38850.7
-55293.6
-50748.9
-40756.7
-14539
-30567.6
-27270.9
-13706.6
-31541
-13662.3
-13729.9
-15265.4
-15093.7
-33648.6
-29293.2
-16126.7
-32651.7
-15132.9
-12280.9
-29486.7
-25547
-12306.6
-28537.7
-13048
-12359.7
-11642.5
-11090.4
-26563.8
-23669.3
-10926.6
-27487.1
-11032.1
-33708.5
-24241.4
-31389.8
-21781.4
-29797.2
-35149.3
-23145.4
-32198.1
-27214
-21021.5
-21161.1
-30782
-28758.9
-22085.2
-38159.2
-25330.3
-32430.1
-25313.8
-36690.7
-34072.2
-26458
-39721.2
-36794.3
-28728.9
-25923
-41205.5
-35109.2
-27573.5
-3791.49
-15153.8
-12804.6
-4221.74
-14429.5
-4322.13
-4210.77
-3468.18
-3636
-12954.5
-11516.8
-3089.84
-13647
-3533.61
-5024.53
-15972.4
-14201.3
-5072.67
-16727.1
-4569.54
-4977.78
-5421.24
-5800.7
-18364.5
-15632.3
-5921.79
-17580.4
-5892.68
-16160.6
-9880.54
-13312.1
-10305.3
-14490.1
-15020.1
-10693
-17384.5
-16643.2
-12381.6
-10876.4
-18579.9
-15396.3
-11522
-12791.6
-9100.59
-12450.5
-7880.57
-13860.5
-11350.7
-8340.14
-11703.2
-9511.5
-6903.7
-7364.73
-10698.5
-10532.6
-7611.28
-344.277
-5551.04
-4962.11
-692.593
-6046.66
-596.387
-146.969
-503.072
-958.644
-7136.08
-5821.74
-727.929
-6606.77
-1060.86
166.04
-5030.02
-4014.82
-273.19
-4569.66
-9.76402
-367.25
284.811
-78.5557
-3663.68
-3288.83
437
-4088.2
8.20724
-802.154
-537.835
-1193.96
-259.79
-786.498
-1199.51
-281.716
-429.844
-157.244
133.022
-92.5768
-111.344
-488.934
-60.0506
-2160.45
-825.896
-1558.48
-1174.86
-1665.59
-2055.98
-1152.47
-2719.88
-3076.9
-1905.42
-1440.69
-3301.84
-2489.19
-1510.45
1217.4
181.48
337.723
975.553
304.607
899.081
1232.39
1166.59
867.543
488.822
531.98
1114.65
413.78
953.628
1234.81
21.2845
39.9152
884.64
-151.606
1249.86
951.44
1226.92
887.33
-584.283
-276.29
1181.82
-363.948
820.585
)
;

boundaryField
{
    left
    {
        type            zeroGradient;
    }
    bottom
    {
        type            zeroGradient;
    }
    interface
    {
        type            zeroGradient;
    }
    procBoundary6to2
    {
        type            processor;
        value           nonuniform List<scalar> 
65
(
-5970.55
20554.9
-61293.5
-61079.2
-53105.4
-46708.2
-41079
-32407.4
-14649.3
-5552.67
-64821.5
-66606.2
-14743
11377.3
-50894.3
-50894.3
-33046.1
-33046.1
-33046.1
-50458.5
-23707
-23071.9
3162.68
-71894.8
-71319.5
-64757.3
-72477.1
-72298.6
-56361.8
-27119.1
-43915.4
-34425
-27119.1
-32013.8
-42126.5
-40848.9
-5700.92
43088.4
36642.8
39956.2
-76973.2
-59954.4
-59052.5
-50292.2
-51572.2
13980.4
10064.9
-1760.25
3530.54
20285.7
23446.7
32041.8
29043.2
-66606.2
-64821.5
-64821.5
-71319.5
-71894.8
-19875.3
-20405.2
-72420.9
-53549.9
-64757.3
-38012.8
-38012.8
)
;
    }
    procBoundary6to7
    {
        type            processor;
        value           nonuniform List<scalar> 
328
(
-1905.01
-1709.73
-469.143
-1806.14
-24321.9
-24071.5
-2.14348
-29724
-30425.3
21790
34915.6
35065.3
30527.1
46357.5
46606.9
-22970.2
-23166.2
-14000.3
-14113.1
20498.5
33224.5
33027.6
11666.9
19302.1
19718.9
-590.446
-4324.17
-4499.64
-1587.59
-12782.2
-12649.8
3610.3
5979.44
6335.17
10490.4
17818.9
17390.2
-3587.46
-3430.47
132.957
2891.48
5102.9
4781.4
615.515
-1990.56
-1953.61
-205.633
-167.579
-1281.84
-26958
-27392.9
-1024.1
-28269
-27773.7
25619.6
40285.6
40294.7
26872.2
41972.3
41907.7
-19403.1
-19368.6
-18081.5
-18077.8
16636.1
27180.1
27499.3
15364.3
25549.4
25197.9
-1018.64
-7720.6
-7533.09
-1166.63
-8742.7
-8928.64
6211.32
10744.8
10323.7
7206.32
11978.9
12411.3
-1427.73
-1511.04
-1065.04
-1030.36
1266.51
2125.7
2303.66
940.941
1722.51
1620.62
-1966.05
-1810
-358.844
-1670.23
-25105.4
-25408.4
-385.286
-29789.1
-29153.8
23074.2
36860.4
36757.5
29328.1
45131.7
44942.8
-21955.3
-21820.6
-15445.2
-15364.4
19207.6
31102.1
31343.7
12874.1
21649.2
21245.7
-725.186
-5496.55
-5306.97
-1456.38
-11313.4
-11466.3
4407.42
7693.81
7309.5
9351.5
15523.9
15958.7
-2640.75
-2782.88
39.2946
39.2946
39.2946
39.2946
39.2946
39.2946
2255.83
3728.51
4009.6
651.192
651.192
651.192
651.192
651.192
651.192
-1990.34
-1892.67
-266.739
-186.3
-1494.45
-26437.5
-26065.7
-724.148
-28507.5
-29067.2
24352.5
38553.7
38599.9
28108.3
43461.7
43583.8
-20618
-20701.2
-16728.3
-16773.5
17917.3
29435.5
29148.5
14108.8
23216.1
23594.9
-866.779
-6384.94
-6570.47
-1312.6
-10183.2
-10004.8
5276.59
8763.09
9166.61
8254.62
14154.5
13714.9
-2088.44
-1969.82
-790.547
-756.484
1713.37
3071.37
2836.23
721.115
1328.72
1349.55
903.174
658.449
1055.29
-24071.5
-24321.9
-25408.4
-25105.4
-30425.3
-29724
-29153.8
-29789.1
35065.3
34915.6
36757.5
36860.4
46606.9
46357.5
44942.8
45131.7
-23166.2
-22970.2
-21820.6
-21955.3
-14113.1
-14000.3
-15364.4
-15445.2
33027.6
33224.5
31343.7
31102.1
19718.9
19302.1
21245.7
21649.2
-4499.64
-4324.17
-5306.97
-5496.55
-12649.8
-12782.2
-11466.3
-11313.4
6335.17
5979.44
7309.5
7693.81
17390.2
17818.9
15958.7
15523.9
-3430.47
-3587.46
-2782.88
-2640.75
-614.51
-632.198
-684.689
-589.468
4781.4
5102.9
4009.6
3728.51
1348.73
1475.36
1250.05
1178.36
-27392.9
-26958
-26065.7
-26437.5
-27773.7
-28269
-29067.2
-28507.5
40294.7
40285.6
38599.9
38553.7
41907.7
41972.3
43583.8
43461.7
-19368.6
-19403.1
-20701.2
-20618
-18077.8
-18081.5
-16773.5
-16728.3
27499.3
27180.1
29148.5
29435.5
25197.9
25549.4
23594.9
23216.1
-7533.09
-7720.6
-6570.47
-6384.94
-8928.64
-8742.7
-10004.8
-10183.2
10323.7
10744.8
9166.61
8763.09
12411.3
11978.9
13714.9
14154.5
-1511.04
-1427.73
-1969.82
-2088.44
-1030.36
-1065.04
-756.484
-790.547
2303.66
2125.7
2836.23
3071.37
1620.62
1722.51
1349.55
1328.72
-104.595
161.158
-262.421
)
;
    }
}


// ************************************************************************* //
