/*--------------------------------*- C++ -*----------------------------------*\
| =========                 |                                                 |
| \\      /  F ield         | OpenFOAM: The Open Source CFD Toolbox           |
|  \\    /   O peration     | Version:  2012                                  |
|   \\  /    A nd           | Website:  www.openfoam.com                      |
|    \\/     M anipulation  |                                                 |
\*---------------------------------------------------------------------------*/
FoamFile
{
    version     2.0;
    format      ascii;
    class       volScalarField;
    location    "0.106/solid";
    object      sigmaDiff;
}
// * * * * * * * * * * * * * * * * * * * * * * * * * * * * * * * * * * * * * //

dimensions      [1 -1 -2 0 0 0 0];


internalField   nonuniform List<scalar> 
3125
(
-58725.9
-115677
-292.98
-13699
-119874
-66744.1
-78125.3
-122788
-98846.1
-53061.8
-70187.8
-85973.7
-60958.1
-64794.4
-118572
-48970.6
-46526.6
-95160.1
-39577.2
-50396.3
-82653.1
-31777.2
-55423.4
-15594.6
-57588.7
-27002.9
-46422.1
-16853.9
-43775.7
-11296
-37185.7
-14219.1
-29283.5
-9291.84
-228.478
-24073.4
-14907.4
-336.547
-9782.02
-199.252
-12430.5
-8009.74
-83745.6
-87563.5
-2750
-3679.92
-154766
-150300
-139509
-157686
-122871
-72101.1
-90704.9
-104026
-121247
-73724.5
-108403
-153227
-100591
-117296
-130036
-125982
-35515.2
-114357
-28256.6
-60797
-16583.7
-16357.4
-17094.6
-63256.5
-16364.1
-110644
-21236.4
-26219.5
-86361.3
-58101.3
-73424.8
-86231.4
-58468.3
-72849.8
-90220.6
-95059.4
-78732.9
-55523.2
-56203.1
-68438.9
-67573.6
-70828.9
-58046.1
-14136.4
-16097.5
-16648.3
-42298.1
-16569
-60921.8
-19926.6
-16881.6
-15519.1
-39611
-16415.6
-34373.5
-31703.4
-53244.1
-36104.7
-39613.3
-35621.7
-25162.3
-35701.9
-51363.1
-38406.4
-39453.7
-33367.2
-24005.4
-35421.6
-26480.8
-24302
-13544.8
-22247.2
-11721.2
-20120.9
-9974.46
-12576
-15072.1
-22277.6
-13305.9
-20381
-8725.32
-11051.3
-3516.57
-2514.49
-8780.42
-21894.1
-15307.8
-12837.9
-4507.62
-20589.4
-11459.1
-2694.22
-12416.8
-10076.1
-1300.6
-1964.5
-993.284
-2708.93
-3587.18
-8964.62
-7429.54
-5516.63
-1515.78
-7822.08
-4703.75
-2945.8
-5818.32
-4276.96
-69070.6
-103342
-343.929
-8681.21
-172928
-132700
-175736
-141495
-68611.1
-72702.3
-75185
-88436.8
-76734.4
-86433
-135650
-100173
-110570
-146645
-110200
-129671
-99411.8
-55691.4
-39134.3
-40654.8
-47982.1
-67956.2
-47002.1
-96254.7
-66312.1
-73593.5
-71476.7
-51846.7
-60316.4
-70152.2
-62765.8
-67534.2
-106158
-97205.3
-87180.4
-50719.4
-51451.7
-53630.8
-55169.8
-84409
-47131.9
-31900.5
-37093.8
-37550.6
-47705
-35912.9
-73007.3
-63384.3
-56597.6
-25575
-34337.7
-27308
-45927.4
-21908.7
-49418.4
-47910.1
-41633
-29910.4
-26692.2
-29725.6
-47780.4
-43810.1
-44811.8
-23337.3
-17131.8
-22453.6
-35938.4
-16375.2
-29884.4
-30392
-25245.4
-16093.2
-12674.4
-14171.7
-23858.7
-26863.8
-22164.6
-13610.7
-10177.2
-13161.4
-778.075
-1283.91
-2239.83
-23674.3
-21139.4
-20678.2
-9733.73
-15669.5
-11249.6
-3215.48
-5885.96
-452.52
-5803.05
-285.832
-1280.51
-1315.11
-11201
-10715.2
-9743.58
-4661.66
-9157.73
-6686.83
-3577.92
-2920.4
-72652.1
-99330.9
-753.444
-7250.2
-168360
-137054
-161388
-133983
-154454
-171195
-127414
-138337
-128437
-140542
-147505
-70396.9
-79925.2
-77592.5
-81106.2
-95168.2
-84512.6
-91170.5
-99610.2
-87868.8
-103718
-117017
-100686
-75268.3
-82175.7
-84346.4
-112736
-94410.1
-97583.4
-140001
-124304
-113608
-113002
-106148
-119808
-133590
-111718
-126669
-142435
-114083
-59861
-32905.8
-55632.1
-125781
-87757.5
-95948.9
-30485.3
-47736.3
-51590
-58273.2
-43465
-42101.2
-25829.3
-16498
-26224.7
-26729.2
-16413.8
-26526.9
-26458
-16696.4
-26694.4
-65645.1
-44740.3
-45920.8
-16464.4
-26828.6
-26817.6
-99777.6
-84461.5
-76711
-34295.9
-22715.9
-37361.2
-44080.8
-24374.8
-40623.1
-75108.6
-71983.4
-62907.5
-61880.6
-63093.6
-67798.5
-80128.7
-68206.1
-73884.8
-77659.1
-81756
-74175.4
-60654.9
-62121.8
-64856.7
-77292.1
-67134.9
-70664.8
-102107
-74721.3
-84311.4
-106259
-89563.7
-99583.3
-86500.9
-84117.7
-92993.7
-52987.3
-59764.9
-56513
-53865.1
-59336.6
-56503.8
-64073
-63594.3
-60049.9
-58181.8
-80930.3
-49770.5
-45097.8
-39367.2
-16575.6
-14746.5
-18189.5
-21885.6
-15393.6
-19956.4
-25348.4
-16676.4
-24787.1
-45001.8
-32520.9
-34233.3
-16653.8
-23446.1
-24152.2
-69903.1
-47606.9
-53872.6
-31428.7
-18775.6
-28757.7
-23991.8
-17766.8
-26280.4
-20031.7
-15892.2
-20963.9
-36953.5
-30789.4
-29049.1
-16191.3
-22675.6
-21846.9
-42924.7
-24217
-56154.1
-48535.2
-50632.4
-44838.4
-32379.5
-39407.4
-43988
-40283.7
-45337.7
-32787.7
-35794.4
-32761.4
-26066.8
-28553.8
-29263.4
-35821.8
-32066.7
-32516.1
-49486.3
-47290.8
-46011.6
-41137.4
-38814.7
-41823.2
-43319.8
-39175.2
-42574.1
-25699.2
-30385.1
-24180.1
-22772.6
-27615.6
-26727.1
-35489.3
-31420.3
-30964.8
-33465
-18237.7
-15104.7
-12955.3
-13761.9
-28257.7
-19417.4
-23498.1
-12352
-11394.2
-12531.7
-18059.8
-17263.6
-15700.5
-11351.2
-10911.6
-12536.3
-14820.6
-11778.8
-13692.1
-19056.9
-14553.8
-18044.6
-24527.2
-18864.6
-20498.9
-13965.1
-15925.1
-17000.1
-15196.6
-17930
-14410.1
-7427.94
-9561.04
-8369
-10333.7
-10334.3
-9331.57
-1279.08
-5605.74
-2871.86
-1708.12
-3852.9
-2841.69
-7219.56
-6297.63
-4916.99
-22933.3
-18747.3
-19866.3
-18210.8
-14814.9
-17721.6
-15727.5
-13975.4
-16877.2
-8246.06
-6506.23
-10068.2
-19111.1
-17361.5
-15730
-9791.8
-14319.6
-12629.5
-3104.58
-4687.45
-5371.98
-9528.03
-11951
-9116.14
-7449.86
-11154.9
-8411.18
-392.33
-4678.43
-231.688
-3239.59
-1672.77
-1752.61
-2034.21
-1475.09
-2677.1
-2593.67
-1845.27
-10132.6
-7882.94
-8877.12
-9054.5
-6826.8
-8288.53
-6729.4
-6241.2
-7579.21
-3725.94
-3851.91
-5879.67
-6497.59
-6848.25
-5560.35
-3636.15
-5804.58
-4607.55
-3464.53
-2436.74
-2745.32
-4302.71
-5354.04
-3982.75
-3153.75
-4879.46
-3628.83
-62111.2
-111529
-367.006
-11918.9
-182155
-124114
-212128
-184876
-206633
-173333
-150206
-127041
-139974
-115598
-144626
-119557
-145518
-155171
-102583
-87907
-137579
-122673
-110192
-51553
-89353.8
-76331.2
-65057.9
-79349.2
-67912.3
-49185.9
-79274.4
-64398.5
-71141.4
-57966.3
-75040.1
-61176.2
-75268.2
-136217
-114398
-135361
-111668
-130785
-140844
-107785
-49342.3
-91526.5
-20953.5
-42036.5
-35309.9
-27766.4
-37468.6
-29653.5
-19532.3
-44635.3
-79384.5
-73371.9
-62273.6
-46879.4
-70465.8
-59548.4
-52187.4
-17596.9
-67479.4
-67325.2
-54820.3
-54292.1
-71328.3
-63589.9
-51748.2
-25451.8
-18910.8
-20660.8
-16795.7
-23047.5
-18720.3
-22964.5
-41096.5
-12902.1
-16844.6
-33216.7
-25945
-34858.4
-18157.8
-31186.1
-24184.7
-4118.17
-10657.1
-9000.33
-5506.68
-10178.8
-6473.26
-3458.32
-681.521
-185.975
-252.314
-435.555
-262.7
-515.873
-518.29
-18370.5
-13072
-18404.3
-14973.9
-16277.6
-20600.3
-13255.4
-397.808
-8359.99
-404.199
-201.736
-295.122
-169.024
-336.323
-247.446
-292.14
-2280.55
-6810.52
-7895.63
-4607.06
-2842.69
-6867.53
-3773.26
-3353.98
-3749.7
-3085.59
-3928.14
-79997.3
-91434.2
-1962.12
-4740.32
-159276
-145855
-188227
-162168
-177744
-148066
-182546
-183448
-152232
-173910
-148795
-172965
-143916
-168204
-178664
-139800
-134129
-121975
-72709.6
-118125
-101740
-89475.9
-105128
-92799.2
-69846.2
-64306.7
-106975
-98403.1
-86222.4
-95114.7
-83023.7
-67049.2
-100242
-82558.1
-99714.9
-81655.6
-95468.8
-104584
-78113.4
-113441
-94135.4
-104021
-85256.4
-108387
-108994
-88904.5
-64387
-74137.7
-28891.5
-55229
-51551.4
-42173.6
-49069.3
-39938.4
-30646.6
-34339.6
-63862
-54091.2
-44470.6
-56693.9
-46836.3
-32466.3
-37142.7
-29117.9
-49367.5
-38932
-42825.4
-34773.7
-46071.2
-46010.3
-37413.4
-39607.4
-30720.7
-39687.6
-32217.6
-36655.5
-42751.3
-29749.8
-28734.8
-22204.2
-11010.8
-24186.3
-20199.5
-14813.7
-21886
-16237.7
-9992.19
-8091.88
-18585.4
-18580.9
-13453
-17029.7
-12151.4
-9014.87
-4935.12
-2652.8
-4900.59
-4133.03
-3810.82
-6173
-3271.94
-2379.52
-2299.11
-2644.6
-2104.75
-2697.79
-2324.15
-1973.3
-9037.18
-5630.11
-6129.87
-5107.51
-7500.64
-7541.03
-6200.18
-3190.69
-2850.03
-2733.45
-2213.08
-2896.91
-2995.39
-2322.04
-776.295
-2752.53
-547.227
-583.773
-1706.13
-360.63
-1288.12
-511.693
-449.5
-2074.05
-2433.27
-2449.3
-2637.57
-2135.19
-2370.18
-2318.79
-308.245
-2150.76
-2208.2
-343.532
-2795.04
-663.99
-303.221
-2832.59
-3151.7
-2548.33
-2928.59
-2807.5
-2566.57
-3187.88
-65568.1
-107419
-261.903
-10246.4
-177536
-128400
-212568
-217474
-207343
-180295
-196973
-164841
-201799
-169075
-202573
-221655
-116692
-126216
-118766
-124607
-108147
-107141
-111141
-112031
-114388
-119498
-112228
-121215
-138469
-148039
-149052
-136869
-132123
-132210
-140432
-153131
-141929
-152247
-129238
-129015
-171015
-166057
-154922
-131333
-153988
-127565
-149300
-123554
-159638
-156669
-161594
-150888
-106375
-32750.6
-35251.7
-84757.6
-133608
-115529
-103069
-119083
-106609
-81652.9
-39439.8
-36816
-80965.7
-75403.4
-84423.2
-74757.2
-84267.1
-82826.2
-87259.3
-88610.9
-80420.4
-71265.5
-76957.2
-72036.4
-101898
-89467.7
-89438.5
-98537
-110580
-111272
-101490
-91625.3
-104826
-91801.9
-107943
-107138
-18388
-16552.7
-53981.9
-92778.6
-85511.4
-73777.8
-82408.4
-70813.9
-56471.3
-14125.2
-15828.4
-97437.8
-92995.6
-83351.4
-67908.8
-83022.2
-67775.7
-79003.9
-64451.8
-87480.7
-84536.4
-88840.4
-105268
-108982
-110890
-102972
-103010
-104135
-100012
-98769.4
-107656
-116106
-109884
-114290
-137984
-142837
-131591
-110256
-121703
-100108
-126228
-103925
-127005
-152208
-147304
-78527.7
-83901.9
-81674.3
-81024.9
-73467.4
-71684
-76317.3
-78032
-76058.4
-76184.1
-73538.7
-78451.1
-52227.9
-87940.6
-4799.47
-4146.04
-22434.5
-44553.7
-41939.6
-33585.4
-39678.2
-31589.9
-23959.3
-3652.83
-4181.59
-72009.5
-63858.2
-64850.5
-68566.3
-78273.2
-79798.2
-72821.4
-68513.5
-76274.5
-67629.5
-75222.2
-73619.9
-10062.4
-11487.1
-42454.5
-76172.1
-64797
-54275.5
-67609.9
-56886.8
-40334.5
-13533.2
-11970.7
-46389.3
-45139.9
-43791.4
-49608.1
-46698.8
-44879.1
-45090
-39712.5
-41952.9
-41096.1
-49632.7
-51452
-49025.7
-19710.9
-68417.5
-72424.9
-63685.5
-51062.7
-56320.7
-45790.8
-59916.2
-48733.5
-59976.5
-80504.9
-76333.9
-39782.8
-42204.9
-42172.2
-39940.4
-37338.6
-35266.5
-39615.7
-41693.3
-37635.8
-35256.5
-35292.8
-37486.7
-66138.3
-65360.6
-67673.5
-63621.2
-67034.3
-68877.7
-68572.5
-73040.9
-71091.2
-70746.7
-64287.9
-62381.2
-37275.9
-34269.1
-28058
-21075.3
-28153
-22854
-25547.9
-20743.5
-30772.6
-28712.7
-31479.5
-38482.7
-14599.1
-3312.59
-3746.51
-15576.3
-32595.4
-27285.7
-20828.8
-29209.7
-22481.6
-14362.3
-3901.78
-3417.07
-14546.3
-15387.4
-16671.7
-14210.9
-13760.3
-12472.1
-15667
-17080.2
-13459.5
-11376.1
-11537.2
-12461.2
-36237.2
-31730.1
-33136.4
-33313.8
-40206.7
-42013.8
-37587.2
-37085.6
-40620.5
-35684.1
-37428.6
-35646.3
-3077.26
-2800.87
-4826.63
-12098.1
-12725
-8570.43
-11424.3
-7494.29
-5571.76
-2629.28
-2899.82
-3735.2
-2546.37
-1166.95
-395.751
-1246.23
-1293.45
-671.486
-825.598
-1903.78
-1096.48
-822.607
-1262.37
-1199.68
-814.195
-890.148
-1397.59
-1161.77
-1570.81
-28959.2
-26445.5
-28569.6
-26752.2
-31017.1
-33083.4
-28949.7
-26908.4
-30946.2
-32941.4
-33228.1
-30756.1
-19001.4
-21298.9
-16247
-11344.4
-12368.7
-10113
-14260.3
-11632.4
-14251.4
-26164.9
-23625.9
-7911.47
-9725.42
-7543.96
-10155
-5496.72
-3164.32
-8120.46
-10385.3
-5266.38
-2578.99
-2862.11
-4967.36
-434.692
-7030.95
-1239.49
-1298.99
-466.852
-282.515
-497
-555.832
-408.475
-385.952
-526.997
-927.023
-747.588
-1205.37
-1256.83
-721.191
-902.292
-1210.18
-1322.02
-1420.1
-7981.85
-6611.76
-7462.51
-6512.21
-9621.86
-10766.5
-8850.49
-9809.69
-10550.1
-8835.06
-8134.02
-7151.01
-2177.46
-2455.79
-1764.74
-5692.83
-5008.57
-2295.98
-5901.6
-3001.96
-1300.21
-2696.24
-2422.25
-3663.57
-3236.65
-3558.86
-3385.01
-3368.19
-3667.07
-2998.55
-3748.77
-3134.73
-3854.46
-3208.32
-4035.35
-4193.49
-3950.53
-3948.2
-4092.16
-3779.83
-3841.25
-3547.01
-76296.1
-95363.7
-1293.38
-5936.5
-163812
-141444
-208668
-211629
-215959
-204416
-207306
-198174
-212579
-220398
-202827
-191092
-199592
-194676
-208324
-203386
-193018
-166676
-192159
-160617
-197787
-187353
-156424
-194127
-199076
-196134
-207145
-200445
-202758
-187179
-176488
-180224
-183751
-191729
-187529
-195074
-183863
-192106
-193774
-198222
-187727
-123011
-129579
-121020
-131085
-118744
-119368
-125213
-135812
-134428
-127112
-115771
-115013
-137723
-132794
-130093
-140061
-139391
-142289
-145377
-136022
-142735
-152641
-146048
-149627
-133908
-124507
-127267
-131486
-146097
-135562
-138182
-143856
-155845
-166876
-159028
-164031
-149861
-143450
-140904
-152009
-152603
-156871
-149342
-159811
-168830
-156034
-158290
-167033
-180437
-193738
-183282
-191316
-172427
-162912
-160747
-174113
-177458
-184708
-187248
-174522
-133143
-144803
-134847
-143663
-122816
-122322
-131060
-139119
-129252
-140387
-125744
-126108
-161467
-153509
-163379
-151146
-165327
-171058
-173815
-162221
-168450
-180605
-177968
-171468
-157770
-146103
-155744
-148554
-175439
-180403
-169138
-144385
-158704
-131617
-164386
-163449
-135694
-189772
-184804
-162020
-170989
-166446
-166490
-154587
-145945
-149876
-150884
-159196
-157612
-153705
-162852
-157832
-157254
-161817
-153335
-175105
-175600
-180128
-170656
-175652
-172800
-179162
-168991
-179235
-189213
-183644
-184724
-171046
-161392
-165245
-167467
-138268
-118005
-21015.1
-22080
-24388.2
-19130.8
-25930.1
-38801.4
-25995.2
-37406.1
-19987.7
-27474.9
-24982.8
-22168.8
-25942.5
-37672.4
-26073.9
-39065.8
-31334.9
-28960.4
-75629.1
-121930
-112020
-99592.4
-78616.9
-108555
-96164.8
-25435.3
-27681.7
-18557.3
-21635.7
-20175.9
-19507.8
-25930.7
-37724.5
-39117.4
-26580.6
-26310.9
-39180.9
-25941.4
-37788.7
-19597.7
-17272.1
-19204.4
-18203.1
-88271.8
-78077.6
-84828.4
-78601.2
-95709.6
-96852.3
-88528.2
-81608.4
-81222.6
-91956.1
-92810.2
-91560.8
-60768.8
-70935.7
-68126.1
-60693.1
-53585.8
-43472.1
-42776.3
-51440
-53431.4
-43988.1
-55548.1
-44845.9
-58368.2
-65086.5
-67909.3
-58300.7
-62819.6
-70990.4
-73773.4
-63047.4
-56804
-45775.8
-58860.3
-46972.9
-65120.7
-76423.5
-73666.1
-64737.5
-57312.7
-46013.8
-55220.2
-44987.6
-69165.3
-80453.3
-83111.2
-70041.5
-60892
-46854
-62842
-48569.5
-71224.9
-84912
-82280.1
-70188.2
-62186.8
-48498.4
-46846.9
-60213.3
-95387.9
-87035.1
-98780
-86926.3
-100730
-99694.5
-95463.5
-84172.8
-92048.5
-84424.3
-103506
-104428
-68626.1
-81098.1
-67914.3
-78403.1
-60193
-47703.5
-46341.5
-58167.3
-59305.4
-46691.4
-48217.6
-61301.2
-66437.7
-76139.7
-66986.9
-78863.2
-19235.8
-21212.6
-61636.7
-103357
-88664.8
-76798
-59021.3
-91871
-79886.9
-24309.5
-22200.4
-17812.3
-13892.6
-12584.1
-18826.1
-25256.6
-35486.9
-36926.7
-26493.7
-26758.8
-37774.4
-36347.7
-25551.6
-18698
-11611.6
-12728
-17733.5
-18978.9
-13823.7
-15344.1
-17889.2
-26782.2
-38869.2
-25877.6
-37468.5
-18003.2
-17113.3
-19215.8
-15383.2
-25755.7
-37008.1
-38418.9
-26851.8
-101671
-106224
-95931.7
-78803.8
-87107.9
-71165.5
-91680.7
-91261.1
-74611.2
-115202
-110546
-93551
-98768.2
-94500.2
-97758.2
-88997.1
-84178.5
-87935.7
-85344
-93162.1
-95453.1
-96889.4
-91616.1
-89610.7
-86094.6
-90267.9
-85488.1
-106088
-103093
-107460
-101789
-109290
-110807
-113077
-106868
-110184
-116308
-111876
-114546
-104918
-99184.4
-101161
-103080
-121338
-113053
-115924
-118765
-129241
-138042
-132650
-134893
-125154
-121649
-118820
-127666
-125845
-127446
-122393
-130649
-98202.4
-105592
-100555
-103601
-91448.1
-89999.6
-94424.4
-95774.5
-95759.8
-98155.5
-100221
-93350.8
-112317
-110136
-114951
-107216
-112105
-112545
-115813
-108634
-115524
-123235
-118984
-119993
-108531
-101342
-104283
-105847
-133538
-128732
-117932
-98099.8
-117227
-96329.1
-122446
-112789
-92600.8
-119573
-124306
-140435
-138922
-143474
-135953
-142530
-142099
-146274
-138128
-144649
-152642
-148084
-149130
-137946
-130296
-134268
-134169
-127300
-134347
-129823
-131751
-121321
-114638
-117519
-118601
-123118
-120788
-118692
-125281
-125819
-126435
-122453
-129619
-86512.8
-86623.4
-83655.4
-89272.7
-84855.7
-83375
-86608.6
-81481.2
-88158.4
-93777.2
-90522.7
-91575.3
-82936.1
-77814.6
-80759.3
-80176.2
-85977.5
-87169.2
-83500.1
-89360.6
-85492.1
-87033.3
-82562.6
-80930.3
-88448
-94806.8
-90893.4
-92673.2
-95664.6
-89535.3
-92919.5
-92504.4
-101758
-108407
-105128
-105226
-98376.4
-97772.7
-101057
-94924.9
-99367.5
-98406.1
-102095
-95437.2
-61251.1
-77510.3
-4867.29
-5685.75
-27190.8
-52473.2
-44260.7
-35642.1
-25550.1
-46641.8
-37764.1
-6795.32
-5822.27
-14611.4
-9642.01
-9393.24
-15422.5
-18254.9
-22843.8
-24310.2
-18580.7
-20000.6
-26306.2
-19560.5
-24815.1
-14523.2
-9030.48
-9279.27
-13727.2
-16227.5
-9665.9
-9932.79
-15405.2
-22566.7
-30035.9
-21869.5
-28529.6
-16089.3
-10161
-9857.81
-16926.6
-20773.5
-26717.4
-21336.2
-28220.3
-53188.6
-58541.7
-61381.2
-52849.1
-49269.2
-41366.5
-51434.4
-41902.3
-55651.3
-64724.4
-61885.2
-55863
-49109.4
-40150.2
-46924.6
-39766.6
-64221.2
-61062.3
-67647
-59976.9
-65819.3
-64095.5
-63198.6
-56001.4
-57172.6
-59805.9
-68884.4
-70556
-49899.1
-57910.7
-50360.8
-55070.8
-43995.3
-36169.7
-36070.5
-41800.4
-44431
-37998.5
-46621.2
-38232.4
-47403.6
-51498.6
-54320.6
-46829.7
-9691.38
-8410.67
-36279.7
-66853.6
-62042.4
-51733.5
-38272.9
-59342.9
-49253.2
-6993.86
-8126.44
-18300.7
-10349.7
-11135.7
-17407.1
-26047.7
-35893.6
-24852.7
-34433
-17611.5
-11825
-10882.7
-18535.9
-24328.6
-33197.3
-34672.4
-25421
-17091.8
-10660.2
-10067.5
-17964.6
-22838.6
-30229
-23667.2
-31730.4
-17507.9
-9967.25
-16654.8
-10368.3
-24623.8
-33283.1
-31790.7
-23657.3
-37128.2
-43122.2
-40405.3
-37967.3
-32528.7
-26871.2
-27206.9
-30426.6
-33348.8
-29547.7
-29304.2
-35488.1
-34718.2
-36674.6
-39325.4
-33819.8
-54150.8
-47881.8
-50863.8
-49189
-59272
-61038.4
-55346.1
-53206.7
-58689
-51962.5
-56241.8
-54442.9
-41182.4
-44138.3
-40416.7
-46902.1
-39060.3
-34002.4
-33974.5
-41248
-38406
-31676.2
-31822.4
-36235.5
-43657.1
-50646.9
-44335.4
-47844.7
-39997.1
-26623.7
-73928.6
-70061.5
-73974.9
-70059.2
-77711.6
-80596.5
-81292.5
-76914.3
-77656.3
-81996.9
-77950.6
-81645.9
-73799.8
-69854.8
-70313.4
-73429.8
-64663
-60822.4
-52820.4
-41845.9
-52819.6
-42922.6
-56352.1
-49404.5
-40134
-53576.9
-57222.6
-62752.3
-66247.5
-66467.3
-62492.3
-59582.5
-56445.7
-59777.4
-56324.4
-63169.2
-66489.3
-66558.2
-63025.9
-59312.3
-55243.4
-58838
-55742.3
-46814
-44767.7
-44380.9
-47065.1
-48575.1
-50604
-49084.1
-52059
-49746.9
-51548.1
-46118.2
-44057.9
-39759.6
-42417.4
-39846.3
-42222.6
-36962
-33813.4
-36340.4
-34347.3
-39447.7
-41721
-42183.1
-39074.2
-37157.9
-35043
-37522
-34773.7
-47505.8
-44831.8
-47478.4
-44974.2
-50399.3
-53348
-53365.3
-50479.2
-50397.9
-52719.1
-49993.5
-53001.3
-47657.4
-44624.8
-44795.6
-47390.9
-70546.6
-66351.6
-69235.4
-67820.1
-74928
-79576.3
-78242.6
-76393.7
-73935.9
-74967
-72040
-76689.3
-71766.7
-69573.7
-72704.2
-68515.1
-58716.1
-62378.7
-61224.3
-60055.6
-55138
-53140.2
-56355.6
-54843
-53861.1
-57167.3
-57745
-59705.4
-61844.9
-63611.3
-64534
-60766
-59306.7
-56594.8
-59570.6
-56235.4
-62280.9
-66027
-62978.9
-65440.1
-58681.6
-55309.7
-56034.4
-58093.8
-40271.1
-43502.3
-36552.3
-28163.2
-30874.6
-25060.2
-33606.2
-33713.9
-27361.3
-50168.7
-46717.4
-36883.6
-38864.3
-35871
-39884
-34953
-33148.7
-35866.8
-32299.5
-37760.3
-41380.9
-38492
-40581.8
-34177.5
-30248.3
-33035.1
-31362.3
-45989.7
-41910.9
-45120.8
-42790.8
-49786.5
-53347.9
-52907.7
-50148.3
-49087.1
-51788.6
-52467.2
-48383.1
-46567
-44159.7
-47199
-43597.9
-31064.8
-20180.6
-12503.7
-8086.53
-8344.91
-11744.3
-17096.7
-22266.3
-16872.6
-20823.7
-12763.8
-8846.55
-8593.13
-13543.8
-15440.6
-18788.3
-15567.4
-20189.6
-3622.21
-3240.37
-12082.6
-26189.4
-25425.4
-19239.6
-13192.3
-23629.7
-17710.7
-3160.43
-3498.08
-10684.4
-7789.38
-11420.7
-7527.74
-12502.6
-14755.8
-16050.7
-12479.3
-14021.3
-18110.9
-13974.8
-16755.7
-10313.5
-6928.47
-7192.35
-9607.7
-20162.1
-17308
-17847.5
-18564.7
-22959.7
-24569.3
-21407.5
-21957.4
-20640.2
-23896.8
-20693.6
-19175.1
-12568.1
-14949.8
-13117.1
-13470.7
-10543.4
-8657.17
-9203.83
-9193.53
-11382.1
-11139.9
-12861.6
-10569.6
-10995.7
-10484.6
-12143
-10155.3
-16141.3
-15993.7
-17983.7
-15191.8
-16289.6
-15407.1
-18005.6
-14832.7
-18000.9
-21221.1
-19083.5
-18982
-15360.1
-12635.7
-13753.1
-13213.6
-28237.9
-29334.8
-31821.7
-27260.2
-27500.5
-24825
-29548.7
-24414
-30518.9
-35552.9
-32973.6
-31466.7
-26579.7
-21951.3
-22426.6
-24593.4
-29173
-29276.6
-31969.7
-27884.9
-28674.3
-26988.4
-27845.4
-24176
-25191.7
-25539.3
-31228.2
-32972.6
-24066.7
-28171.5
-25059.3
-25784.6
-20778.6
-17133.1
-17690.1
-18959.5
-21737.5
-20039.5
-19518.7
-23645
-21964.2
-22357.6
-20971.2
-24624.8
-2944.21
-3232.45
-7207.4
-16858.5
-14096.7
-9706.34
-6369.27
-15534.6
-10903.9
-3372.41
-3063.69
-6451.87
-5300.35
-5046.97
-7044.77
-6969.11
-7549.11
-8527.24
-6788.65
-8103.3
-10257.7
-9187.56
-8259.77
-6026.56
-4428.23
-4676.88
-5477.63
-8107.15
-5674.94
-5934.94
-7473.52
-10966.2
-14041
-11044.2
-12810.7
-8530.16
-6570.24
-9202.54
-6306.71
-9625.1
-10947.8
-12101.1
-9500.32
-4977.54
-6391.33
-3804.65
-1906.44
-1970.39
-1848.76
-2785.52
-2830.16
-2510.61
-9474.18
-7843.18
-3801.87
-4415.39
-3089.59
-5292.86
-2139.95
-2035.17
-1708.2
-1578.71
-1736.62
-2145.13
-1806.6
-2819.43
-1818.32
-3273.5
-1708.65
-4393.35
-6817.93
-5964.86
-5088.36
-2434.75
-1367.01
-1943.78
-1576.62
-8283.51
-5737.39
-7256.49
-6656.52
-10613.1
-13449.9
-12427.9
-11560
-9792.86
-10496.1
-8768.07
-11617.1
-9038.01
-8289.49
-7402.88
-10007.2
-27745.3
-26061.1
-28344.1
-25541.6
-29523.1
-31269.4
-32006.8
-28866
-30027.9
-32834.9
-30443.4
-32331.4
-27327.5
-24226.4
-24970
-26502.2
-22742.7
-24404.9
-24864.7
-22357.2
-21123.6
-19192.3
-22954.1
-24950.8
-20963.3
-18504.8
-20462.3
-18936.3
-21325.2
-24092.8
-23421.4
-21920.1
-18833.8
-15947.4
-17942.5
-16772.7
-20722.1
-22060.6
-22929.7
-19920.9
-19381
-18039.2
-20083.6
-17399.1
-16913.6
-14841.4
-10652.7
-6877.26
-10617.8
-8704.77
-12389
-8996.61
-7400.73
-11122.3
-12968.6
-23956.9
-20358.8
-22709.1
-21546.3
-27210.3
-30706.1
-29696.8
-28138.9
-26259.9
-27654.3
-25089.8
-28861.5
-24819.4
-23476
-25869.3
-22497.2
-17242.6
-18212.9
-16077.7
-19450.5
-16187.4
-15182.2
-14197.7
-17240.2
-15343.1
-12207.8
-13317.6
-14144.8
-18160.1
-21386.6
-19153.7
-20318.1
-6710.7
-9331.9
-7197.17
-8733.19
-4038.66
-1916.93
-3631.92
-2030.69
-6248.96
-7446.31
-5642.14
-8205.83
-4349.21
-2349.8
-4692.08
-2166.62
-13746
-11436.1
-11850.2
-13265.7
-15589.8
-17475.2
-13972.9
-12105.7
-15325.4
-16765.2
-17272.4
-14884.8
-12144.3
-10983.6
-10377.3
-12833.4
-13132.3
-14159.1
-12307.9
-15049.2
-11563.3
-8994.04
-10704.7
-9777.01
-13761.1
-16347.2
-15629.6
-14410.9
-436.983
-3660.9
-1139.51
-1245.72
-591.859
-297.723
-673.566
-627.044
-579.816
-942.201
-614.829
-1480.8
-1232.54
-1903.51
-1519.49
-1609.46
-1710.76
-1842.7
-2123.1
-1582.62
-1632.67
-1524.94
-1964.13
-1983.66
-2279.87
-2652.7
-2591.33
-2313.13
-2173.53
-2200.28
-1933.71
-2434.41
-1989.65
-1652.79
-1704.87
-1967.36
-1503.35
-1510.11
-1430.96
-1606.1
-1842.86
-1973.27
-1829.32
-1771.83
-1520.64
-1719.78
-1577.58
-1749.82
-1642.78
-2024.89
-1979.45
-1916.74
-6729.56
-6038.86
-7323.58
-6048.34
-7214.27
-7422.93
-8419.85
-6909.88
-7974.31
-9594.24
-8116.21
-8743.72
-6513.68
-5342.4
-5451.78
-5811.79
-4572.13
-5440.57
-5785.73
-4734.59
-4181.16
-3727.24
-4048.08
-3305.86
-3792.95
-3203.32
-5115.33
-5905.49
-4385.31
-5354.7
-4968.68
-4269.31
-3388.8
-2757.45
-3119.48
-2620.83
-3920.16
-4377.31
-4832.29
-3954.85
-3474.46
-2875.73
-3720.24
-3001.93
-2169.92
-1883.74
-544.564
-2888.75
-4193.47
-1668.4
-889.851
-3459.71
-1121.65
-1548.35
-1837.09
-4152.35
-3219.19
-3465.06
-3683.19
-5567.01
-6928.43
-5761.03
-6042.89
-4552.8
-4065.11
-3819.19
-5062.65
-4643.42
-4681
-5471.19
-4438.93
-2862.65
-2868.76
-2623.79
-3295.42
-2671.39
-2390.26
-2476.27
-2990.35
-2486.82
-2042.95
-2097.61
-2278.2
-3407.95
-4157.34
-3462.38
-3613.61
-3203.84
-3074.02
-3362.61
-2885.6
-2955.27
-3319.54
-3028.37
-3600.06
-3163.01
-2834.53
-3410.56
-3152.68
-2973.56
-2878.3
-3271.17
-2946.13
-2433.05
-2721.29
-2671.01
-3399.57
-3756.21
-3591.53
-3530
-3112.75
-3179.22
-3101.07
-2873.75
-3352.37
-3326.2
-2886.6
-2859.05
-3168.9
-2943.96
-3252.03
-3503.12
-2501.28
-2808.32
-2838.05
-2765.12
-2150.15
-2031.67
-2151.17
-2270.62
-2355.84
-2419.53
-2069.38
-2443.51
-2560.7
-2741.57
-2416.39
-2539.71
-4153.71
-3454.89
-3341.37
-3102.97
-3978.54
-3330.25
-3199.55
-2706.36
-3356.91
-2890.11
-3753.81
-3348.83
-2983.21
-3213.7
-2555.25
-3592.77
-3013.88
-2427.06
-210951
-148610
-161694
-206523
-206388
-197776
-145436
-153866
-157743
-202708
-201793
-151071
-108364
-103829
-144497
-111999
-146490
-149349
-155664
-158285
-119408
-106836
-115716
-160279
-153393
-67613.5
-55871.4
-105455
-70334
-111368
-52756.4
-64859.2
-48027
-101912
-104870
-108112
-51003.3
-62251.9
-37092.8
-69334.9
-68408.1
-24817.1
-72062.1
-35207.5
-26884.2
-39101.4
-30285.9
-77636.2
-71431.6
-74820.5
-41100.7
-28067.6
-81188.5
-55082.9
-54755.8
-76749.5
-58030.5
-77214.3
-80873.9
-85236.2
-88905.6
-64134.9
-57273.4
-61072.1
-89344
-84628.7
-137376
-104711
-140452
-93609.8
-141930
-101137
-135641
-132856
-126842
-94043.5
-90688.6
-97549.8
-128349
-131594
-13466.2
-32488.4
-33390.7
-7336.76
-34413.5
-12463
-8128.77
-14553
-9696.01
-38409.5
-35538.3
-36381.4
-15648.3
-8748.74
-31560.8
-66667.8
-23722.4
-61368.8
-33322.1
-64036.4
-21817.4
-29798.3
-19056.9
-58929.8
-58541.6
-61465.5
-28151.2
-20804.7
-69451.8
-52164.6
-73098.7
-46621.6
-73297.4
-49336.3
-69130.8
-65680.6
-61809.7
-44289.2
-43841
-46542.2
-65589.9
-61986.7
-27389.4
-17043.8
-18903.9
-25521.1
-18824.3
-24885.7
-28044.5
-30021.2
-33315.3
-22661
-20508.2
-20709.7
-32761.3
-30562.1
-10566.9
-30627.2
-6760.81
-28473.1
-11473.3
-28811.3
-6131.85
-9671.6
-5124.43
-26591.3
-25350.6
-27059.6
-5595.58
-8850.63
-2276.81
-9206.94
-11065.4
-2297.98
-10251.2
-1909.02
-2195.22
-2699.58
-2432.4
-12499.7
-12202
-11346.7
-3136.37
-2530.98
-1772.85
-3144.83
-1771.28
-1493.17
-1184.61
-2690.7
-2107.58
-20209.4
-15341.1
-23225.1
-14041.8
-22489.6
-13733.3
-20914.4
-18047
-16741.7
-10767
-12714.3
-12200.9
-16004.1
-18825.2
-851.85
-904.431
-876.928
-1082.83
-692.387
-717.57
-1048.03
-1277.25
-8229.47
-2005.74
-8347.37
-1562.36
-7304.68
-2079.29
-1023.07
-1843.6
-5623.45
-7434.67
-6438.3
-866.794
-1831.1
-187987
-138373
-180114
-131284
-185052
-183362
-142193
-192591
-193910
-149941
-134417
-197210
-188972
-146089
-174117
-134515
-176155
-120467
-178750
-171221
-130731
-169506
-162303
-123174
-117389
-164881
-167221
-126915
-54617.9
-92344.8
-90133.5
-39290
-95426.5
-41975.2
-52248.1
-57130.9
-46370
-101689
-93515.2
-59616.2
-98528.6
-43538.4
-47618.6
-89323.5
-82157.1
-37828.7
-86328.3
-49861.5
-35300.5
-45359.9
-31559.4
-80484.5
-78951
-43234.3
-83393
-33934.5
-101964
-76962.9
-105563
-68728.6
-101047
-106273
-73699.7
-97707.3
-92736.3
-67281.5
-66050.2
-93499.3
-97138.8
-70446.7
-115000
-80308
-109519
-78064.5
-110617
-114126
-83660.7
-119419
-122816
-90530.8
-80872.3
-123875
-118128
-87096.3
-19333.1
-47025.8
-43392.9
-13460.7
-44790
-12198
-20635.9
-18038.3
-10367.9
-40482.1
-41003.1
-16837.8
-42614.7
-11473.3
-23460.1
-49302.5
-49394.7
-14251.1
-51640.6
-22043.1
-15678
-24983.1
-18124.5
-56453.2
-52012.5
-26509.3
-54017.4
-16537.5
-51386.9
-33671.6
-48172.2
-34759.6
-51552.7
-48038.1
-36094.9
-54836.6
-58405.2
-41183.3
-36872.6
-58371.7
-54815.3
-38615.9
-41616
-31305.2
-45082.1
-28139.3
-44777.1
-41899.2
-29033.3
-38557.4
-36021.9
-24705.5
-26270.2
-35605.5
-38989.1
-26821.4
-6587.04
-19082.3
-20614.4
-3662.07
-20573.5
-3831.81
-5929.89
-7309.62
-4619.92
-23706
-22232.8
-8042.84
-22108.5
-4305.96
-4708.63
-17659.4
-16816.4
-3216.14
-16283.7
-5286.81
-3175.55
-4141.92
-2813.69
-13703.3
-15451.5
-3632.1
-14971.1
-2762.03
-6134.91
-4898.92
-8208.27
-4556.91
-6745.17
-7504.76
-3989.9
-4876.41
-4213.4
-2421.29
-3780.33
-3722.44
-5471.65
-3164.96
-10560.4
-5892.19
-9666.09
-7690.68
-8976.82
-11328.3
-6980.66
-12262.6
-14871.8
-9419.68
-8736.87
-14079.1
-12998.4
-8159.23
-559.357
-2401.61
-2670.01
-1072.16
-1922.57
-902.007
-571.028
-569.559
-783.363
-1152.22
-2163.62
-622.447
-1508.37
-718.12
-638.837
-2931.51
-4486.03
-1258.07
-3527.86
-601.353
-1381.3
-692.146
-1627.06
-4871.53
-5196.23
-760.396
-4171.41
-1572.11
)
;

boundaryField
{
    left
    {
        type            calculated;
        value           nonuniform List<scalar> 0();
    }
    bottom
    {
        type            calculated;
        value           nonuniform List<scalar> 0();
    }
    interface
    {
        type            calculated;
        value           nonuniform List<scalar> 
2120
(
-57753
-114040
-459.086
-13423.5
-118198
-96146
-44933.2
-92523.4
-54492.9
-15285.5
-42251.1
-10667.7
-253.271
-453.883
-9199.89
-250.359
-82448.8
-86217.5
-2673.43
-3580.86
-152829
-148387
-126848
-122852
-65489.2
-68671.8
-33761.7
-31130.1
-25413.5
-23295.1
-2294.33
-2486.37
-1147.61
-1762.03
-2578.95
-2834.84
-67957.3
-101827
-321.981
-8492.58
-170892
-130919
-143250
-107310
-53368.5
-81975.3
-45138.5
-21497.2
-34616.5
-15594.7
-1230.06
-3043.59
-479.169
-5383.47
-1206.18
-3516.78
-71487.9
-97853.6
-719.422
-7083.84
-166342
-135234
-139091
-111129
-56308.2
-78565.4
-42176.9
-23763.8
-32208.2
-17402.9
-1610.83
-2923.77
-368.826
-4314.68
-1611.99
-3391.32
-61085.9
-109927
-457.822
-11669.6
-180072
-122398
-212094
-206624
-150183
-145497
-151680
-99819.9
-87400.6
-50972.9
-66996.9
-48598.5
-79265
-71118.9
-75019
-75259.7
-136198
-140823
-47681.5
-88957.9
-20407.9
-18990.4
-44042.2
-61403.8
-46293.7
-58698.2
-51301.6
-17252.2
-67472.4
-67292.6
-71320
-63548.2
-25448
-22960.5
-39641.1
-12224.2
-16322.2
-17631.9
-3824.25
-5320.83
-6266.51
-3179.27
-672.728
-212.945
-388.665
-475.479
-507.273
-18365.8
-18368.4
-16241.3
-20596
-536.396
-7829.54
-359.956
-254.397
-194.923
-277.016
-275.187
-2041
-4438.21
-2583.41
-3619.72
-3703.12
-3927.72
-78738.9
-90042.8
-1898.53
-4620.58
-157306
-143971
-188196
-177757
-182549
-183420
-173883
-178636
-130890
-118903
-72168.7
-88431.3
-91727.6
-69297
-63745.6
-66495.7
-100229
-95481.6
-104570
-113425
-108979
-62371.7
-71914.3
-28307.8
-41480.6
-39266.3
-30065.3
-33751.6
-46093.5
-31875.2
-36482.1
-28584.1
-49362.6
-46017.3
-46005.7
-39603.4
-39638.3
-36605.3
-42746.8
-27606.8
-21257.5
-10562.4
-14466.2
-15864
-9555.75
-7692.05
-11844.7
-8600.42
-4923.68
-6163.48
-2069.75
-1756.87
-1746.63
-9029.68
-7532.84
-2648.26
-1822.02
-1899.92
-666.787
-2499.56
-459.479
-569.165
-365.264
-2293.22
-2613.14
-2290.72
-123.756
-210.442
-3050.37
-2911.51
-3174.12
-64492.2
-105853
-289.282
-10023.2
-175470
-126643
-207309
-202541
-116682
-108052
-110999
-114369
-138456
-131945
-140415
-129136
-170755
-154899
-154022
-149337
-159613
-147448
-103546
-32343.9
-84245
-101956
-105472
-81134.1
-39413.2
-82292.8
-85332.8
-88138.2
-80602.2
-102041
-111805
-102998
-109451
-18367.2
-53401.8
-55900.7
-83341.5
-78991.7
-87469.4
-84523.7
-105247
-102880
-99922.4
-107647
-131572
-121743
-126265
-126987
-78519.7
-73395.6
-76226.4
-76034.4
-50495.8
-85440.9
-4977.17
-21875.2
-31011.9
-23401.9
-72176.2
-79030.2
-74051.4
-76134.4
-41866
-39742.1
-13512
-47263.1
-47153.2
-45137.9
-50023.3
-48182.3
-19327.4
-63678.5
-59869.5
-59970.3
-80463
-39773.5
-37298.6
-39569.6
-37617.8
-66114.5
-66955.2
-68564.2
-64223.4
-37268.2
-28054.2
-30768.6
-28709.4
-37095.3
-13870.6
-4024.38
-15072.5
-22017.9
-13867.6
-14883.8
-13713.2
-15626.6
-13346.4
-36239.3
-40478.6
-38324.1
-37740.7
-4510.15
-5235.45
-3010.29
-1153.76
-1225.15
-638.543
-1887.49
-1081.12
-797.183
-1149.79
-883.953
-871.27
-1155.25
-1031.41
-28945.1
-30981
-28919
-30937.5
-16242.1
-12338.4
-14226.2
-14246.1
-7908.08
-5462.02
-2180.4
-8113.06
-5235.78
-1464.66
-1807.72
-514.722
-6553.53
-381.687
-616.885
-460.585
-417.732
-834.205
-713.736
-1231.41
-771.469
-855.832
-1211.81
-7856.48
-9495.11
-9066.22
-8008.1
-2447.64
-1542.63
-2178.33
-2865.72
-1090.23
-3637.49
-3612.86
-3746.26
-3853.02
-4005.02
-4145.64
-3883.87
-3906.98
-4051.25
-3762.38
-75082.3
-93924.5
-1245.67
-5790.59
-161814
-139587
-208586
-206792
-212569
-202683
-192988
-197755
-187353
-196127
-187037
-191262
-192031
-122994
-118589
-125202
-115673
-137490
-139372
-142729
-133795
-145976
-155836
-149601
-152584
-168702
-180423
-172113
-177437
-133128
-122715
-131044
-125578
-161178
-165307
-168439
-157646
-169111
-158736
-164361
-163474
-162017
-154459
-158825
-157777
-175041
-175230
-179230
-170911
-134975
-114995
-20711.8
-25692.5
-19658.3
-25719
-75093.5
-78090.6
-95081.5
-25051.8
-18195.6
-26326.5
-26745.5
-19174.5
-88459.6
-96706.7
-89930.3
-94027.8
-61940.5
-53503.9
-54222.2
-60064.1
-64733.3
-57609.1
-66430
-57176.3
-71502.8
-61660.3
-72782.7
-61871.8
-96855.7
-102095
-95634.2
-104619
-70062.5
-59983.4
-60101.3
-68567.4
-61073.2
-58451.3
-17584.7
-26735.9
-27498.8
-18131.7
-18342.6
-27492.7
-17591.3
-26905.8
-101646
-95919
-91669.2
-93550.7
-88915.5
-92981.6
-89586.1
-106058
-109065
-110184
-104825
-121232
-129237
-124952
-125825
-98194.3
-91363.6
-94308
-95737.5
-112142
-112086
-115521
-108434
-117915
-122428
-112821
-119531
-140390
-142208
-144647
-137829
-127299
-121215
-123080
-125548
-86389.2
-84834.9
-88154.4
-82857.9
-85954
-85388.3
-82484.2
-88440.3
-95576.4
-101754
-98356.2
-99220.5
-59310.5
-75215
-26618.6
-24979.5
-6761.62
-15088.5
-19193.4
-20427.5
-14624.6
-16304.5
-23089.3
-16588.5
-21916.5
-54660.6
-50031.2
-56683.4
-49059.6
-65345.9
-66576.6
-63332.3
-69519.5
-50784.6
-43964.2
-45144.9
-48654
-35684.5
-37686
-48491.4
-18128.4
-26737.2
-17893.4
-25812.1
-17556.3
-24171.4
-17507.9
-25239.5
-37720.3
-32496.2
-33932.4
-35532.8
-54247.2
-59782.8
-56347
-56845.9
-42209.6
-39715.9
-38378.1
-44397.4
-39289.7
-26128.1
-73908.2
-77568.4
-77655.3
-73731.1
-52815.1
-52767.8
-56346
-49351.9
-62749.7
-59524.2
-63060.6
-59294.1
-46793.1
-48518.3
-49074.9
-46069.4
-39708.5
-36942.4
-39438.5
-37117.1
-47456
-50391.2
-50333.5
-47636.3
-70477.9
-74922.8
-73835.7
-71745.3
-58707.2
-55081
-56332.9
-57677.7
-61763.3
-59285.1
-62274.5
-58622.8
-36548.2
-33602.4
-36877
-34913.4
-37699.8
-34161.6
-45973.1
-49703.9
-49082.7
-46519.3
-29873.8
-19292.6
-12604
-17420.8
-13190.3
-16178.4
-11613.7
-18824.8
-12716.8
-11047.3
-13045.1
-14247.8
-10397.7
-20079.3
-23014.6
-21872.7
-20751.1
-12628.2
-10465.5
-11636.2
-11085.4
-16381.3
-16627
-18181.5
-15290.2
-28844.9
-28006.2
-30968.6
-26536.5
-29775.3
-28852.1
-27800.1
-31389.2
-24376.2
-20722.4
-22159.7
-22379.9
-3443.56
-6831.29
-9444.65
-6010.18
-6678.23
-7176.7
-8146.45
-6070.05
-8170.15
-11096
-8823.89
-9988.82
-3791.54
-1951.05
-2770.6
-2811.4
-3795.83
-1871.1
-1505.78
-1664.29
-2808.09
-1111.39
-1211.21
-4384.59
-2427.43
-1181.61
-1250.43
-8270.78
-10585.2
-9780.49
-9018.63
-27713.4
-29513
-29989.1
-27310.8
-22735.5
-21103.3
-22928.8
-20954.6
-21295.7
-18821
-20712.1
-19357.9
-16902.4
-10646
-10588.7
-12383
-23941.8
-27165
-26251.8
-24787.8
-17232.4
-16161.8
-15329.2
-18126.7
-6704.11
-4017.25
-977.77
-937.817
-6246.2
-4320.86
-1176.78
-991.564
-13743.3
-15575.8
-13963
-15321.4
-12130.8
-13123.2
-11556.5
-13741.2
-345.999
-3352.18
-1228.32
-496.086
-479.692
-673.569
-1547.07
-1797.37
-1957.6
-1575.51
-1946.96
-2232.36
-2610.65
-2264.78
-2044.1
-1938.29
-1565.39
-1905.15
-1506.7
-1712.81
-1565.23
-1609.87
-6699.72
-7389.25
-7929.94
-6434.79
-4683.23
-4046.61
-3943.68
-4928.07
-4251.49
-3322.42
-4021.17
-3379.08
-364.281
-695.859
-1031.82
-1721.61
-4183.61
-5532.61
-4717.12
-4727.12
-2968.54
-2666.92
-2510.67
-3312.74
-3084.18
-3236.91
-3594.48
-3402.87
-3109.57
-2943.21
-3237.08
-2868.57
-3367.7
-3719.74
-3501.65
-3052.18
-3191.39
-2950.99
-3134.98
-2420.1
-2203.88
-2323.11
-2431.23
-212411
-126115
-119334
-147821
-153022
-156584
-76953.6
-72296
-90897.7
-93738.8
-13778.8
-97366
-108837
-116010
-137921
-152005
-83827.1
-76093.3
-4243.87
-64748
-69866.9
-9730.56
-45906.6
-40179
-68413.2
-42162.7
-35216.8
-65284.9
-72974.2
-4579.26
-15483.3
-11353.6
-32061.1
-37665.2
-3407.15
-3710.94
-26415.6
-32907.7
-18993.3
-26156.6
-9716.94
-2307.91
-1240.03
-1295.85
-6495.33
-9785.3
-2918.22
-3107.87
-3844.38
-211562
-191079
-207949
-193994
-207145
-176479
-187500
-193715
-129397
-135707
-132778
-141983
-152496
-124500
-135553
-166721
-143436
-156523
-156020
-193572
-162899
-184275
-144696
-138919
-153495
-170667
-180445
-146092
-175331
-189457
-170988
-145939
-157587
-157212
-175550
-172774
-189212
-161385
-22004.3
-37891.7
-27380.1
-37935.3
-31311.1
-21547.7
-38202.2
-38649.2
-17193.1
-79245.2
-83352.5
-70947.2
-44496
-45925.3
-66091
-72049.1
-47923.2
-76403.4
-47157.4
-81569.7
-49200.8
-84773.3
-49831.6
-88966.2
-85473.4
-81028.8
-48952.9
-49019.8
-77235.7
-18871.8
-24287.7
-13793.8
-36091.5
-37608.4
-11520.5
-13741.4
-38563.6
-17026.4
-37578.2
-115093
-98765.6
-84174
-95433.4
-86075.6
-103070
-110787
-116307
-99181
-113048
-137908
-121632
-127184
-105502
-98029.7
-110118
-112325
-123113
-101337
-133385
-138886
-142077
-152641
-130292
-134345
-114635
-120759
-126414
-86602.6
-83230.3
-93682.3
-77809.4
-87062
-94724.4
-89530.7
-108299
-97593.7
-98386.4
-4553.77
-9860.22
-23317.1
-26322.7
-9317.06
-10007.3
-30042.9
-10350.7
-27249.2
-59477.6
-43080.8
-64750.8
-41048.8
-62218.7
-56749.1
-57937.6
-36935.6
-39483.9
-52351.8
-9667.4
-6672.92
-10303.1
-35817.7
-11679
-33799.4
-10493.4
-30805.2
-10331.4
-33260.3
-43117
-27371.1
-30575.2
-37333.5
-48487.1
-54166.3
-44899.1
-35258.1
-32310.8
-50662.2
-70046.3
-80576.6
-81993.6
-69849
-64640.4
-53576.8
-66243.6
-56438.1
-66469
-55231.2
-44717.7
-52008.5
-42397.9
-33762
-41673.1
-35034.4
-44823.8
-53289.6
-52698.1
-44557.7
-66345.5
-79494.3
-74945.4
-69460
-62320.1
-54781.1
-63589.6
-56506.8
-65957.7
-55302.6
-40270.8
-50157.1
-38859.3
-33137.9
-41360.8
-30240.3
-41901.1
-53327.4
-51784
-44150.7
-8313.28
-22282.2
-9038.21
-19195
-4207.33
-3777.24
-7940.56
-15092.8
-18117.5
-7097.84
-17391.9
-22198.6
-14846
-8675.24
-11367.4
-10721.8
-16333
-15807.4
-21137.6
-12760.3
-29888
-25631.2
-35522.5
-22320.3
-29679.8
-24378.6
-28114.2
-17376.1
-20635.6
-22803
-3827.62
-5371.21
-7747.05
-10237.5
-4501.08
-5791.82
-14034.2
-6679.56
-11214.3
-4950.62
-9458.31
-4410.25
-1708.17
-6811.04
-1359.64
-5729.5
-13436.6
-10490.5
-8277.92
-26052.8
-31231.1
-32818.2
-24188
-24380
-18484.4
-24080.1
-15918
-22030.8
-18032.3
-11106.9
-20351.8
-30687.2
-27649.1
-23464.3
-18207.6
-15169.9
-12201
-21370
-9329.27
-1758.85
-7434.01
-2082.65
-11426.4
-16749.9
-10980.1
-14137.5
-8974.64
-16340.1
-1489.66
-2590
-2150.62
-1615.02
-1488.43
-1939.42
-1722.59
-2028.08
-6181.73
-7506.33
-9479.53
-5270.26
-5335.62
-3149.24
-5245.39
-2608
-4354.22
-2942.5
-2304.36
-3255.55
-6900.9
-4106.05
-4814.28
-2889.51
-2459.18
-2049.57
-4129.96
-3023.39
-2908.66
-2306.42
-3675.01
-3005.44
-2782.7
-2818.23
-1955
-2252.84
-2680.29
-135402
-130823
-298.186
-234.873
-140018
-144662
-109043
-64170.3
-27237.4
-29096.2
-20623.5
-23005.7
-25437.6
-23698
-237.415
-318.264
-3292.64
-2681.52
-99737.1
-104049
-108413
-4879.78
-3788
-6106.41
-7473.58
-172981
-168224
-85192.5
-82011.5
-43756.7
-42775.5
-13126.2
-402.436
-302.497
-589.693
-83018.1
-196966
-201790
-206379
-217070
-201783
-221489
-210940
-118748
-124435
-107005
-111934
-121116
-112218
-148944
-136853
-132107
-152021
-141916
-128842
-155657
-165961
-160273
-161364
-151065
-146484
-72827.1
-69882.3
-35226.6
-63305.1
-60669.2
-66031
-36395.1
-68784
-84609.5
-75855.1
-83643.4
-89752.3
-73487.9
-78237.8
-91457.4
-100028
-112848
-93293.1
-104946
-108305
-16197.2
-37579.2
-39590.2
-35606.1
-15807.7
-33711.4
-85226.9
-92977.4
-89335.3
-88785.9
-81178.5
-77203.7
-102964
-110797
-104043
-98646
-114136
-109864
-132850
-142660
-128343
-147231
-137370
-141924
-81001.1
-81575.7
-71599
-77956.6
-78380.3
-73530.6
-32986.4
-53474
-56056.8
-4371.91
-13479.9
-14563.6
-12463.8
-4771.41
-11478.6
-66102.2
-69747
-80786.6
-68590
-76451.1
-74314.1
-11465
-28376.5
-26729.3
-30099
-11630.7
-31864.2
-44325.4
-49680.4
-45209.1
-41768.3
-42758.8
-51980
-56272.3
-28110.1
-25504.6
-65667
-72393.7
-61972.4
-76326.5
-69439.5
-73285.7
-42152.6
-39895.9
-35225.3
-41648.8
-37448.7
-35283.6
-67610.9
-63612.7
-68809.5
-70664
-71067.2
-62308
-29993
-34267.5
-32734
-31471.9
-27359.4
-24854.5
-20392.6
-8327.83
-7269.62
-4390.61
-8835.98
-8034.8
-9665.08
-4134.64
-10558.5
-16572.1
-14238.7
-12386.6
-17081.8
-12492.7
-11813.1
-33624
-33985.2
-42395.5
-36081.9
-40646
-35860.6
-3240.63
-2343.64
-2733.64
-1987.19
-3174.68
-1671.75
-1724.04
-2528.07
-2626.65
-1546.79
-26744.2
-28540.2
-33047.9
-26877.6
-30721.6
-33212
-21289.3
-18010.9
-15967
-23619.8
-20175.4
-22456.3
-10152.3
-7537.6
-2944.78
-10376.9
-4933.51
-2612.93
-1290.84
-732.807
-552.635
-1405.31
-7390.03
-6673.39
-10675.6
-8763.46
-10428.6
-6987.32
-963.09
-2631.73
-805.527
-2747.91
-1161.53
-1393.33
-3474.31
-3346.22
-4082.7
-3752.6
-3986.74
-3416.94
-3161.42
-2266.58
-2455.18
-87111.6
-91268
-117262
-8967.79
-192153
-215959
-204407
-198159
-220325
-199102
-194646
-192581
-203242
-197201
-198732
-187979
-183353
-200366
-202696
-180196
-183307
-194931
-183852
-198222
-187720
-130982
-121009
-119269
-134236
-127095
-114864
-139944
-130086
-145237
-136017
-146028
-149301
-127251
-131268
-138167
-143611
-159008
-163661
-140895
-151886
-149334
-159661
-158276
-166732
-183261
-190861
-160731
-173984
-174510
-187083
-143454
-134832
-122161
-140281
-129238
-126007
-163252
-151134
-173657
-162212
-171447
-177554
-148539
-155470
-169499
-180116
-164873
-184685
-174109
-178743
-166429
-166401
-149853
-150537
-162721
-153699
-161817
-153333
-180128
-170651
-179024
-168983
-184671
-183574
-167070
-165220
-98492.2
-75830.4
-78892.7
-24297.2
-18785.1
-25783
-37481.5
-24908.8
-21898.4
-26120.9
-38370
-28564.9
-55550.1
-58061.8
-53066
-27659
-50672.4
-19822.2
-19430.3
-38714.5
-27207.1
-25783.7
-38179.5
-19117.9
-17819.8
-80245.8
-86195
-98143.6
-82457.9
-92138.1
-92497.7
-62496.5
-69162
-44600.8
-52221.5
-55443.5
-45933.1
-67930.9
-59401
-73774.1
-64289
-58691.5
-48169.2
-74745.8
-66759.5
-56021.6
-47033.8
-83012.3
-71540.2
-62465.6
-49926.1
-83402.4
-72626.9
-60997.6
-49222.9
-88290.3
-98937.1
-100749
-86261.6
-93486.3
-105866
-70149.2
-79513.3
-48585.6
-58969.8
-61043.1
-49509.4
-78823
-68359.9
-21191.6
-43829.6
-41689.1
-46056.4
-21826.2
-48317
-18040.8
-12498.9
-36813.3
-27214
-26915.5
-36941.1
-12612.8
-17816.9
-15253.2
-17434.5
-26705.4
-38002.6
-15302.7
-18699.8
-27591.3
-38192.7
-106135
-97699.7
-93491.3
-101957
-110513
-106266
-97730.8
-94479.1
-87915.9
-85183.1
-96802.6
-91612.3
-90264.9
-85487.5
-107458
-101788
-112977
-106865
-111849
-114513
-100959
-103060
-115906
-118576
-132631
-134610
-118814
-127556
-122389
-130521
-100534
-103467
-89889.3
-95687.1
-100135
-93343
-114849
-107212
-115698
-108630
-118965
-119754
-104264
-105686
-128680
-119412
-123870
-114993
-124177
-110610
-143472
-135952
-146152
-138124
-148045
-149080
-133873
-134247
-129791
-131709
-117271
-118580
-125279
-118692
-129508
-122449
-89189.6
-83650.6
-86520.1
-81476.6
-91554.8
-90360.7
-80738.1
-80064.6
-83492.4
-89282.1
-86951.7
-80832.8
-92557.2
-90870.4
-92784.7
-92484.1
-104929
-105206
-94921.1
-100955
-95432.7
-102001
-35021.6
-37115.3
-50951.2
-16868
-5639.36
-15682.2
-5505.95
-18094.4
-19389.1
-15514.9
-9708.15
-24328.7
-18956.7
-20602.2
-25319.7
-9486.73
-14180.1
-10148.1
-15897.2
-23109.4
-29087.8
-10219.4
-16974.4
-21811.2
-28233.8
-61411.7
-53807.1
-51370.9
-42863.9
-62858.5
-57445.4
-47665.6
-41367.6
-60794.2
-67796.8
-64667.5
-58229.7
-60870
-71390.2
-51721.1
-55968.7
-37438.4
-42489
-46583.9
-39067.3
-54343.9
-47640.7
-23609.5
-8083.99
-25134
-8099.14
-22140.2
-20731.8
-10926.8
-17806.5
-26365
-35041.5
-10775.7
-18206.3
-26076.4
-34626.9
-10357.3
-17894.4
-24238.7
-31726.8
-10460.4
-17146.5
-25074.2
-32383.4
-38886.5
-41118
-28120.7
-30972.9
-35459.6
-29870.3
-39308.5
-34339.5
-50048.9
-51802.5
-61718.5
-52638.7
-58805.9
-54891.6
-41083.4
-46910.2
-34674
-41218.8
-36856.1
-32961.3
-48653.8
-45473.3
-30829.6
-33666.1
-73971.2
-70057.5
-81217.8
-76909.3
-77933.5
-81623.7
-70188.7
-73409.7
-60820.9
-54819.9
-58355.8
-51368.5
-57206.9
-48018.8
-66448.1
-62478.8
-59756.9
-56229.7
-66494.9
-63019.3
-58833.7
-55738.9
-47018.8
-44371.7
-50551
-49691.2
-51526.2
-44006.6
-42177.4
-39837.9
-36297.4
-34337.6
-42162.7
-39015.8
-37503.9
-34729
-47458
-44917
-53343.8
-50402.1
-49985.8
-52946.8
-44786.9
-47338
-69213.7
-67729.6
-78221.4
-76265.1
-72034.3
-76615.7
-68509.4
-72628.4
-59987.3
-61200.9
-53078.3
-57112.8
-53852
-59644.4
-64470.4
-60759.4
-59506.8
-56228.1
-65418.6
-62878.2
-58072.4
-55961.6
-43493.3
-38533.4
-35580.5
-41594
-46717.7
-44755.8
-39867.7
-35862.3
-35847.2
-32247.2
-40538.4
-38481.9
-33030
-31355
-45116
-42785.5
-52854.8
-50140
-48372.1
-52449.9
-43527.1
-47178.7
-17316.5
-10618.6
-8515.7
-12139.4
-17710.2
-21266.6
-8849.76
-13647
-15842.6
-20201
-6574.53
-3910.74
-7291.91
-4019.55
-5914.13
-5279.77
-11512.8
-7724.67
-16051.6
-12657.1
-14613.4
-17128.6
-7322.06
-9935.03
-18729.4
-18247.9
-24684.7
-20782.9
-23832.1
-19180.3
-13631.1
-13405.8
-9354.38
-9409.09
-12788.3
-10640.5
-12032.5
-10160.1
-17890.6
-15310.4
-17943.4
-15014.1
-19475.2
-19306.6
-14049.3
-13525.2
-31779.7
-27638.8
-29510.8
-24845.8
-33580.9
-32175.3
-25057.6
-23125.3
-28149.7
-31946.8
-27095
-25859.2
-25725.4
-33215.2
-25568.8
-26284.9
-18185.5
-19338.7
-23595.5
-19822
-24554.8
-21214.3
-3635.2
-3623.93
-3165.48
-3623.07
-4142.09
-4696.77
-7096.28
-5140.14
-8503.56
-6791.55
-8542.44
-9419.09
-4731.11
-5670.93
-6023.04
-7732.13
-11495.3
-13113.1
-6448.4
-9275.78
-9585.53
-12087.2
-6370.72
-4818.7
-3660.5
-6082.33
-7821.92
-7454.98
-5282.43
-3086.56
-3260.49
-1642.18
-5950.05
-5084.17
-1941.95
-1537.41
-7250.87
-6642.86
-12405.5
-11547.5
-8760.55
-11603.9
-7379.58
-9996.46
-28329.3
-25507.5
-31988.6
-28821.9
-30434.7
-32294.9
-24959.8
-26468.1
-24853.2
-22332
-19172.4
-24925.1
-20442.1
-18930.6
-23393.8
-21912.1
-17916.9
-16763.1
-22914.9
-19887.7
-20073.6
-17374.5
-14829.8
-12222.1
-14039.6
-10517.2
-12954.9
-8931.39
-22703.9
-21537.3
-29661.4
-28127.7
-25082.3
-28846
-22458.4
-25851.5
-16070.9
-19436
-14167.6
-17225.2
-14139.4
-13306.4
-20289.6
-19141.5
-8723.27
-7194.41
-3611.65
-1825.13
-8202.12
-5634.63
-4664.23
-1923.6
-11848.6
-13255.1
-17460.2
-12098.3
-14869.5
-17266.7
-10363
-12829.3
-12283.2
-15039.3
-9769.9
-10687.5
-14405.1
-15611.2
-687.66
-1565.16
-464.206
-1278.28
-495.233
-1364.89
-476.675
-491.189
-1670.98
-1550.48
-2535.43
-2256.2
-1827.49
-2339.25
-1681.58
-1920.83
-1428.22
-1616.04
-1783.24
-1822.88
-1568.9
-1758.42
-1827.31
-1903.34
-7210.08
-5955.17
-8340.99
-6880.56
-8304.9
-8767.79
-5590.13
-5837.36
-4580.22
-5663.59
-3555.47
-3682.44
-3287
-5757.19
-4897.32
-4369.62
-3060.42
-2685.13
-4758.66
-3845.32
-3625.69
-2838.51
-580.024
-2103.8
-676.758
-1936.48
-509.449
-507.349
-3493.7
-3816.76
-5902.46
-6208.94
-3872.5
-5098.04
-4372.43
-5442.12
-2644.47
-3322.67
-2352
-2964.68
-2290.48
-2172.13
-3649.64
-3564.21
-2751.21
-3310.64
-2836.06
-3203.62
-2621.66
-2584.76
-3567.39
-3454.66
-2777.72
-3124.92
-3219.31
-2804.11
-3094.41
-3316.98
-2663.21
-2710.46
-2030.11
-2240.63
-2447.78
-2011.15
-2592.41
-2363.77
-2793.73
-2112.39
-1992.88
)
;
    }
    procBoundary6to2
    {
        type            processor;
        value           nonuniform List<scalar> 
65
(
-79451.1
-72336.9
-186802
-189468
-159487
-141599
-145010
-125420
-38305.4
-17676.4
-201681
-210451
-90363.6
-48858.7
-152586
-152586
-108015
-108015
-108015
-168297
-106680
-64273.2
-26105.7
-224667
-216771
-211450
-216886
-211463
-177591
-91143
-126303
-113842
-91143
-135083
-156298
-143844
-41166.9
-113841
-93922.9
-104242
-226542
-197758
-186206
-165314
-177679
-37043.5
-25937
-28237.3
-21218.9
-48427.4
-61352.2
-83894.3
-72189.6
-210451
-201681
-201681
-216771
-224667
-57733.1
-73215.4
-215533
-165599
-211450
-114687
-114687
)
;
    }
    procBoundary6to7
    {
        type            processor;
        value           nonuniform List<scalar> 
328
(
-68135.8
-52361.5
-26341.3
-70073
-99158.8
-100880
-81881
-121169
-120067
-75762.1
-87865.3
-91878.7
-105024
-123307
-119355
-97423.8
-95621.9
-68150.9
-70318.5
-71381.3
-86851.2
-82852.1
-41182.9
-46795.4
-50365.2
-29479.8
-34608.9
-36804
-49766.2
-66163.9
-63970.7
-13953.7
-12629
-14798.7
-37154.4
-45279.5
-41825.2
-32729.8
-30562.7
-3602.04
-11606.7
-11585.1
-9669.13
-3844.56
-61876.7
-59620.1
-16878.6
-13729.9
-75455.6
-110443
-108974
-77133.3
-111964
-113348
-88683.6
-106259
-102245
-92881.2
-106764
-110768
-84353.4
-86348.6
-82452.2
-80401
-58205.6
-67410.8
-71301.2
-53853.7
-66039.1
-62206.4
-38597.1
-49330.6
-47092.4
-41510.3
-51312.8
-53553.9
-22599.3
-26429.5
-23604.1
-25959.3
-27844.2
-30852.3
-19133.6
-21116.4
-17523.9
-15594.7
-6174.69
-3705.51
-4599.66
-4800.79
-3634.39
-3219.87
-66132
-54862.9
-23191.2
-71929.8
-104211
-102565
-80339.6
-117508
-118709
-80114.8
-96803.7
-92782.5
-101057
-115326
-119299
-91969.2
-93845.6
-74429.9
-72290
-66985.5
-77756.5
-81732.1
-45322.7
-55543.2
-51870.6
-32570.4
-40947
-38720.8
-47097.7
-59759.4
-61980.8
-16576.8
-18367.7
-15962.6
-33260.3
-36988.3
-40311.1
-26619.6
-28742
-6173.74
-6173.74
-6173.74
-6173.74
-6173.74
-6173.74
-9538.11
-7126.81
-8766.51
-3112
-3112
-3112
-3112
-3112
-3112
-64038.2
-57290.3
-20023
-10581.9
-73727.2
-105834
-107400
-78754.8
-116103
-114811
-84426.2
-97576.8
-101602
-97007
-115117
-111130
-90149.8
-88209.1
-76377.7
-78479.7
-62587.9
-76541.8
-72604.6
-49554
-57014.6
-60777.1
-35620
-42884.7
-45126.4
-44339.4
-57774.6
-55539.2
-19464.3
-19630.9
-22256.3
-29520.5
-35491
-32318.6
-24861.2
-22799.7
-12144
-14051.6
-7734.76
-6394.97
-5071.99
-3682.29
-3301.92
-3401.02
-3420.1
-3270.16
-3946.93
-100880
-99158.8
-102565
-104211
-120067
-121169
-118709
-117508
-91878.7
-87865.3
-92782.5
-96803.7
-119355
-123307
-119299
-115326
-95621.9
-97423.8
-93845.6
-91969.2
-70318.5
-68150.9
-72290
-74429.9
-82852.1
-86851.2
-81732.1
-77756.5
-50365.2
-46795.4
-51870.6
-55543.2
-36804
-34608.9
-38720.8
-40947
-63970.7
-66163.9
-61980.8
-59759.4
-14798.7
-12629
-15962.6
-18367.7
-41825.2
-45279.5
-40311.1
-36988.3
-30562.7
-32729.8
-28742
-26619.6
-5677.64
-3451.59
-8261.47
-10472.7
-9669.13
-11585.1
-8766.51
-7126.81
-4095.48
-4230.22
-3813.42
-3583.56
-108974
-110443
-107400
-105834
-113348
-111964
-114811
-116103
-102245
-106259
-101602
-97576.8
-110768
-106764
-111130
-115117
-86348.6
-84353.4
-88209.1
-90149.8
-80401
-82452.2
-78479.7
-76377.7
-71301.2
-67410.8
-72604.6
-76541.8
-62206.4
-66039.1
-60777.1
-57014.6
-47092.4
-49330.6
-45126.4
-42884.7
-53553.9
-51312.8
-55539.2
-57774.6
-23604.1
-26429.5
-22256.3
-19630.9
-30852.3
-27844.2
-32318.6
-35491
-21116.4
-19133.6
-22799.7
-24861.2
-15594.7
-17523.9
-14051.6
-12144
-4599.66
-3705.51
-5071.99
-6394.97
-3219.87
-3634.39
-3401.02
-3301.92
-4320.73
-3533.02
-3305.55
)
;
    }
}


// ************************************************************************* //
