/*--------------------------------*- C++ -*----------------------------------*\
| =========                 |                                                 |
| \\      /  F ield         | OpenFOAM: The Open Source CFD Toolbox           |
|  \\    /   O peration     | Version:  2012                                  |
|   \\  /    A nd           | Website:  www.openfoam.com                      |
|    \\/     M anipulation  |                                                 |
\*---------------------------------------------------------------------------*/
FoamFile
{
    version     2.0;
    format      ascii;
    class       volScalarField;
    location    "0.106/solid";
    object      sigmaMax;
}
// * * * * * * * * * * * * * * * * * * * * * * * * * * * * * * * * * * * * * //

dimensions      [1 -1 -2 0 0 0 0];


internalField   nonuniform List<scalar> 
3125
(
56986.4
112890
-457.025
13007.8
117025
43782.5
51014.6
120312
96468.5
4433.85
5418.72
84707.1
59381
42406.2
116154
30868.9
45131.6
92840
38854.2
4286.06
81416.2
3587.21
53748.6
14854.1
56068.3
15616.4
29017.6
16024.1
42446.8
10771.7
36489.1
3392.18
3559.09
8956.68
-428.014
13736.6
14113.4
-470.894
9296.33
-442.272
3271.06
7688.71
81500.3
85241.2
2376.4
3257.96
151497
147067
132095
154803
115727
47409.8
80904.6
93972.7
110901
48445.2
98273.4
150396
93710.2
110226
127251
123248
35109.6
112807
27173.6
4883.38
8287.85
9610.95
12842.9
5027.44
10225.5
109121
19008.9
24874.6
84392.2
51758.8
66855.9
76524.3
37830
63453.4
88192.5
88239.2
72098.5
46663.1
36169.7
59161.5
65739.8
68925.9
57090.8
9628.64
12306.6
7964.62
3889.6
7187.27
59937
17382.7
13385.9
6315.94
3785.68
6962.91
33185.2
30571.8
46991.6
34940.8
33700
21377.9
18419
27907.5
42670.8
23308.8
31392.7
32251.7
18858.9
29657
25563.5
23442.8
8875.69
21746
6865.56
3528.85
4034.59
5066.72
6092.89
3535.95
5352.29
19901.4
4410.87
6243.68
2962.3
36.192
5583.8
15601.8
8369.65
8227.78
3922.74
15730.6
7779.56
172.814
6691.66
6115.44
1059
1694.1
682.827
94.5761
1196.88
3613.76
2455.92
2052.71
1218.71
3791.29
1853.66
183.878
1958.89
1429.73
67106.7
100745
117.75
8113.62
169491
129675
172672
139919
45076.6
55196.2
57393.3
69017
50247.2
67280.6
133015
98489.4
109661
143690
107662
127978
96640.5
4585.36
5246.73
5423.75
6432.64
5296.12
6280.47
94870.7
63949.6
70417.4
69731.4
49916.7
58819.4
52939.1
40953.5
50624.2
103900
96155.7
85444.9
35975
32682.5
38467.5
53583.8
82254.2
46305.8
30043.5
34719.1
5075.55
4143.64
4911.93
71879.3
60427.6
54379.3
4226.06
3634.24
4303.45
44464.4
21013.4
47793.3
46544.3
39639.4
17522.3
16768.8
19020.3
33485.2
27135.9
31002.1
22391.9
15057.4
20512.9
34783
15714.5
27635.5
29782.2
23446
3467.66
3528.22
3685.12
4159.63
3544.19
4098.86
13215.2
8348.62
11047.1
349.382
-219.379
1020.29
14587.2
11896.1
12481.5
9032.08
13724.9
9274.59
920.607
3030.45
71.1267
5419.29
-168.462
-195.075
127.955
3323.79
3088.74
3058.93
4374.4
7100.24
4913.02
645.612
487.301
70608.5
96793
487.189
6714.45
164950
133968
155687
126668
148892
168178
125812
137727
121212
135276
142089
46286.5
61580.7
59522.4
67950.2
85279.9
71210.7
77593.3
89638.7
74426.8
89636.4
106742
86726.8
49391
63560.9
65462.4
102532
80701.8
83748.1
137312
123550
111978
108185
99206.6
114912
128469
104715
121676
139526
111483
60184.1
32293.2
55874.1
124115
85115
92329.3
29647
47792.1
51741.8
4735.96
5777.62
5601.4
5473.77
8660.22
5589.1
5842.35
9095.88
5713.14
6376.48
11823.1
6246.18
5165.67
5951.23
6119.24
10956.2
5977.41
6112.64
98364.9
81060.7
74205.9
33863.4
20796.3
37064.1
44027.7
22750.3
40451.5
73305.1
70629.6
61055.5
57635.6
56669.7
63482.8
75670.9
61707.9
69500
64655.3
72147.1
61332.4
39425.7
45855.6
48261.2
67786.9
54642.6
57991.7
99908.4
72933.8
83115.4
101517
82804.2
94914.3
81974.8
77420.3
88396.9
41376.6
50752.6
44652.4
34452.7
43416.7
40950.8
54922.4
51295.3
47961
56526.1
78840.8
48915.7
42555.3
37408.7
14773.9
10442.8
16572.9
20638.8
11330.9
18524.1
5369.83
7679.8
5276.29
4011.15
4620.87
4759.96
7423.87
5120.63
5194.89
68804.6
45523.8
51130.4
30849.3
15911
28023.5
22922.1
14582.4
25381.4
4863.89
6532.19
4929.25
3700.78
4498.63
4393.74
6746.73
5053.85
4991.77
41523.7
23258.1
51983.3
42382
46536.9
43526.1
30329
37658.3
37947.5
36347.2
41320.7
19446.8
23694.5
21331.6
17719.4
21413.4
20342.3
25917.4
24578.5
23077.3
38149.9
38784.9
34979.4
25230.9
26098.5
28538.2
35022.7
28853.1
31877.7
24711.9
28527.1
22105.4
19266.9
22227.4
23089.4
31642.5
25828.9
27216.7
32372.4
17524.5
13119.4
8171.77
11601.4
27672
17624.7
21322.9
7505.32
8926.15
10206.9
3510.14
3898.74
3805.88
3775.53
4412.87
4015.23
4374.31
4755.4
4212.88
4793.31
5860.41
4712.92
3539.16
3975.17
4039.59
5615.27
4509.43
4620.41
14782.4
15790.5
12591.2
4696.51
5023.14
5640.9
7744.77
5632.36
6652.96
824.373
3996.67
1550.09
-204.043
1708.74
1241.47
4919.66
3606.23
2958.85
15216.5
12962.8
12838.5
10102.1
8534.85
10461.4
10505.4
8477.65
10590.7
7574.22
4783.57
8218.28
15765.8
12842.1
12581.1
7168.13
10193.8
9719.52
713.368
2195.56
2631.51
5077.43
6691.48
4933.28
4167.56
6482.69
4607.67
111.834
4327.01
-134.064
1610.71
478.573
-136.563
149.083
22.6854
825.927
614.329
296.192
3484.53
3146.3
3132.95
2823.39
2282.76
2716.08
2625.01
2209.28
2710.02
3443.2
2278.68
3959.86
3814.44
3159.75
2987.28
1483.75
2512.81
2210.18
539.941
290.872
410.027
1379.83
1739.62
1150.25
838.052
1623.08
1025.64
60282.6
108792
-143.911
11257.9
178642
121192
210965
181725
207798
169852
149227
124509
140861
112778
145521
116688
144563
152140
100144
84328.8
135817
124294
105346
48620.5
88039
77434.3
61401.1
80473.7
64154.1
46302.9
78278.6
62763
71417
56044.3
75336.9
59198.9
74280.7
135256
112028
136213
108911
131589
139889
105071
47878.4
89250.3
18910
41273.6
35647.9
25605.9
37840.4
27393.6
17537.9
41863.4
78184.4
74415
58709.5
44055.4
71475.9
56068.3
50574.2
16796.8
66456
67555.7
52956.4
52819.9
70325.3
63759.1
49931.6
24286.5
18040.9
20304.7
15625
22703.6
17510.6
21807.4
39815.4
12326.4
14956.4
33494.4
23874.5
34190.3
16224.2
31418.9
22190.4
2833.74
10298.1
8597.16
4545.4
9805.89
5445.6
2209.64
-162.787
-318.606
-414.879
-378.564
-273.175
-215.694
-431.984
17190.5
12306.9
18016
13838.3
15843.2
19433.9
12149.9
-210.962
7901.95
-530.721
-400.344
-394.262
-454.229
-361.934
-437.488
-479.35
1099.74
6500.33
7449.62
3701.23
1632.52
6382.89
2908.21
288.365
886.13
766.173
382.008
77805
89033
1610.49
4277.48
155944
142663
187154
159239
178836
144845
183637
182408
148973
172881
146005
174032
140753
169233
177634
136671
131297
119272
69364.8
116527
103167
85112.4
106570
88342.4
66548
61113.3
105490
99774.8
81943.1
96461.8
78821.5
63802.4
99280.7
80639.9
100280
79344.4
95973.6
103638
75850.6
112484
92048.4
104625
82882.8
109010
108053
86476.3
62598.8
72169.8
26565.6
54306.6
52222.7
39364.6
49699.2
37214
28269.9
31850.3
62833
54824.6
41567.6
57457.3
43828.3
30027.5
35872.5
28037.7
48289.8
37717
42765
33266.8
46031.2
44936.5
35857.1
38493.8
29645.5
39583.7
30759.8
36493.4
41659.6
28333
27753.7
21385.3
9380.94
23652.4
20145.7
13320.7
21867.4
14657.7
8406.55
6597.36
18126.5
18472.6
12036.2
16876
10797.6
7482.03
3947.09
2127.87
4406.13
3264.58
3310.37
5143.65
2428.39
616.943
-87.9068
632.032
-31.5638
762.459
512.187
-158.269
7917.27
5012.86
5625
4206.53
6980.76
6468.6
5262.16
1172.35
339.858
764.37
127.141
998.95
887.363
324.614
538.588
2453.82
-702.712
256.233
1023.93
-404.228
587.591
-407.888
-718.516
-131.687
-10.2369
104.833
-75.3679
102.907
-88.9893
-148.585
-725.67
1859.43
1547.18
-320.532
2150.98
-4.22492
-736.894
29.6828
308.273
275.643
-13.676
252.681
-21.4816
72.2641
63658.1
104736
-1.62173
9621.85
174046
125409
212715
217417
206198
177190
198126
161445
202949
165647
201459
221806
104436
113482
106128
111623
92069.7
90833
94573.2
95706.2
101817
106690
100036
108629
125107
133907
135252
123933
113387
113826
127269
139055
128336
137812
111283
110716
170837
166020
153938
128744
154955
124597
150223
120625
158654
156553
161360
147898
103868
23393
25511.9
81222.4
131870
117092
98382.7
120655
101839
78165.4
29512
27257
-2768.52
-3429.12
-926.061
-2487.93
-2519.19
-1887.23
-2001.21
-2659.72
-907.594
-2360.45
-2678.66
-3251.39
-898.828
-3109.96
-4268.91
-3092.04
-2637.12
-3463.01
-3130.07
-4436.14
-867.774
-3224.05
-3336.95
-2533.41
9792.38
8347.38
50991.1
91432.6
86720.9
69846.7
83590.2
66964.1
53432
6181.6
7488.86
96476.5
92074.7
82367
66215.8
83418.6
65690.1
79342.2
62415.1
86510.4
83470.5
87749.8
92789.6
96462
98544.1
90854.2
86953.1
88286.1
84369.4
82941.2
95503.1
103650
97367.7
101632
137684
142448
130635
107942
122454
97507.9
126995
101273
126064
151899
147106
66510.3
72036.7
69752
68651.4
58967.5
57188.9
61579.3
63323
63729.9
64410.7
61575.5
66693.7
50693
85724.7
-1619.04
-2031.98
20328.8
43760.9
42410.3
31149.8
40108.2
29238.4
21807.8
-2303.8
-1974.15
-855.66
-2091.48
-2887.4
-2482.59
-1773.37
-2375.62
-2580.3
-3072.73
-886.251
-2227.01
-2231.66
-1654.35
2638.64
3681.31
39738.9
74999.8
65717.2
50990.2
68557.9
53499.6
37672
5457.37
4279.14
-1890.56
-1990.53
-1408.92
-618.32
-1360.3
-962.955
-560.03
-1279.2
-1761.13
-1813.54
-1077.16
-1502.17
47473.6
18848.6
67065.3
71058.5
62653.7
49643
56422.1
44082.8
60042.2
46973
58945.7
79273.5
75127.2
29465.4
32108.7
31365.1
30118.3
26062.5
24398.7
28063.8
29777.7
27319.7
25964.8
25501.6
27862
53993
53927.8
56181.7
51856.8
52812.3
54609.3
56685.1
61406.4
58839.3
59127.4
50286.2
48463.3
35282.8
32299.2
26903.5
20166.4
27893.4
21569.3
25235.9
19495
29634.2
26670.2
29409
37262.7
13972.6
-2234.56
-1909.67
13744.3
31951
27421.8
19013
29382.6
20573.8
12579.3
-2002.17
-2337.21
-861.589
-703.738
-175.324
-442.225
-352.866
-174.525
-258.511
-458.809
-129.723
-346.813
-742.642
-572.489
-446.183
-1019.15
-1466.47
-1501.41
-851.577
-1220.46
-1628.82
-1640.25
-504.735
-1147.97
-1083.37
-740.749
-1312.57
-1543.72
3499.04
11720.9
12435.4
7427.73
11094.1
6406.15
4211.77
-1414.46
-1208.83
2296.42
1233.16
377.548
-28.2365
830.058
545.654
206.945
109.496
1108.94
34.3342
-255.856
30.3406
-257.796
-50.2146
-307.726
175.042
-189.752
331.602
19909.4
18434.4
20118.1
18281.4
20933.5
22530.2
19203.1
17684.6
21764.2
23862.5
23496.9
22061.7
16926.6
19162.6
15071.8
10610.1
11904.5
9075.16
13801.7
10560
13093.1
24038.8
21545.9
4857.52
5827.4
4473.7
6081.96
3631.2
2343.48
5037.66
6282.3
3306.22
1541.26
1948.26
2976.92
-48.0765
6609.2
-599.037
-512.729
-565.786
-230.504
-213.054
-363.301
-282.163
-414.596
-601.697
-411.215
-249.933
-129.341
-268.214
-204.51
-264.358
-325.977
-230.599
-274.902
-62.0599
-170.381
-341.172
-521.597
-97.3846
-254.306
-628.208
-451.155
-93.5178
-255.104
-164.537
-24.2896
-1174.87
-1015.14
617.743
5391.86
4457.46
1532.16
5378.22
2186
185.028
-1106.32
-1295
-76.0054
-25.0763
-32.648
-45.8807
239.257
779.915
599.558
274.334
560.453
343.152
182.307
20.903
-59.4505
-5.87054
-99.0208
-70.5383
-24.8561
31.6565
64.4687
74170
92883.6
983.042
5426.34
160433
138292
205656
207361
211738
201596
200790
193288
209726
215995
197095
186250
193243
189586
208267
203526
191930
163696
193294
157275
196688
188461
153110
194238
199013
193324
203043
197448
198612
181678
171716
175204
177716
185552
182476
189459
179062
189110
189750
194232
184930
110281
116417
108679
118179
101569
102479
112761
122725
121056
114266
99184
98151.2
127707
123197
120845
130305
132335
134708
138089
129277
136006
145281
139017
141942
124257
115252
117679
121588
136229
126289
128571
133704
149130
159308
151997
156076
139557
133785
131595
142006
145572
149063
142631
152356
158323
146488
148386
156150
173544
185583
176058
182644
161315
152871
151083
163399
170307
176254
179266
167696
120399
131270
121683
129804
105605
104804
118067
125518
116671
127088
107858
108539
150793
143703
153064
141708
158271
162957
166121
155480
161675
172780
169688
164375
147623
136736
145261
138834
175464
180279
168122
141646
159698
128590
163392
164451
132624
189683
184883
159171
167274
162705
163456
149419
141143
144834
145325
153543
152580
148931
157620
154761
153593
158175
150456
172093
171776
176328
167834
169758
167785
173768
164237
176426
185324
180651
180801
165742
156631
160235
161694
135383
115356
4400.66
11620.8
13458.3
3020.07
-1265.03
27.5099
-1185.46
-1354.38
4594.96
16552.1
14559.8
6161.08
-1976.44
-1538.04
-1829.55
-205.716
21798.5
19806.8
72234.4
120304
113530
94983
75173.8
110049
91628.2
16512.8
18361.7
1740.03
10674.2
2946.14
8992.26
-3062.17
-1740.56
-527.299
-2305.14
-2164.5
-385.876
-2588.9
-1661.58
1779.16
6678.09
8196.73
716.506
-939.765
-2619.47
-2846.04
-3599.9
-2221.45
-2938.44
-2917.46
-3778.38
-2747.42
-940.546
-2801.4
-2109.45
-2725.56
-736.728
-2339.2
-3963.65
-701.429
-2563.71
-4085.03
-1978.55
-2007.91
-4290.3
-680.968
-2692.37
-3770.27
-2275.12
-741.02
-2588.13
-4161.04
-2388.66
-730.377
-2860.13
-2059.44
-4679.2
-609.433
-2922.43
-2990.79
-707.341
-2434.69
-4355.21
-645.778
-2809.44
-2039.17
-4490.93
-4914.56
-2523.64
-605.771
-3356.63
-2056.88
-5216.65
-342.883
-3307.61
-3471.4
-548.623
-2541.43
-5094.06
-424.053
-3232.8
-5164.47
-2068.16
-3046.1
-4112.08
-915.509
-2987.9
-3074.23
-2328.63
-930.652
-2869.75
-2987.32
-3945.81
-2433.89
-3206.59
-3236.94
-645.67
-4733.06
-2504.85
-559.263
-3036.02
-4863.59
-2069.42
-2073.25
-5033.4
-3134.93
-497.563
-4546.6
-2472.04
-3115
-683.919
10788.1
12363.8
58492.1
101898
89933.2
72779.3
55928.7
93159.5
75771.7
15221.3
13505.3
-1106.84
2636.37
1615.12
-303.114
-3804.19
-1805.45
-829.086
-2182.65
-2255.63
-776.333
-1813.77
-3778.16
-637.502
499.932
1368.29
-1394.76
185.017
3001.29
4187.39
-673.013
-2334.22
-631.707
-3413.48
-1786.46
-72.7198
6038.01
865.228
4686.22
-3649.3
-1807.92
-715.272
-2310.44
100889
105397
94963
76942.1
87544.9
69019.1
90718.6
91723.2
72409.1
114492
109897
90214.1
95403.4
91129.8
94270.2
84019.9
78913.1
82446.3
80218.8
88017.2
90016.2
91906.7
86414.3
86038.9
82744.2
86916.7
82078.9
102670
99705.7
104074
98535.6
104062
105510
108080
101815
107003
112904
108461
111209
99940.6
94052.7
95971.2
97713.3
111835
103761
106312
109069
122452
130827
125559
127404
115370
112050
109558
118089
118704
120049
115561
123493
86104.9
93356
88097
91201.7
76182.6
74604.4
78819
80324
83318.9
85883.9
88081.1
81267.2
102705
100487
105507
97899
104855
105275
108726
101677
108624
116122
111797
112667
99139.2
91972.9
94598.4
96305.1
133051
128328
116980
95952.5
117939
93791.8
121501
113450
90109.8
119050
123717
137279
135385
139951
132978
137059
137015
141163
133302
141719
149065
144484
146026
132883
125413
129144
128775
124261
130872
126331
128539
116311
109642
112250
113374
119840
117341
115591
121842
120497
121258
117524
124584
77173.9
76825.5
74184.6
80002.1
77352.1
76305.6
79608.9
74262.8
80993
86767.6
83401.8
84127.5
73717.1
68317.6
70946.3
70912.8
73575.8
75130.6
71447.2
77394
70308.2
71951.2
67662
65959.8
76373.9
82756.9
78471.5
80515.4
86350.7
80088.8
83516.3
82748.4
94728.8
101356
97908.6
97904.3
90990.8
90610.4
94019.2
87827.5
89899.4
88679
92740.7
86033.3
59531.4
75469.2
-1535.18
-1006.11
24925.4
51578
44792.7
33114.4
23337.3
47208
35135.3
-171.627
-830.199
-1560.45
-1144.32
-1189.32
-1143.95
-2539.01
-1437.26
-847.998
-1387.4
-1491.85
-865.929
-2734.42
-1504.37
-1124.56
-1131.05
-1106.44
-1500.6
-1155.99
-1244.91
-1169.99
-1612.89
-1699.92
-895.295
-3114.76
-1626.21
-1655.18
-1171.84
-1295.93
-1154.85
-2925.61
-1565.57
-1596.49
-883.606
-3365.51
-2134.17
-729.412
-2311.54
-1931.96
-3883.62
-715.598
-2436.44
-2454.16
-736.811
-2209.96
-3566.21
-721.8
-2308.1
-1882.87
-3677.34
-2374.65
-2712.09
-812.745
-1953.1
-1939.61
-1424.08
-771.412
-1819.84
-2530.75
-2258.22
-1542.25
-2084.64
-2170.57
-709.163
-3163.48
-2057
-717.653
-2042.06
-3252.91
-1767.45
-1823.89
-3466.42
-724.713
-2179.45
-2963.22
-1968.36
-687.85
-2027.08
2161.08
1243.96
33726.8
65792.9
62900.7
48542.8
35671.5
60166.2
46149.7
92.4892
876.168
-998.785
-976.62
-379.181
-1654.66
-2093.59
-860.913
-3750.59
-1787.87
-1565.67
368.695
-358.069
-859.896
-3630.92
-1755.66
-882.872
-2004.45
-1688.22
-868.509
-1284.52
-1081.92
-3297.66
-1674.07
-1808.11
-902.323
-1130.73
-1328.39
-1683.35
-1101.61
-1907.03
-895.64
-1719.55
-3474.12
-1601.9
-591.232
-1689.28
-2355.77
-642.305
-1512.76
-2419.89
-1473.53
-1549.66
-2628.38
-1643.94
-667.793
-2161.92
-1584.86
-553.593
-1462.84
-676.03
-1545.74
-2015.18
-2165.42
-1307.09
-1793.9
-2136.7
-2349.87
-727.337
-1682.57
-1648.23
-1188.31
-2554.19
-1784.42
-1746.08
-630.495
-1698.08
-3047.31
-1908.92
-703.268
-688.074
-1778.49
-2833.63
-1625.26
-1888.35
-659.489
-2758.11
-1880.27
38652.4
25597.2
70213.4
66734.6
70641.9
66498.7
72621
75040.4
76319.1
71594.5
74161.2
78655
74607.3
78008.6
68840
64476.7
65252.5
67823.7
63156.5
59331.9
51755.6
40579.5
52876
41268.9
55305
49404.5
38525.2
51947.2
55583.6
59118.9
62923.3
62691.2
59173.2
54646.5
51023.1
54125.3
51351.4
58156.8
60845.9
61600.1
57614.1
55476.2
51946.8
55524.9
52062.4
35598.7
34509.7
33626.8
36569.9
35874.2
37659.8
37972.6
41242.7
39111.6
40005
33657.7
31890
31734.5
33402
31253.3
33985.4
29958.2
27746.9
30095
27709.4
32557.7
35269.9
34958.3
32759.9
29252.9
26815.2
28857.8
27118.3
39007.5
35939
38200.3
36642.3
43219.4
46608.5
45875
43804.1
41820.4
43224.3
40875.8
44291.3
40265.6
38113.4
37736.7
40778.4
61453.5
56893.2
59452.3
58749.3
67667
72607.8
70692.1
69365
64762.1
65150.4
62554
67522
64189.6
62619.4
65767.7
61230.2
47112.4
51073.2
49221.8
48838.1
41787.6
39976.7
44550.4
43893.6
42475.5
46081.3
44185
46000
52900
53876.9
55541.5
51382.8
51750.1
49806.7
52738.2
48977.8
54993.8
59138.2
56088.3
57861.6
49813.8
46028.8
47249.8
48460.5
38399
41616.6
35426.7
27131.4
30650.2
23733.1
32479.9
33512.8
25990
48398.3
44960.9
33148.6
35622.3
32669.3
35990.7
30305.6
28007.8
30459.1
27739.1
33054.2
35836.6
33212.3
35818.5
30314.2
27123.4
29849.6
27682
42091.3
38665.2
41840.7
39048.1
44880.2
47694.2
48012.5
44743.4
45360.4
48488.8
48597
45102.2
41728.1
38793.6
41588.1
38772.5
30020.8
19414.9
-1060.23
-1013.57
-1013.66
-1367.21
-1279.05
-821.858
-2351.21
-1372.25
-1435.99
-1062.47
-1072.56
-1096.12
-2162.33
-1297.91
-1178.9
-793.059
-1790.98
-2101.64
10397.8
25630.6
25503.3
17507.6
11466.3
23664.1
16051.4
-1958.01
-1670.46
-1296.43
-965.544
-1020.43
-956.521
-1794.83
-1154.97
-732.707
-982.29
-1078.31
-763.604
-1977.01
-1228.19
-980.133
-901.417
-916.38
-1224.49
-224.245
-548.446
-982.544
-840.906
-439.087
-693.951
-1107.58
-992.122
-659.953
-275.995
-574.565
-344.443
-586.104
-273.573
-862.483
-920.961
-402.422
-580.271
-970.211
-812.38
-890.802
-1124.11
-433.008
-681.316
-777.984
-761.657
-239.84
-482.326
-1077.01
-961.39
-311.935
-696.41
-1056.71
-1459.18
-495.109
-893.855
-813.591
-349.353
-1064.03
-1241.85
-461.126
-784.2
-974.4
-1289.28
-1775.13
-1377.99
-476.308
-1191.17
-1391.98
-2220.13
-614.763
-1379.94
-1327.14
-514.43
-1483.76
-1965.68
-586.932
-1255.98
-2021.06
-1308.77
-1370.01
-1305.09
-385.211
-892.975
-818.507
-537.428
-328.859
-774.644
-1239.28
-1145.62
-639.468
-946.839
-1058.9
-431.942
-1592.86
-1274.99
-525.45
-1011.93
-1640.76
-1140.38
-1225.66
-1829
-1129.05
-556.028
-1415.48
-1168.61
-933.167
-391.536
-1676.42
-1428.2
5760.5
16417.8
13855.2
8498.57
4964.43
15328.1
9620.97
-1546.83
-1816.99
-1012.92
-772.39
-748.254
-845.773
-1141.39
-869.56
-598.624
-632.008
-711.441
-628.819
-939.419
-1293.77
-804.629
-702.719
-728.685
-945.204
-890.75
-796.453
-818.59
-1081.63
-885.43
-697.74
-1622.45
-1084.41
-1153.27
-867.548
-935.864
-847.536
-1452.8
-1011.38
-662.651
-796.754
3467.95
4738.93
2877.28
1413.25
1533.88
1066.26
1934.46
2355.33
1694.29
7612.56
6117.42
1883.56
2723.04
1529.3
3139.38
428.231
-158.749
256.984
-256.278
298.955
394.889
-220.046
994.576
133.447
1295.52
-34.8808
2247.43
4001.93
3573.22
2686.21
718.198
-211.514
507.957
-139.63
5762.46
3912
5255.77
4392.64
7613.95
9617.94
9164.26
8098.3
7182.53
8183.01
6633.35
8744.18
6208.81
5301.46
4830.53
6658.91
20705.3
18833.2
20628.9
18848.5
23195.9
25297.7
25295.7
23107.2
22821.2
24596.7
22675.7
24815.8
20981.6
18855.1
19042.4
20870.4
15072.3
16673.9
16582.6
15101.8
13260.6
11955.1
14683.8
16099.9
13543
12097.8
13529.1
12159.3
15225.1
16971.5
16932.2
15323.6
13464.9
11522.5
13179.6
11854
15255.5
16830.9
17038.2
14993.1
13514.7
12138.7
13646.5
11958.9
14807.8
12824.2
9510.54
6230.66
10131.4
7699.48
11235.9
8482.8
6426.68
9223.27
10956.3
20306.2
17479.5
19727.8
18112.3
22847.8
25469.7
25212.8
23207.7
22668.2
24551.2
22060.4
25083.4
20552
18804.1
20883
18390.6
14019.5
15398.8
13389.6
15994.5
12529.5
11258.4
10785
12963.7
12142.9
9776.94
10381.5
11550.7
14373.4
16716
14826.3
16320.8
3811.42
5522.42
4223.39
5210.93
1950.01
336.115
1620.32
575.612
3486.38
4442.97
3051.72
4824.44
2297.8
1175.79
2630.11
852.962
8363.16
6987.67
7204.76
8176.13
9501.32
10698.2
8402.65
7309.52
9541.5
10707
10812.7
9401.11
7719.65
6752.91
6452.75
8007.05
8811.77
9934.08
8438.68
10266.8
7426.5
5715.91
7046.62
6112.65
9049.44
10668.2
10450.1
9298.91
205.323
3329.28
-755.387
-694.787
-674.454
-46.1838
-39.6134
-376.625
-638.949
227.306
-391.264
-770.739
-861.035
-341.211
-428.747
-378.198
-457.304
-179.09
-70.9589
-39.514
-229.056
-228.229
-31.1591
-188.441
-208.462
-230.833
-190.078
-266.784
-271.909
-343.226
-366.692
-276.191
-230.271
-240.336
-236.927
-273.599
-554.581
-439.583
-504.797
-528.203
-306.303
-449.765
-572.85
-521.081
-612.63
-541.506
-490.676
-605.562
-490.77
-431.717
-242.919
-420.06
-520.871
-574.874
-185.757
-297.519
-730.258
-829.545
-376.305
-488.449
-389.218
-209.586
-666.507
-641.628
-350.146
-404.417
-653.962
-702.319
-419.217
-247.815
-36.3711
-93.2519
-17.7181
99.3654
-17.7717
-28.467
-171.628
-328.073
39.4139
-82.0123
-218.601
-163.503
-416.27
-488.293
-309.225
-257.923
-490.402
-500.824
-576.611
-586.217
-329.357
-330.701
-328.468
-403.403
-147.905
-149.057
-926.607
-1066.52
-515.84
2603.5
3607.37
945.671
-193.724
2842.77
426.787
-960.1
-849.234
-723.699
-616.409
-647.839
-813.381
-554.475
-565.632
-1002.72
-800.918
-880.445
-686.935
-658.794
-762.418
-872.798
-730.555
-534.822
-487.133
-749.028
-611.287
-576.249
-685.124
-657.559
-593.332
-365.685
-480.321
-648.823
-536.428
-682.143
-577.402
-423.519
-507.065
-661.642
-758.441
-91.9
-133.139
-136.548
-121.217
83.3047
408.686
408.234
218.663
140.59
437.251
135.921
-133.63
-209.243
-133.732
-168.008
-202.148
-231.53
-168.489
-238.944
-71.4398
-118.519
-96.7147
-153.792
-24.3875
84.2457
-180.386
-71.4084
140.224
25.8398
-253.815
-112.903
-15.9368
23.3487
50.2536
183.565
-201.356
-250.432
-16.5886
-138.426
-424.585
-411.03
-198.219
-294.349
-278.869
-122.628
-338.818
-338.391
-90.4659
-141.596
-257.311
-329.181
2436.33
1396.68
1544.47
1774.92
2124.01
1155.36
1279.47
1100.96
1401.73
1432.59
1926.01
1447.11
515.26
1136.4
811.102
1622.1
1015.99
547.61
210024
147056
159558
199755
205398
191185
144900
151767
155670
196249
200860
150013
106532
102856
139135
110178
145463
144033
154664
152760
117542
105192
113842
159238
147814
63115.8
53313.1
102617
65897.6
111021
51523.6
60486.3
46851.2
98181.4
104514
107695
48550.9
57832.1
33296.4
68878.9
65338.5
23958.3
71568.5
31405.6
25069.2
35176.4
28370.5
77160.6
68992.9
74386.8
37193.5
27160.6
79798
53519.1
53201.5
73193.6
56472
75825.1
77324.2
83902.7
85143.3
62550.5
55394.5
59487.3
87998.6
80873.8
136322
102928
135353
91912.7
140839
99347.7
130509
131734
121940
92291.8
89573.4
95806.6
127252
126717
10769.7
31802
31082.6
6563.91
33714.3
9796.28
6872.83
11736.1
8408.35
37742.8
33630.1
35732.3
12808.7
8004.87
27884.1
66154.2
22003.4
59074.4
29650.3
63559.1
20997.2
26251.6
18273
58427.1
55690.5
60931
24611.3
19178.1
68010.5
50622.4
69746.7
44671
71846.9
47791.3
65765.6
64176.8
58603.4
42609
42307.9
45015.3
62420.1
60481.2
25608.8
15563.6
16960.7
22947
17341.4
23107
25508.7
28268.6
30689.9
21164.5
18437.2
19215.1
31002.3
27893.6
8046.74
29890.3
5517.37
26646.7
8925.15
28084.8
5308.08
7265.68
4228.92
24382.2
24577.1
26280.6
4344.98
6479.07
650.563
8124.27
8972.15
634.168
9172.11
313.925
458.787
991.958
803.915
11465.9
10370.5
10306.4
1398.74
990.871
668.562
1840.36
798.775
438.265
320.022
1489.48
917.546
18428.6
13873
20778.1
12013
20687.5
12276.1
18455.3
16253.5
14415.2
9348.4
10810.4
10764.2
14236
16492.8
-559.876
-459.859
-13.7603
22.0515
-114.408
-720.371
-352.464
-218.998
7112.4
183.863
6530.14
41.5705
6184.9
332.039
-416.809
73.0313
4484.37
5429.05
5293.81
-599.907
-32.1586
186994
136363
173902
130607
178942
182419
140202
191657
187623
147907
132844
196216
182568
144036
173164
132566
170232
118861
177745
165213
128768
168488
156508
121254
116567
163903
161494
125010
50401.7
91961.1
86619.8
38230.4
94990.5
39741.5
48000.4
52789.1
44025.2
101264
90801.3
55321
98159.9
42418.6
43469.2
88876.2
79579
35702.9
85931.4
45742.2
34293.4
41339.7
30604.3
80070.9
75657
39197.8
82934
31914.6
100739
75323.8
101356
66913.8
96845.6
105029
72058.8
96418
88762.6
65668.4
64639.6
92218.1
93158.9
68839.1
113806
78632.7
105084
76797.8
109438
109696
81990.6
118284
118162
88822.5
79123.6
122715
113461
85385.3
16217.9
46417.2
41371.8
12070.3
44205.6
11471.6
17504.1
15049.8
9639.04
39866.9
38541.7
13874.4
41980.2
10139.5
20183
48746.1
46751.5
13515.8
51059
18783
14216.9
21578
16582.5
55895.2
49858.2
23098.6
53489.2
15780.9
49778.2
32158.7
45215
32958.1
48662.7
46423.6
34587.6
53278.8
55387.8
39665.1
34865.1
56809.7
51748.1
37095.4
39953.6
29801.5
42291.4
26080.6
43110.9
39047.6
27526
36845.3
33262.6
23202.5
24377.6
33889.6
36288.1
25322.1
4462.16
18206.8
18459.5
2554.4
19698.8
2496.68
3840.69
5079.72
3338.21
22880.3
20436.4
5781.8
21285.4
3315.27
2752.89
16732.2
15008.4
1800.99
15351.2
3298.88
1929.64
2281.08
1417.12
12715.3
13318.8
1806.69
13988.9
1245.78
4672.84
3679.41
6402.97
3019.73
5043.3
5948.9
2824.46
3494.7
2777.98
1376.33
2364.76
2438.26
3921.02
2057.69
8886.4
4622.58
7719.05
5949.45
7364.8
9311.95
5665.35
10552
12675.5
8028.46
6877.08
12318.6
10841.7
6800.96
-952.432
1320.95
1266.3
-435.739
882.846
-397.143
-958.446
-903.219
-429.057
202.469
738.703
-839.066
502.409
-481.603
-900.864
1830.23
2686.8
-300.372
2395.42
-950.541
-340.247
-838.152
-208.069
3719.94
3496.1
-726.791
3034.19
-139.597
)
;

boundaryField
{
    left
    {
        type            calculated;
        value           nonuniform List<scalar> 0();
    }
    bottom
    {
        type            calculated;
        value           nonuniform List<scalar> 0();
    }
    interface
    {
        type            calculated;
        value           nonuniform List<scalar> 
2120
(
56741.9
112439
-110.01
12953.2
116559
96486.8
45174.1
92859.3
53518.5
14790.7
42487.6
10813.4
-465.485
-118.746
9338.91
-491.106
81161.6
84888
2375.03
3254.19
150918
146504
127241
123239
65774.1
68961.8
33039.4
30438.7
25606.8
23484.5
-144.322
15.8825
1100.02
1737.56
-46.9286
74.6089
66823.5
100335
139.242
8082.46
168859
129169
143662
107668
53622.4
82283.7
44271.5
20921.7
34826.9
15755.9
-281.132
820.335
142.987
5462.22
-276.183
605.17
70311.7
96399.1
502.421
6691.58
164334
133446
139498
111490
56566.7
78869
41344.3
23157.7
32414.5
17567.8
-295.987
598.439
139.334
4369.31
-289.973
471.347
60027.4
108354
22.667
11212.7
177983
120714
209466
206494
148079
143439
152101
100157
85165.3
49317.7
64774.3
46997.4
77620.6
70879.6
74777
73649.3
134193
138801
47919.1
89275.3
19342.4
17960
42525.5
59304.6
44727.1
56655
50357.1
16725.9
65884.8
67045.9
69728.2
63278.1
24055.2
21595.6
39859.2
12369
15338.8
16622.2
2994.12
4695.82
5607.77
2361.38
-174.283
-475.52
-430.122
-476.296
-424.381
17017.4
17870.7
15717.7
19243.7
30.2553
7945.43
-565.769
-440.215
-484.286
-501.885
-457.7
1222.9
3838.85
1768.16
3037.93
868.17
393.57
77480.6
88667.6
1616.74
4267.89
155355
142113
185785
177661
182443
181057
171586
176317
131280
119272
70153
85806.2
89041
67340
61880.8
64574.5
98464.8
95275.2
102795
111579
107174
62638.1
72201.9
27094.8
39849.8
37687
28813.1
32425.2
44343.8
30594.8
35717.7
27916.2
47863.6
45678.3
44534.8
38144.3
39275.1
36210.7
41287.5
27796.7
21429
9668.86
13576.2
14927.6
8683.6
6837.87
11025.1
7737.4
3890.83
5077.64
-284.697
-284.089
-311.058
7825.99
6390.52
193.912
-142.274
45.2906
580.15
2496.29
-747.7
-281.008
-750.049
-158.605
-104.351
-178.626
-698.364
-752.296
203.023
-27.6008
57.5803
63389.5
104315
84.7679
9586.15
173404
124916
204730
200008
102521
91809.6
94668.7
100697
123615
113584
124819
111040
169244
152756
153904
149201
157449
147859
103882
24986.3
82042.1
99104.6
102562
78991.8
30739.9
-442.141
-392.53
-397.442
-437.421
-483.528
-447.089
-486.562
-443.515
10858.7
51710.5
54159
81675
78754.4
85791.7
82413.9
91800.5
87026.6
84114.2
93782.1
129607
121586
126105
125061
65368.6
58761.1
61616.9
63149.7
50735.3
85749.1
-748.503
20785.3
29648
22280.1
-413.914
-374.581
-420.854
-367.467
40379.2
38307.1
6439.53
-335.958
-277.923
-327.827
-285.789
47271.1
18769.9
62114.5
59588.6
58433.1
78504.5
29010.1
25961.5
28088
27173.5
53537.3
52845.1
55733.6
50102.7
34958.4
26649.2
29359.6
26314.7
37305.2
14016.5
-737.03
14104.3
20903.5
12928.4
-197.544
-136.154
-145.954
-186.697
-294.364
-253.063
-304.259
-243.257
3677.19
4403.81
-698.663
359.842
836.756
237.305
1080.14
17.3387
-280.914
-297.325
-306.242
-306.386
-200.84
-301.063
19830
20956.2
19128.5
21444.9
14917.8
11807.1
13692.9
12955.7
4826.55
3560.63
1808.49
4993.02
3300.85
926.546
1367.28
100.332
6652.19
-636.282
-253.739
-281.842
-689.908
-417.77
-282.102
-286.17
-260.214
-307.809
-287.594
-151.603
-110.99
-161.96
-100.863
-675.759
726.899
1640.65
2303.97
287.211
-99.2789
737.937
285.363
348.15
39.5887
-63.3455
-78.3751
-94.7779
-70.2427
-24.6903
73861.3
92503.5
993.405
5412.07
159828
137759
204126
200879
207675
196466
190528
195269
187244
191418
181066
185589
187695
109028
101693
110664
98922.6
127648
131287
134274
123831
135789
147224
139521
144399
157876
171307
161359
168896
118119
105351
116694
108016
150794
156975
159603
147174
166860
158621
162153
163354
157577
148865
153510
153601
170804
169755
174673
165155
135365
115355
4620.85
-377.082
4951.21
-80.0557
73041.7
75982.7
92336.7
18013.5
2056.43
-708.296
-708.188
1872.72
-456.329
-418.097
-461.206
-412.839
-557.602
-591.945
-595.496
-553.746
-567.694
-606.614
-571.02
-603.988
-585.661
-618.916
-587.262
-617.954
-475.303
-430.604
-472.356
-433.675
-580.771
-612.844
-614.643
-578.644
59240.5
56676.6
-719.97
-700.619
-701.953
-719.278
52.0493
-706.976
167.336
-705.308
99629.3
94182
89965.3
89279.9
83653.1
87947.6
85414.3
101914
103992
105904
99519.3
111435
120895
115294
117785
84574.5
75938.8
78876.7
82469
102622
104064
107247
98767.8
116039
120534
112641
117584
136253
137006
140287
132367
122994
115842
118949
120431
77096.6
76814.3
79967.9
73422.4
72859.4
70353.6
67435.2
75042.3
86019.1
93527.2
90328.3
89815.2
59568.5
75502.6
25431.1
23833.6
597.644
-681.583
-649.799
-653.935
-677.907
-691.532
-670.522
-695.641
-665.731
-536.258
-581.113
-541.283
-576.701
-394.947
-340.541
-388.316
-347.167
-521.396
-558.276
-563.524
-515.899
34325.8
36283.2
46681.3
-712.657
-694.739
-715.307
-691.507
-706.592
-680.597
-704.114
-683.605
-473.771
-513.446
-520.039
-466.879
-358.806
-318.252
-367.29
-309.664
-492.458
-543.075
-537.055
-499.052
38486.1
25488
69715.9
72559.6
73385.2
68523.6
51299.6
52470.3
54824.2
49026.1
58494.9
54385.4
58102.7
55094.6
35362.9
35902
37367.8
33527.3
31707.5
29821.8
32150.9
29128.7
38845.1
42674.5
41779
40048.8
61204.6
66810
64694.1
63768.6
46337.6
41631.7
44213.4
44213.7
52846.8
51436.2
54298.7
49606.3
35104
32180.6
32792.7
30141.7
33020.5
30130.6
41816.5
44838
44876.8
41515.7
30065
19457
-660.88
-636.054
-666.132
-630.148
10707.9
17806
11792.4
-647.86
-609.631
-615.111
-642.803
-223.818
-182.721
-234.443
-172.505
-355.907
-398.818
-408.442
-346.395
-379.026
-439.245
-388.114
-430.622
-439.33
-495.08
-447.149
-487.73
-269.787
-209.067
-260.677
-217.71
-418.398
-460.409
-468.166
-410.453
-714.468
5981.53
8697.63
5175.13
-603.898
-558.397
-566.047
-596.704
-621.017
-592.532
-627.871
-585.159
2831.06
1530.65
1898.33
2344.82
1872.63
-306.696
-304.137
-320.479
969.307
-269.095
-309.864
2209.03
731.231
-318.501
-332.636
5754.48
7606.56
7105.6
6155.32
20619.1
22909
22804.6
20912.1
14863.9
13210.4
14702.7
13518.5
15219.3
13444.9
15073.2
13456.2
14692.7
9404.35
10049.4
11116
20198.7
22825.1
22422.7
20428.7
13869.1
12446
12093.1
14357
3766.63
1954.29
-204.39
-40.2587
3462.6
2245.72
528.684
202.389
8369.34
9514.19
8365.76
9422.97
7683.72
8712.17
7441.35
9043.87
211.255
3373.05
-589.783
-737.123
-709.514
-274.494
-635.701
-452.993
-255.602
-286.669
-232.601
-209.351
-240.802
-282.107
-396.147
-279.925
-296.389
-304.36
-485.074
-460.904
-500.927
-444.624
-312.002
-374.836
-322.016
-364.515
-126.522
-65.8218
-117.645
-75.3658
-286.162
-327.7
-338.707
-276.272
-441.115
-105.752
516.679
-644.968
-566.136
-535.698
-575.922
-525.419
-540.834
-486.956
-529.038
-498.806
-204.959
336.153
217.232
135.719
-176.143
-201.672
-168.133
-284.544
-61.3906
-117.637
-140.746
-94.6086
-51.8792
-99.6306
-49.1526
-244.551
-304.149
-293.254
-253.466
210303
113126
106677
133981
138706
154683
-484.251
-470.696
-514.656
-520.972
7451.29
95539.7
96435.7
103307
136013
150461
71766.8
64379.8
-745.281
-448.21
-465.284
3773.8
-387.738
-365.718
66205.1
31982
25964.3
53904.5
61171.1
-743.563
-255.417
-228.713
-333.83
-357.591
-711.084
2302.53
18438.9
23769.9
16697.9
23829.9
5791.86
1378.2
-567.427
-227.452
-193.579
-218.941
-693.839
-132.437
-124.374
207107
184178
206398
191995
202975
169802
181087
189507
116425
122363
122067
134635
144789
113530
124386
158799
132531
149012
144240
185065
151386
176279
130911
125557
142329
162938
172261
134657
173403
187945
167204
139564
151440
153384
171548
166517
185253
154881
12118.2
-674.215
17083.7
-675.068
22989.1
11165.6
-673.028
-674.604
7126.74
-488.694
-500.491
-525.452
-621.842
-629.586
-513.243
-529.433
-637.98
-539.921
-632.144
-552.284
-644.103
-557.56
-643.408
-512.184
-504.086
-550.102
-639.614
-642.618
-543.047
12180.5
16358.5
3018.75
-659.677
-665.772
834.746
3397.13
-671.803
6482.14
-667.734
113386
95362
78019
89395.6
82626
99562.7
104760
112852
92989.7
102224
130362
111049
119962
93031.1
85850.5
99616.4
105183
115689
90622.2
131776
135196
136002
148999
124006
130811
108408
117175
120376
76217.3
76221.4
86418
67332.2
75097.2
82457.2
78921.7
100962
90519
87940.4
-704.323
-634.673
-596.943
-611.166
-626.676
-637.554
-629.094
-644.113
-616.369
-492.79
-618.449
-508.259
-607.97
-442.039
-423.676
-487.102
-591.438
-603.745
-470.229
3044.93
1082.58
-651.756
-656.718
655.521
-648.171
-650.533
-633.702
-646.607
-644.351
-436.851
-550.064
-565.948
-416.492
-395.416
-416.574
-443.977
-586.342
-571.712
-463.613
66640.9
74541.4
78624.5
63743.9
62548.3
51272.4
62903.5
50440.5
60461.6
51876.7
34502.7
41079.5
33228.6
27716
35108.9
26453.8
35441
46404.3
42960.6
38068.9
56081
72305.9
64665.4
62546
50873.3
43879.1
53507.7
49747.2
58884.3
45379.8
37894.5
47939.9
35624.4
27688.8
35650.8
27093.7
38616.1
47415.4
48480.4
38349
-613.657
-591.064
-623.189
-575.209
-734.903
-727.922
-609.668
-551.476
-568.594
-598.488
-265.605
-291.012
-313.074
-441.308
-463.317
-288.088
-322.44
-492.783
-346.94
-472.071
-386.529
-543.75
-408.818
-525.994
-325.071
-301.079
-378.369
-500.499
-519.034
-355.895
-725.145
-575.154
-495.546
-516.528
-559.602
-580.683
-544.149
-593.779
-524.982
3419.68
7568.54
2743.95
74.6133
4027.3
-196.299
3932.46
9614.51
8204.61
5243.44
18589.3
25177.8
24497.3
18834.9
16611.6
12104.8
16930.5
11512.1
16747.5
11993.4
9098.11
17468
25359.5
24561.9
18593.4
15415.6
11135.8
9781.41
16666
5549.25
249.764
4408.4
1021.47
6987.24
10664.7
6676.09
9878.96
5706.42
10669.1
-432.65
-227.872
-367.121
-242.087
-452.515
-408.58
-487.893
-391.49
-253.079
-431.279
-278.381
-406.313
-183.728
-158.998
-243.272
-369.212
-394.958
-218.261
-669.346
-533.245
-485.347
-552.534
-460.999
-524.335
-422.833
-499.808
-448.794
-185.858
-202.977
-318.793
-127.351
-134.001
-152.172
-192.26
-356.717
-339.334
-210.558
135267
130670
-295.996
-229.98
139887
144526
106079
62012.2
25984.3
27786.5
20141.2
22525.7
24234.6
22538.4
-309.51
-308.045
1314.86
1538.84
99550.8
103869
108229
4372.44
3291.59
5581.95
6928.14
172883
168109
82623.9
79498.2
42069.4
42432
12275.1
-275.643
-234.414
78.8021
82799.9
196862
201669
203538
215487
198997
219316
208104
104942
111622
90918.3
95445.7
108279
98217.4
134902
121567
113593
137908
126790
110895
153133
164053
157696
159844
148543
144004
70489
67598.3
26723.7
61842
59204.5
64518.7
28891
67276.9
-446.559
-479.918
-387.326
-402.759
-475.66
-432.269
-517.151
-480.688
-450.284
-519.545
-488.836
-440.439
9680.57
36356.4
38367.3
34426.3
8515.41
32535.7
82995
90917.4
87067.8
86898.3
78945.6
74993.8
89228.2
98212.7
88027.1
83006.8
101611
96313.4
130414
141091
125946
145334
134938
139442
68004.1
69722.1
57223.7
63105.8
66440.9
60530.6
31573.4
51550.1
54069.5
-747.913
12476.1
13558.6
11461.9
-746.865
10473.9
-454.124
-407.217
-381.093
-460.138
-426.463
-360.85
4616.23
27283.6
25639
28965.9
5483.88
30729.8
-380.723
-342.913
-270.465
-372.169
-320.496
-293.734
55989.9
27671.7
25038.5
63477.4
70371.5
59803.8
74170.3
67257.2
71070.7
31175.4
30117.5
24424
29663.8
27752.5
25116.3
55967.2
50993.7
54415.2
59100.2
58322.2
48496.3
27929.6
31872.3
30642.1
29145.7
25305.8
22822.6
19329.2
7613.12
6580.12
-739.814
7839.99
7037.18
8665.91
-741.608
9555.84
-205.783
-247.353
-128.374
-154.605
-237.922
-178.743
-341.473
-285.962
-261.757
-350.627
-311.96
-234.857
-707.567
1268.87
1690.79
891.478
-703.93
535.471
646.795
1232.71
1457.74
346.75
18019.7
20042.9
22441.8
17706.4
22064.5
23386.5
19003.9
16052.5
14051.4
21257.3
18195.6
20436.7
6095.92
4431.61
2186.15
6246.64
2915.62
1784.67
-482.989
-592.965
-786.491
-279.191
-201.64
-143.954
-118.787
-211.393
-169.503
-92.9497
-285.804
-683.795
-494.706
-688.964
-51.7558
227.988
-104.871
-85.929
-85.1378
-9.59186
-98.6112
-47.5517
1060.35
839.573
1176.79
86899.5
91053.5
117100
8417.05
192053
211674
199614
191137
215736
193305
188140
189855
201197
194413
197207
185252
180678
195973
198363
173873
177732
188837
177067
194162
183097
117822
106673
102222
121078
112952
98261.6
129873
119029
137612
127629
137904
141876
116613
121520
127375
133655
150761
156042
129603
141561
140811
151854
146953
156170
174592
182699
148750
162955
165542
178746
129861
120252
104945
126727
114481
108289
152614
139542
165606
153492
163021
169692
137518
145243
166877
178613
162300
182728
171491
176066
162231
162485
143755
145279
157047
147266
158107
148942
176257
166158
173166
162403
180565
179297
161674
159030
95694
73434.9
76434.1
13970
3358.47
797.653
-674.571
15081
6416.1
-708.882
-674.665
21356.6
54131.3
56645.8
51695.7
19528.6
49305
3112.86
9464.96
-673.454
-709.458
-707.208
-674.255
8665.49
999.484
-492.847
-451.414
-422.917
-497.133
-465.079
-407.875
-561.34
-521.404
-624.857
-588.425
-597.956
-627.44
-517.385
-550.377
-532.838
-564.808
-608.597
-636.599
-536.752
-573.974
-601.092
-634.347
-554.113
-584.34
-619.198
-644.472
-556.218
-588.31
-616.876
-643.965
-510.062
-477.965
-427.203
-507.263
-468.997
-437.191
-582.575
-548.01
-641.052
-611.003
-615.521
-642.222
-545.538
-576.715
13467.8
42558.3
40421.4
44736.7
14954.7
46997.7
-594.657
1981.84
-661.53
-700.261
-704.065
-663.773
1709.84
-719.981
4602.22
-493.755
-708.468
-670.554
5108.44
859.76
-705.639
-668.863
104376
95409.1
91229.4
99671.5
108534
103939
93580.1
90998.6
81885.2
80152.8
91511.8
85436.1
86880
81223.3
104028
97517.3
107635
100663
108305
110383
95900.9
97028.1
105374
108989
124575
127324
107927
117677
114092
123043
87179
91174
74654.6
80074.2
87768.2
79837.5
105121
96452
108316
100385
110941
112575
93794.1
96221.6
126759
117057
121470
112638
122526
108288
139888
131628
140627
131806
144284
144932
128714
128197
126153
127580
112180
112555
121786
114408
124090
116202
79688.7
73105.5
79285.7
73321.9
83527.7
83313.7
70400.9
70839.7
70211.3
77111.8
71714.9
66001.9
80481.8
77689.2
83433.5
82072.7
97818
97179.7
86714.6
93649.5
84773.4
92388.4
33555.1
35589.4
49085.6
15860.1
-303.658
14672.8
83.4933
17077.2
18369.8
-685.587
-633.117
-601.498
-646.932
-658.757
-606.701
-629.899
-675.99
-640.531
-689.914
-674.909
-625.04
-642.821
-699.481
-663.404
-620.402
-497.826
-531.907
-584.6
-615.57
-503.364
-545.983
-572.282
-611.719
-436.367
-400.779
-333.849
-430.36
-381.632
-354.009
-526.728
-481.581
-595.897
-553.441
-567.529
-600.152
-475.871
-511.167
22552.6
2308.28
24076.1
1706.02
21107.5
19698.7
-180.215
-712.379
-697.77
-653.903
-66.3193
-717.728
-690.453
-650.822
-650.751
-709.486
-678.76
-637.037
-648.722
-703.175
-687.228
-640.905
-480.226
-430.137
-555.654
-507.741
-525.248
-561.269
-422.77
-461.283
-402.763
-350.885
-326.078
-410.279
-374.177
-301.833
-486.817
-450.284
-582.14
-548.045
-531.486
-576.828
-457.441
-505.156
30408.8
33252.7
70616.6
65798.2
75977.1
70779
74500.8
77446.8
65194.6
67384.2
58566.2
52675.7
56182.7
49222.9
55052.7
45890.2
62252.1
59091.3
53793.1
51303.1
61311.4
56957.3
55510.2
51509.1
36427.8
33099.4
37518.3
39100.1
39719.8
31917.7
33843.9
30822.7
29957.3
27362.1
34781.9
32720.4
28723.8
27098
37981.1
36608.2
45609.6
43754.3
40303.9
44106.9
37261.5
40594.5
59024
58687.8
70214.6
69289
61654.3
67250.4
60455.7
65490.4
48821.1
48827.6
40005.5
45900
41786.5
45831.2
55312.4
50651.2
52509.9
48360.3
57495.9
56023.8
48144.7
47202.8
41227.9
36424.1
33489.2
39488.6
44374.1
42623.6
35762.7
32629.9
30310.7
27710.3
35630.1
32832.8
29855.3
27382.3
41837.8
38629.4
47775.1
44229.9
45042.6
48269.5
38734.4
41357.2
16336.7
9832.55
-617.666
-658.37
-641.52
-586.148
-621.003
-670.99
-626.843
-580.189
5580.14
-732.809
6295.71
-730.779
4919.98
4280.93
-652.806
-607.266
-556.817
-605.691
-620.816
-563.472
-602.729
-639.91
-272.262
-215.846
-191.685
-283.345
-242.749
-164.214
-363.309
-305.583
-448.379
-391.725
-414.642
-457.194
-295.774
-339.379
-329.437
-372.286
-445.661
-486.843
-339.453
-395.611
-423.779
-478.627
-393.481
-433.038
-500.915
-538.7
-401.929
-454.068
-481.48
-531.939
-317.569
-277.23
-201.201
-308.737
-252.799
-226.064
-425.262
-371.312
-506.699
-454.12
-473.921
-513.723
-362.925
-404.149
2627.65
-718.921
2135.47
-721.927
3137.98
3698.02
-609.807
-571.714
-501.892
-552.98
-572.626
-510.587
-565.459
-592.183
-586.033
-617.256
-598.805
-538.413
-590.674
-633.55
-580.52
-530.741
4722.96
3440.5
2396.02
4601.91
6034.57
5865.13
3143.34
1527.59
1306.34
-71.7594
3535.04
2668.86
521.319
-161.251
5278.31
4343.84
9097.18
8010.72
6644.78
8716.79
4824.88
6671.93
20558.8
18838.5
25194
23083.4
22374.4
24712.6
18808.4
20767.8
16533.4
15110.3
11972.1
16039.1
13476.9
11999.2
16861
15128.9
13113.3
11713.6
16994.1
14976.6
13628.5
11954.4
12650.6
10410.5
12161
8768.05
10880.3
7261.39
19741
17915.6
25069
22942.7
22040
24939
18370.5
20805.6
13386.1
15917.9
10771.5
12936.9
11569.8
10269.6
16218
14662.3
5177.71
4196.32
1581.91
461.656
4850.68
3009
2628.09
715.246
7112.79
8141.28
10656.8
7315.35
9404.39
10805.7
6445.96
8021.97
8430.33
10267.1
6042.02
7005.17
9192.35
10405.1
-264.147
1043.25
-859.155
-610.089
-834.435
-623.166
-874.308
-891.003
-460.975
-403.472
-237.231
-262.684
-421.623
-376.14
-232.734
-274.303
-465.707
-481.474
-466.438
-404.405
-478.668
-508.334
-446.118
-389.974
-260.67
-304.385
-381.767
-424.427
-270.949
-329.8
-356.606
-414.096
-177.298
-134.37
-60.2992
-166.65
-110.916
-82.7389
-294.038
-235.755
-376.78
-320.032
-345.782
-387.908
-225.673
-268.799
-797.543
-662.491
-659.496
-655.51
-885.112
-894.775
-541.004
-560.147
-543.28
-478.483
-547.899
-582.927
-518.843
-468.225
-518.551
-548.271
-480.358
-429.794
-509.227
-522.463
-506.668
-441.846
-229.665
-191.659
-131.269
-167.462
-275.411
-301.569
-125.041
-154.662
-139.875
-90.8192
-53.4725
-148.214
-104.662
-47.1615
-240.767
-196.824
-352.071
-309.303
-291.46
-339.583
-205.035
-259.589
389.46
537.989
274.992
)
;
    }
    procBoundary6to2
    {
        type            processor;
        value           nonuniform List<scalar> 
65
(
51700.6
5533.45
183261
186286
156440
139798
137488
115007
38090.2
14023.5
196547
204584
70671.7
6577.71
152128
152128
104173
104173
104173
162463
92476.1
64666.7
6503.08
220320
213733
204831
215707
212646
174087
87505.9
127935
108927
87505.9
115875
141533
130423
31414.9
-2731.55
-3335.71
-3167.09
226471
188882
179212
155490
166309
-1061.64
-456.321
17816.2
6498.59
-3380.55
-2027.08
-2545.13
-3581.38
204584
196547
196547
213733
220320
56438.7
68655.5
214540
163489
204831
114275
114275
)
;
    }
    procBoundary6to7
    {
        type            processor;
        value           nonuniform List<scalar> 
328
(
39674.9
30420.8
14353.4
40637.8
84097.9
85429.3
44653.4
103639
103050
6481.73
-3502.87
-1802.78
8338.53
-2221.77
-4398.37
82125
80705.2
54015.8
55831.8
6174.13
-1710.06
-3343.5
3923.84
-2093.53
-934.985
16207.4
23531
25178.4
28787.2
51837
50010.6
1969.59
-687.119
-87.3418
3616.97
-815.69
-1906.59
21817.4
20242.4
1654.63
1827.14
-13.164
-541.612
1040.69
36223.8
34886.1
8991.63
7313.57
42933.7
94341.8
93308.9
43504.3
96025.5
96957
7351.46
-2033.82
-3936.36
7618.9
-4063.92
-2095.56
69762.9
71411.6
67613.9
65912.5
5212.37
-2829.78
-1401.12
4886.31
-1287.26
-2648.91
21770.5
36110.8
34320.1
23586.5
38145.9
39967.7
2540.62
-364.871
-1179.45
2780.54
-1355.88
-472.791
11687.9
12968.7
10513.8
9353.44
1401.53
-176.934
132.612
1150.82
148.353
-102.715
38618.6
31979
12522.6
41498.9
88575.6
87329.7
44362.2
100899
101603
6783.44
-1887.27
-3651.42
8112.56
-4295.33
-2185.02
77173.4
78683.4
59807.4
58017.3
5857.8
-3176.33
-1610.91
4239.87
-1053.87
-2277.35
18067.2
28697.2
26982
27104.4
46011.5
47847.9
2133.81
-170.543
-841.601
3322
-1719.86
-697.268
17152.1
18648.3
3264.06
3264.06
3264.06
3264.06
3264.06
3264.06
1699.26
-405.062
50.4844
727.315
727.315
727.315
727.315
727.315
727.315
37459.4
33473.8
10722.7
5727.08
42265.3
90404.1
91545.6
43975.9
99379.6
98556.7
7072.95
-3798.75
-1962.42
7873.01
-2146.44
-4180.82
75107.4
73523.8
61990.3
63744.5
5537.59
-1510.57
-3002.41
4561.41
-2465.17
-1170.54
19926.3
30588.9
32345.1
25363.1
43889.4
42048.9
2323.94
-1008.25
-262.489
3042.06
-584.945
-1534.51
15689.1
14291.1
7280.09
8320.47
1563.66
98.842
-282.151
863.75
-33.6861
146.077
375.12
807.027
430.259
85429.3
84097.9
87329.7
88575.6
103050
103639
101603
100899
-1802.78
-3502.87
-3651.42
-1887.27
-4398.37
-2221.77
-2185.02
-4295.33
80705.2
82125
78683.4
77173.4
55831.8
54015.8
58017.3
59807.4
-3343.5
-1710.06
-1610.91
-3176.33
-934.985
-2093.53
-2277.35
-1053.87
25178.4
23531
26982
28697.2
50010.6
51837
47847.9
46011.5
-87.3418
-687.119
-841.601
-170.543
-1906.59
-815.69
-697.268
-1719.86
20242.4
21817.4
18648.3
17152.1
3883.25
2761.21
5252.89
6287.29
-541.612
-13.164
50.4844
-405.062
47.0285
-48.3412
48.1709
138.207
93308.9
94341.8
91545.6
90404.1
96957
96025.5
98556.7
99379.6
-3936.36
-2033.82
-1962.42
-3798.75
-2095.56
-4063.92
-4180.82
-2146.44
71411.6
69762.9
73523.8
75107.4
65912.5
67613.9
63744.5
61990.3
-1401.12
-2829.78
-3002.41
-1510.57
-2648.91
-1287.26
-1170.54
-2465.17
34320.1
36110.8
32345.1
30588.9
39967.7
38145.9
42048.9
43889.4
-1179.45
-364.871
-262.489
-1008.25
-472.791
-1355.88
-1534.51
-584.945
12968.7
11687.9
14291.1
15689.1
9353.44
10513.8
8320.47
7280.09
132.612
-176.934
-282.151
98.842
-102.715
148.353
146.077
-33.6861
2563.9
1651.35
2125.76
)
;
    }
}


// ************************************************************************* //
