/*--------------------------------*- C++ -*----------------------------------*\
| =========                 |                                                 |
| \\      /  F ield         | OpenFOAM: The Open Source CFD Toolbox           |
|  \\    /   O peration     | Version:  2012                                  |
|   \\  /    A nd           | Website:  www.openfoam.com                      |
|    \\/     M anipulation  |                                                 |
\*---------------------------------------------------------------------------*/
FoamFile
{
    version     2.0;
    format      ascii;
    class       volScalarField;
    location    "0.108/solid";
    object      sigmaEq;
}
// * * * * * * * * * * * * * * * * * * * * * * * * * * * * * * * * * * * * * //

dimensions      [1 -1 -2 0 0 0 0];


internalField   nonuniform List<scalar> 
3124
(
1.50177e+08
5.47038e+08
1.11131e+10
1.88185e+09
6.46506e+08
2.30937e+08
4.23654e+08
3.33493e+08
1.88957e+08
6.57761e+09
2.07759e+09
1.04631e+10
3.76675e+08
8.22354e+08
6.66781e+09
1.01171e+08
7.4566e+08
5.33745e+08
2.43618e+08
5.9245e+08
1.96089e+08
4.32292e+08
1.7676e+08
4.73357e+08
3.15158e+09
3.69529e+09
3.70721e+08
2.47744e+08
2.35041e+08
1.91934e+08
5.37164e+08
3.90795e+08
2.91131e+08
6.34966e+08
4.43754e+07
8.11487e+07
1.75853e+08
1.32107e+08
1.19978e+08
1.22631e+08
1.14904e+08
9.33784e+07
6.03993e+08
3.30913e+09
5.06086e+09
2.75395e+09
6.98317e+09
5.26067e+09
1.29368e+11
9.73384e+09
1.13433e+09
1.08084e+09
1.3264e+08
1.21733e+08
1.88276e+08
2.33695e+09
7.00198e+08
4.92258e+08
9.39264e+08
2.23677e+08
6.21378e+08
3.81266e+08
2.55414e+08
1.62162e+08
2.72666e+08
1.69308e+08
2.24523e+08
4.02847e+08
1.26122e+08
1.36425e+08
3.49843e+09
1.48187e+09
8.96552e+08
5.86722e+07
4.8023e+08
2.94346e+09
1.14027e+11
3.9389e+09
9.88962e+08
7.72009e+08
2.84543e+08
3.05937e+09
7.63496e+08
1.60087e+09
5.81211e+09
1.01452e+09
5.3718e+07
8.30232e+07
1.39713e+08
1.41524e+08
2.26286e+08
8.72644e+07
1.43467e+08
3.07089e+08
4.95572e+07
1.114e+08
6.12263e+07
1.25681e+08
3.10069e+08
2.50661e+08
1.06209e+09
2.98547e+08
1.15976e+08
1.24019e+08
9.34408e+08
1.68692e+08
2.50847e+08
3.4443e+08
3.61419e+08
1.16212e+08
1.21594e+08
1.31199e+08
2.54634e+08
1.39438e+08
1.5315e+08
2.82792e+08
1.41512e+08
1.2439e+08
1.15903e+08
9.7706e+07
8.55591e+07
9.88913e+07
8.85799e+07
1.55919e+09
1.47979e+09
1.65015e+08
2.08497e+08
1.19355e+08
8.61315e+07
1.04145e+08
1.05608e+08
1.01037e+08
9.66953e+07
1.80604e+09
6.41768e+08
1.08355e+09
9.90687e+08
1.37174e+09
1.29948e+09
1.24055e+09
2.14012e+10
1.04556e+10
1.00082e+10
1.91765e+10
8.88746e+09
2.22843e+10
1.73779e+10
4.64589e+09
1.19509e+09
2.10349e+09
8.42041e+08
7.0763e+08
8.62947e+08
2.48438e+08
1.88283e+08
2.00921e+08
8.67928e+07
8.80304e+07
6.92999e+08
3.01906e+08
8.27103e+08
8.7155e+08
1.1996e+09
5.75335e+08
4.98208e+08
2.66823e+08
2.54101e+08
2.68544e+08
2.47489e+08
2.93799e+09
7.07779e+09
6.06314e+09
3.99677e+09
6.65941e+09
3.53089e+09
3.60569e+09
5.76671e+09
2.18792e+09
8.66988e+09
2.30718e+10
8.66907e+09
1.52603e+10
1.07822e+10
1.5984e+10
9.35591e+09
1.51096e+10
4.6305e+08
1.07431e+09
6.39213e+08
3.301e+09
7.06665e+09
3.96611e+09
6.75429e+09
3.71092e+09
7.56626e+09
3.88895e+09
7.43304e+08
8.70303e+08
1.05972e+09
7.44763e+07
6.56418e+07
6.61556e+08
3.55462e+08
4.49275e+08
2.62785e+08
2.83457e+08
3.07502e+08
6.57679e+08
4.6202e+08
5.32398e+08
8.25461e+07
8.89025e+07
1.68964e+08
2.1311e+08
1.78509e+08
2.93314e+08
3.64335e+08
2.57785e+08
1.56019e+08
1.56004e+08
1.40484e+08
6.77489e+07
7.327e+07
7.42941e+07
1.54591e+09
1.05967e+09
1.04325e+09
8.03039e+08
1.55713e+09
1.17434e+09
2.28105e+09
1.5238e+09
1.30759e+09
1.69891e+09
1.56355e+09
1.22918e+09
1.70356e+09
3.83105e+09
2.05344e+09
2.01855e+09
2.05738e+09
1.9316e+09
1.33182e+09
4.21683e+08
4.54899e+08
5.34956e+08
3.99692e+08
4.41727e+08
3.58848e+08
4.55745e+08
3.56796e+08
5.97794e+08
4.52086e+08
3.94504e+08
4.44629e+08
3.47308e+08
3.51037e+08
2.96085e+08
2.45166e+08
2.67906e+08
4.15702e+08
3.61468e+08
4.65195e+08
5.16896e+08
4.11766e+08
6.23323e+07
1.14973e+08
9.87788e+07
1.66751e+08
1.53114e+08
1.07695e+08
4.53422e+07
6.22838e+07
1.52271e+08
7.37999e+07
8.59498e+07
1.02175e+08
1.04999e+08
1.1127e+08
1.22925e+08
1.13313e+08
1.1089e+08
1.23509e+08
1.13114e+08
1.07364e+08
1.08412e+08
1.02135e+08
8.57567e+07
9.15077e+07
1.01116e+08
8.94442e+07
9.60585e+07
1.89384e+09
6.71932e+08
1.31138e+09
9.62745e+08
1.70211e+09
1.40149e+09
1.28392e+09
2.34191e+09
1.96317e+09
3.47229e+09
4.37391e+09
5.55551e+09
1.71545e+09
2.45238e+09
2.4777e+09
6.3508e+09
2.64927e+09
5.20121e+09
2.28858e+09
6.09444e+09
2.7525e+09
9.24367e+08
3.98957e+09
2.13015e+09
4.78762e+10
3.354e+10
7.59748e+09
4.5908e+09
1.45952e+10
3.10361e+09
2.35218e+10
1.67063e+10
7.77221e+09
4.42533e+09
7.73267e+09
7.64951e+09
7.8181e+09
1.19115e+10
2.87535e+10
5.32179e+10
1.32213e+11
5.60353e+10
4.82736e+10
3.20456e+10
3.58085e+10
1.99472e+10
9.02542e+09
9.5505e+09
2.1749e+10
8.46006e+09
3.21662e+10
1.82776e+10
1.20329e+09
1.18295e+09
1.75999e+09
9.01875e+08
1.08339e+09
9.25668e+08
1.74075e+08
1.3757e+08
1.82063e+08
9.36879e+07
1.25358e+08
9.59014e+07
3.59847e+08
4.11479e+08
6.37591e+08
2.19847e+08
3.55595e+08
2.85346e+08
3.102e+08
4.03333e+08
3.6624e+08
8.23975e+08
1.45586e+09
2.84565e+09
1.55717e+09
1.48725e+09
1.46997e+09
9.96436e+08
6.48736e+08
6.00367e+08
5.35071e+08
9.81376e+08
4.52757e+08
1.05548e+09
6.5973e+08
1.5978e+08
3.70391e+08
3.10808e+08
4.19344e+08
2.16281e+08
1.70624e+08
4.87546e+08
2.6985e+08
3.16324e+08
2.7037e+08
3.99138e+08
5.03964e+08
1.08125e+09
8.49642e+08
8.38774e+08
5.00112e+08
4.54757e+08
3.22987e+08
6.7191e+08
3.22628e+08
2.46311e+08
5.78157e+08
4.1056e+08
7.26503e+08
2.83372e+08
7.32351e+08
4.19235e+08
4.45575e+08
4.93055e+08
3.43114e+08
3.79793e+08
4.69011e+08
4.48548e+08
3.55885e+08
4.00029e+08
3.11982e+08
3.23983e+08
2.55942e+08
3.931e+08
3.00784e+08
3.30292e+08
3.6684e+08
3.09797e+08
1.29224e+08
2.31029e+08
2.82668e+08
3.41791e+08
1.25907e+08
3.13721e+08
1.96063e+08
2.54663e+08
2.67107e+09
4.85106e+09
3.55558e+09
2.22923e+09
5.95529e+09
1.73978e+09
2.96471e+09
2.20246e+09
2.28452e+09
1.27589e+09
1.35586e+09
1.04333e+09
2.59029e+09
2.1306e+09
1.99237e+09
5.66359e+08
1.37306e+09
1.13304e+09
1.27308e+09
9.1864e+08
1.79089e+09
3.42014e+08
3.09733e+08
1.1105e+08
1.9181e+08
1.37813e+08
2.10839e+08
2.76976e+08
1.65379e+08
3.51969e+08
1.54127e+08
2.30106e+09
1.38877e+10
9.79005e+09
3.54339e+10
4.05199e+10
5.55383e+11
6.32837e+10
2.88562e+10
9.58178e+10
2.83088e+10
2.35081e+10
1.05464e+10
1.5488e+10
8.74113e+09
2.31131e+10
3.29151e+10
7.92267e+10
5.4117e+10
3.3131e+10
5.12766e+08
4.72783e+08
4.67607e+08
5.76419e+08
6.29035e+08
9.41183e+08
8.55448e+08
6.80794e+08
3.41405e+08
4.28041e+08
4.84814e+08
1.83537e+09
1.43883e+09
9.41664e+08
5.9913e+08
1.01051e+09
6.94929e+08
1.86678e+09
2.36493e+09
1.42128e+09
1.64393e+09
2.72783e+09
1.30497e+09
2.45386e+09
2.71931e+09
6.94258e+09
2.06755e+09
7.37868e+09
3.1511e+09
1.93077e+09
1.42576e+09
1.6404e+09
1.04904e+09
2.21734e+09
1.45133e+08
1.16458e+08
9.06045e+07
1.13808e+08
1.0824e+08
1.31719e+08
1.28488e+08
1.95163e+08
1.19783e+08
2.57574e+08
2.01828e+08
2.67904e+08
1.9081e+08
1.61584e+08
1.31255e+08
7.65208e+07
4.74775e+07
5.14835e+07
5.70502e+07
9.47234e+07
1.98627e+08
9.37013e+07
1.32203e+08
1.69693e+08
1.1354e+08
6.18944e+07
7.63924e+07
1.07824e+08
1.18959e+08
1.39059e+08
7.88808e+07
2.20603e+08
5.11384e+07
1.89058e+08
1.3531e+08
5.49557e+07
2.82816e+08
6.05839e+07
5.48685e+08
3.58899e+08
8.3134e+08
1.06973e+09
9.12526e+08
1.0808e+09
3.724e+08
6.77495e+08
8.43673e+08
4.38363e+07
5.44925e+07
9.25284e+07
1.18965e+08
8.8035e+07
7.35113e+07
1.21136e+08
8.04388e+07
7.93736e+08
7.2176e+08
5.70646e+08
2.71088e+08
1.94745e+08
3.41354e+08
5.27723e+08
2.22548e+08
4.26766e+08
2.96098e+08
3.80221e+08
3.23092e+08
4.31966e+08
4.04183e+08
4.90623e+08
9.81903e+07
9.39606e+07
9.69943e+07
1.18305e+08
1.01125e+08
1.08036e+08
1.20175e+08
1.04882e+08
1.46713e+08
1.3556e+08
1.53014e+08
2.31271e+08
2.00962e+08
1.88138e+08
1.37697e+08
1.64163e+08
1.57915e+08
2.23227e+08
1.47175e+08
1.97774e+08
3.17606e+08
2.15949e+08
2.34452e+08
1.43889e+08
1.71782e+08
1.82304e+08
1.37506e+08
1.16033e+08
1.26362e+08
1.35243e+08
1.09912e+08
1.24693e+08
1.06977e+08
1.03118e+08
1.14641e+08
7.97309e+07
7.36655e+07
7.08412e+07
6.93734e+07
8.26177e+07
7.80093e+07
7.58732e+07
8.4866e+07
9.62834e+07
8.45401e+07
7.20687e+07
7.32136e+07
9.21164e+07
8.00258e+07
8.219e+07
1.46832e+09
2.79901e+09
1.06174e+09
1.49803e+09
2.01699e+09
7.90756e+08
2.12592e+09
4.54368e+08
4.56517e+08
7.11794e+08
6.11377e+08
5.00161e+08
4.21679e+08
6.53371e+08
1.7449e+08
2.29253e+08
1.82335e+08
2.16679e+08
1.84839e+08
1.72081e+08
2.16052e+08
3.15918e+09
3.36687e+09
1.03137e+09
2.07234e+09
2.47371e+09
1.26775e+09
3.81311e+09
3.80178e+08
3.95189e+08
3.28717e+08
3.09305e+08
2.95572e+08
3.64976e+08
3.38535e+08
2.04906e+08
2.42718e+08
1.91916e+08
2.57691e+08
1.94579e+08
2.01201e+08
2.56057e+08
3.71346e+08
4.12576e+08
5.68969e+08
5.40511e+08
4.00233e+08
3.78869e+08
5.31024e+08
5.0767e+08
3.27713e+08
4.49941e+08
2.6361e+08
2.85627e+08
3.40481e+08
5.6266e+08
2.63563e+08
2.10936e+08
2.8462e+08
2.5263e+08
2.74772e+08
4.23497e+07
5.54604e+07
7.34199e+07
9.5314e+10
1.02383e+11
6.53522e+08
1.18447e+09
8.41806e+08
8.7945e+08
6.20113e+08
8.65794e+08
8.92457e+08
5.85439e+08
1.01806e+09
7.95241e+08
8.66496e+08
6.12193e+08
7.50913e+08
8.51156e+08
1.16921e+08
1.46197e+08
1.07787e+08
1.30426e+08
1.06744e+08
1.17953e+08
1.42954e+08
8.90899e+07
1.10648e+08
9.9035e+07
1.18802e+08
9.73394e+07
9.06862e+07
1.08678e+08
2.14965e+08
3.06025e+08
4.54688e+08
4.68925e+08
5.18389e+08
3.2499e+08
3.05387e+08
2.47549e+08
5.51358e+08
3.16254e+08
2.47065e+08
3.96742e+08
2.81525e+08
2.23501e+08
1.81144e+08
1.90494e+08
1.5243e+08
3.66667e+08
4.587e+08
4.15487e+08
2.30725e+08
2.97596e+08
2.35471e+08
1.80756e+08
1.18321e+08
1.35299e+08
5.58283e+09
2.20183e+09
4.43598e+09
6.92608e+09
6.44003e+09
4.32639e+09
5.96492e+09
1.1687e+10
6.07351e+09
4.92993e+09
8.11951e+09
7.31754e+09
5.33726e+09
9.44209e+09
5.01985e+08
5.30022e+08
8.90524e+08
1.01571e+09
5.15363e+08
8.38399e+08
5.68183e+08
1.13134e+08
7.23023e+07
5.51516e+07
5.86706e+07
8.46911e+07
6.10736e+07
6.78397e+07
2.75191e+08
1.60822e+08
1.61891e+08
1.35111e+08
3.24516e+08
1.71906e+08
1.40274e+08
6.3904e+07
3.94532e+07
4.53512e+07
6.35943e+07
2.25888e+08
1.60422e+08
6.75313e+07
6.86861e+07
1.17132e+08
1.03521e+08
2.53606e+08
3.26728e+08
2.54883e+08
3.46749e+08
2.63965e+08
2.45435e+08
3.30072e+08
2.85853e+08
3.82386e+08
2.66043e+08
3.65e+08
2.73447e+08
2.76841e+08
3.84564e+08
1.57937e+09
1.30813e+09
1.4241e+09
1.46309e+09
1.74753e+09
1.43757e+09
1.53884e+08
3.85797e+08
2.10412e+08
2.99715e+08
1.16779e+08
1.01028e+08
1.12431e+08
1.43455e+08
1.52738e+08
2.4703e+08
1.26799e+08
2.82842e+08
8.60685e+07
1.28029e+08
1.22367e+08
8.69702e+07
8.37585e+07
1.01719e+08
9.005e+07
7.17995e+07
1.10319e+08
1.94787e+08
1.11091e+08
1.86053e+08
1.01919e+08
1.02649e+08
1.01676e+08
1.03124e+08
9.66373e+07
9.60159e+07
9.72982e+07
9.70829e+07
1.00791e+08
1.01393e+08
1.00232e+08
1.02027e+08
9.42816e+07
9.35786e+07
9.54257e+07
9.28152e+07
9.32571e+07
9.443e+07
9.09582e+07
8.9418e+07
9.7077e+07
9.94177e+07
9.81766e+07
9.80565e+07
1.30784e+09
1.68758e+09
1.7361e+09
1.50783e+09
1.40692e+09
1.62753e+09
1.41378e+09
9.84855e+08
7.72476e+08
1.00729e+09
1.0892e+09
8.87899e+08
1.10516e+09
8.51453e+08
1.21002e+09
1.53381e+09
1.32223e+09
1.16649e+09
1.07644e+09
1.46696e+09
1.29459e+09
1.06563e+09
1.26032e+09
9.63326e+08
1.17565e+09
1.13361e+09
1.19377e+09
9.11041e+08
1.67022e+10
1.5994e+10
2.39799e+10
1.99581e+10
1.76794e+10
1.48227e+10
2.29801e+10
1.2295e+10
1.17795e+10
9.37904e+09
8.57224e+09
9.16981e+09
1.28252e+10
1.11323e+10
1.73393e+10
2.49924e+10
1.55449e+10
2.34746e+10
1.5633e+10
1.79235e+10
2.49832e+10
2.36159e+09
3.46463e+09
3.73805e+09
3.18425e+09
2.65019e+09
8.82458e+08
1.24662e+09
7.12789e+08
1.16645e+09
6.44277e+08
6.3271e+08
1.53588e+09
1.45037e+09
2.74172e+09
1.36999e+09
9.17043e+08
1.9093e+09
4.77241e+08
7.71624e+08
6.03496e+08
7.42262e+08
5.53137e+08
5.16303e+08
6.97958e+08
6.06233e+08
6.31719e+08
7.56097e+08
5.66986e+08
6.69946e+08
6.30627e+08
7.47306e+08
8.04245e+08
6.68228e+08
7.08039e+08
1.76822e+08
2.2691e+08
2.34396e+08
1.87499e+08
2.13518e+08
1.63995e+08
2.03962e+08
1.505e+08
1.87036e+08
1.62018e+08
1.52107e+08
2.021e+08
1.64832e+08
2.18363e+08
1.83705e+08
1.52154e+08
1.99279e+08
7.17223e+07
8.4333e+07
6.98802e+07
6.12874e+07
8.14535e+07
6.68675e+07
6.64808e+08
8.7382e+08
6.52522e+08
6.1601e+08
5.41109e+08
8.1126e+08
7.37487e+08
6.64617e+08
6.90561e+08
8.9594e+08
7.41807e+08
7.78341e+08
7.69349e+08
5.96969e+08
8.04251e+08
1.04062e+09
1.14701e+09
1.02702e+09
9.52918e+08
9.92347e+08
8.77945e+08
5.47054e+08
5.41121e+08
4.24315e+08
6.16643e+08
4.58166e+08
6.3633e+08
5.07756e+08
2.81149e+08
2.18997e+08
4.04552e+08
2.56379e+08
2.1258e+08
4.58347e+08
3.14562e+08
4.08894e+09
3.82269e+09
3.1318e+09
2.93911e+09
4.09178e+09
3.81754e+09
3.17002e+09
5.65618e+09
7.10915e+09
7.13772e+09
5.65267e+09
7.26954e+09
5.70056e+09
5.55785e+09
5.45611e+09
5.06828e+09
7.10601e+09
6.53494e+09
7.00761e+09
5.38227e+09
5.04917e+09
4.34119e+09
3.34696e+09
4.52137e+09
3.44946e+09
4.44915e+09
4.3491e+09
3.3116e+09
5.20329e+09
4.25287e+09
6.67134e+09
4.23094e+09
4.91548e+09
3.93479e+09
2.09746e+09
2.43617e+09
4.74829e+09
1.92787e+09
4.84566e+09
4.26642e+09
6.13119e+09
7.53178e+09
6.1216e+09
6.93752e+09
5.49376e+09
1.19718e+10
1.56265e+10
1.59426e+10
2.13893e+10
1.20642e+10
1.48698e+10
1.48996e+10
9.68105e+09
8.50002e+09
1.07402e+10
8.62842e+09
1.08225e+10
8.53497e+09
1.01101e+10
1.12164e+10
1.3553e+10
1.32595e+10
1.97154e+10
1.38541e+10
1.18819e+10
1.36656e+10
1.06237e+10
1.1851e+10
8.9177e+09
9.68957e+09
9.17433e+09
1.03566e+10
1.17576e+10
5.8417e+08
5.31989e+08
3.47013e+08
7.30713e+08
4.40243e+08
7.10084e+08
8.46614e+08
3.71259e+08
6.20127e+08
1.21048e+09
1.03701e+09
7.8671e+08
6.19721e+08
3.39764e+08
4.39322e+08
4.44245e+08
5.55415e+09
7.0026e+09
5.7569e+09
7.04842e+09
5.63683e+09
6.94352e+09
5.71104e+09
4.31888e+09
3.60385e+09
4.62706e+09
3.41898e+09
4.39156e+09
4.5555e+09
3.38989e+09
5.58045e+09
5.22984e+09
7.3914e+09
7.71007e+09
7.21649e+09
5.61447e+09
5.51721e+09
7.6725e+08
1.06535e+09
1.33015e+09
5.43403e+08
8.01958e+08
5.96641e+08
4.98488e+08
7.45066e+08
1.13981e+09
7.7985e+08
5.50273e+08
1.03956e+09
3.78742e+08
9.27514e+08
6.09428e+08
7.89687e+08
7.44639e+07
4.45694e+07
4.86421e+07
6.78304e+07
5.01501e+07
7.37124e+07
6.59928e+07
3.8346e+07
5.75141e+07
7.78056e+07
8.13692e+07
5.5546e+07
2.91392e+08
4.77726e+08
3.52066e+08
3.89775e+08
4.26855e+08
4.79355e+08
5.63096e+08
3.87236e+08
4.81029e+08
7.00708e+08
6.09085e+08
5.53054e+08
2.65462e+08
3.13781e+08
2.5572e+08
3.47324e+08
2.12004e+08
2.40481e+08
2.77308e+08
1.99301e+08
2.54535e+08
2.13846e+08
2.69923e+08
2.17969e+08
2.83613e+08
2.10015e+08
2.24385e+08
2.69776e+08
2.25774e+08
2.92313e+08
2.84871e+08
2.41433e+08
2.69345e+08
5.0264e+08
5.93232e+08
6.10973e+08
5.37546e+08
5.56086e+08
3.52101e+08
5.00211e+08
3.26379e+08
4.62619e+08
3.48838e+08
3.29133e+08
4.94841e+08
4.71818e+08
5.68569e+08
4.8607e+08
4.38747e+08
5.20256e+08
7.74167e+07
8.96968e+07
9.03493e+07
7.71243e+07
7.94298e+07
6.19232e+07
8.62627e+07
6.65682e+07
6.73581e+07
8.48075e+07
7.23786e+07
8.37111e+07
1.64143e+08
1.53057e+08
1.5327e+08
1.61679e+08
1.64161e+08
1.6688e+08
1.78268e+08
1.60824e+08
1.73424e+08
1.92554e+08
1.82447e+08
1.74217e+08
1.5607e+08
1.44854e+08
1.55366e+08
1.47314e+08
1.96221e+08
2.24873e+08
2.12839e+08
2.19776e+08
3.19428e+08
4.35884e+08
3.32462e+08
3.79904e+08
2.33062e+08
2.57304e+08
2.12489e+08
2.60598e+08
2.78435e+08
3.15508e+08
3.53335e+08
2.74721e+08
1.3155e+08
1.20999e+08
1.2623e+08
1.27074e+08
1.45906e+08
1.61058e+08
1.48918e+08
1.51374e+08
1.35586e+08
1.30571e+08
1.42989e+08
1.29274e+08
1.4238e+08
1.38122e+08
1.45856e+08
1.33817e+08
6.69988e+07
6.66173e+07
6.5321e+07
6.96078e+07
6.94093e+07
6.70029e+07
6.07561e+07
6.78965e+07
1.07948e+09
7.3717e+08
1.27965e+09
1.53219e+09
1.10055e+09
9.72136e+08
8.36824e+08
1.22456e+09
1.54071e+09
1.52214e+09
1.22056e+09
1.48336e+09
1.24821e+09
1.16897e+09
1.39242e+09
1.77046e+09
1.79061e+09
1.52106e+09
1.60129e+09
1.51819e+09
1.19871e+09
1.25824e+09
9.50209e+08
1.36303e+09
1.45871e+09
1.08211e+09
1.11662e+09
1.34598e+09
1.97511e+09
4.25865e+09
1.65681e+09
1.23485e+09
1.35222e+09
1.19396e+09
1.49844e+09
1.30026e+09
8.15832e+08
1.57956e+09
1.47509e+09
1.36642e+09
1.6938e+09
1.24622e+09
1.61418e+09
1.56779e+09
1.67517e+09
1.37333e+09
1.62173e+09
1.36851e+09
8.3342e+08
1.2917e+09
1.8464e+09
2.05906e+09
1.87161e+09
1.74713e+09
1.69184e+09
2.13456e+09
1.85423e+09
1.66302e+09
2.35416e+09
1.91019e+09
2.74314e+09
2.08719e+09
2.42327e+09
1.90569e+09
2.85004e+09
2.23312e+09
1.86554e+09
2.71441e+09
1.73458e+09
2.24707e+09
1.80938e+09
2.56959e+09
4.10072e+08
2.36129e+08
3.85674e+08
3.41023e+08
4.49002e+08
3.94589e+08
3.98396e+08
4.81254e+08
4.75395e+08
5.73201e+08
4.933e+08
4.88212e+08
4.76057e+08
4.41894e+08
2.65948e+08
3.32503e+08
1.76091e+08
4.38346e+08
2.66093e+08
2.73872e+08
2.28682e+08
1.49995e+08
2.84843e+08
4.22946e+08
4.14672e+08
3.72112e+08
4.58006e+08
3.78749e+08
2.79698e+08
5.59638e+08
2.28861e+08
4.74682e+08
2.42833e+08
4.43052e+08
4.13675e+08
2.2989e+08
2.63109e+08
3.78944e+08
3.01023e+08
5.99931e+08
3.78544e+08
5.48303e+08
6.11278e+08
3.02798e+08
4.49417e+08
4.87681e+08
5.49434e+08
6.49409e+08
7.65606e+08
4.63979e+08
4.85226e+08
5.28497e+08
4.26874e+08
5.48499e+08
5.45367e+08
5.56696e+08
3.5472e+08
6.71926e+08
1.0383e+08
1.19124e+08
9.5026e+07
1.56792e+08
1.94482e+08
2.356e+08
1.51639e+08
3.26061e+08
2.59566e+08
1.38412e+08
1.64222e+08
2.33241e+08
1.93698e+08
1.73846e+08
1.6869e+08
9.06008e+07
6.22663e+07
8.41263e+07
6.8735e+07
8.19822e+07
5.31515e+07
4.53483e+07
5.69165e+07
7.58643e+07
5.26046e+07
5.0089e+07
5.7574e+07
5.08104e+07
9.54165e+07
8.83803e+07
6.68279e+07
8.98469e+07
1.49062e+08
7.94348e+07
7.88559e+07
1.25787e+08
1.39624e+08
9.22967e+07
1.88401e+08
1.0308e+08
5.44013e+07
7.95205e+07
7.58468e+07
6.24489e+07
1.00605e+08
1.02785e+08
1.01907e+08
1.00791e+08
9.41684e+07
9.10831e+07
9.53211e+07
9.67502e+07
1.00119e+08
9.63978e+07
1.00148e+08
9.68724e+07
1.10032e+08
1.07055e+08
1.07404e+08
1.09286e+08
1.12799e+08
1.14789e+08
1.11833e+08
1.15653e+08
1.08384e+08
1.05132e+08
1.05906e+08
1.07676e+08
1.14949e+08
1.17009e+08
1.14511e+08
1.18047e+08
1.07427e+08
1.07863e+08
1.06085e+08
1.10096e+08
1.15835e+08
1.12676e+08
1.11284e+08
1.18228e+08
1.08105e+08
1.02657e+08
1.06457e+08
1.03649e+08
1.13872e+08
1.18775e+08
1.16191e+08
1.15534e+08
1.00383e+08
9.62379e+07
9.8329e+07
9.81332e+07
1.06958e+08
1.11497e+08
1.08916e+08
1.09473e+08
1.03505e+08
1.02824e+08
1.01256e+08
1.05161e+08
1.03476e+08
1.029e+08
1.00893e+08
1.05613e+08
8.77588e+07
9.04577e+07
8.94422e+07
8.82964e+07
8.15531e+07
7.96772e+07
8.47855e+07
8.655e+07
8.40164e+07
8.25258e+07
8.48713e+07
8.22216e+07
9.19659e+07
9.28635e+07
9.46002e+07
9.04437e+07
9.00939e+07
8.79468e+07
9.1319e+07
8.69304e+07
9.40975e+07
9.87237e+07
9.70537e+07
9.56046e+07
8.82091e+07
8.42086e+07
8.68096e+07
8.53438e+07
1.45142e+09
1.90913e+09
1.82128e+09
1.57545e+09
1.44307e+09
1.83009e+09
1.55958e+09
1.42211e+09
1.84931e+09
1.67332e+09
1.36009e+09
1.32094e+09
1.78767e+09
1.50011e+09
1.13626e+09
1.30695e+09
9.83484e+08
1.23789e+09
1.15746e+09
1.27129e+09
9.70054e+08
2.74238e+09
3.03892e+09
2.16665e+09
2.30513e+09
2.10673e+09
2.78114e+09
2.97059e+09
3.17591e+09
3.43458e+09
4.13163e+09
2.75335e+09
3.21374e+09
4.0049e+09
2.69557e+09
3.62428e+09
4.11543e+09
4.87597e+09
5.36097e+09
3.70246e+09
4.06488e+09
4.77869e+09
2.39696e+09
1.94396e+09
1.66623e+09
2.14397e+09
1.90616e+09
2.4588e+09
2.11664e+09
3.26359e+09
2.52626e+09
3.24362e+09
2.42289e+09
3.33938e+09
2.48291e+09
3.19849e+09
4.56683e+09
6.06931e+09
4.40138e+09
6.55418e+09
4.30597e+09
4.64153e+09
6.35312e+09
3.24797e+09
2.47534e+09
3.11617e+09
2.27163e+09
3.07799e+09
3.30734e+09
2.44546e+09
4.57689e+09
4.44384e+09
6.4797e+09
5.97343e+09
4.64273e+09
4.37753e+09
6.27763e+09
4.48588e+09
6.20983e+09
2.14859e+09
1.27097e+09
1.39024e+09
1.73292e+09
1.44483e+09
3.77792e+09
3.96457e+09
1.81861e+09
2.36994e+09
2.1513e+09
3.17884e+09
4.68954e+09
9.96249e+09
7.74959e+09
8.74237e+10
9.1963e+10
3.30796e+10
7.59729e+10
3.85999e+10
3.31093e+10
2.48348e+10
4.51587e+10
4.89683e+10
2.71278e+10
1.97213e+10
5.36017e+10
3.67107e+10
2.24244e+10
1.98918e+10
5.84464e+10
8.76159e+09
7.754e+09
1.22116e+10
7.76475e+09
1.02776e+10
1.5066e+10
6.77984e+09
7.35645e+09
5.64767e+09
1.08531e+10
5.14505e+09
7.92217e+09
1.03862e+10
8.08152e+09
1.32331e+10
1.59471e+10
2.37247e+10
9.69925e+09
1.25287e+10
1.5817e+10
1.16069e+10
1.27188e+10
2.13224e+10
1.20225e+10
1.92535e+10
1.37424e+10
1.01018e+10
1.2928e+10
1.3186e+10
1.59702e+10
1.25164e+10
1.05521e+10
1.21893e+10
6.49193e+09
4.30974e+09
5.38643e+09
5.46066e+09
5.26297e+09
6.78868e+09
5.36262e+09
8.2259e+09
1.05416e+10
6.4627e+09
7.42133e+09
6.24081e+09
8.50106e+09
9.96246e+09
8.08331e+09
1.01545e+10
7.61934e+09
6.61733e+09
9.62641e+09
8.37276e+09
6.42153e+09
4.94252e+10
3.76417e+10
3.34706e+10
2.6974e+10
3.31249e+10
4.70799e+10
3.68803e+10
9.64325e+10
2.04548e+11
9.25578e+10
9.12326e+10
1.0556e+11
7.90541e+10
1.24627e+11
7.49803e+10
4.4866e+10
7.72262e+10
4.90605e+10
8.54346e+10
6.87526e+10
4.46483e+10
5.74193e+10
3.49744e+10
3.62473e+10
5.47143e+10
3.59026e+10
4.91991e+10
6.87072e+10
1.32039e+10
8.54717e+09
9.61231e+09
1.33476e+10
9.20323e+09
1.22625e+10
1.41204e+10
1.25103e+10
1.16266e+10
9.275e+09
8.22776e+09
8.95419e+09
1.30486e+10
1.10838e+10
1.94006e+10
3.19845e+10
2.06926e+10
3.08406e+10
1.88028e+10
2.10961e+10
3.04868e+10
6.45945e+08
1.2073e+09
8.08949e+08
9.95757e+08
6.31704e+08
8.61632e+08
9.21163e+08
5.52998e+08
8.31076e+08
1.3442e+09
6.13506e+08
8.44371e+08
5.07634e+08
1.0623e+09
1.55547e+09
6.18593e+08
9.05936e+08
5.75725e+08
9.63672e+08
6.55701e+08
7.87073e+08
5.42595e+08
7.01269e+08
8.22485e+08
7.25056e+08
8.37431e+08
1.04127e+09
6.9798e+08
8.3881e+08
7.25009e+08
7.86316e+08
9.85311e+08
6.89606e+08
8.19878e+08
1.27544e+08
1.5862e+08
1.39352e+08
1.7121e+08
1.39179e+08
1.27835e+08
1.56473e+08
1.13652e+08
1.26668e+08
1.50577e+08
1.03694e+08
1.39007e+08
1.25021e+08
1.67478e+08
1.65562e+08
1.36761e+08
1.52481e+08
8.22749e+07
1.02392e+08
7.74427e+07
9.17669e+07
7.56747e+07
8.38914e+07
9.97634e+07
8.61143e+07
1.15395e+08
1.14306e+08
9.41608e+07
1.05425e+08
7.92062e+07
8.87081e+07
1.04608e+08
7.2571e+07
9.66388e+07
5.67611e+08
2.4273e+08
4.01649e+08
2.25626e+08
3.46199e+08
2.10375e+08
2.76589e+08
2.41175e+08
3.92202e+08
2.25481e+08
4.11199e+08
4.28121e+08
3.38129e+08
4.04842e+08
5.60947e+08
2.90035e+08
4.01709e+08
5.34501e+08
5.43659e+08
5.88648e+08
4.73457e+08
4.83548e+08
4.23438e+08
3.30744e+08
4.80087e+08
3.59319e+08
2.59577e+08
3.89103e+08
3.27959e+08
3.12158e+08
1.252e+09
1.05389e+09
1.0131e+09
7.88146e+08
1.02763e+09
1.26766e+09
1.0025e+09
1.89341e+09
2.78873e+09
2.30198e+09
2.32926e+09
2.28791e+09
1.92083e+09
2.33232e+09
1.54107e+09
1.27907e+09
1.46322e+09
1.82661e+09
1.23352e+09
1.79029e+09
1.54677e+09
1.56501e+09
1.26868e+09
1.85829e+09
1.50711e+09
1.56633e+09
1.24122e+09
1.85019e+09
5.59733e+08
5.47528e+08
7.07601e+08
6.08066e+08
5.48622e+08
5.03972e+08
7.0177e+08
5.6588e+08
5.47258e+08
6.61807e+08
5.57513e+08
5.00073e+08
6.2797e+08
6.22023e+08
5.08281e+08
5.00271e+08
5.96894e+08
4.72154e+08
4.73475e+08
6.77917e+08
4.59494e+08
6.55288e+08
9.0418e+08
6.42189e+08
1.07364e+09
5.40432e+08
8.82656e+08
7.90096e+08
2.86702e+08
6.31434e+08
2.39222e+08
4.81039e+08
3.07297e+08
3.93021e+08
3.16747e+08
3.33321e+08
2.41852e+08
1.49081e+08
1.64245e+08
2.24434e+08
2.64654e+08
1.80432e+08
3.49167e+08
2.19247e+08
2.72771e+08
4.23779e+08
5.60544e+08
3.07109e+08
5.057e+08
3.96688e+08
2.72237e+08
2.13816e+08
2.577e+08
2.5129e+08
3.07522e+08
2.41652e+08
1.98377e+08
3.31379e+08
8.54403e+08
2.57093e+08
2.92646e+08
8.19255e+08
2.35912e+08
1.58206e+08
2.36404e+08
3.46594e+08
2.97161e+08
2.67148e+08
5.28404e+08
2.50766e+08
2.92089e+08
1.4843e+09
4.59253e+08
1.46081e+09
5.97703e+08
5.32643e+08
4.80919e+08
4.03495e+08
4.47474e+08
5.82839e+08
5.34318e+08
8.09273e+08
1.0752e+09
1.00996e+09
8.59654e+08
7.65394e+08
9.89785e+08
8.4992e+08
7.65002e+08
6.85845e+08
9.01023e+08
8.76905e+08
7.16447e+08
7.08367e+08
9.41349e+08
7.0357e+08
1.42333e+08
4.58023e+08
2.08106e+09
4.22417e+08
3.30812e+08
4.18906e+08
3.5073e+08
3.82904e+08
3.47069e+08
4.59042e+08
4.98473e+08
5.25357e+08
5.38637e+08
5.67573e+08
4.47161e+08
5.06486e+08
6.04075e+08
3.79148e+08
3.3432e+08
3.52854e+08
3.29852e+08
3.5599e+08
4.15431e+08
3.37049e+08
5.52435e+08
5.74987e+08
6.2831e+08
7.82593e+08
4.55304e+08
6.27445e+08
6.85255e+08
5.26112e+08
3.64798e+08
2.85869e+08
2.25374e+08
5.22047e+08
2.79678e+08
2.11644e+08
4.16486e+08
2.34688e+08
2.57407e+08
1.98824e+08
4.71711e+08
2.56817e+08
1.94842e+08
3.04285e+08
4.95165e+08
3.46075e+08
2.43799e+08
4.72183e+08
3.92028e+08
4.17726e+08
3.9465e+08
3.06673e+08
2.26932e+08
2.4573e+08
4.12047e+08
1.07368e+08
1.06676e+08
1.20636e+08
1.32229e+08
1.79724e+08
2.52175e+08
1.67887e+08
1.35077e+08
3.70258e+08
2.9237e+08
1.71762e+08
2.17035e+08
2.24765e+08
1.62142e+08
2.67427e+08
3.23737e+08
2.1935e+08
2.32361e+08
2.03291e+08
2.82832e+08
3.05364e+09
3.4685e+09
2.36543e+09
2.6898e+09
3.42288e+09
3.06629e+09
2.35655e+09
3.39772e+09
3.50827e+09
4.30479e+09
2.85551e+09
4.18577e+09
2.80463e+09
3.40975e+09
3.96075e+09
4.58415e+09
5.776e+09
5.14447e+09
4.57985e+09
5.05774e+09
4.01464e+09
2.59674e+09
2.03585e+09
2.23358e+09
1.7481e+09
2.23157e+09
2.63026e+09
2.06302e+09
1.80195e+09
1.69683e+09
2.34287e+09
2.18697e+09
2.30971e+09
1.80576e+09
1.68808e+09
1.46307e+09
1.34057e+09
1.25134e+09
1.56032e+09
1.28208e+09
1.50574e+09
1.50715e+09
1.39568e+09
1.29198e+09
1.13346e+09
1.09841e+09
1.21285e+09
1.38748e+09
1.30922e+09
1.82696e+09
2.50021e+09
2.40365e+09
1.92853e+09
2.38318e+09
1.92726e+09
1.82204e+09
1.36363e+09
1.75972e+09
1.52286e+09
1.97763e+09
1.3333e+09
1.77468e+09
1.55024e+09
8.77386e+08
6.25983e+08
6.14159e+08
5.88858e+08
7.4257e+08
7.36524e+08
8.00426e+08
1.18705e+09
1.50358e+09
9.09019e+08
1.31732e+09
9.75704e+08
1.11823e+09
1.52492e+09
1.0443e+09
1.14404e+09
7.79451e+08
9.93612e+08
8.55812e+08
9.86274e+08
1.17331e+09
1.67913e+08
1.91479e+08
2.66933e+08
2.25056e+08
2.09606e+08
2.91409e+08
3.28189e+08
2.1608e+08
1.86615e+08
2.92971e+08
1.72921e+08
1.81768e+08
2.98536e+08
1.69084e+08
2.61339e+08
1.74687e+08
1.40937e+08
1.1987e+08
1.02929e+08
1.78957e+08
9.00954e+07
1.60586e+08
8.31579e+07
1.14057e+08
1.27447e+08
1.13103e+08
1.12854e+08
1.11269e+08
1.16978e+08
9.53134e+07
1.45587e+08
8.9366e+07
1.73208e+08
1.33368e+08
1.92328e+08
1.38796e+08
2.24345e+08
1.29895e+08
1.183e+08
1.2791e+08
1.46872e+08
1.67558e+08
1.62025e+08
1.56592e+08
2.34147e+08
1.57223e+08
2.38719e+08
1.41514e+08
2.30758e+08
1.3021e+08
1.47886e+08
1.97418e+08
2.78441e+08
3.72298e+08
3.17677e+08
3.03022e+08
2.22055e+08
1.58844e+08
2.49308e+08
1.46684e+08
2.49968e+08
1.49527e+08
2.03066e+08
2.30653e+08
5.7407e+09
2.2566e+09
3.16765e+09
5.22772e+09
5.30388e+09
3.41253e+09
5.59092e+09
9.72727e+09
9.7878e+09
1.20364e+10
1.10515e+10
8.28536e+09
8.48006e+09
6.76462e+09
1.09956e+10
7.87093e+09
7.46819e+09
3.66182e+10
2.82904e+10
5.23402e+10
3.3408e+10
2.47278e+10
4.42439e+10
5.16679e+10
1.46968e+11
3.05905e+11
1.19206e+11
1.95136e+11
1.37663e+11
2.80839e+11
9.70923e+10
1.55539e+10
2.24577e+10
1.77575e+10
2.12114e+10
1.5886e+10
1.68607e+10
1.79236e+10
1.17449e+10
8.69266e+09
9.88959e+09
1.28858e+10
1.21078e+10
7.44008e+09
1.14328e+10
1.93366e+10
1.15535e+10
2.11956e+10
1.4497e+10
1.45844e+10
1.10575e+10
1.23401e+10
9.23409e+09
9.8502e+09
1.19259e+10
1.18968e+10
8.52899e+09
1.73669e+10
2.1188e+10
1.70363e+10
2.20817e+10
1.58226e+10
2.00579e+10
1.61438e+10
4.35929e+10
4.73685e+10
3.17427e+10
3.14072e+10
4.47576e+10
4.84399e+10
2.74775e+10
5.53117e+10
8.3365e+10
6.52047e+10
6.75231e+10
5.68727e+10
5.85874e+10
6.77947e+10
5.30492e+10
5.28435e+10
5.05406e+10
8.3666e+10
4.90859e+10
5.33624e+10
5.98509e+10
4.12893e+10
3.00818e+10
4.91288e+10
3.13808e+10
4.57499e+10
2.55233e+10
4.87372e+10
9.25246e+08
8.62089e+08
5.1564e+08
4.9956e+08
4.71025e+08
7.83626e+08
8.46846e+08
1.1781e+09
4.39327e+08
3.25878e+08
6.89792e+08
8.32668e+08
6.69688e+08
3.77203e+08
2.8201e+08
3.59976e+08
4.76002e+08
8.08081e+08
5.84792e+08
6.67984e+08
6.03385e+08
8.35937e+08
9.54918e+08
7.39316e+08
9.93501e+08
4.13099e+08
8.30162e+08
7.27917e+08
5.38206e+08
8.88727e+08
6.37202e+08
5.62598e+08
9.69237e+08
7.7956e+08
8.86968e+08
9.86961e+08
6.92493e+08
8.98205e+08
7.61763e+08
3.08149e+08
6.74579e+08
4.92325e+08
4.66946e+08
3.76295e+08
2.13226e+08
1.73372e+08
4.82047e+08
5.71374e+08
3.87227e+08
3.04817e+08
6.28179e+08
2.49726e+08
3.68789e+08
4.25097e+08
2.14591e+08
8.98942e+08
8.07767e+08
8.69008e+08
7.43643e+08
2.4353e+09
5.70928e+09
3.42708e+09
2.74071e+09
1.53252e+09
1.54863e+09
1.02033e+09
2.40333e+09
1.27934e+09
1.00217e+09
1.07833e+09
1.14208e+09
7.33889e+08
5.49044e+08
4.6275e+08
6.78303e+08
5.42876e+08
1.06409e+09
6.8403e+08
7.05283e+08
7.65616e+08
4.38952e+08
7.293e+08
5.37529e+08
8.63851e+08
8.00754e+08
1.09534e+09
1.11985e+09
1.82845e+09
2.6942e+09
2.33633e+09
1.96767e+09
2.42339e+09
1.78633e+09
1.90086e+09
2.79077e+09
3.57498e+09
3.1886e+09
3.17739e+09
3.36702e+09
3.16881e+09
3.50724e+09
9.0353e+09
5.54053e+09
1.53206e+10
4.77964e+09
6.98738e+09
4.73109e+09
7.81737e+09
1.15613e+10
4.97719e+09
1.09439e+10
5.8128e+09
2.35064e+09
2.17176e+09
1.23297e+09
3.1065e+09
2.15455e+09
1.5494e+09
2.3957e+09
2.04073e+09
2.17126e+09
1.9211e+09
2.24674e+09
1.1942e+09
8.93833e+08
1.78177e+09
8.01598e+08
1.22779e+09
1.22307e+09
1.23849e+09
1.3338e+09
1.28229e+09
1.43531e+09
1.40469e+09
2.29086e+09
1.50195e+09
1.43181e+09
2.12349e+09
1.31832e+08
8.15318e+07
8.49985e+07
8.22818e+07
1.64476e+08
8.49604e+07
7.80626e+07
2.42146e+08
1.66453e+08
1.26916e+08
1.11155e+08
1.9694e+08
1.22099e+08
1.1223e+08
7.01297e+07
7.4192e+07
8.94067e+07
1.81576e+08
3.02882e+08
1.91999e+08
2.85785e+08
9.53444e+07
9.08141e+07
1.34197e+08
3.11436e+07
3.82381e+07
3.95047e+07
1.00876e+08
6.69703e+07
4.07187e+07
6.82901e+07
4.81629e+07
4.74761e+07
6.13711e+07
9.35346e+07
7.0781e+07
8.21947e+07
6.33499e+07
7.54904e+07
9.33363e+07
9.79873e+07
8.40318e+07
7.79867e+07
1.07502e+08
1.57169e+08
1.3445e+08
1.93679e+08
1.50973e+08
1.3187e+08
1.59612e+08
1.13776e+08
9.63941e+07
1.28324e+08
9.94299e+07
1.40239e+08
5.349e+07
4.54349e+07
6.0562e+07
6.90018e+07
8.10016e+07
7.84423e+07
8.19921e+07
6.37245e+07
1.15934e+08
7.15078e+07
7.38275e+07
8.65857e+07
7.1899e+07
8.74845e+07
8.76939e+07
8.96499e+07
1.14521e+08
8.07433e+07
8.4851e+07
8.18997e+07
1.00155e+08
1.06979e+08
1.05316e+08
1.07638e+08
1.15805e+08
2.02392e+08
1.02385e+08
2.40493e+08
1.13345e+08
1.1101e+08
1.04942e+08
1.12074e+08
1.45399e+08
2.91218e+08
1.54925e+08
2.68686e+08
8.84724e+07
9.70611e+07
1.02745e+08
1.09495e+08
1.13762e+08
1.64341e+08
1.36189e+08
1.09814e+08
1.03829e+08
9.83236e+07
8.92082e+07
8.93991e+07
1.54846e+08
9.81311e+07
9.00398e+07
9.3509e+07
1.28729e+08
1.12566e+08
1.10795e+08
1.21016e+08
1.93736e+08
3.11968e+08
1.90301e+08
3.17473e+08
1.27418e+08
9.69875e+07
1.29237e+08
1.01263e+08
1.80245e+08
3.07023e+08
1.77471e+08
3.15293e+08
8.91313e+08
7.08527e+08
9.7917e+08
7.1345e+08
2.90987e+08
2.7182e+08
2.33234e+08
2.47811e+08
3.32778e+08
3.18363e+08
4.25282e+08
2.3014e+08
4.82843e+08
6.43081e+08
4.70375e+08
5.6734e+08
5.91724e+08
1.34912e+09
8.22259e+08
1.05125e+09
1.09809e+09
1.00136e+09
1.03792e+09
9.37082e+08
1.05856e+09
8.95859e+08
1.21944e+09
1.00891e+09
6.82363e+08
8.62757e+08
1.10093e+09
5.16886e+08
6.85694e+08
9.87387e+08
9.10062e+08
7.24414e+08
2.79421e+08
2.32266e+08
3.08227e+08
1.8436e+08
2.29014e+08
4.21774e+08
2.84338e+08
3.80425e+08
7.17704e+08
5.98552e+08
7.89391e+08
5.4023e+08
4.2377e+07
5.47042e+07
6.51236e+07
3.56523e+07
4.64289e+07
3.31196e+07
5.33076e+07
3.55881e+07
4.02919e+07
4.07418e+07
3.08693e+07
5.68356e+07
8.02693e+07
7.50311e+07
9.23098e+07
6.26014e+07
1.00973e+08
1.05071e+08
8.56109e+07
1.16565e+08
1.15743e+08
8.71604e+07
1.12776e+08
9.14173e+07
6.96651e+07
9.63075e+07
7.70481e+07
9.0965e+07
5.55357e+07
8.56448e+07
7.38418e+07
6.30397e+07
1.13581e+08
7.12764e+07
1.24973e+08
6.58074e+07
4.85251e+07
6.75932e+07
4.33848e+07
7.70207e+07
1.2578e+08
7.47609e+07
1.14363e+08
8.76299e+07
4.47061e+08
4.96055e+08
3.4851e+08
6.38783e+08
7.53324e+08
9.66138e+08
8.74642e+08
8.89493e+08
7.02247e+08
7.43662e+08
5.9828e+08
8.25924e+08
4.24297e+08
8.33425e+08
5.40238e+08
6.50196e+08
2.73848e+08
3.53771e+08
2.98207e+08
3.27191e+08
1.43204e+08
1.49958e+08
1.46204e+08
1.51297e+08
1.55179e+08
1.8235e+08
1.61628e+08
1.742e+08
2.43462e+08
2.51808e+08
2.61903e+08
2.26344e+08
4.23587e+08
3.63008e+08
4.63517e+08
3.34151e+08
1.65338e+08
2.37442e+08
2.03716e+08
1.95914e+08
4.15479e+08
5.79722e+08
5.16671e+08
4.52215e+08
2.024e+08
1.76257e+08
2.18497e+08
1.59234e+08
2.4406e+08
3.11561e+08
2.26726e+08
2.98216e+08
2.33267e+08
2.35548e+08
3.13549e+08
2.94311e+08
3.56038e+08
3.60209e+08
3.12273e+08
3.36978e+08
2.75111e+08
3.01206e+08
3.40402e+08
2.57537e+08
3.18579e+08
2.97649e+08
4.03943e+08
3.0662e+08
4.32645e+08
3.14434e+08
2.91327e+08
4.07169e+08
3.55464e+08
3.76797e+08
4.28369e+08
3.33615e+08
3.9929e+08
3.7924e+08
4.53273e+08
4.5606e+08
4.06079e+08
4.24395e+08
9.36144e+07
8.48313e+07
8.50349e+07
9.3447e+07
8.59449e+07
9.05736e+07
9.15525e+07
9.6693e+07
9.69888e+07
9.12877e+07
8.70099e+07
7.97895e+07
8.56085e+07
9.97604e+07
8.70448e+07
1.00611e+08
1.15752e+08
8.67821e+07
9.66123e+07
1.11507e+08
9.66443e+07
8.0533e+07
9.80232e+07
7.59278e+07
1.00668e+08
1.1494e+08
1.15337e+08
9.60064e+07
1.03583e+08
9.25482e+07
1.01762e+08
9.27015e+07
1.08268e+08
1.17583e+08
1.15096e+08
1.08783e+08
9.90894e+07
1.03971e+08
1.05767e+08
9.81168e+07
1.15078e+08
1.02724e+08
1.04106e+08
1.16666e+08
1.35925e+08
1.41307e+08
1.4297e+08
1.35519e+08
1.24954e+08
1.19443e+08
1.20798e+08
1.23772e+08
1.28376e+08
1.23386e+08
1.23813e+08
1.27074e+08
1.3174e+08
1.36819e+08
1.38146e+08
1.29777e+08
1.68762e+08
1.60806e+08
1.72334e+08
1.59871e+08
2.00725e+08
2.32992e+08
2.16132e+08
2.02288e+08
1.86715e+08
1.96728e+08
1.85297e+08
2.09608e+08
1.82629e+08
1.68078e+08
1.70839e+08
1.76222e+08
1.38106e+08
1.47529e+08
1.4032e+08
1.44313e+08
1.32495e+08
1.22798e+08
1.27771e+08
1.26211e+08
1.27204e+08
1.26301e+08
1.23708e+08
1.30528e+08
1.45131e+08
1.4707e+08
1.53436e+08
1.40547e+08
1.57464e+08
1.91716e+08
1.69952e+08
1.73783e+08
1.45827e+08
1.21904e+08
1.19856e+08
1.41534e+08
1.92879e+08
1.95673e+08
2.15825e+08
1.81311e+08
1.20336e+08
1.36856e+08
1.20037e+08
1.41944e+08
2.0731e+08
1.92518e+08
1.92094e+08
2.0104e+08
2.21252e+08
2.41084e+08
2.61006e+08
2.20611e+08
2.43991e+08
2.97255e+08
2.45043e+08
2.71213e+08
1.8454e+08
1.84289e+08
1.95021e+08
1.7879e+08
1.60888e+08
1.57876e+08
1.48125e+08
1.72716e+08
1.24544e+08
1.30059e+08
1.22064e+08
1.35038e+08
1.37864e+08
1.2028e+08
1.33053e+08
1.21789e+08
1.44019e+08
1.61518e+08
1.5213e+08
1.51147e+08
1.16026e+08
1.16537e+08
1.20765e+08
1.1195e+08
1.16781e+08
1.15687e+08
1.1317e+08
1.19388e+08
1.11804e+08
1.05676e+08
1.08887e+08
1.0843e+08
1.21537e+08
1.30862e+08
1.276e+08
1.2486e+08
1.12395e+08
1.13385e+08
1.16563e+08
1.08127e+08
1.03729e+08
9.60239e+07
1.06612e+08
9.79927e+07
1.13239e+08
1.24188e+08
1.19303e+08
1.12474e+08
1.02828e+08
9.56895e+07
1.00934e+08
9.86318e+07
1.0197e+08
1.09612e+08
1.06303e+08
1.05195e+08
9.44254e+07
8.92417e+07
9.30129e+07
9.04634e+07
9.95308e+07
1.01149e+08
9.75802e+07
1.03258e+08
9.64563e+07
9.40276e+07
9.8618e+07
9.19791e+07
7.23783e+07
7.05945e+07
7.06553e+07
7.28882e+07
7.43071e+07
7.61919e+07
7.645e+07
7.89102e+07
7.82352e+07
7.65455e+07
7.07303e+07
6.88964e+07
6.7818e+07
6.83361e+07
6.91981e+07
6.89937e+07
7.47809e+07
7.15358e+07
7.40241e+07
7.2061e+07
7.97849e+07
8.3681e+07
8.28852e+07
8.03903e+07
7.8626e+07
8.04262e+07
8.14739e+07
7.7835e+07
7.57642e+07
7.31603e+07
7.28466e+07
7.6221e+07
7.88262e+07
7.47456e+07
7.59134e+07
7.86239e+07
8.50617e+07
9.07141e+07
8.17331e+07
9.00369e+07
7.76806e+07
7.03635e+07
7.39167e+07
7.76516e+07
8.6448e+07
8.93272e+07
9.02215e+07
8.4587e+07
6.96202e+07
6.9682e+07
6.94811e+07
6.94658e+07
7.77604e+07
7.459e+07
7.81756e+07
7.41198e+07
8.18224e+07
8.48141e+07
8.55979e+07
8.11948e+07
8.26943e+07
8.80228e+07
8.68727e+07
8.37826e+07
7.71552e+07
7.35466e+07
7.68443e+07
7.37758e+07
2.12914e+09
1.74945e+09
3.08929e+09
2.27084e+09
3.24594e+09
3.0297e+08
3.30433e+08
1.98624e+08
2.20697e+08
2.39153e+08
2.76686e+08
3.19846e+08
7.0001e+07
9.54945e+07
9.36931e+07
3.16123e+09
2.28233e+09
3.06684e+09
2.36073e+09
4.16046e+09
1.08124e+11
1.25408e+11
1.61324e+11
1.32644e+11
1.05268e+11
1.33763e+11
1.17604e+11
2.78189e+08
1.78655e+08
1.76221e+08
2.52233e+08
2.09017e+08
3.04214e+08
2.39335e+08
3.08655e+08
3.58571e+08
2.33207e+08
1.75013e+08
3.25097e+08
2.20579e+08
3.40165e+08
1.05256e+11
9.91143e+10
2.07151e+11
5.17966e+10
1.40492e+11
1.74402e+11
4.75549e+10
1.52769e+08
1.51164e+08
1.99255e+08
1.1731e+08
1.97331e+08
1.4841e+08
1.20928e+08
1.21043e+08
8.48907e+07
9.35904e+07
9.89826e+07
9.65462e+07
1.09363e+08
1.03111e+08
4.58154e+09
3.49863e+09
3.05271e+09
6.82017e+09
2.63404e+09
5.34122e+09
5.84675e+09
4.80976e+08
5.04556e+08
3.29542e+08
4.72347e+08
4.44978e+08
3.90055e+08
6.46192e+08
5.52668e+08
1.60973e+08
3.47078e+08
3.77385e+08
4.2736e+08
2.91183e+08
5.55402e+08
3.18373e+08
2.98077e+08
2.44211e+08
2.63173e+08
3.49761e+08
3.07373e+08
2.71184e+08
3.69331e+08
3.99435e+08
4.33842e+08
2.74383e+08
3.95241e+08
4.12568e+08
3.54497e+08
5.61766e+08
5.06515e+08
5.18927e+08
3.31308e+08
5.81914e+08
5.21516e+08
4.8276e+08
5.0631e+08
4.22422e+08
3.10953e+08
4.70712e+08
4.93552e+08
4.70384e+08
4.71058e+08
4.94129e+10
2.89913e+10
7.92757e+10
5.62047e+10
6.63641e+10
6.53592e+10
3.18185e+10
4.89453e+10
7.34538e+10
1.73321e+11
1.04413e+11
1.13325e+11
5.16329e+10
8.12939e+10
5.39868e+07
4.23118e+07
4.39619e+07
1.90501e+08
2.5793e+08
2.22177e+08
1.80272e+08
2.30503e+08
2.09653e+08
1.83475e+08
1.56797e+08
1.18183e+08
1.49816e+08
1.35164e+08
1.74831e+08
1.47461e+08
1.25538e+08
6.40867e+07
5.68478e+07
7.44238e+07
5.01781e+07
7.27182e+07
5.20808e+07
6.04494e+07
7.95776e+07
9.49803e+07
9.15439e+07
1.12909e+08
8.37543e+07
7.53416e+07
1.01583e+08
)
;

boundaryField
{
    left
    {
        type            calculated;
        value           nonuniform List<scalar> 
598
(
1.60064e+08
1.29727e+10
5.71036e+08
6.88548e+08
2.4825e+09
2.46397e+08
2.78652e+09
1.20572e+10
3.72112e+08
7.78636e+09
1.49241e+09
4.41194e+08
7.76987e+09
3.7964e+08
2.58065e+08
6.42734e+08
5.73163e+08
2.37154e+08
1.21126e+09
7.03853e+08
2.12251e+08
5.69402e+09
3.98195e+09
4.85811e+08
7.45131e+08
3.82604e+08
2.50546e+08
5.8897e+08
1.3491e+08
1.27707e+08
3.72606e+08
3.03982e+08
1.21872e+08
9.84891e+07
6.6361e+09
4.50165e+09
6.17835e+09
1.18142e+10
1.82617e+11
6.06787e+08
6.07436e+09
3.87339e+09
1.10206e+09
1.13682e+09
1.28501e+08
1.38819e+08
3.12169e+09
1.54722e+11
3.86167e+09
1.24024e+09
1.18085e+09
5.54531e+09
2.00513e+09
2.03717e+09
5.45978e+08
1.40566e+09
3.72101e+09
2.72428e+09
8.13916e+08
1.88817e+08
1.85039e+09
1.0832e+09
4.08463e+09
7.20286e+08
1.1275e+09
3.70997e+08
3.86786e+08
1.50374e+08
1.36846e+08
3.58265e+08
1.68268e+08
2.16842e+08
1.44297e+08
1.60909e+08
3.19443e+08
1.19825e+09
5.96653e+08
6.43928e+08
2.60422e+08
4.80835e+08
1.10385e+09
2.56581e+08
1.64178e+08
1.3578e+08
1.0542e+08
1.36006e+08
9.52519e+07
1.14268e+08
9.01557e+07
2.60923e+09
2.2048e+08
1.62635e+08
1.08318e+08
1.06652e+08
1.11184e+08
9.15265e+07
1.03427e+08
9.90054e+07
1.19073e+10
2.07837e+10
2.78447e+10
6.69208e+08
1.48739e+09
1.22269e+09
8.85104e+08
1.29124e+09
1.04521e+09
7.87046e+09
3.59717e+09
1.31897e+09
9.06805e+07
1.26897e+08
3.62336e+08
2.93465e+08
1.98872e+08
2.45669e+09
1.57939e+10
9.92615e+09
2.18913e+10
1.71509e+10
1.21443e+10
8.11621e+09
4.63112e+09
4.71282e+09
1.09596e+09
1.43818e+09
1.39297e+09
9.1451e+08
6.27487e+08
3.21757e+08
4.56548e+09
4.25103e+09
7.15413e+09
2.80839e+08
2.92569e+08
3.03514e+08
4.41558e+08
3.82131e+08
9.64666e+08
7.73753e+08
4.97506e+08
9.12658e+07
9.55143e+07
4.76797e+08
3.50801e+08
4.09237e+08
1.99572e+08
2.14172e+08
2.60637e+08
1.07867e+09
1.20671e+09
1.11441e+09
4.9855e+08
6.1769e+08
8.45415e+08
8.23337e+07
8.63695e+07
1.86722e+08
1.62976e+08
1.82405e+08
8.24257e+07
8.30366e+07
6.96798e+07
2.1877e+09
1.71251e+09
2.35267e+09
1.28309e+09
1.72095e+09
1.47849e+09
1.29754e+09
1.20029e+09
2.46923e+08
2.48768e+08
5.49594e+08
3.6834e+08
4.27813e+08
2.64838e+08
3.2024e+08
4.4492e+08
4.31194e+08
3.42415e+08
4.56047e+08
1.05808e+08
1.08048e+08
1.33574e+08
1.18486e+08
1.17396e+08
1.15513e+08
1.18e+08
1.31599e+08
3.85067e+08
2.06714e+08
2.24224e+08
1.59696e+08
1.87068e+08
3.63296e+08
8.26524e+07
7.48556e+07
1.1469e+08
1.05792e+08
1.11286e+08
9.2673e+07
9.94912e+07
1.06773e+08
9.37591e+07
8.79472e+07
3.75692e+10
5.13187e+09
1.46096e+10
3.78782e+09
8.5524e+09
1.36176e+10
8.89808e+09
2.50843e+10
2.00233e+10
1.10661e+10
6.76259e+10
3.80697e+10
6.8542e+10
1.56174e+09
1.63769e+09
7.01345e+08
6.10813e+09
3.3436e+09
3.22613e+09
2.30541e+09
2.92863e+09
5.19956e+09
1.71009e+09
1.40062e+09
9.30333e+08
1.25052e+09
3.05406e+09
1.95045e+09
1.81422e+08
1.38231e+08
9.70669e+07
1.85246e+08
2.64146e+08
1.99146e+08
2.46778e+10
1.80854e+10
2.31423e+09
9.46141e+10
2.88281e+10
4.47879e+10
3.20466e+10
1.33269e+11
9.97148e+09
2.17474e+10
2.64134e+10
6.09335e+08
8.90419e+08
1.42591e+09
6.4065e+08
2.64596e+08
3.94631e+09
4.73392e+09
8.39336e+09
2.22015e+09
3.08457e+09
2.6375e+09
2.86111e+09
3.06002e+09
2.17883e+09
6.06768e+08
8.364e+08
7.98206e+08
2.15399e+09
1.37034e+09
8.51706e+08
2.04528e+09
2.20801e+09
2.92428e+09
1.81817e+09
1.13081e+09
1.68837e+09
5.86976e+08
7.44048e+08
1.13351e+09
2.49477e+08
4.66406e+08
3.58281e+08
1.64978e+09
2.53137e+09
2.6934e+09
1.62616e+09
2.11835e+09
1.37538e+09
5.69288e+09
3.47764e+09
2.6043e+09
2.87226e+08
3.24363e+08
8.71234e+08
4.9359e+08
4.54871e+08
5.63477e+08
5.33508e+08
1.02582e+09
5.40883e+08
4.6098e+08
3.15676e+08
4.68449e+08
7.03917e+08
5.7687e+08
1.43532e+08
1.14326e+08
1.14642e+08
1.16139e+08
1.15133e+08
1.39538e+08
9.93128e+07
1.02575e+08
2.78392e+08
3.10386e+08
4.07647e+08
1.78321e+08
2.37483e+08
2.15309e+08
3.19749e+08
2.69646e+08
1.93016e+08
1.50423e+08
1.77275e+08
1.67857e+08
1.99405e+08
1.8668e+08
1.55156e+08
2.8662e+08
2.30669e+08
2.52465e+08
1.10287e+09
1.22353e+09
1.19149e+09
7.24403e+08
1.19249e+09
1.01781e+09
1.04312e+09
1.21585e+09
7.44299e+08
3.22966e+08
5.11745e+08
4.02104e+08
8.07061e+08
6.45984e+08
3.96657e+08
9.78113e+08
7.58376e+08
9.23149e+08
7.36992e+07
7.70288e+07
2.18711e+08
1.28748e+08
1.41071e+08
1.1679e+08
1.22271e+08
1.881e+08
1.25087e+08
1.43262e+08
1.60003e+08
1.15842e+08
1.27942e+08
1.14251e+08
1.55981e+08
1.42192e+08
1.26224e+08
7.71126e+07
7.96938e+07
1.01343e+08
8.9894e+07
8.58158e+07
9.71505e+07
9.44626e+07
1.08491e+08
8.18515e+07
7.56977e+07
8.21406e+07
7.86922e+07
8.56433e+07
7.19894e+07
7.45543e+07
7.61855e+08
7.02811e+08
6.59864e+08
4.20143e+09
3.17123e+09
1.92271e+09
2.5617e+08
2.40656e+08
2.29281e+08
2.75009e+09
5.9661e+09
5.20355e+09
2.98315e+08
4.5168e+08
4.34999e+08
2.75028e+08
2.85754e+08
2.69902e+08
6.29864e+08
5.86177e+08
5.81339e+08
2.73346e+08
3.17095e+08
1.29283e+11
8.54937e+08
8.41297e+08
1.03561e+09
1.19599e+09
8.90601e+08
8.49006e+08
1.3062e+08
1.18498e+08
1.1519e+08
1.54928e+08
1.57858e+08
1.43076e+08
1.03233e+10
9.52348e+09
2.52373e+09
5.63026e+09
1.22314e+10
1.26506e+10
1.3358e+09
7.04903e+08
6.11739e+08
3.8757e+08
3.67683e+08
3.49178e+08
4.12914e+08
4.29982e+08
4.06141e+08
3.3599e+09
7.741e+08
7.27717e+08
8.0758e+08
1.19266e+09
9.21424e+08
9.83006e+08
8.24467e+08
8.77581e+08
1.11971e+09
6.40023e+09
4.78984e+09
6.13237e+09
2.39664e+09
3.32755e+09
4.64197e+09
1.49396e+09
2.13749e+09
1.48346e+09
9.17264e+07
9.79547e+07
3.42927e+08
2.65846e+08
2.817e+08
2.27911e+08
2.47816e+08
3.19377e+08
2.17616e+08
2.25928e+08
2.07999e+08
7.63948e+09
6.81164e+09
2.52189e+09
1.34218e+10
1.10234e+10
1.28285e+10
7.83746e+09
9.39821e+09
1.16435e+10
3.16988e+08
2.99904e+08
2.86648e+08
4.21721e+08
3.32663e+08
3.51705e+08
2.97961e+08
3.15047e+08
4.01903e+08
8.90302e+08
7.19532e+08
7.73197e+08
6.2693e+08
6.71336e+08
8.24418e+08
5.44127e+08
5.54129e+08
5.15391e+08
2.96537e+09
5.06696e+09
1.72744e+09
9.28111e+09
1.6685e+09
9.61249e+08
5.12138e+08
3.91343e+10
7.44101e+10
7.11561e+10
3.12833e+10
1.40133e+10
1.69397e+10
1.70451e+10
1.61649e+09
1.14212e+09
1.1687e+09
1.03988e+09
1.09945e+09
1.50442e+09
9.97364e+08
8.38053e+08
8.01035e+08
1.12337e+09
9.50986e+08
1.21746e+09
2.71869e+09
1.58779e+09
1.87026e+09
1.23787e+09
1.38147e+09
2.29931e+09
1.65109e+08
1.27529e+08
1.40161e+08
1.06702e+08
1.16738e+08
1.50983e+08
1.07477e+08
1.09091e+08
9.94843e+07
1.90206e+08
1.72579e+08
1.66703e+08
2.39875e+08
1.86443e+08
2.05411e+08
1.54147e+08
1.69116e+08
2.17571e+08
2.2176e+10
1.77656e+10
1.93468e+10
1.46205e+10
1.62445e+10
2.04302e+10
2.43302e+09
9.00009e+09
8.44391e+09
4.90827e+10
6.11984e+10
4.29449e+10
1.38469e+11
9.12222e+10
8.7092e+10
1.32964e+10
1.27425e+10
8.17029e+09
2.27862e+10
1.56335e+10
1.66108e+10
2.11426e+10
1.72112e+10
2.93675e+10
5.12728e+08
4.17303e+08
4.41923e+08
3.70824e+08
3.92737e+08
4.84185e+08
3.34954e+08
3.50743e+08
3.32073e+08
4.85125e+08
4.52795e+08
4.3326e+08
6.4974e+08
5.33581e+08
5.75873e+08
4.71083e+08
5.00593e+08
6.10594e+08
4.39848e+09
9.70239e+09
6.59969e+09
3.67955e+09
1.37395e+11
1.04973e+11
1.19583e+11
9.62185e+10
7.92271e+10
1.27942e+11
3.68032e+09
8.77898e+09
8.40068e+09
6.1449e+10
4.08582e+10
5.54827e+10
)
;
    }
    bottom
    {
        type            calculated;
        value           nonuniform List<scalar> 
85
(
1.78961e+08
5.11778e+08
2.00094e+08
4.00686e+08
9.41755e+07
5.4354e+08
3.07734e+08
4.53906e+08
2.772e+08
6.09476e+08
2.81628e+08
4.51134e+08
3.09263e+08
3.51735e+08
1.80878e+08
1.82491e+08
3.86568e+08
3.22069e+08
2.61442e+08
3.50621e+08
1.24998e+08
1.92339e+08
1.51836e+08
1.20774e+09
1.51127e+09
5.9585e+08
2.93528e+08
5.78048e+08
1.03724e+09
1.06917e+09
6.32988e+08
1.57771e+09
1.01685e+09
1.91535e+08
1.0549e+08
3.10394e+08
6.24172e+08
2.1812e+08
3.02447e+08
3.31656e+08
3.53221e+08
1.33345e+09
8.14062e+08
7.4728e+08
9.03157e+08
8.70465e+08
1.44035e+09
6.99e+08
4.96234e+08
4.29183e+08
6.65174e+08
5.74095e+08
8.49643e+08
1.67649e+09
2.36592e+09
7.81499e+08
1.21289e+09
1.43675e+09
8.81332e+08
9.24212e+08
1.49072e+08
1.08099e+08
4.30887e+08
2.96902e+08
3.9084e+08
4.55069e+08
2.10974e+08
2.99099e+08
3.70041e+08
3.11609e+08
3.54468e+08
3.77991e+08
5.28747e+08
4.5276e+08
1.7486e+08
5.1886e+08
4.76728e+08
5.90429e+08
5.98819e+08
5.16269e+08
5.55024e+08
5.81995e+08
5.51483e+08
6.05885e+08
5.96274e+08
)
;
    }
    interface
    {
        type            calculated;
        value           nonuniform List<scalar> 
1905
(
3.13708e+09
3.23008e+08
3.43877e+07
2.69518e+09
3.00286e+09
3.27282e+08
2.00756e+08
4.09022e+07
1.83204e+08
1.51826e+09
1.68109e+09
1.77952e+09
1.05605e+09
1.34703e+09
1.33329e+09
2.12566e+10
9.47797e+09
8.66593e+09
2.19506e+10
4.40609e+09
2.05297e+09
6.25291e+08
7.73051e+08
2.17749e+08
1.76163e+08
7.67365e+07
6.86729e+08
9.19744e+08
1.18019e+09
4.98866e+08
2.40111e+08
2.47688e+08
2.86027e+09
6.98016e+09
6.47479e+09
3.46592e+09
5.51051e+09
8.42674e+09
2.22821e+10
8.52677e+09
1.59129e+10
8.0786e+09
2.72874e+09
6.84958e+09
3.67897e+09
7.08933e+09
2.30061e+08
2.67303e+08
5.78136e+08
4.6572e+08
1.53172e+09
9.02597e+08
1.53553e+09
2.43842e+09
1.49594e+09
1.29571e+09
1.3383e+09
1.52295e+09
1.66646e+09
3.42906e+09
2.00291e+09
1.92058e+09
5.75375e+08
1.86314e+09
9.92014e+08
1.67343e+09
1.39231e+09
2.28648e+09
3.39143e+09
5.43879e+09
1.67217e+09
2.41193e+09
6.15528e+09
2.21785e+09
5.94064e+09
9.07476e+08
2.08572e+09
3.28817e+10
7.36394e+09
3.23719e+09
2.33442e+10
1.65721e+10
4.31062e+09
7.48644e+09
7.6266e+09
2.85173e+10
4.75797e+10
3.09749e+10
1.90442e+10
8.79534e+09
8.25315e+09
3.19144e+10
1.13825e+09
1.75081e+09
1.01261e+09
8.36379e+08
1.2016e+08
1.58975e+08
1.0948e+08
8.35912e+07
6.08739e+08
2.17998e+08
8.15562e+08
2.78598e+09
1.45384e+09
1.41473e+09
1.50138e+08
3.98565e+08
1.07224e+09
7.84716e+08
4.66988e+08
2.96629e+08
2.58616e+08
2.6062e+09
3.47148e+09
5.81322e+09
1.68066e+09
2.15208e+09
1.18392e+09
9.7331e+08
2.58792e+09
1.95096e+09
3.37162e+08
1.22728e+09
8.58192e+08
1.35801e+10
9.57516e+09
3.45769e+10
3.22868e+10
7.92533e+10
2.3448e+10
1.52638e+10
7.67345e+09
3.23929e+10
4.15145e+08
5.00507e+08
8.23577e+08
1.51152e+09
1.03321e+09
2.79553e+09
8.90236e+08
2.56649e+09
7.12504e+09
1.96378e+09
9.27262e+08
9.27334e+07
1.0649e+08
3.28257e+08
2.79801e+08
3.49869e+08
4.26065e+08
7.28797e+08
8.04679e+08
8.88223e+08
6.78735e+08
3.42093e+08
5.1521e+08
6.09574e+08
3.16481e+08
1.61224e+08
1.7096e+08
1.70459e+08
1.60931e+08
2.21146e+09
9.54972e+08
1.04328e+09
1.23159e+09
3.8413e+08
2.9305e+08
2.66182e+08
4.59157e+08
1.87399e+08
1.80383e+08
1.78586e+08
1.9163e+08
2.80837e+08
4.66324e+08
3.07135e+08
4.07292e+08
3.61509e+08
4.54142e+08
1.14133e+09
4.20212e+08
1.26497e+09
4.15123e+08
1.08346e+09
4.34504e+08
9.56446e+08
1.09004e+08
1.02201e+08
9.9693e+07
1.11567e+08
8.32501e+07
9.33338e+07
9.06391e+07
8.57337e+07
2.24189e+08
3.94888e+08
2.8098e+08
2.32631e+08
7.20005e+09
3.59134e+09
8.25818e+09
2.27722e+09
4.27639e+09
3.74732e+09
3.95403e+09
5.91602e+09
3.9757e+08
6.78238e+08
4.97405e+08
5.95178e+08
5.5061e+07
1.41215e+08
2.17816e+08
2.52669e+08
2.23372e+08
2.35765e+08
2.33381e+08
2.61531e+08
2.26373e+08
2.82387e+08
1.56898e+09
1.27562e+09
1.29625e+09
1.59527e+09
1.69748e+09
1.87415e+08
7.6188e+07
7.40271e+07
1.72133e+08
1.1836e+08
7.51493e+07
5.13696e+07
1.33592e+08
1.0031e+08
9.66566e+07
9.71681e+07
9.97991e+07
9.36427e+07
9.29353e+07
9.10225e+07
9.5664e+07
1.65781e+09
1.48802e+09
1.39085e+09
1.00549e+09
1.166e+09
1.10361e+09
1.51306e+09
1.14786e+09
1.27699e+09
1.25449e+09
1.26052e+09
1.18674e+09
1.57865e+10
2.38604e+10
1.74995e+10
1.15482e+10
9.18797e+09
1.25915e+10
2.47927e+10
1.49633e+10
1.75001e+10
2.08607e+09
3.59362e+09
5.43243e+08
1.00708e+09
7.7221e+08
4.8084e+08
1.30228e+09
2.63517e+09
3.51464e+08
7.63037e+08
6.58999e+08
3.83243e+08
5.77518e+08
6.70501e+08
6.03026e+08
7.14807e+08
1.75019e+08
2.0584e+08
1.51823e+08
1.41525e+08
1.52285e+08
1.4124e+08
1.63158e+08
1.91598e+08
6.8313e+07
6.54527e+07
6.11761e+07
8.72778e+08
6.11627e+08
7.33329e+08
9.04906e+08
7.67769e+08
7.7298e+08
1.02893e+09
1.01755e+09
8.64761e+08
5.41513e+08
6.34729e+08
6.37447e+08
1.89534e+08
4.2139e+08
4.57529e+08
3.72141e+09
3.04573e+09
3.97968e+09
7.07887e+09
5.44771e+09
5.36729e+09
4.92428e+09
6.93495e+09
5.22046e+09
3.2672e+09
4.40424e+09
4.22648e+09
4.35892e+09
6.39185e+09
3.66917e+09
3.48395e+09
2.13055e+09
1.23953e+09
4.99073e+09
4.93241e+09
7.24415e+09
1.4227e+10
1.54438e+10
1.1267e+10
1.04254e+10
8.33536e+09
9.79691e+09
1.47908e+10
1.3225e+10
1.21553e+10
1.09367e+10
8.15178e+09
9.3697e+09
4.64623e+08
2.86984e+08
4.62833e+08
3.71221e+08
5.56793e+09
6.79634e+09
5.61995e+09
3.48505e+09
4.52476e+09
4.45172e+09
4.9985e+09
7.25343e+09
5.40872e+09
9.80957e+08
5.19509e+08
5.76832e+08
9.3839e+08
4.87045e+07
6.2775e+07
4.97851e+07
6.2241e+07
3.70151e+08
3.19949e+08
3.70719e+08
3.16456e+08
2.09303e+08
2.42329e+08
1.97127e+08
1.93222e+08
2.08206e+08
1.97842e+08
2.01524e+08
2.22649e+08
2.54877e+08
4.8066e+08
5.34678e+08
5.12728e+08
2.71577e+08
3.40477e+08
3.78465e+08
2.52413e+08
4.50952e+08
4.96267e+08
8.14463e+07
7.15736e+07
7.32579e+07
7.9104e+07
1.54414e+08
1.61672e+08
1.65038e+08
1.52166e+08
2.26157e+08
2.58828e+08
2.37464e+08
2.40475e+08
1.28741e+08
1.40686e+08
1.33797e+08
1.34582e+08
1.52169e+09
1.19467e+09
1.23708e+09
1.70206e+09
1.59281e+09
1.55853e+09
6.73489e+08
1.34518e+09
1.05707e+09
1.66074e+09
1.42926e+09
1.25496e+09
1.32405e+09
1.13955e+09
1.22252e+09
7.91041e+08
1.44292e+09
1.33735e+09
1.19688e+09
1.83693e+09
1.69237e+09
2.1044e+09
1.86204e+09
2.67644e+09
2.3934e+09
1.81012e+09
2.67483e+09
2.18338e+09
2.50647e+08
2.85951e+08
1.84759e+08
1.1e+08
3.11704e+08
3.52023e+08
4.18019e+08
2.75857e+08
4.52357e+08
4.07474e+08
5.54267e+08
5.03098e+08
5.53956e+08
7.76007e+07
1.35566e+08
7.11911e+07
1.54449e+08
7.46961e+07
2.06462e+07
3.71241e+07
5.38481e+07
6.6862e+07
7.53193e+07
8.23228e+07
5.42101e+07
9.91383e+07
9.42669e+07
9.59901e+07
9.70178e+07
1.09125e+08
1.11439e+08
1.08575e+08
1.11905e+08
1.09439e+08
1.09478e+08
1.07267e+08
1.12084e+08
1.0024e+08
1.0483e+08
1.02574e+08
1.02381e+08
8.64074e+07
8.17215e+07
8.42925e+07
8.36931e+07
9.10175e+07
8.92869e+07
9.24839e+07
8.79651e+07
1.88806e+09
1.55999e+09
1.54808e+09
1.82427e+09
1.32602e+09
1.46758e+09
1.31171e+09
1.31802e+09
1.25136e+09
2.97443e+09
2.11404e+09
2.71946e+09
4.04973e+09
2.67853e+09
3.13809e+09
4.00927e+09
4.76632e+09
3.60316e+09
1.90462e+09
2.09698e+09
2.41607e+09
2.4595e+09
3.16364e+09
3.25764e+09
4.29255e+09
6.36467e+09
4.50798e+09
2.40253e+09
3.02745e+09
3.2113e+09
4.31679e+09
6.30816e+09
4.51271e+09
4.51282e+09
4.40219e+09
2.21111e+09
1.31326e+09
1.04824e+09
1.377e+09
1.42108e+09
3.92586e+09
1.80468e+09
3.15517e+09
5.59473e+10
2.73907e+10
2.57251e+10
1.8481e+10
5.2013e+10
2.08676e+10
7.65912e+09
1.20932e+10
7.75e+09
5.51078e+09
1.05868e+10
7.73758e+09
1.29997e+10
1.58831e+10
9.67734e+09
2.19577e+10
1.9633e+10
1.27635e+10
1.29793e+10
1.03197e+10
5.26654e+09
5.328e+09
6.64648e+09
1.04178e+10
6.30437e+09
8.31078e+09
9.94938e+09
6.44215e+09
8.17675e+09
3.70062e+10
3.32335e+10
4.65364e+10
8.98244e+10
6.32191e+10
7.78482e+10
4.43091e+10
7.61579e+10
6.81737e+10
3.41915e+10
5.26197e+10
4.7194e+10
9.38308e+09
1.30101e+10
1.38568e+10
1.14857e+10
9.05126e+09
1.28842e+10
3.1648e+10
2.04409e+10
2.09464e+10
4.59171e+08
1.19559e+09
4.86066e+08
1.24089e+09
5.4244e+08
1.32964e+09
5.97797e+08
5.04907e+08
1.56303e+09
4.26381e+08
8.17614e+08
3.98719e+08
9.00283e+08
6.95989e+08
9.60959e+08
6.92835e+08
8.98067e+08
6.6082e+08
1.18939e+08
1.30958e+08
1.29049e+08
1.20669e+08
1.12999e+08
1.31286e+08
1.03149e+08
1.24153e+08
1.44542e+08
1.35776e+08
7.69967e+07
7.36329e+07
7.09037e+07
7.97625e+07
8.57986e+07
9.97364e+07
9.37488e+07
7.8883e+07
9.12221e+07
3.45407e+08
1.29535e+08
1.58996e+08
3.37401e+08
5.84735e+08
2.41718e+08
1.03788e+09
9.96372e+08
1.2426e+09
2.24177e+09
2.26399e+09
1.86017e+09
1.25386e+09
1.78954e+09
1.50586e+09
1.24405e+09
1.80367e+09
1.51749e+09
9.28291e+08
6.2569e+08
4.32071e+08
1.99532e+08
1.76513e+08
1.76976e+08
7.26875e+07
1.34872e+08
3.38381e+08
3.47443e+08
1.81961e+08
2.21037e+08
1.75413e+08
6.18411e+07
7.92313e+08
3.83709e+08
1.30624e+09
5.24042e+08
4.8322e+08
5.56747e+08
1.00184e+09
8.63209e+08
7.32822e+08
6.63533e+08
8.54334e+08
6.8759e+08
6.02189e+08
7.19726e+07
2.4959e+08
4.08512e+08
3.25135e+08
5.53121e+08
5.96578e+08
4.17748e+08
3.09993e+08
2.16696e+08
1.84353e+08
2.90695e+08
2.82186e+08
3.22458e+08
2.37995e+08
1.626e+08
2.40597e+08
1.05379e+08
1.72939e+08
1.55018e+08
2.99596e+08
1.18982e+08
1.46035e+08
1.93064e+08
1.7074e+08
1.72892e+08
3.3869e+09
2.30044e+09
2.98668e+09
4.21145e+09
2.77577e+09
3.32491e+09
4.4635e+09
5.0138e+09
3.90233e+09
1.98261e+09
2.17072e+09
2.57089e+09
1.65144e+09
2.29172e+09
1.75854e+09
1.15453e+09
1.45291e+09
1.43202e+09
1.24187e+09
1.04454e+09
1.32387e+09
2.46667e+09
1.88354e+09
1.89248e+09
1.71396e+09
1.48322e+09
1.28899e+09
5.64436e+08
5.25177e+08
7.7015e+08
1.46444e+09
8.79717e+08
1.07688e+09
1.10093e+09
7.264e+08
9.40833e+08
1.40841e+08
1.25337e+08
8.03318e+07
7.16356e+07
8.49835e+07
1.09581e+08
1.1167e+08
6.90994e+07
7.74063e+07
7.92247e+07
1.36154e+08
1.6379e+08
1.49168e+08
1.30923e+08
6.61682e+09
1.60203e+09
5.65769e+09
2.38188e+09
7.42752e+09
1.17878e+10
6.4984e+09
1.0804e+10
6.0766e+09
2.59833e+10
4.94184e+10
3.74906e+10
5.60191e+10
5.16025e+10
1.09361e+10
2.14822e+10
2.27511e+10
1.75088e+10
1.50857e+10
1.67919e+10
1.58915e+10
1.72934e+10
2.27197e+10
1.24017e+10
1.17847e+10
7.46947e+09
1.12344e+10
4.33131e+10
4.77415e+10
3.10802e+10
3.18096e+10
4.45326e+10
4.50146e+10
2.6909e+10
5.49448e+10
8.28127e+10
5.60933e+10
6.75523e+10
5.22552e+10
5.59419e+10
5.05001e+10
5.04822e+10
4.7001e+10
5.32353e+10
5.45652e+10
4.06153e+10
2.81319e+10
2.31099e+10
4.65498e+10
9.4709e+08
4.00787e+08
4.33024e+08
7.93544e+08
2.96745e+08
4.64835e+08
4.30331e+08
1.91659e+08
2.72959e+08
5.22589e+08
4.52386e+08
5.8794e+08
9.50575e+08
5.40364e+08
6.11122e+08
1.02402e+09
6.86913e+08
7.21926e+08
6.10389e+08
3.49827e+08
2.34697e+08
2.42158e+08
3.71545e+08
7.02957e+08
5.93531e+08
1.03385e+09
7.04972e+08
5.13308e+08
7.1583e+08
5.52998e+08
6.44639e+08
2.61055e+09
1.87699e+09
1.78765e+09
3.52703e+09
2.64155e+09
2.31265e+09
2.34711e+09
2.83605e+09
1.62627e+09
4.70198e+09
7.79589e+09
3.80699e+09
1.82978e+09
1.43342e+09
1.99042e+09
1.74526e+09
1.97857e+09
1.62533e+09
7.43703e+08
1.12966e+09
1.01e+09
1.18113e+09
1.22057e+09
6.65059e+07
1.35662e+08
7.53586e+07
7.93146e+07
1.29149e+08
2.98469e+07
3.52922e+07
8.89357e+07
3.72536e+07
4.40662e+07
7.48213e+07
5.88314e+07
9.135e+07
9.68171e+07
1.004e+08
1.30753e+08
8.7372e+07
6.93061e+07
5.22021e+07
4.4558e+07
5.98114e+07
6.77647e+07
7.06124e+07
9.06527e+07
1.03578e+08
1.03027e+08
1.12303e+08
9.64487e+07
1.08545e+08
1.18607e+08
7.85598e+07
7.37116e+07
1.05142e+08
1.39945e+08
9.93262e+07
1.39919e+08
2.49563e+08
2.9116e+08
2.60231e+08
2.81187e+08
1.05138e+09
6.87498e+08
7.73045e+08
9.03717e+08
4.51804e+08
2.59494e+08
3.75939e+08
3.20181e+08
3.45883e+07
2.40263e+07
2.75311e+07
3.97864e+07
8.56312e+07
9.11476e+07
8.59411e+07
9.09451e+07
7.44059e+07
7.51665e+07
7.44796e+07
7.01561e+07
5.3642e+08
5.70146e+08
4.98257e+08
6.51371e+08
2.02778e+08
1.59501e+08
1.7972e+08
1.82571e+08
2.3724e+08
2.49482e+08
2.9037e+08
2.03027e+08
2.13332e+08
2.13219e+08
2.06199e+08
2.26178e+08
2.86829e+08
3.11334e+08
2.68854e+08
2.94052e+08
2.3803e+08
3.19711e+08
2.49839e+08
2.93253e+08
3.43383e+08
3.70585e+08
3.23291e+08
3.65819e+08
3.9468e+08
8.7203e+07
8.85016e+07
9.13605e+07
8.48026e+07
9.87998e+07
9.33931e+07
9.20983e+07
1.01381e+08
1.00279e+08
1.07917e+08
1.04703e+08
1.02738e+08
1.29591e+08
1.24357e+08
1.25344e+08
1.28851e+08
1.68085e+08
1.86239e+08
1.81743e+08
1.70057e+08
1.34743e+08
1.27649e+08
1.29415e+08
1.32606e+08
1.52231e+08
1.35273e+08
1.46725e+08
1.39167e+08
1.95014e+08
2.09535e+08
2.17095e+08
1.927e+08
1.35496e+08
1.34096e+08
1.29457e+08
1.41381e+08
1.13663e+08
1.14033e+08
1.1074e+08
1.17229e+08
1.06866e+08
1.02709e+08
1.09015e+08
1.01128e+08
9.88453e+07
9.34365e+07
9.73355e+07
9.47079e+07
7.23035e+07
7.36989e+07
7.51425e+07
7.09861e+07
7.45995e+07
7.83974e+07
7.76658e+07
7.52392e+07
7.78258e+07
8.21679e+07
7.7382e+07
8.23419e+07
7.66238e+07
8.00265e+07
8.02852e+07
7.64715e+07
2.53014e+09
1.71531e+09
3.23286e+09
2.59553e+09
2.14818e+09
7.90391e+08
1.34213e+09
7.01421e+10
4.28346e+10
3.90846e+08
1.97724e+08
2.2867e+08
1.17934e+08
1.04058e+11
5.13078e+07
3.12829e+07
3.86111e+07
1.8743e+08
4.62105e+07
1.09883e+08
2.88672e+08
1.86999e+08
6.63252e+07
1.44139e+08
1.03093e+08
1.00806e+08
9.28488e+07
9.942e+07
4.48815e+08
6.47521e+08
2.75523e+08
1.11046e+09
3.38368e+08
6.66559e+07
7.13581e+07
3.87085e+08
4.48479e+08
2.62372e+08
8.49384e+07
8.07813e+07
1.49312e+08
1.63278e+08
1.38549e+08
1.87575e+08
2.46812e+08
3.00437e+08
1.16438e+08
1.28712e+08
1.35212e+08
6.70001e+07
6.85547e+07
6.54093e+07
3.35276e+08
4.71557e+08
4.22728e+08
1.47822e+08
2.77031e+08
4.00826e+08
4.76681e+08
7.98149e+08
5.41298e+08
4.78811e+08
1.01549e+08
1.40699e+08
2.45602e+08
1.507e+08
5.45145e+07
4.11942e+07
9.62163e+07
1.29828e+08
1.09951e+08
5.41649e+07
1.02418e+08
9.88445e+07
1.05755e+08
1.13237e+08
1.03201e+08
1.18002e+08
1.04811e+08
1.17232e+08
1.01116e+08
1.17295e+08
9.46719e+07
1.11329e+08
1.01773e+08
1.01505e+08
9.03892e+07
8.17082e+07
9.21016e+07
8.67302e+07
9.83294e+07
8.28702e+07
1.00605e+10
6.88776e+10
8.27179e+10
7.02338e+09
1.05285e+10
1.41278e+10
6.05472e+08
5.95494e+08
6.61961e+08
1.04285e+09
2.95617e+08
2.57496e+08
2.18226e+08
5.63793e+08
6.83319e+08
1.69007e+08
1.0604e+08
1.93568e+08
9.16712e+07
1.57536e+08
2.50336e+08
7.55119e+07
4.70942e+11
5.69934e+10
7.7736e+10
4.95411e+10
4.88798e+08
8.01092e+08
3.9546e+08
3.66192e+08
2.56009e+08
5.34693e+08
2.60393e+08
4.85927e+08
1.27162e+09
6.10089e+08
6.32272e+08
5.74349e+08
1.06768e+09
1.0788e+09
7.93849e+08
1.09543e+09
2.76906e+08
1.00798e+08
7.13682e+07
2.34152e+08
2.86657e+08
7.6667e+07
1.09451e+08
2.87505e+08
9.02352e+07
2.99929e+08
1.08927e+09
2.85387e+08
1.26731e+08
3.13073e+08
9.6518e+08
8.66901e+08
7.67448e+08
9.39903e+08
1.31919e+08
9.91406e+07
7.07457e+08
5.49388e+07
3.89476e+07
6.77188e+07
1.06284e+08
1.10666e+08
7.28205e+07
5.72281e+07
1.03862e+08
4.52993e+07
1.21248e+08
4.60318e+08
9.04873e+08
6.93285e+08
6.31662e+08
3.631e+08
1.08142e+08
1.06683e+08
2.37739e+08
4.2717e+08
9.98959e+07
5.74136e+08
1.20094e+08
9.09791e+07
9.5483e+07
8.70239e+07
1.09945e+08
8.32813e+07
1.09105e+08
9.3825e+07
1.13992e+08
9.76269e+07
1.15189e+08
1.41695e+08
1.15755e+08
1.21042e+08
1.31865e+08
1.48823e+08
2.22166e+08
1.64117e+08
1.41126e+08
1.21015e+08
1.19793e+08
1.5343e+08
1.69399e+08
1.13097e+08
2.25942e+08
1.11609e+08
1.90507e+08
2.32494e+08
2.79663e+08
1.61476e+08
1.74504e+08
1.16894e+08
1.19241e+08
1.50586e+08
1.12536e+08
1.13771e+08
1.02997e+08
1.28825e+08
1.11206e+08
9.53185e+07
9.26324e+07
1.07908e+08
8.72652e+07
9.9644e+07
9.12144e+07
6.97371e+07
7.8868e+07
6.75125e+07
6.89035e+07
7.03299e+07
8.32627e+07
7.9902e+07
7.20253e+07
7.23576e+07
7.01176e+07
8.76281e+07
6.88067e+07
6.87171e+07
7.23994e+07
8.36269e+07
8.66787e+07
7.19129e+07
9.83306e+10
1.86559e+11
3.21491e+10
1.92833e+09
2.71643e+08
3.80934e+08
3.52703e+08
2.44639e+08
2.46375e+08
1.94782e+08
2.85491e+08
1.36248e+08
1.60183e+08
1.32111e+08
1.86678e+11
4.89208e+10
1.81048e+11
6.30573e+10
3.68707e+10
5.4784e+07
1.4223e+08
5.26752e+07
6.90494e+07
7.20811e+07
9.15412e+07
8.44438e+07
1.09715e+08
1.34691e+09
9.31187e+08
1.15237e+09
1.01466e+09
1.40111e+09
1.37348e+09
1.54374e+09
8.70569e+08
1.64451e+09
1.65146e+09
1.59071e+09
2.09088e+08
2.67826e+08
7.82863e+07
8.62877e+07
2.27992e+08
1.65408e+08
1.05815e+08
8.95219e+07
6.53478e+07
5.95162e+07
1.0839e+08
1.43912e+08
1.00549e+08
1.02625e+08
9.57709e+07
9.72666e+07
1.02121e+08
9.87514e+07
9.14213e+07
9.53594e+07
9.44679e+07
8.89867e+07
9.74114e+07
9.73809e+07
2.81962e+09
5.3558e+08
7.18195e+08
8.53652e+08
5.41903e+08
6.45807e+08
6.37486e+08
1.85531e+08
1.55548e+08
1.46279e+08
1.38201e+08
1.50612e+08
6.06364e+07
6.66496e+07
7.85303e+08
1.11747e+09
5.43559e+09
4.62612e+08
3.02776e+08
2.8853e+08
6.31311e+08
9.75906e+08
3.01128e+08
4.29446e+08
1.13569e+09
8.47106e+08
4.76644e+08
3.94083e+08
7.24789e+08
5.55716e+08
8.56864e+08
6.14297e+08
4.90812e+07
6.45762e+07
6.13531e+07
5.22287e+07
7.44707e+07
6.17516e+07
4.09232e+08
3.48497e+08
5.17015e+08
3.00053e+08
4.03436e+08
5.66859e+08
3.07294e+08
2.84928e+08
1.72089e+08
1.85523e+08
1.77658e+08
2.37282e+08
4.02089e+08
3.29528e+08
4.20698e+08
8.63778e+07
8.10204e+07
7.20454e+07
7.88431e+07
7.34153e+07
7.89374e+07
1.59248e+08
1.45046e+08
1.5505e+08
1.70546e+08
1.43872e+08
1.46496e+08
2.14418e+08
2.11732e+08
2.69668e+08
3.58611e+08
2.12444e+08
2.59073e+08
2.35783e+08
1.20556e+08
1.23675e+08
1.49686e+08
1.24417e+08
1.28478e+08
1.42217e+08
6.66393e+07
6.56018e+07
6.84259e+07
6.74857e+07
4.15827e+09
1.14069e+09
8.12012e+08
2.29392e+08
3.51378e+08
1.70121e+08
9.95776e+07
3.66105e+08
4.29691e+08
3.93416e+08
3.65558e+08
2.95983e+08
2.63484e+08
3.43059e+08
2.0511e+08
5.1053e+08
3.31266e+08
4.66704e+08
4.43051e+08
6.12638e+08
7.33054e+08
4.53502e+08
5.98731e+08
5.5284e+08
5.65133e+08
1.56386e+08
5.58289e+07
2.7888e+08
7.51154e+07
1.6624e+08
1.66246e+08
8.65505e+07
9.3175e+07
8.6174e+07
4.8122e+07
2.08095e+07
3.31825e+07
3.92395e+07
4.50211e+07
5.40005e+07
6.949e+07
9.89381e+07
7.73373e+07
9.56007e+07
1.45915e+08
6.27588e+07
6.88844e+07
9.98556e+07
1.02048e+08
9.2729e+07
9.67202e+07
1.00075e+08
9.55486e+07
1.05156e+08
1.10034e+08
1.09349e+08
1.15769e+08
1.04714e+08
1.06742e+08
1.12982e+08
1.16473e+08
1.04437e+08
1.0931e+08
1.09873e+08
1.15881e+08
1.02063e+08
1.06899e+08
1.11865e+08
1.18128e+08
9.74062e+07
9.71739e+07
1.07697e+08
1.08007e+08
9.95436e+07
1.0515e+08
9.90385e+07
1.05275e+08
8.89897e+07
8.75264e+07
7.91046e+07
8.66822e+07
8.47864e+07
8.08831e+07
9.44067e+07
8.90228e+07
9.08741e+07
8.54687e+07
9.61328e+07
9.43014e+07
8.61597e+07
8.4388e+07
4.25352e+09
6.31649e+09
3.72236e+09
1.47382e+09
7.95978e+09
5.07762e+09
6.54952e+09
1.45428e+10
1.9162e+10
1.21144e+10
1.67449e+10
7.33416e+10
3.76946e+10
1.96904e+11
1.92678e+10
9.92972e+09
1.5532e+10
1.21835e+10
9.38205e+08
6.0043e+08
6.70285e+08
1.20127e+08
8.81279e+07
8.13233e+07
7.23699e+07
4.20087e+08
4.32949e+08
4.16612e+08
7.46122e+08
4.12576e+08
2.72179e+08
2.38009e+08
2.44684e+08
2.43469e+08
3.10054e+08
6.07351e+08
7.65607e+08
1.36971e+08
2.92049e+08
2.20791e+08
1.99778e+08
1.43942e+08
1.7723e+08
1.78224e+08
1.07767e+08
1.84071e+08
3.22199e+08
2.24874e+08
4.36294e+08
3.80487e+08
1.82298e+08
2.28609e+08
2.89784e+08
1.64761e+08
1.576e+08
3.19284e+08
2.3371e+08
2.54231e+08
2.06121e+08
6.22221e+08
5.56934e+08
9.24232e+07
1.68569e+08
3.49156e+08
1.79007e+08
1.18199e+08
1.80395e+08
4.13384e+08
2.19087e+08
3.56784e+08
1.03964e+08
1.2794e+08
1.64152e+08
2.58295e+08
3.03345e+08
1.40153e+08
2.33008e+08
4.36358e+08
5.13681e+08
1.86458e+08
2.27775e+08
1.28946e+08
1.74198e+08
6.15734e+08
2.49985e+08
5.37913e+08
2.4652e+08
1.20126e+08
1.70317e+08
1.56828e+08
9.95659e+07
1.18451e+08
2.27417e+08
1.16629e+08
1.92246e+08
2.48578e+08
1.47187e+08
1.38171e+08
9.89531e+07
8.99991e+07
8.19897e+07
1.62988e+08
8.18026e+07
6.83787e+07
1.2176e+08
1.56059e+08
7.98372e+07
7.94058e+07
1.38495e+08
1.96111e+08
1.38686e+08
9.51011e+07
1.98654e+08
1.86367e+08
1.73108e+08
8.63867e+07
1.21108e+08
2.41318e+11
1.37317e+11
2.61229e+11
2.51975e+10
7.44813e+10
6.12843e+10
1.40727e+11
7.46816e+10
9.71083e+10
8.04449e+10
6.812e+10
5.41889e+10
8.77173e+10
4.75298e+10
5.27517e+09
2.95308e+09
8.93426e+09
1.49654e+09
1.42751e+10
4.21909e+09
8.89078e+09
1.2318e+10
5.27592e+09
1.43064e+10
3.53044e+08
4.42006e+08
9.05679e+08
3.58189e+08
6.50785e+08
8.94122e+08
9.49585e+08
6.55791e+08
5.34694e+08
6.56104e+08
5.13189e+08
2.63249e+08
4.17758e+08
7.80474e+07
3.68164e+08
4.42217e+08
1.94074e+08
1.45584e+08
5.18416e+08
4.95859e+08
2.05528e+09
5.15751e+08
1.9949e+09
5.98751e+08
1.18041e+09
5.42347e+08
3.22778e+08
6.46155e+08
4.43645e+08
5.29681e+08
5.95968e+08
4.70751e+08
6.85026e+08
5.18749e+09
1.08286e+10
2.55509e+09
5.45138e+09
1.98019e+09
1.54799e+09
7.18005e+08
1.12542e+09
5.38773e+08
1.24368e+09
1.75133e+09
7.3279e+08
8.92254e+07
8.34146e+07
1.35653e+08
2.59929e+08
9.81897e+07
3.81757e+07
4.09858e+07
4.11647e+07
6.2609e+07
4.44646e+07
5.33985e+07
5.18013e+07
6.3533e+07
8.30172e+07
8.98051e+07
1.18265e+08
1.45907e+08
7.86857e+07
1.05193e+08
2.19689e+08
1.25526e+08
1.81782e+08
7.67317e+07
1.35495e+08
9.16266e+07
1.11768e+08
7.42916e+07
1.02936e+08
6.12094e+07
9.62252e+07
7.59422e+07
7.00295e+07
5.4823e+07
4.97051e+07
4.7675e+07
6.08755e+07
6.80525e+07
8.37438e+07
7.54352e+07
1.05127e+08
5.71703e+07
7.22033e+07
7.51109e+07
9.51586e+07
1.00815e+08
2.55786e+08
1.07177e+08
9.15822e+07
1.25218e+08
2.78571e+08
7.19123e+07
7.54457e+07
6.9258e+07
8.94864e+07
8.15367e+07
1.02783e+08
1.37276e+08
2.98976e+08
9.58852e+07
9.83016e+07
1.36601e+08
3.00013e+08
4.99451e+08
8.01034e+08
6.82482e+07
1.18729e+08
4.44479e+08
1.31619e+08
8.30035e+08
1.92829e+08
1.0355e+09
9.99576e+08
9.80067e+08
6.83255e+08
7.20524e+08
9.41752e+08
8.34689e+08
8.56482e+08
4.02314e+08
9.62678e+08
9.80894e+07
2.81588e+08
3.52021e+08
1.40497e+08
7.8339e+08
3.29857e+08
5.40854e+07
3.49537e+07
2.40263e+07
4.43707e+07
2.79378e+07
3.69848e+07
8.57372e+07
6.60252e+07
1.09198e+08
8.80984e+07
8.17159e+07
1.13601e+08
7.60279e+07
8.77641e+07
5.55354e+07
8.12475e+07
6.27894e+07
1.27501e+08
4.95331e+07
6.1328e+07
7.97218e+07
1.09439e+08
4.91759e+08
4.97832e+08
8.19899e+08
5.97651e+08
4.64831e+08
7.67911e+08
5.97285e+08
7.10476e+08
2.09801e+08
3.23195e+08
1.09356e+08
1.46119e+08
1.82327e+08
1.1471e+08
2.85758e+08
1.6326e+08
4.61171e+08
2.45854e+08
2.1989e+08
1.26927e+08
5.55151e+08
2.59133e+08
2.14624e+08
1.04572e+08
3.03407e+08
1.91168e+08
2.00887e+08
2.52614e+08
2.60276e+08
3.90322e+08
9.07746e+07
8.69858e+07
8.97454e+07
9.50639e+07
9.21938e+07
8.42517e+07
8.90799e+07
9.56609e+07
9.61278e+07
1.07637e+08
8.06331e+07
9.54805e+07
9.77225e+07
1.13489e+08
9.31308e+07
1.0183e+08
1.0622e+08
1.16624e+08
9.7846e+07
1.037e+08
1.04928e+08
1.12029e+08
1.3246e+08
1.38047e+08
1.18695e+08
1.2079e+08
1.27866e+08
1.19271e+08
1.36638e+08
1.2475e+08
1.60445e+08
1.55451e+08
2.09437e+08
1.9499e+08
1.73949e+08
1.54867e+08
1.79781e+08
1.31277e+08
1.46318e+08
1.18574e+08
1.31665e+08
1.27155e+08
1.21139e+08
1.45532e+08
1.38119e+08
1.93559e+08
1.38566e+08
1.43814e+08
1.09724e+08
1.91364e+08
1.59829e+08
1.30612e+08
1.17114e+08
2.08116e+08
1.7122e+08
2.47573e+08
2.00645e+08
2.26209e+08
1.74259e+08
1.81094e+08
1.46052e+08
1.57842e+08
1.20593e+08
1.28456e+08
1.36594e+08
1.14773e+08
1.61596e+08
1.33802e+08
1.08291e+08
1.18795e+08
1.10036e+08
1.18422e+08
1.05966e+08
1.07155e+08
1.22986e+08
1.22238e+08
1.14414e+08
1.04255e+08
1.03368e+08
9.49492e+07
1.17534e+08
1.11245e+08
9.91965e+07
9.41268e+07
1.04252e+08
1.01758e+08
9.16948e+07
8.85701e+07
1.02228e+08
9.52791e+07
9.71284e+07
8.94197e+07
7.28648e+07
6.9385e+07
7.64246e+07
7.5704e+07
7.80603e+07
6.82404e+07
6.81828e+07
6.85679e+07
7.36175e+07
7.11114e+07
8.21938e+07
7.92003e+07
7.65474e+07
8.12608e+07
7.15823e+07
7.58952e+07
7.24824e+07
7.75409e+07
8.89609e+07
7.17267e+07
7.57039e+07
8.167e+07
8.86129e+07
6.86535e+07
6.88565e+07
7.72794e+07
7.20895e+07
8.46794e+07
7.93359e+07
8.11971e+07
8.52684e+07
7.21678e+07
7.59534e+07
5.72389e+09
4.13302e+09
)
;
    }
    procBoundary0to1
    {
        type            processor;
        value           nonuniform List<scalar> 
224
(
9.6592e+07
2.1331e+08
2.23893e+08
1.70119e+07
1.70119e+07
1.70119e+07
1.47304e+07
1.47304e+07
1.47304e+07
3.32826e+08
1.07784e+08
3.68493e+08
3.92513e+08
3.7764e+08
5.78447e+07
6.87236e+07
6.87236e+07
6.87236e+07
7.52108e+07
7.52108e+07
7.52108e+07
1.46948e+08
2.08103e+08
2.43746e+08
2.43746e+08
5.68001e+07
5.68001e+07
5.68001e+07
8.29122e+07
3.34254e+07
3.34254e+07
3.34254e+07
9.38062e+07
9.38062e+07
9.38062e+07
2.39637e+08
1.53756e+08
1.40658e+08
1.79546e+08
1.15891e+08
1.65084e+08
2.47911e+08
2.47911e+08
2.50633e+08
6.79861e+08
1.07646e+08
1.12329e+08
1.82441e+08
1.30727e+08
1.8447e+08
1.8447e+08
1.8447e+08
7.65406e+07
1.23764e+08
8.56893e+07
5.75497e+07
4.51031e+07
3.77023e+07
1.02342e+08
1.07027e+08
9.84201e+07
6.79501e+07
5.17886e+07
6.04364e+07
4.48126e+07
4.48126e+07
4.48126e+07
8.97715e+07
8.97715e+07
8.97715e+07
3.74319e+07
3.74319e+07
3.74319e+07
1.71692e+07
1.71692e+07
1.71692e+07
3.68493e+08
3.92513e+08
3.92513e+08
2.41192e+08
2.41192e+08
2.41192e+08
2.41192e+08
2.41192e+08
2.41192e+08
6.20314e+07
6.20314e+07
6.20314e+07
8.08591e+07
8.08591e+07
8.08591e+07
7.24709e+07
7.24709e+07
7.24709e+07
2.42543e+07
2.42543e+07
2.42543e+07
9.66161e+07
9.66161e+07
9.66161e+07
4.89374e+08
6.4296e+08
1.30721e+08
1.6453e+08
3.4737e+08
3.4737e+08
3.4737e+08
1.32643e+09
3.9367e+08
1.61737e+09
1.56996e+09
1.15256e+09
1.23573e+08
1.10278e+08
1.08983e+08
1.34419e+08
2.9715e+08
2.9715e+08
2.9715e+08
2.9715e+08
1.87149e+08
1.87149e+08
9.04014e+07
8.44561e+07
9.3798e+07
7.88664e+07
7.78646e+07
6.7305e+07
5.4585e+07
5.4585e+07
5.4585e+07
8.5498e+07
8.5498e+07
8.5498e+07
4.14575e+08
3.33727e+08
3.7762e+08
2.57452e+08
2.15429e+08
2.23893e+08
2.1331e+08
2.23893e+08
2.23893e+08
4.39115e+07
3.71335e+07
4.61861e+07
8.02583e+07
3.76926e+07
4.06132e+07
4.66959e+07
4.35529e+07
6.79812e+07
6.61714e+07
6.13194e+07
6.46932e+07
7.19354e+07
7.21301e+07
7.67643e+07
7.73563e+07
1.96349e+08
2.83287e+08
1.70429e+08
1.03759e+08
5.38426e+07
4.83067e+07
4.60962e+07
5.31609e+07
9.09848e+07
8.90113e+07
9.24443e+07
9.35879e+07
3.9367e+08
5.1449e+08
1.32643e+09
6.79861e+08
2.50633e+08
1.15256e+09
1.56996e+09
1.12329e+08
1.07646e+08
1.10278e+08
1.23573e+08
1.30727e+08
1.82441e+08
1.34419e+08
1.08983e+08
1.34372e+09
4.50361e+08
3.77032e+08
2.57452e+08
7.22326e+08
4.51031e+07
9.84201e+07
1.07027e+08
9.3798e+07
8.44561e+07
6.04364e+07
5.17886e+07
6.7305e+07
7.78646e+07
5.26865e+07
5.62431e+07
6.12721e+07
5.69241e+07
8.47856e+07
8.67478e+07
8.20936e+07
8.09663e+07
2.19402e+08
1.78606e+08
2.03769e+08
9.49857e+07
1.48499e+08
1.56529e+08
1.71592e+08
1.91384e+08
1.66841e+08
1.86329e+08
1.22461e+08
1.07256e+08
1.02791e+08
8.82759e+07
9.38206e+07
9.10777e+07
)
;
    }
    procBoundary0to2
    {
        type            processor;
        value           nonuniform List<scalar> 
47
(
6.349e+07
6.4134e+07
6.47488e+07
7.95233e+07
8.05726e+07
6.20881e+07
6.49999e+07
6.48172e+07
7.95233e+07
6.62692e+07
6.45371e+07
6.53749e+07
6.67133e+07
6.60887e+07
6.32131e+07
6.62585e+07
6.63228e+07
6.57615e+07
6.54683e+07
6.51514e+07
6.63164e+07
6.64183e+07
6.63311e+07
6.63147e+07
6.43314e+07
6.43314e+07
6.62692e+07
7.76624e+07
5.64789e+07
7.48261e+07
7.48261e+07
6.49999e+07
6.48172e+07
6.35847e+07
6.67133e+07
6.60887e+07
5.79903e+07
6.45371e+07
6.45371e+07
6.57615e+07
6.54683e+07
6.62585e+07
6.63228e+07
6.63311e+07
6.63147e+07
6.63164e+07
6.64183e+07
)
;
    }
    procBoundary0to3
    {
        type            processor;
        value           nonuniform List<scalar> 
43
(
9.65307e+07
9.65307e+07
9.65307e+07
9.40606e+07
9.40606e+07
9.40606e+07
8.10486e+07
8.10486e+07
8.10486e+07
7.57975e+07
7.57975e+07
7.57975e+07
9.75017e+07
9.75017e+07
9.75017e+07
9.04458e+07
9.04458e+07
9.04458e+07
6.51769e+07
6.51769e+07
8.60136e+07
8.60136e+07
8.60136e+07
7.04521e+07
7.04521e+07
7.04521e+07
9.38956e+07
9.29373e+07
9.41818e+07
9.41433e+07
9.02922e+07
9.20412e+07
8.89353e+07
8.65715e+07
6.50062e+07
8.02738e+07
7.72198e+07
8.21276e+07
8.49138e+07
7.21006e+07
7.52839e+07
7.01388e+07
6.69249e+07
)
;
    }
    procBoundary0to4
    {
        type            processor;
        value           nonuniform List<scalar> 
58
(
4.51342e+07
1.20118e+08
1.20118e+08
1.20118e+08
8.35859e+07
1.76888e+08
1.76888e+08
1.76888e+08
1.76888e+08
1.76888e+08
2.76408e+08
4.3026e+07
3.46376e+07
3.84959e+07
4.86182e+07
1.05262e+08
5.56546e+07
7.30885e+07
3.89347e+07
3.94458e+07
2.62237e+07
1.1202e+08
7.30885e+07
5.31324e+07
1.14996e+08
6.56224e+07
1.14996e+08
9.09445e+07
1.14996e+08
7.45719e+07
1.27577e+08
3.94458e+07
4.4089e+07
7.30885e+07
3.89347e+07
5.31324e+07
6.55487e+07
3.63056e+07
8.93059e+07
6.56224e+07
7.45719e+07
8.9426e+07
1.27577e+08
1.73565e+08
2.67334e+08
1.27577e+08
1.27577e+08
2.62237e+07
3.02324e+07
3.46376e+07
9.84512e+07
6.72597e+07
4.4089e+07
4.86182e+07
1.05498e+08
3.84959e+07
4.86182e+07
3.64817e+07
)
;
    }
}


// ************************************************************************* //
