/*--------------------------------*- C++ -*----------------------------------*\
| =========                 |                                                 |
| \\      /  F ield         | OpenFOAM: The Open Source CFD Toolbox           |
|  \\    /   O peration     | Version:  2012                                  |
|   \\  /    A nd           | Website:  www.openfoam.com                      |
|    \\/     M anipulation  |                                                 |
\*---------------------------------------------------------------------------*/
FoamFile
{
    version     2.0;
    format      ascii;
    class       labelList;
    note        "nPoints:5201  nCells:3124  nFaces:11276  nInternalFaces:8326";
    location    "constant/solid/polyMesh";
    object      owner;
}
// * * * * * * * * * * * * * * * * * * * * * * * * * * * * * * * * * * * * * //


11276
(
0
0
0
0
0
0
1
1
1
1
2
2
2
2
2
3
3
3
3
3
3
3
4
4
4
4
4
4
4
4
5
5
5
6
6
6
7
7
7
7
7
7
8
8
8
8
8
8
9
9
9
9
9
9
9
10
10
10
10
11
11
11
11
11
11
11
12
12
12
12
12
12
12
12
13
13
13
13
13
14
14
14
14
14
14
15
15
15
15
15
15
15
16
16
16
17
17
17
17
17
17
17
18
18
18
18
18
18
19
19
19
19
19
19
20
20
20
20
20
20
20
21
21
21
21
21
21
21
22
22
22
23
23
23
23
24
24
24
24
24
24
24
24
24
25
25
25
25
25
26
26
26
26
26
26
27
27
27
27
27
28
28
28
28
28
28
28
28
29
29
29
29
29
29
29
29
29
30
30
30
30
31
31
31
31
31
32
32
32
32
33
33
33
33
34
34
34
34
34
34
34
34
34
34
35
35
35
35
35
36
36
36
36
36
36
37
37
37
37
38
38
38
38
38
39
39
39
39
39
39
39
39
39
40
40
41
41
41
41
41
41
41
41
42
42
42
42
43
43
43
44
44
44
44
44
45
45
45
45
46
46
46
47
47
47
47
48
48
48
48
49
49
49
49
49
49
50
50
50
50
50
50
50
50
50
51
51
51
51
52
52
52
53
53
53
53
53
54
54
54
54
54
54
54
54
54
55
55
55
55
55
55
55
56
56
56
56
56
56
56
56
57
57
57
57
58
58
58
58
59
59
59
60
60
60
60
60
60
60
60
61
61
61
61
61
61
61
62
62
62
62
62
62
62
63
63
63
63
64
64
64
64
64
64
64
64
65
65
65
65
65
65
65
65
65
65
66
66
66
66
66
66
66
67
67
67
68
68
68
68
68
69
69
69
69
69
70
70
70
70
70
70
70
70
70
70
71
71
71
71
72
72
72
72
73
73
73
73
73
73
73
73
74
74
74
74
74
74
74
74
74
74
75
75
75
75
75
75
75
75
75
76
76
76
76
76
76
76
77
77
77
77
77
77
77
78
78
78
78
78
78
79
79
79
79
79
79
79
80
80
80
80
80
80
81
81
81
82
82
82
83
83
83
83
84
84
84
84
85
85
85
86
86
86
87
87
88
88
88
88
88
88
88
89
89
89
89
89
89
89
90
90
90
90
90
90
90
90
90
90
91
91
91
91
91
91
91
91
91
91
92
92
92
93
93
93
94
94
94
94
95
95
95
95
96
96
96
96
96
96
96
96
97
97
97
97
97
98
99
99
99
99
99
99
99
100
100
100
101
101
101
101
101
101
101
102
102
102
102
102
102
102
103
103
104
104
104
104
104
104
104
105
105
105
105
105
105
106
106
106
106
107
107
107
107
107
107
108
108
108
109
109
109
109
110
110
110
111
111
112
112
112
113
113
113
114
114
115
115
115
116
116
116
117
117
117
117
117
118
118
118
118
119
119
119
119
119
119
119
119
119
120
120
120
121
121
121
121
122
122
122
122
122
122
122
122
123
123
123
123
123
123
124
124
124
124
124
124
124
125
125
125
125
125
125
125
125
125
126
126
126
126
126
126
126
126
126
126
127
127
127
127
127
127
127
127
127
128
128
128
128
128
128
128
128
128
129
129
129
129
129
129
130
130
130
130
130
130
131
131
131
131
131
131
132
132
132
132
132
132
132
133
133
133
134
134
134
135
135
135
136
136
136
137
137
138
138
139
140
140
140
140
141
141
142
142
142
142
142
143
143
143
143
143
144
144
144
144
144
145
145
145
145
145
145
145
146
146
146
146
147
147
147
147
148
148
149
149
149
149
149
150
150
150
150
151
151
151
151
152
152
152
152
152
153
153
153
153
153
153
154
154
154
154
154
155
155
155
155
155
155
156
156
156
156
156
156
156
157
157
157
157
158
158
158
158
158
159
159
159
159
159
159
160
160
160
160
161
161
161
161
161
162
162
162
162
163
163
163
163
164
164
164
164
165
165
165
165
165
165
165
165
165
166
166
166
166
166
166
167
167
167
167
167
167
168
168
168
168
168
169
169
169
169
169
170
170
170
170
170
170
170
171
171
171
171
171
171
171
172
172
172
172
172
173
173
173
173
173
174
174
174
174
174
174
175
175
175
175
175
176
176
176
176
176
177
177
177
177
177
178
178
179
180
180
181
181
181
181
181
182
182
182
182
182
182
183
183
183
183
183
183
184
184
184
185
185
185
185
186
186
186
186
186
186
187
187
187
187
188
188
188
188
188
189
189
189
189
190
190
190
190
190
190
191
191
191
191
191
191
191
192
192
192
192
193
193
193
193
193
194
194
194
194
194
194
195
195
195
195
195
195
195
195
195
195
195
195
195
195
196
196
196
196
197
197
197
197
197
197
198
198
198
198
198
198
198
198
198
198
199
199
199
199
200
200
200
200
200
201
201
201
201
201
202
202
202
202
202
203
203
203
204
204
204
204
204
204
205
205
205
205
205
205
205
205
205
206
206
206
206
207
207
207
207
208
208
208
208
208
208
208
208
208
209
209
209
209
209
209
210
210
210
210
210
210
210
211
211
211
211
212
212
212
212
213
213
213
213
213
214
214
214
214
214
215
215
215
215
215
215
215
215
215
215
215
215
216
216
216
216
217
217
217
217
217
217
217
217
217
217
217
218
218
218
218
218
218
218
218
218
219
219
219
219
219
219
219
219
219
219
220
220
221
221
221
221
222
222
222
222
222
223
223
223
224
224
224
224
225
225
225
225
225
225
225
225
226
226
226
226
226
226
226
226
226
227
228
229
229
229
229
230
230
230
230
231
231
231
231
232
232
232
232
233
233
233
233
233
234
234
234
234
235
235
235
236
236
236
236
237
237
237
238
238
238
238
238
239
239
239
239
240
240
240
240
240
240
240
240
240
240
240
240
241
241
241
241
241
241
241
241
241
241
241
242
242
242
242
242
242
242
242
242
243
243
243
243
243
243
243
243
243
243
244
244
245
245
245
245
246
246
246
247
247
247
247
247
247
247
247
247
247
247
248
248
248
248
248
248
248
248
248
248
248
248
249
249
250
250
250
250
250
250
250
250
251
251
251
251
251
251
251
251
251
252
252
252
252
252
252
253
253
253
253
253
253
253
253
253
253
253
253
253
253
253
253
254
254
254
254
254
254
254
254
255
255
255
255
255
255
255
256
256
256
256
256
256
256
256
256
257
257
257
257
257
258
258
258
258
259
259
259
260
260
260
260
261
261
261
262
262
262
262
262
262
262
262
262
262
262
262
262
262
262
262
262
263
263
263
263
263
264
264
264
264
265
265
265
266
266
266
266
266
266
266
266
266
266
266
266
266
266
266
266
267
267
267
267
267
267
268
268
268
268
268
268
269
269
269
269
270
270
270
270
271
271
271
271
271
271
271
272
272
272
273
273
273
273
273
274
274
274
274
275
275
275
276
276
276
276
277
277
277
277
278
278
278
278
279
279
279
280
280
280
281
281
281
281
281
282
282
282
282
283
283
283
283
283
283
283
283
283
283
283
283
284
284
284
284
284
284
284
284
284
284
284
285
285
286
286
286
286
286
286
286
286
286
287
287
287
287
287
287
287
287
287
287
288
288
288
288
289
289
289
290
290
290
290
290
290
290
290
290
290
291
291
291
291
291
291
291
291
291
291
291
292
293
293
293
293
293
293
293
293
294
294
294
294
294
294
294
294
294
295
295
295
295
295
296
296
296
296
296
296
297
297
297
298
298
298
298
298
299
299
299
299
300
300
300
300
300
301
301
301
301
301
302
302
302
302
303
303
303
303
303
304
304
304
305
305
305
305
305
305
306
306
306
306
306
306
306
306
306
307
307
307
307
307
308
308
308
309
309
309
309
310
310
310
310
310
310
311
311
311
311
311
312
312
312
312
312
312
312
313
313
313
313
313
314
314
314
314
315
315
315
315
315
316
316
316
317
317
317
317
318
318
318
318
318
319
319
319
319
319
319
320
320
320
321
321
321
321
322
322
322
322
323
323
323
323
323
323
323
323
323
324
324
324
324
324
325
325
325
325
325
325
325
326
326
326
326
326
327
327
327
327
327
328
328
328
328
329
329
329
329
329
329
330
330
330
330
330
330
330
330
330
330
331
331
331
331
331
331
331
332
332
332
332
332
332
333
333
333
333
334
334
334
334
334
335
335
335
335
336
336
336
337
337
337
337
337
338
338
338
338
338
338
338
339
339
339
339
339
340
340
340
340
340
340
340
340
340
341
341
341
341
341
342
342
342
342
342
343
343
343
343
343
343
343
343
343
344
344
344
344
345
345
345
346
346
346
346
347
347
347
347
347
348
348
348
348
348
348
349
349
349
350
350
350
350
351
351
351
351
352
352
352
352
352
353
353
353
353
353
353
353
353
353
353
353
354
354
354
354
355
355
355
355
355
355
355
355
355
355
356
357
357
357
357
357
357
357
357
357
357
358
358
358
358
358
358
358
358
358
359
359
359
359
360
360
360
361
361
361
361
361
361
361
361
361
361
361
361
362
362
362
362
362
362
362
362
362
362
362
363
363
363
363
363
363
363
363
363
364
364
364
364
364
364
364
364
365
365
366
366
366
366
367
367
367
367
367
368
368
368
368
368
368
368
368
368
368
369
369
369
369
369
369
370
370
370
370
370
370
371
371
371
371
372
372
372
372
372
372
372
372
372
373
373
373
373
374
374
374
374
375
375
375
376
376
376
376
377
377
377
377
377
377
378
378
378
378
379
379
379
379
379
379
380
380
380
380
381
381
381
381
382
382
382
382
382
383
383
383
383
384
384
384
384
384
384
385
385
385
385
386
386
386
386
386
386
387
387
387
387
388
388
388
388
389
389
389
389
389
390
390
390
391
391
391
392
392
392
392
392
393
393
393
393
393
394
394
394
395
395
395
396
396
396
396
397
397
397
397
398
398
398
398
398
399
399
399
399
399
399
399
399
399
399
400
400
400
400
400
400
401
401
401
401
401
401
401
401
401
402
402
402
402
403
403
403
404
404
404
404
404
404
404
404
405
405
405
405
405
406
406
406
406
406
406
406
407
407
407
408
408
408
409
409
409
410
410
411
411
411
412
412
413
413
413
413
414
414
414
414
415
415
415
415
416
416
416
416
417
417
417
417
418
418
418
418
419
419
419
420
420
420
421
421
421
422
422
422
423
423
423
424
424
424
425
425
426
426
427
427
428
428
428
428
428
429
429
429
429
429
430
430
430
430
430
430
430
430
430
430
431
431
431
431
431
431
432
432
432
432
432
432
432
432
432
433
433
433
433
434
434
434
435
435
435
435
435
435
435
435
435
436
436
436
436
436
437
437
437
437
437
437
437
438
438
438
438
438
439
439
439
439
439
440
440
440
440
440
440
441
441
441
441
441
441
441
441
441
441
442
442
442
442
442
442
443
443
443
443
444
444
444
445
445
445
445
445
446
446
446
446
446
446
446
446
446
447
447
447
447
448
448
448
448
448
448
448
448
448
448
449
449
449
449
449
449
449
449
449
450
451
451
451
451
452
452
452
452
453
453
453
453
454
454
454
454
454
454
454
455
455
456
456
457
457
457
458
458
458
459
459
459
459
460
460
460
460
460
461
461
461
461
461
461
462
462
462
462
462
462
462
462
463
463
463
463
464
464
464
464
464
465
465
465
466
466
466
466
467
467
467
467
467
468
468
468
468
469
469
469
469
469
469
469
470
470
470
471
471
471
471
471
472
472
472
472
472
473
473
473
474
474
474
474
475
475
475
475
475
476
476
476
476
476
476
477
477
477
478
478
478
478
479
479
479
479
480
480
481
481
481
481
482
482
482
482
483
483
483
483
483
484
484
484
484
484
485
485
485
485
486
486
486
486
486
486
486
486
487
487
487
487
487
487
487
487
487
487
487
487
488
488
488
488
488
488
488
488
488
488
488
488
488
488
489
489
489
489
490
490
490
490
491
491
491
491
491
492
492
492
493
493
493
493
493
493
494
494
494
495
495
495
495
496
496
496
496
496
497
497
497
497
498
498
498
498
498
498
498
498
498
498
499
499
499
499
500
500
500
500
500
500
500
500
500
500
500
500
500
501
501
501
501
502
502
502
502
503
503
503
503
503
504
504
504
504
504
504
504
504
504
504
504
504
504
504
504
505
505
505
506
506
506
506
506
507
507
507
507
507
508
508
508
509
509
509
511
511
511
511
511
512
512
512
512
512
512
512
512
512
512
512
512
512
513
513
513
513
514
514
514
514
515
515
515
515
515
516
516
516
516
517
517
517
518
518
518
518
518
519
519
519
519
519
520
520
520
520
521
521
522
522
522
523
523
523
524
524
525
525
525
526
526
527
527
527
527
527
527
527
527
527
527
528
528
528
528
528
529
529
529
529
529
529
529
529
529
530
530
530
530
530
530
530
531
531
531
532
532
532
532
532
533
533
533
533
534
534
534
534
535
535
535
535
536
536
536
536
537
537
537
537
538
538
538
539
539
539
540
540
541
541
541
542
542
542
543
543
543
543
544
544
544
544
544
544
545
545
545
546
546
546
546
547
547
547
547
547
547
547
547
547
547
547
547
547
547
548
548
548
548
549
549
549
549
549
549
549
549
549
550
550
550
550
551
551
551
552
552
552
553
553
553
553
554
554
554
555
555
555
556
556
556
557
557
557
557
557
557
557
557
557
557
557
558
558
558
558
558
559
559
559
559
560
560
560
560
560
560
560
560
560
560
560
561
561
561
561
561
561
561
561
561
561
562
563
563
563
563
563
563
563
563
563
563
564
564
564
564
564
564
564
564
564
565
565
565
565
566
566
566
567
567
567
567
567
567
567
567
567
567
567
568
568
568
568
568
568
568
568
568
568
569
570
570
570
570
570
570
570
570
570
571
571
571
571
571
571
571
571
572
572
572
572
572
573
573
573
573
573
574
574
574
574
574
574
574
574
574
575
575
575
575
575
575
576
576
576
576
576
576
576
576
576
577
577
577
578
578
578
579
579
579
579
579
579
579
579
579
580
580
580
580
580
581
581
581
581
581
581
581
582
582
582
582
582
583
583
583
583
583
584
584
584
584
584
585
585
585
585
585
585
585
585
585
585
586
586
586
586
586
586
587
587
587
588
588
588
589
589
589
589
589
590
590
590
590
590
590
590
590
590
591
591
591
591
592
592
592
592
593
593
593
593
593
594
594
594
594
594
595
595
595
595
595
595
595
595
595
595
596
596
596
596
596
596
597
597
597
598
598
598
599
599
599
599
600
600
600
600
600
600
600
600
600
601
601
601
601
602
602
602
602
603
603
603
603
603
604
604
604
604
604
604
604
604
604
605
605
605
605
605
605
606
606
606
606
606
606
606
606
606
607
607
607
608
608
608
609
609
609
609
609
609
609
609
610
610
610
610
610
611
611
611
611
611
611
611
612
612
612
612
612
613
613
613
613
613
613
614
614
614
615
615
615
615
616
616
616
616
617
617
617
618
618
618
618
619
619
619
619
620
620
620
621
621
621
622
622
622
623
623
623
624
624
625
625
625
626
626
626
627
627
628
628
629
629
630
630
630
631
631
631
632
632
632
632
633
633
633
634
634
635
635
636
637
637
637
637
637
638
638
638
639
639
639
640
640
641
642
642
643
643
644
644
644
644
644
644
644
645
645
646
646
647
647
647
648
649
649
649
650
650
650
650
651
651
651
651
652
652
652
652
653
653
653
654
654
654
654
655
655
656
656
657
658
658
658
658
659
659
659
660
660
660
661
661
662
662
663
663
663
663
665
665
665
666
666
666
667
667
668
668
668
669
669
669
670
670
671
671
671
671
672
672
672
673
673
673
673
674
674
674
674
675
675
676
676
677
678
678
678
678
679
679
679
680
680
680
680
681
681
681
681
682
683
683
684
684
685
687
687
687
687
688
688
688
689
689
689
690
690
691
692
692
693
693
693
694
694
695
695
695
696
696
696
697
697
698
698
698
698
699
699
699
700
700
700
700
701
701
701
701
702
703
703
704
704
705
705
705
705
706
706
706
707
707
707
708
708
708
710
710
711
711
712
712
712
713
713
713
714
714
715
715
715
716
716
717
717
717
718
718
719
719
719
719
720
720
720
721
721
721
722
722
722
724
724
725
725
726
726
726
726
727
727
727
728
728
728
728
729
729
729
729
730
730
731
731
732
733
733
734
734
735
735
735
736
736
737
737
738
738
739
739
739
740
740
741
741
741
742
742
743
743
744
744
745
745
745
746
746
747
747
747
748
748
748
749
749
750
750
751
751
751
752
752
753
753
753
754
754
755
755
756
756
757
757
758
758
759
759
759
760
760
761
761
761
762
762
763
763
763
764
764
765
765
765
766
766
767
767
767
768
768
768
769
769
770
770
770
772
773
774
774
775
776
776
777
778
778
778
778
779
779
780
780
780
781
781
782
783
783
783
784
784
784
785
785
785
785
785
785
786
786
787
787
787
787
787
788
788
788
788
788
790
790
790
791
791
791
792
792
793
793
793
794
794
795
795
796
796
797
797
798
798
799
799
799
800
800
801
801
802
802
803
803
804
804
804
804
805
805
805
806
806
806
807
807
807
809
809
810
810
811
811
811
811
812
812
812
813
813
813
814
814
814
816
816
817
817
818
818
818
819
819
820
820
821
821
822
822
822
823
823
824
824
825
825
826
826
827
827
828
828
829
829
830
830
831
831
832
832
833
833
834
834
835
835
835
836
836
837
837
838
838
838
839
839
840
840
841
841
841
842
842
843
843
844
844
845
845
846
846
847
847
848
848
849
849
850
851
854
854
854
855
857
857
857
857
857
858
858
858
858
859
859
859
859
860
860
860
860
861
861
862
862
863
863
864
864
864
864
865
865
865
865
866
866
866
867
867
867
867
868
869
869
870
871
871
872
873
873
875
875
875
876
877
878
878
878
878
879
879
880
880
880
880
882
883
884
885
885
885
885
886
886
886
887
887
887
888
888
888
889
890
891
892
892
892
892
893
893
894
895
895
895
895
895
896
896
896
897
897
897
898
898
898
898
899
900
900
901
901
902
902
902
902
903
903
903
903
904
904
904
904
905
905
905
906
906
907
908
909
910
911
911
913
913
913
913
913
914
914
914
914
915
915
915
915
916
916
916
916
917
917
918
918
919
919
920
920
920
920
920
921
921
921
922
922
922
922
923
923
923
924
924
925
925
926
927
927
927
928
928
928
929
929
929
929
930
930
930
931
932
934
934
934
935
935
935
936
936
936
937
937
938
941
941
941
942
942
942
943
943
943
944
944
944
944
945
947
948
948
948
948
948
949
949
949
949
950
950
950
950
951
951
951
951
952
952
953
953
954
954
955
955
955
955
955
956
956
956
956
957
957
957
957
958
958
958
958
959
959
960
960
961
961
962
962
962
963
963
963
964
964
964
965
965
965
965
966
968
969
969
969
970
970
970
971
971
971
972
972
972
972
973
975
976
976
976
976
976
977
977
977
977
978
978
978
978
979
979
979
979
980
980
981
981
982
982
983
983
983
983
984
984
984
984
985
985
985
985
986
986
986
987
987
988
989
990
990
990
990
990
991
991
991
991
992
992
992
992
993
993
993
993
994
994
995
995
996
996
997
997
997
997
997
998
998
999
999
999
1000
1000
1000
1001
1002
1002
1003
1004
1004
1004
1005
1005
1005
1006
1006
1006
1007
1007
1009
1011
1011
1011
1012
1012
1012
1013
1013
1013
1014
1014
1015
1018
1018
1018
1018
1018
1019
1019
1019
1019
1020
1020
1020
1020
1021
1021
1021
1021
1022
1022
1023
1023
1024
1024
1025
1025
1025
1025
1025
1026
1026
1026
1027
1027
1027
1028
1028
1028
1028
1029
1030
1030
1031
1031
1032
1032
1032
1033
1033
1033
1034
1034
1035
1035
1035
1038
1039
1039
1039
1040
1040
1040
1041
1041
1041
1042
1042
1042
1042
1043
1045
1046
1046
1046
1046
1046
1047
1047
1047
1048
1048
1048
1049
1049
1049
1049
1050
1051
1051
1052
1052
1053
1053
1053
1054
1054
1054
1055
1055
1056
1056
1056
1059
1060
1060
1060
1061
1061
1061
1062
1062
1062
1063
1063
1063
1063
1064
1066
1067
1067
1067
1067
1067
1068
1068
1068
1068
1069
1069
1069
1069
1070
1070
1070
1070
1071
1071
1072
1072
1073
1073
1074
1074
1074
1074
1074
1075
1075
1076
1076
1076
1077
1077
1077
1078
1079
1080
1080
1081
1081
1081
1082
1082
1083
1083
1084
1084
1088
1088
1088
1089
1089
1089
1090
1090
1091
1091
1091
1094
1095
1095
1096
1097
1097
1099
1100
1101
1101
1103
1103
1103
1103
1103
1104
1104
1104
1105
1105
1105
1106
1106
1106
1106
1107
1108
1108
1109
1109
1110
1110
1110
1110
1111
1111
1111
1111
1112
1112
1112
1112
1113
1113
1113
1114
1114
1115
1116
1117
1117
1117
1118
1118
1119
1119
1119
1119
1120
1120
1120
1120
1121
1122
1123
1124
1124
1124
1125
1125
1125
1125
1126
1126
1126
1127
1127
1127
1129
1130
1132
1132
1132
1132
1133
1133
1133
1134
1134
1134
1135
1135
1135
1136
1137
1138
1139
1139
1140
1140
1140
1141
1142
1142
1142
1143
1143
1143
1144
1144
1145
1145
1145
1147
1149
1149
1149
1149
1149
1150
1150
1150
1150
1151
1151
1151
1151
1152
1152
1152
1152
1153
1153
1154
1154
1155
1155
1156
1156
1156
1156
1157
1157
1157
1158
1158
1158
1159
1159
1159
1160
1161
1162
1163
1163
1164
1164
1165
1166
1166
1166
1166
1167
1167
1167
1168
1168
1168
1169
1169
1169
1170
1171
1172
1173
1173
1173
1174
1174
1175
1175
1176
1176
1180
1180
1180
1181
1181
1182
1182
1182
1182
1183
1183
1183
1183
1184
1185
1186
1187
1187
1187
1188
1188
1189
1189
1189
1190
1190
1190
1192
1193
1194
1194
1195
1196
1198
1198
1198
1199
1199
1199
1200
1200
1200
1200
1201
1201
1201
1202
1204
1205
1205
1205
1206
1206
1207
1207
1208
1208
1212
1212
1212
1212
1212
1212
1213
1213
1214
1214
1214
1214
1215
1215
1215
1215
1216
1217
1217
1218
1218
1218
1219
1219
1219
1220
1221
1222
1222
1222
1222
1223
1223
1224
1224
1224
1224
1225
1225
1226
1226
1227
1229
1229
1229
1230
1230
1230
1231
1231
1231
1232
1232
1232
1232
1234
1235
1236
1236
1236
1237
1237
1238
1238
1239
1239
1243
1243
1243
1243
1243
1244
1244
1244
1245
1245
1245
1246
1246
1247
1247
1248
1249
1250
1250
1250
1251
1251
1252
1252
1252
1253
1253
1253
1256
1257
1257
1257
1258
1258
1259
1259
1260
1260
1264
1264
1264
1264
1264
1265
1265
1265
1265
1266
1266
1266
1266
1267
1267
1267
1267
1268
1268
1269
1269
1270
1270
1271
1271
1271
1271
1272
1272
1272
1273
1273
1273
1274
1274
1274
1275
1276
1277
1278
1278
1278
1278
1279
1279
1280
1280
1281
1281
1281
1282
1284
1285
1285
1286
1286
1286
1287
1288
1288
1288
1289
1289
1289
1290
1290
1291
1291
1291
1293
1295
1295
1295
1295
1296
1296
1296
1297
1297
1297
1298
1298
1298
1299
1300
1301
1302
1302
1303
1303
1304
1305
1305
1305
1306
1306
1307
1307
1308
1308
1312
1312
1312
1313
1313
1314
1314
1314
1314
1315
1315
1315
1315
1316
1317
1318
1319
1319
1319
1320
1320
1321
1321
1321
1322
1322
1322
1324
1325
1326
1326
1327
1328
1330
1330
1331
1332
1334
1334
1334
1334
1334
1335
1335
1335
1335
1336
1336
1336
1336
1337
1337
1337
1337
1338
1338
1339
1339
1340
1340
1341
1341
1341
1341
1342
1342
1343
1343
1343
1344
1344
1344
1345
1346
1347
1348
1348
1348
1348
1349
1349
1349
1350
1350
1350
1351
1351
1351
1352
1353
1354
1355
1355
1356
1357
1357
1358
1358
1361
1361
1361
1362
1363
1363
1363
1363
1364
1364
1364
1365
1365
1365
1366
1366
1366
1367
1368
1369
1370
1370
1370
1371
1371
1371
1372
1372
1372
1373
1373
1375
1377
1377
1377
1377
1378
1378
1378
1378
1379
1379
1379
1380
1380
1380
1381
1382
1383
1383
1384
1384
1384
1385
1385
1386
1386
1387
1387
1387
1389
1391
1391
1391
1391
1391
1392
1392
1392
1392
1393
1393
1393
1394
1394
1394
1395
1396
1396
1397
1397
1398
1398
1398
1398
1398
1399
1399
1399
1399
1400
1400
1400
1400
1401
1401
1401
1401
1402
1402
1403
1403
1404
1404
1405
1405
1405
1406
1406
1406
1407
1407
1407
1408
1408
1408
1408
1410
1411
1412
1412
1412
1413
1413
1414
1414
1414
1415
1415
1415
1418
1419
1419
1419
1419
1419
1420
1420
1420
1421
1421
1421
1422
1422
1423
1423
1424
1425
1426
1426
1426
1426
1426
1427
1427
1427
1428
1428
1428
1429
1429
1429
1429
1430
1431
1431
1432
1432
1433
1433
1433
1434
1434
1435
1435
1436
1436
1440
1440
1440
1441
1441
1442
1442
1442
1443
1443
1443
1446
1447
1447
1447
1447
1448
1448
1449
1450
1451
1451
1451
1451
1452
1452
1452
1453
1453
1454
1455
1455
1456
1456
1456
1458
1459
1459
1460
1460
1463
1463
1464
1464
1464
1464
1465
1465
1465
1466
1467
1467
1468
1468
1468
1469
1470
1470
1470
1471
1471
1471
1472
1472
1474
1475
1475
1475
1475
1475
1476
1476
1476
1476
1477
1477
1477
1478
1478
1478
1479
1480
1480
1481
1481
1482
1482
1482
1483
1483
1483
1483
1484
1484
1484
1485
1485
1485
1487
1488
1489
1489
1489
1490
1490
1491
1491
1491
1492
1492
1492
1492
1494
1495
1496
1496
1496
1496
1497
1497
1497
1497
1498
1498
1499
1499
1499
1501
1502
1502
1503
1503
1503
1503
1504
1504
1504
1505
1505
1505
1505
1506
1506
1507
1508
1508
1510
1510
1510
1511
1511
1511
1512
1512
1512
1513
1513
1513
1513
1515
1516
1517
1517
1517
1518
1518
1518
1518
1519
1520
1520
1521
1521
1522
1522
1522
1524
1525
1525
1525
1525
1525
1526
1526
1526
1527
1527
1527
1528
1528
1529
1529
1530
1531
1532
1532
1532
1532
1532
1533
1533
1533
1534
1534
1534
1535
1535
1535
1535
1536
1537
1537
1538
1538
1539
1539
1539
1540
1540
1541
1541
1542
1542
1546
1546
1546
1547
1547
1548
1548
1548
1549
1549
1549
1552
1553
1553
1553
1554
1554
1555
1555
1555
1555
1556
1556
1556
1556
1557
1558
1559
1560
1560
1560
1561
1561
1562
1562
1562
1563
1563
1563
1565
1566
1567
1568
1568
1569
1569
1569
1569
1570
1571
1571
1572
1572
1572
1573
1574
1574
1574
1575
1575
1575
1576
1576
1578
1579
1579
1579
1580
1580
1580
1580
1581
1581
1582
1583
1583
1584
1584
1584
1584
1585
1586
1587
1587
1587
1588
1588
1588
1590
1590
1591
1591
1592
1592
1592
1594
1595
1595
1596
1597
1597
1598
1598
1598
1598
1599
1599
1599
1600
1601
1601
1602
1602
1603
1604
1604
1604
1606
1607
1607
1607
1607
1607
1608
1608
1608
1608
1609
1609
1609
1610
1610
1610
1611
1612
1612
1613
1613
1614
1614
1614
1614
1614
1615
1615
1615
1616
1616
1616
1617
1617
1617
1617
1618
1619
1619
1620
1620
1621
1621
1621
1622
1622
1622
1623
1623
1624
1624
1624
1627
1628
1628
1628
1629
1629
1630
1630
1630
1631
1631
1631
1634
1635
1635
1635
1635
1635
1636
1636
1636
1636
1637
1637
1637
1638
1638
1638
1639
1640
1640
1641
1641
1642
1642
1642
1642
1642
1643
1643
1644
1644
1644
1645
1645
1645
1646
1647
1647
1648
1649
1649
1649
1650
1650
1650
1651
1651
1652
1652
1652
1655
1656
1656
1656
1657
1657
1658
1658
1658
1659
1659
1659
1662
1663
1663
1663
1663
1663
1664
1664
1664
1665
1665
1665
1666
1666
1667
1667
1668
1669
1670
1670
1670
1670
1670
1671
1671
1672
1672
1672
1673
1673
1673
1674
1675
1676
1676
1677
1677
1677
1678
1678
1679
1679
1680
1680
1684
1684
1684
1685
1685
1686
1686
1687
1687
1691
1691
1691
1692
1693
1693
1693
1693
1694
1694
1695
1695
1696
1696
1696
1698
1699
1700
1700
1700
1701
1701
1701
1702
1702
1702
1703
1703
1705
1707
1707
1707
1707
1708
1708
1708
1709
1710
1710
1711
1711
1711
1711
1712
1712
1712
1713
1713
1714
1715
1715
1716
1716
1716
1718
1719
1719
1720
1720
1720
1721
1723
1723
1724
1725
1725
1725
1725
1726
1726
1726
1727
1727
1727
1728
1728
1728
1729
1730
1731
1732
1732
1732
1733
1733
1734
1734
1735
1735
1739
1739
1739
1739
1740
1740
1741
1742
1743
1743
1743
1743
1744
1744
1745
1746
1747
1747
1748
1748
1751
1751
1752
1752
1755
1755
1756
1756
1757
1758
1759
1759
1759
1760
1761
1762
1762
1764
1765
1765
1766
1767
1767
1768
1768
1769
1770
1771
1773
1773
1773
1773
1773
1774
1774
1774
1775
1775
1775
1776
1776
1776
1776
1777
1778
1778
1779
1779
1780
1780
1780
1780
1781
1781
1781
1782
1782
1782
1783
1783
1783
1784
1785
1786
1787
1787
1787
1787
1788
1788
1788
1789
1789
1789
1790
1790
1790
1791
1792
1793
1794
1794
1795
1795
1795
1796
1797
1797
1797
1798
1798
1798
1799
1799
1800
1800
1800
1802
1804
1804
1804
1804
1805
1805
1806
1806
1807
1807
1807
1809
1810
1811
1811
1812
1812
1813
1814
1814
1814
1815
1815
1816
1816
1817
1817
1821
1821
1822
1822
1823
1824
1825
1825
1825
1826
1827
1828
1828
1830
1831
1831
1832
1833
1834
1834
1835
1836
1837
1839
1839
1839
1840
1841
1841
1841
1841
1842
1842
1842
1843
1843
1843
1844
1844
1844
1845
1846
1847
1848
1848
1848
1849
1849
1849
1850
1850
1850
1851
1851
1853
1855
1855
1855
1855
1856
1856
1856
1857
1858
1858
1859
1859
1859
1859
1860
1860
1860
1861
1861
1862
1863
1863
1864
1864
1864
1866
1867
1867
1868
1868
1868
1869
1871
1871
1872
1873
1873
1873
1873
1874
1874
1874
1875
1875
1875
1876
1876
1876
1877
1878
1879
1880
1880
1880
1881
1881
1882
1882
1883
1883
1887
1887
1887
1887
1888
1888
1889
1890
1891
1891
1891
1891
1892
1892
1892
1893
1893
1894
1895
1895
1896
1896
1896
1898
1899
1899
1900
1900
1903
1903
1903
1904
1905
1905
1906
1906
1906
1906
1907
1907
1907
1908
1909
1909
1910
1910
1910
1911
1911
1912
1912
1912
1914
1915
1915
1915
1916
1916
1916
1916
1917
1918
1918
1919
1919
1920
1920
1920
1920
1921
1922
1923
1923
1924
1925
1925
1926
1926
1926
1926
1927
1927
1927
1928
1929
1929
1930
1930
1931
1932
1932
1932
1934
1935
1935
1935
1936
1936
1936
1936
1937
1938
1938
1939
1939
1940
1940
1940
1942
1943
1944
1944
1945
1945
1945
1947
1948
1948
1949
1949
1949
1951
1952
1952
1952
1953
1953
1954
1954
1955
1955
1959
1959
1959
1959
1960
1960
1961
1962
1963
1963
1964
1964
1967
1969
1970
1970
1972
1972
1973
1974
1976
1976
1977
1978
1978
1980
1981
1982
1984
1985
1986
1986
1987
1987
1988
1989
1989
1989
1990
1990
1991
1991
1991
1992
1993
1993
1993
1994
1994
1995
1995
1996
1997
1997
1998
1998
1999
1999
1999
2000
2001
2001
2002
2002
2003
2003
2004
2005
2005
2005
2005
2005
2006
2006
2006
2006
2007
2007
2007
2008
2008
2008
2009
2010
2010
2011
2011
2012
2012
2012
2013
2013
2013
2014
2014
2014
2015
2015
2017
2019
2019
2019
2020
2020
2021
2021
2022
2022
2026
2026
2026
2026
2026
2027
2027
2027
2028
2028
2028
2028
2029
2029
2029
2030
2031
2031
2032
2032
2033
2033
2033
2033
2033
2034
2034
2034
2035
2035
2035
2036
2036
2036
2036
2037
2038
2038
2039
2039
2040
2040
2040
2041
2041
2042
2042
2043
2043
2047
2047
2047
2048
2048
2048
2049
2049
2049
2050
2050
2050
2050
2052
2053
2054
2054
2054
2054
2054
2055
2055
2055
2056
2056
2056
2057
2057
2058
2058
2059
2060
2061
2061
2061
2061
2061
2062
2062
2062
2063
2063
2063
2064
2064
2064
2064
2065
2066
2066
2067
2067
2068
2068
2068
2069
2069
2070
2070
2071
2071
2075
2075
2075
2076
2076
2077
2077
2077
2078
2078
2078
2081
2082
2082
2082
2083
2083
2083
2084
2084
2084
2085
2086
2086
2086
2087
2088
2089
2089
2089
2089
2090
2090
2091
2091
2091
2092
2092
2092
2093
2094
2094
2096
2096
2096
2097
2097
2098
2098
2099
2099
2103
2103
2104
2105
2105
2105
2106
2106
2107
2107
2107
2107
2108
2108
2109
2109
2109
2110
2110
2111
2112
2114
2114
2114
2115
2115
2115
2116
2116
2116
2117
2117
2117
2117
2119
2120
2121
2121
2121
2121
2121
2122
2122
2123
2123
2123
2124
2125
2126
2126
2127
2127
2127
2127
2128
2128
2128
2129
2129
2130
2130
2130
2130
2132
2133
2133
2134
2134
2134
2135
2135
2136
2136
2136
2137
2137
2137
2140
2141
2141
2141
2142
2142
2143
2143
2147
2147
2147
2147
2147
2148
2148
2148
2149
2149
2149
2150
2150
2151
2152
2152
2153
2154
2154
2154
2154
2154
2155
2155
2156
2156
2156
2157
2157
2157
2158
2159
2160
2160
2161
2161
2161
2162
2162
2163
2163
2164
2164
2168
2168
2168
2169
2169
2169
2170
2170
2171
2171
2171
2174
2175
2175
2175
2175
2175
2176
2176
2176
2177
2177
2177
2178
2178
2179
2180
2180
2181
2182
2182
2182
2182
2182
2182
2183
2183
2183
2183
2184
2184
2184
2185
2185
2185
2185
2186
2186
2187
2187
2188
2188
2188
2189
2189
2189
2190
2190
2190
2191
2191
2192
2192
2192
2195
2196
2196
2196
2197
2197
2198
2198
2199
2199
2203
2203
2203
2203
2203
2204
2204
2205
2205
2205
2206
2206
2206
2207
2208
2209
2209
2210
2210
2210
2211
2211
2212
2212
2213
2213
2217
2217
2217
2218
2218
2219
2219
2220
2220
2224
2224
2224
2224
2224
2225
2225
2225
2226
2226
2226
2227
2227
2227
2227
2228
2228
2229
2230
2230
2231
2231
2231
2231
2231
2232
2232
2232
2233
2233
2233
2234
2234
2234
2234
2235
2236
2236
2237
2237
2238
2238
2238
2239
2239
2240
2240
2241
2241
2245
2245
2245
2246
2246
2246
2247
2247
2248
2248
2248
2250
2252
2252
2252
2252
2252
2253
2253
2254
2254
2254
2255
2255
2255
2256
2257
2258
2258
2259
2259
2259
2259
2260
2260
2261
2261
2262
2262
2262
2264
2265
2266
2266
2266
2266
2266
2267
2267
2267
2268
2268
2268
2268
2269
2269
2269
2270
2270
2271
2271
2272
2273
2273
2273
2274
2274
2275
2275
2275
2276
2276
2276
2279
2280
2280
2280
2281
2281
2282
2282
2283
2283
2287
2288
2288
2289
2290
2291
2291
2291
2292
2293
2294
2294
2296
2297
2297
2298
2299
2299
2300
2300
2301
2302
2303
2305
2305
2305
2306
2306
2307
2307
2308
2308
2312
2312
2312
2312
2312
2313
2313
2313
2314
2314
2314
2315
2315
2315
2315
2316
2316
2317
2318
2318
2319
2319
2319
2319
2319
2320
2320
2320
2321
2321
2321
2321
2322
2322
2322
2323
2323
2324
2324
2325
2326
2326
2326
2327
2327
2328
2328
2328
2329
2329
2329
2332
2333
2333
2333
2334
2334
2334
2335
2335
2336
2336
2336
2338
2340
2340
2340
2340
2340
2341
2341
2341
2342
2342
2343
2343
2343
2344
2345
2345
2346
2347
2347
2347
2347
2347
2348
2348
2349
2349
2349
2350
2350
2350
2351
2352
2352
2353
2354
2355
2355
2356
2357
2357
2357
2358
2358
2359
2359
2360
2360
2364
2364
2364
2365
2365
2366
2366
2367
2367
2371
2371
2371
2371
2372
2372
2373
2373
2373
2373
2374
2374
2374
2376
2377
2377
2378
2378
2378
2378
2378
2379
2379
2379
2380
2380
2381
2381
2381
2382
2383
2383
2384
2385
2385
2385
2385
2385
2386
2386
2386
2387
2387
2387
2388
2388
2388
2388
2389
2389
2390
2391
2391
2392
2392
2392
2392
2392
2393
2393
2394
2394
2394
2395
2395
2395
2396
2396
2397
2398
2399
2399
2399
2400
2400
2401
2401
2402
2402
2406
2406
2406
2407
2407
2408
2408
2409
2409
2413
2413
2413
2413
2414
2414
2414
2415
2415
2416
2416
2417
2418
2420
2420
2420
2420
2421
2421
2421
2422
2422
2423
2423
2423
2423
2424
2426
2426
2427
2427
2427
2428
2428
2429
2429
2429
2429
2430
2430
2430
2430
2431
2432
2433
2434
2434
2434
2435
2435
2436
2436
2436
2437
2437
2437
2439
2440
2441
2441
2441
2442
2443
2443
2443
2443
2444
2444
2444
2445
2445
2445
2446
2446
2446
2447
2448
2449
2450
2450
2450
2451
2451
2451
2452
2452
2452
2453
2453
2455
2457
2457
2457
2457
2458
2458
2458
2459
2460
2460
2461
2461
2461
2461
2462
2462
2463
2464
2465
2465
2466
2466
2469
2469
2470
2470
2470
2471
2473
2473
2474
2475
2475
2475
2475
2476
2476
2477
2477
2477
2478
2478
2479
2481
2482
2482
2482
2483
2483
2484
2484
2485
2485
2489
2489
2489
2489
2490
2490
2491
2492
2493
2493
2493
2493
2494
2494
2494
2495
2495
2496
2497
2497
2498
2498
2498
2500
2501
2501
2502
2502
2505
2505
2505
2506
2507
2507
2508
2508
2508
2508
2509
2509
2509
2510
2511
2511
2512
2512
2512
2513
2513
2514
2514
2514
2516
2517
2517
2517
2518
2518
2520
2521
2521
2522
2522
2522
2524
2525
2525
2526
2527
2528
2528
2528
2528
2529
2529
2530
2531
2531
2532
2532
2533
2534
2534
2534
2536
2537
2537
2537
2538
2538
2538
2539
2540
2541
2541
2542
2542
2545
2545
2545
2546
2547
2548
2548
2548
2548
2549
2549
2550
2551
2551
2552
2552
2552
2553
2553
2554
2554
2554
2556
2557
2557
2557
2558
2558
2560
2561
2561
2562
2562
2562
2564
2565
2565
2566
2567
2568
2568
2569
2569
2569
2569
2570
2571
2571
2572
2572
2573
2574
2574
2574
2576
2577
2577
2577
2578
2578
2579
2581
2581
2582
2582
2585
2585
2585
2586
2587
2587
2587
2587
2588
2588
2589
2589
2589
2590
2590
2591
2593
2594
2594
2594
2595
2595
2595
2596
2596
2596
2597
2597
2599
2601
2601
2601
2601
2602
2602
2602
2603
2604
2604
2605
2605
2605
2605
2606
2606
2607
2608
2609
2609
2610
2610
2613
2613
2614
2614
2614
2615
2617
2617
2618
2619
2619
2619
2619
2620
2620
2621
2621
2622
2622
2622
2624
2625
2626
2626
2626
2627
2627
2628
2628
2629
2629
2633
2633
2633
2633
2634
2634
2635
2636
2637
2637
2637
2637
2638
2638
2639
2640
2641
2641
2642
2642
2645
2645
2646
2646
2649
2650
2651
2653
2654
2655
2657
2657
2657
2657
2657
2658
2658
2658
2659
2659
2659
2660
2660
2660
2660
2661
2662
2662
2663
2663
2664
2664
2664
2664
2665
2665
2665
2666
2666
2666
2667
2667
2667
2668
2669
2670
2671
2671
2671
2671
2672
2672
2673
2673
2674
2674
2674
2675
2677
2678
2678
2679
2679
2679
2680
2681
2681
2681
2682
2682
2682
2683
2683
2684
2684
2684
2686
2688
2688
2688
2688
2689
2689
2690
2690
2691
2691
2691
2693
2694
2695
2695
2696
2696
2697
2698
2698
2698
2699
2699
2700
2700
2701
2701
2705
2706
2707
2707
2708
2708
2709
2710
2712
2713
2713
2714
2715
2716
2716
2716
2717
2718
2719
2719
2721
2722
2722
2723
2724
2725
2725
2726
2727
2728
2730
2731
2732
2732
2734
2734
2735
2736
2738
2739
2741
2741
2741
2741
2742
2742
2742
2743
2743
2743
2744
2744
2744
2745
2746
2747
2748
2748
2748
2748
2749
2749
2749
2750
2750
2751
2751
2753
2754
2755
2755
2755
2755
2756
2756
2756
2757
2757
2757
2758
2758
2758
2759
2760
2761
2762
2762
2762
2762
2763
2763
2763
2764
2764
2765
2765
2767
2768
2769
2769
2769
2770
2770
2770
2770
2770
2770
2771
2771
2772
2772
2772
2774
2774
2774
2775
2776
2776
2776
2776
2777
2777
2777
2778
2778
2778
2779
2779
2779
2780
2781
2782
2783
2783
2783
2783
2784
2784
2784
2784
2785
2785
2785
2785
2785
2785
2786
2786
2786
2787
2788
2788
2789
2789
2789
2789
2790
2790
2790
2791
2791
2791
2791
2791
2791
2792
2792
2793
2793
2793
2793
2794
2795
2795
2795
2796
2797
2797
2798
2798
2798
2798
2799
2799
2799
2800
2800
2800
2801
2801
2801
2802
2803
2804
2805
2805
2805
2805
2806
2806
2807
2807
2807
2807
2807
2808
2808
2808
2810
2811
2811
2811
2811
2812
2812
2812
2813
2813
2813
2813
2813
2813
2814
2814
2814
2815
2815
2817
2818
2818
2818
2819
2819
2819
2819
2820
2820
2820
2821
2821
2821
2822
2822
2822
2823
2824
2825
2826
2827
2828
2828
2830
2830
2830
2830
2831
2831
2831
2832
2832
2832
2833
2833
2833
2833
2833
2833
2834
2834
2834
2834
2835
2836
2837
2837
2837
2838
2838
2838
2838
2838
2839
2839
2840
2840
2842
2842
2842
2844
2844
2844
2844
2845
2845
2845
2846
2846
2847
2847
2849
2850
2851
2851
2851
2851
2852
2852
2854
2854
2854
2855
2855
2855
2856
2856
2856
2857
2857
2859
2861
2861
2861
2862
2862
2863
2863
2864
2864
2868
2868
2868
2868
2869
2869
2870
2870
2871
2871
2871
2873
2874
2875
2875
2875
2875
2876
2876
2877
2877
2877
2877
2877
2878
2878
2878
2880
2881
2881
2881
2881
2882
2882
2882
2883
2883
2883
2883
2883
2884
2884
2885
2885
2888
2888
2888
2889
2889
2889
2889
2890
2890
2890
2891
2891
2892
2892
2894
2895
2897
2897
2897
2898
2898
2899
2899
2899
2900
2900
2900
2902
2904
2904
2904
2905
2905
2906
2906
2907
2907
2911
2911
2911
2912
2912
2913
2913
2913
2914
2914
2914
2916
2918
2918
2918
2919
2919
2920
2920
2920
2921
2921
2921
2923
2925
2925
2925
2926
2926
2927
2927
2927
2928
2928
2928
2930
2932
2932
2932
2933
2933
2934
2934
2935
2935
2939
2939
2939
2940
2940
2941
2941
2942
2942
2946
2946
2946
2947
2947
2948
2948
2949
2949
2953
2953
2953
2953
2954
2954
2954
2955
2955
2955
2956
2956
2956
2957
2958
2959
2960
2960
2960
2961
2961
2962
2962
2963
2963
2967
2967
2967
2967
2968
2968
2968
2969
2969
2969
2970
2970
2970
2971
2972
2973
2974
2974
2974
2975
2975
2975
2976
2976
2976
2977
2977
2979
2981
2981
2981
2981
2982
2982
2983
2983
2984
2984
2984
2986
2987
2988
2988
2988
2989
2989
2990
2990
2991
2991
2995
2995
2995
2996
2996
2997
2997
2998
2998
3002
3002
3002
3002
3003
3003
3003
3004
3004
3004
3005
3005
3005
3006
3007
3008
3009
3009
3009
3010
3010
3010
3011
3011
3012
3012
3012
3015
3016
3016
3016
3016
3017
3017
3017
3018
3018
3018
3019
3019
3019
3020
3021
3022
3023
3023
3023
3024
3024
3025
3025
3026
3026
3030
3030
3030
3030
3031
3031
3032
3032
3033
3033
3033
3035
3037
3038
3040
3040
3040
3040
3041
3041
3042
3042
3042
3042
3043
3043
3043
3044
3045
3045
3047
3047
3047
3048
3048
3049
3049
3050
3050
3054
3054
3054
3055
3055
3056
3056
3057
3057
3061
3061
3061
3061
3062
3062
3063
3063
3063
3064
3064
3065
3067
3068
3068
3068
3069
3069
3069
3070
3070
3071
3071
3071
3074
3075
3075
3075
3075
3076
3076
3076
3077
3077
3077
3078
3078
3078
3079
3080
3081
3082
3082
3082
3083
3083
3084
3084
3085
3085
3089
3089
3089
3089
3090
3090
3091
3091
3092
3092
3092
3094
3095
3096
3096
3096
3097
3097
3097
3098
3098
3099
3099
3099
3102
3103
3103
3103
3103
3104
3104
3105
3105
3105
3106
3106
3107
3109
3110
3110
3110
3111
3111
3112
3112
3113
3113
3117
3117
3117
3118
3118
3119
3119
3120
3120
0
2
1
4
8
6
5
10
12
9
13
21
20
17
16
18
14
15
22
25
28
24
31
32
30
41
40
56
55
46
47
45
42
44
43
58
57
64
66
63
76
78
77
59
61
60
84
85
83
87
86
81
82
99
98
132
131
112
111
113
114
108
110
109
115
101
102
100
106
107
105
103
104
136
137
138
133
135
134
143
144
142
141
140
145
153
151
152
150
147
149
148
164
167
162
170
174
171
155
159
156
176
177
175
178
210
209
197
201
198
205
208
204
183
186
182
191
194
190
211
213
212
223
227
224
233
234
232
235
237
236
229
231
230
228
252
296
295
276
277
275
278
280
279
272
274
273
255
258
254
268
271
267
264
262
299
297
298
338
341
336
347
351
348
329
334
331
379
382
377
393
396
392
384
389
386
304
307
303
319
322
318
310
315
312
417
418
416
419
421
420
413
415
414
426
427
425
422
424
423
408
409
407
411
412
410
457
455
613
612
524
526
525
521
523
522
530
533
528
540
542
539
535
537
513
515
512
518
520
517
553
551
555
557
544
549
546
469
472
467
475
479
476
460
464
461
500
503
498
506
510
507
491
496
493
481
487
486
483
623
625
626
624
628
629
627
615
616
614
621
622
620
617
619
618
632
635
631
638
642
639
645
650
647
661
664
659
668
670
669
665
667
666
685
693
694
692
695
697
696
691
689
712
714
713
748
749
747
750
752
751
757
758
756
753
755
754
742
743
741
745
746
744
798
800
799
795
797
796
802
803
801
793
794
792
786
791
788
780
782
783
840
842
841
844
845
843
847
848
846
838
839
837
834
836
835
866
870
867
858
863
860
856
854
849
852
850
898
901
896
904
908
905
888
891
887
879
883
880
979
982
977
985
989
986
1113
1116
1112
1104
1109
1106
1152
1155
1150
1158
1162
1159
1164
1165
1163
1176
1179
1175
1167
1172
1169
1135
1138
1133
1145
1148
1144
1139
1141
1140
1131
1286
1287
1285
1290
1294
1291
1279
1284
1281
1298
1301
1296
1308
1311
1307
1302
1304
1303
1274
1277
1273
1265
1270
1267
1220
1221
1239
1242
1238
1351
1354
1349
1360
1358
1355
1356
1344
1347
1343
1335
1340
1337
1795
1796
1794
1799
1803
1800
1788
1793
1790
1807
1810
1805
1817
1820
1816
1811
1813
1812
1783
1786
1782
1774
1779
1776
1834
1835
1833
1836
1838
1837
1830
1832
1831
1822
1823
1821
1828
1829
1827
1824
1826
1825
1759
1760
1758
1761
1763
1762
1755
1757
1756
1768
1769
1767
1770
1772
1771
1764
1766
1765
2297
2298
2296
2303
2304
2302
2299
2301
2300
2288
2289
2287
2294
2295
2293
2290
2292
2291
2355
2356
2354
2366
2370
2367
2348
2353
2350
2322
2325
2320
2336
2339
2335
2234
2237
2232
2247
2251
2248
2269
2272
2267
2282
2286
2283
2260
2265
2262
2408
2412
2409
2393
2398
2395
2092
2095
2090
2103
2142
2146
2143
2108
2113
2110
2706
2705
2710
2711
2707
2709
2708
2716
2717
2715
2718
2720
2719
2712
2714
2713
2725
2726
2724
2727
2729
2728
2721
2723
2722
2660
2663
2658
2666
2670
2667
2696
2697
2695
2700
2704
2701
2689
2694
2691
2674
2677
2672
2684
2687
2683
2678
2680
2679
2743
2747
2742
2750
2754
2749
2758
2761
2756
2763
2768
2765
2779
2782
2777
2799
2804
2801
2820
2825
2822
2845
2850
2847
2864
2867
2862
2869
2874
2871
2857
2860
2855
2892
2895
2890
2900
2903
2898
2912
2917
2914
2906
2909
2905
2919
2924
2921
2928
2931
2926
2933
2938
2935
2942
2945
2940
2949
2952
2947
2998
3001
2996
3057
3060
3055
3041
3046
3043
3118
3123
3120
0
3
1
5
7
9
11
14
19
24
29
26
34
39
36
42
49
54
50
62
59
79
80
68
73
70
89
88
97
93
95
100
119
122
117
130
129
123
124
140
147
157
160
155
182
187
184
228
254
256
324
303
308
305
400
405
436
431
462
465
460
610
605
575
580
631
636
633
640
643
638
851
853
849
884
892
894
923
926
921
936
940
937
1014
1017
1013
998
1003
1000
1131
1208
1211
1207
1462
1460
1452
1454
1387
1390
1386
1722
1720
1712
1714
1746
1744
1752
1754
1902
1900
1892
1894
1862
1860
1868
1870
1962
1960
1968
2021
2025
2022
2648
2646
2638
2640
2608
2606
2614
2616
2472
2470
2462
2464
2496
2494
2502
2504
2905
2910
2907
23
30
32
33
37
43
46
47
48
52
58
67
72
81
82
84
85
86
87
92
103
110
111
112
114
116
120
134
135
136
137
138
141
146
148
154
157
158
160
161
163
165
166
168
169
172
173
179
180
181
184
185
187
188
189
192
193
195
196
199
200
202
203
206
207
216
228
228
230
235
239
246
253
256
257
259
260
261
263
265
266
269
270
276
279
282
289
302
308
309
311
313
314
328
333
335
337
339
340
354
360
376
378
380
381
383
385
387
388
390
391
394
395
407
408
410
411
412
417
420
422
423
424
426
456
458
459
462
463
465
466
468
470
471
473
474
477
478
480
482
484
485
488
489
490
492
494
495
497
501
502
504
505
508
509
511
514
516
519
522
524
527
529
531
532
534
536
538
541
543
547
550
552
554
556
559
566
618
621
623
625
627
630
633
634
636
637
640
641
644
646
648
649
653
665
666
668
669
672
679
687
688
692
693
695
696
699
706
712
713
721
727
741
742
744
745
747
748
750
751
753
754
756
757
759
761
763
765
769
774
778
779
782
783
785
787
789
790
792
793
795
796
798
799
801
802
805
812
818
820
822
824
830
832
834
835
837
838
840
841
843
844
846
847
850
851
852
853
857
859
861
862
872
875
876
876
878
882
895
897
899
900
914
916
919
922
923
925
928
930
933
935
937
939
942
943
946
949
950
952
957
958
961
963
964
967
970
971
974
976
978
980
981
991
993
996
999
1000
1002
1005
1007
1010
1012
1014
1016
1019
1020
1022
1027
1028
1031
1033
1034
1037
1040
1041
1044
1048
1049
1052
1054
1055
1058
1061
1062
1065
1068
1069
1071
1076
1077
1080
1082
1083
1086
1089
1090
1093
1099
1101
1103
1105
1107
1108
1118
1134
1136
1139
1140
1143
1146
1149
1151
1153
1154
1163
1164
1166
1168
1170
1174
1177
1178
1181
1188
1195
1196
1197
1199
1201
1203
1206
1208
1210
1213
1213
1214
1217
1219
1222
1223
1224
1225
1227
1228
1230
1231
1233
1244
1245
1247
1251
1252
1254
1258
1259
1261
1264
1266
1268
1269
1280
1282
1283
1285
1286
1289
1292
1293
1297
1299
1302
1303
1306
1309
1313
1320
1330
1332
1333
1334
1336
1338
1339
1348
1350
1352
1353
1355
1359
1366
1368
1369
1380
1385
1392
1393
1396
1400
1401
1402
1406
1407
1409
1413
1415
1417
1441
1442
1444
1447
1451
1455
1459
1463
1465
1470
1472
1474
1476
1477
1480
1490
1497
1498
1501
1505
1506
1507
1511
1512
1514
1517
1519
1526
1527
1529
1547
1548
1550
1554
1561
1567
1568
1572
1574
1576
1579
1583
1587
1597
1599
1601
1602
1603
1608
1609
1612
1616
1617
1619
1622
1623
1626
1629
1631
1633
1636
1637
1640
1644
1645
1647
1650
1651
1654
1657
1659
1661
1664
1665
1667
1672
1673
1676
1678
1679
1682
1685
1686
1689
1691
1693
1695
1699
1707
1708
1709
1711
1715
1716
1717
1719
1725
1728
1730
1731
1739
1743
1747
1751
1755
1758
1759
1761
1762
1764
1765
1767
1770
1773
1775
1777
1778
1789
1791
1794
1795
1798
1801
1806
1808
1809
1811
1812
1815
1818
1821
1822
1824
1825
1828
1830
1833
1834
1836
1837
1841
1844
1846
1855
1859
1863
1864
1867
1876
1878
1887
1891
1895
1899
1905
1907
1910
1911
1915
1919
1923
1925
1927
1930
1931
1934
1935
1943
1944
1948
1950
1954
1956
1958
1959
1963
1967
1987
2006
2008
2011
2013
2015
2018
2020
2022
2024
2027
2028
2031
2035
2036
2038
2041
2043
2046
2048
2049
2051
2055
2056
2058
2063
2064
2066
2069
2070
2073
2076
2077
2079
2082
2082
2084
2085
2086
2088
2088
2089
2095
2097
2098
2101
2103
2105
2107
2110
2111
2116
2118
2122
2123
2124
2129
2130
2132
2135
2136
2138
2148
2149
2152
2156
2157
2160
2162
2164
2167
2169
2170
2173
2176
2177
2180
2184
2185
2187
2190
2191
2194
2197
2199
2201
2205
2206
2209
2211
2212
2215
2218
2219
2222
2224
2225
2225
2226
2229
2229
2230
2231
2233
2235
2236
2239
2241
2244
2252
2253
2253
2254
2256
2256
2257
2259
2261
2263
2264
2273
2274
2275
2275
2277
2277
2279
2287
2290
2291
2293
2294
2296
2297
2299
2302
2306
2308
2311
2312
2313
2313
2314
2317
2317
2318
2319
2320
2324
2325
2326
2327
2329
2329
2331
2331
2332
2340
2341
2342
2342
2344
2344
2346
2354
2357
2358
2359
2359
2361
2362
2362
2372
2373
2376
2380
2384
2385
2386
2387
2387
2390
2390
2391
2392
2393
2397
2398
2399
2400
2402
2402
2404
2405
2405
2406
2409
2411
2412
2413
2414
2415
2415
2417
2417
2419
2420
2421
2422
2424
2425
2425
2428
2435
2441
2446
2448
2457
2461
2465
2469
2473
2475
2478
2481
2489
2493
2497
2501
2507
2509
2512
2513
2516
2517
2519
2527
2529
2532
2533
2537
2540
2541
2545
2547
2549
2552
2553
2556
2557
2565
2567
2568
2572
2573
2576
2577
2590
2592
2593
2601
2602
2603
2605
2609
2612
2613
2619
2621
2625
2633
2637
2641
2645
2655
2657
2659
2661
2662
2673
2675
2676
2678
2679
2681
2682
2685
2688
2690
2692
2693
2695
2696
2699
2702
2703
2705
2707
2708
2712
2715
2716
2719
2721
2722
2724
2725
2727
715
717
733
735
737
739
103
776
106
115
3054
3055
3058
3060
826
828
871
873
259
892
911
409
521
523
1097
624
626
261
1194
1220
316
317
1361
321
1452
1460
345
346
1468
350
1518
1522
1580
1584
1588
1592
1595
1712
1720
1723
1744
1752
425
427
1839
1856
1860
1868
1871
1892
1896
1900
1903
1916
1920
1936
1940
1949
1960
1964
1972
1974
1976
1978
1980
1982
1984
1989
1991
1993
1995
1997
1999
2001
2003
499
2105
2122
2123
2142
525
526
540
545
546
548
555
557
2458
2462
2466
2470
2494
2502
2505
2518
2522
2525
2538
2542
2558
2562
2578
2582
2585
2606
2610
2614
2617
2634
2638
2646
2653
628
629
2730
2732
2734
2736
2738
1131
667
1132
1137
670
1171
691
694
1278
697
1295
1300
714
716
1363
718
734
736
738
1697
740
779
743
746
749
1787
1792
752
1804
755
758
760
1847
762
1873
1879
764
766
775
777
1952
784
2856
2113
794
2266
2271
797
800
803
2347
2351
2870
2871
2873
3048
3049
3052
819
2443
2449
821
2480
823
825
827
829
831
2587
833
2623
836
2671
839
842
845
848
855
856
864
865
868
869
2741
909
2744
2745
2746
2897
2899
912
2901
2902
874
877
885
890
1216
881
884
894
2904
893
1206
902
903
906
907
2748
2751
2752
2753
2911
2913
2915
2916
910
1756
983
984
987
988
2755
1095
2757
2759
2760
2918
2920
2922
2923
1827
2288
1096
1098
1100
1102
1110
1111
1114
1115
2762
2764
2766
2767
2925
2927
2929
2930
2713
2718
1141
1142
1147
1156
1157
1160
1161
2776
1326
2778
1327
2780
2781
2932
1328
2934
2936
1329
2937
1165
1173
1221
1240
1225
1228
1271
1272
1275
1276
2798
2800
2802
2803
2939
2941
2943
2944
1287
1288
1304
1305
1310
1331
1341
1342
1345
1346
2819
2821
2823
2824
2946
2948
2950
2951
1356
1357
1371
1420
1448
1421
1423
1376
1449
1370
1362
1429
1375
1431
1456
1450
1453
1454
1457
1458
1461
1462
1466
1467
1469
1535
1537
1473
1544
1521
2960
2961
2965
2966
1520
2953
2956
2958
2959
1523
1524
1570
1571
1573
1577
1578
2974
2975
2979
2980
1581
1582
1585
1586
2967
2970
2972
2973
1591
2988
2989
2993
2994
1589
1590
2981
2983
2985
2987
1593
1594
1596
1600
1605
1606
1701
1740
1705
1706
1692
1700
1748
1750
1710
1713
1714
1718
1721
1722
1732
1733
1738
1724
1737
1741
1742
1745
1746
1749
1753
1754
2085
1757
1760
1763
1768
1771
1766
1769
1772
1780
1781
1784
1785
2844
2649
2846
2848
2849
2995
2651
2997
2999
3000
1796
1797
1802
1813
1814
1819
1831
1823
1826
1829
1832
1835
1838
1849
1888
1854
1848
1840
1853
1857
1858
1861
1862
1865
1866
1869
1870
1881
1886
1872
1880
1885
1889
1890
1893
1894
1897
1898
1901
1902
1904
1908
1909
1913
1914
3009
3010
3014
3015
1917
1918
3002
3005
3007
3008
1921
1922
1924
1928
1929
1933
1939
3023
3024
3028
3029
1937
1938
3016
3019
3021
3022
1941
1942
1946
1947
3037
1951
3030
3032
3034
3036
1966
1961
1962
1965
1968
1973
1975
1977
1979
1981
1983
1985
1987
1990
1992
1994
1996
1998
2000
2002
2004
2096
2083
2101
2104
2114
2115
2123
2119
2126
2106
2114
2183
2118
2143
2145
2125
2144
2238
2861
2863
2241
2865
2243
2866
2244
2289
2292
2295
2300
2303
2298
2301
2304
2333
2336
2355
2338
2339
2356
2364
2369
2379
2381
2383
3041
3042
3044
3050
3051
3055
3056
3058
2422
2423
2424
2451
2490
2455
2456
2442
2450
2498
2499
2459
2460
2463
2464
2468
2467
2471
2472
2482
2483
2488
2474
2487
2491
2492
2495
2496
2500
2503
2504
2506
2510
2511
2515
2521
3068
3069
3073
3074
2520
3061
3064
3066
3067
2524
2523
2526
2530
2531
2535
2536
3082
3083
3087
2544
3088
2539
2543
3075
3078
3080
3081
2546
2550
2551
2555
2561
3096
3097
3101
3102
2559
2560
3089
3091
3093
3095
2564
2563
2566
2570
2571
2575
2581
3110
3111
3115
2584
3116
2579
2580
2583
3103
3106
3108
3109
2595
2600
2586
2594
2599
2642
2604
2607
2608
2611
2615
2616
2627
2631
2632
2618
2626
2635
2636
2639
2640
2644
2643
2647
2648
2650
2652
2654
2656
2664
2665
2668
2669
2889
2891
2893
2894
3117
3119
3121
3122
2680
2686
2697
2698
2710
2706
2709
2711
2714
2717
2720
2728
2723
2726
2729
2731
2733
2735
2737
2739
2740
0
685
686
4
4
4
8
8
8
10
11
178
179
16
19
20
20
20
21
21
21
26
27
40
40
41
41
41
53
55
55
55
56
56
56
65
68
69
71
74
75
98
98
1972
1973
1976
1977
1980
1981
99
99
99
117
118
121
126
1993
1994
127
1997
1998
128
2001
2002
131
131
131
132
132
132
145
145
145
153
153
153
178
179
179
180
180
180
180
180
180
209
209
209
210
210
210
252
252
252
295
295
295
296
296
296
330
343
368
372
455
455
455
1970
1971
456
1974
1975
1978
1979
1982
1983
457
457
457
457
458
458
595
1999
2000
600
2003
2004
612
612
612
613
613
613
645
646
649
1986
660
686
685
686
686
872
871
874
873
910
909
912
911
1096
1095
1098
1097
1100
1099
1102
1101
1195
1194
1197
1196
1327
1326
1329
1328
1331
1330
1333
1332
1971
1969
1970
1973
1972
1975
1974
1977
1976
1979
1978
1981
1980
1983
1982
1985
1984
1988
1986
1987
1993
1998
1997
2000
1999
2002
2001
2004
2003
2650
2649
2652
2651
2654
2653
2656
2655
2771
2772
2773
2814
2831
2832
2835
2839
2840
2843
2876
2878
2880
2884
2885
2887
296
297
1342
1343
1344
1355
1358
2705
2710
1332
1342
1343
1345
1342
1356
1357
1359
1360
2706
2711
2948
2949
2950
3
7
2797
2826
2827
35
36
38
49
51
2797
2826
2828
2829
139
2828
90
91
93
96
125
1989
1990
2730
2731
2734
2735
2896
139
139
2738
2739
441
446
585
1991
1992
590
1995
1996
2732
2733
2736
2737
2740
1990
1989
1992
1991
1994
1996
1995
2731
2730
2733
2732
2735
2734
2737
2736
2739
2738
2740
2786
2792
2797
2797
2808
2810
2815
2816
2827
2826
2827
2829
2829
2828
2896
93
93
93
95
94
95
95
95
95
96
97
139
450
448
449
3037
3039
3038
454
1967
1968
767
769
772
773
775
777
1945
1946
1947
3038
1948
1951
2740
1952
1955
1957
1958
1963
1967
1966
1967
1968
2740
2853
2851
2852
3038
3039
2896
3036
3037
3037
3038
3039
)


// ************************************************************************* //
