/*--------------------------------*- C++ -*----------------------------------*\
| =========                 |                                                 |
| \\      /  F ield         | OpenFOAM: The Open Source CFD Toolbox           |
|  \\    /   O peration     | Version:  2012                                  |
|   \\  /    A nd           | Website:  www.openfoam.com                      |
|    \\/     M anipulation  |                                                 |
\*---------------------------------------------------------------------------*/
FoamFile
{
    version     2.0;
    format      ascii;
    class       labelList;
    location    "constant/solid/polyMesh";
    object      pointProcAddressing;
}
// * * * * * * * * * * * * * * * * * * * * * * * * * * * * * * * * * * * * * //


5201
(
0
1
2
5
14
15
16
18
40
44
45
46
47
48
49
51
52
53
61
63
64
65
98
100
101
103
104
108
139
141
148
163
164
174
175
176
178
179
192
197
198
204
205
218
219
220
221
222
234
235
236
237
238
239
251
252
253
254
255
256
257
259
260
261
269
271
272
273
308
309
310
311
312
313
314
316
317
318
319
321
326
327
328
330
349
420
421
422
423
424
425
429
430
431
432
433
445
446
447
474
475
476
477
479
480
482
483
484
485
487
490
491
492
495
510
512
516
517
518
519
520
521
523
524
607
608
609
613
614
615
616
617
619
623
624
625
626
627
632
633
636
637
642
668
719
720
721
722
723
724
725
726
727
746
751
752
753
754
755
797
798
799
800
801
802
803
804
805
806
807
813
814
848
851
852
853
854
855
856
857
858
926
927
937
938
949
950
951
952
953
954
988
989
990
991
992
993
995
996
1000
1001
1014
1019
1020
1021
1035
1036
1040
1043
1044
1045
1046
1055
1056
1057
1060
1075
1081
1082
1083
1084
1086
1090
1093
1183
1184
1185
1188
1189
1198
1203
1204
1205
1206
1207
1208
1210
1212
1215
1255
1256
1257
1258
1259
1260
1261
1262
1263
1264
1265
1266
1267
1268
1269
1270
1271
1274
1287
1288
1289
1290
1291
1294
1296
1346
1363
1381
1382
1383
1384
1385
1386
1387
1388
1389
1390
1391
1392
1393
1394
1395
1396
1397
1398
1399
1400
1401
1402
1403
1404
1405
1406
1407
1411
1419
1428
1782
1783
1784
1785
1786
1787
1788
1789
1790
1820
1821
1822
1823
1824
1825
1827
1833
1834
1835
1836
1837
1929
1930
1931
1932
1933
1935
1936
1937
1938
1949
1950
1980
1981
1982
1983
1984
1985
1986
1987
1988
1989
1990
1991
1992
1993
1994
1995
1996
1997
1998
2004
2005
2006
2007
2008
2009
2010
2011
2012
2013
2014
2015
2016
2017
2055
2056
2057
2058
2059
2060
2061
2062
2186
2187
2188
2189
2190
2196
2197
2198
2199
2200
2201
2202
2203
2205
2210
2211
2212
2213
2214
2215
2216
2217
2228
2234
2235
2236
2237
2394
2396
2397
2398
2399
2400
2407
2408
2409
2410
2411
2412
2413
2462
2463
2464
2465
2560
2561
2562
2563
2564
2565
2566
2567
2568
2613
2614
2615
2616
2617
2618
2619
2620
2621
2622
2623
2624
2625
2626
2631
2632
2633
2634
2635
2636
2637
2638
2687
2688
2689
2690
2707
2708
2709
2710
2711
2714
2715
2716
2717
2739
2740
2741
2742
2743
2744
2745
2746
2747
2750
2807
2808
2809
2810
2811
2812
2813
2814
2815
2816
2817
2818
2819
2820
2821
2822
2823
2824
2825
2826
2827
2828
2833
2834
2835
2837
2878
2916
2917
2918
2919
2920
2921
2922
2923
2924
2925
2926
2927
2928
2929
2930
2931
2932
2933
2934
2935
2936
2937
2938
2939
2940
2941
2942
2943
2944
2945
2946
2947
2948
2949
2956
3125
3126
3127
3128
3129
3130
3134
3135
3136
3137
3138
3139
3140
3141
3142
3210
3211
3212
3213
3214
3215
3216
3217
3218
3219
3220
3221
3222
3223
3224
3225
3226
3227
3228
3231
3232
3244
3245
3246
3247
3248
3249
3250
3251
3255
3256
3257
3493
3494
3495
3496
3497
3498
3499
3500
3501
3502
3503
3504
3505
3506
3507
3508
3509
3510
3520
3521
3522
3523
3524
3525
3526
3527
3528
3529
3530
3531
3532
3533
3534
3535
3536
3537
3538
3539
3542
3543
3544
3545
3609
3610
3611
3612
3613
3614
3615
3616
3617
3618
3619
3620
3621
3622
3623
3624
3625
3761
3762
3763
3764
3765
3766
3768
3769
3770
3771
3775
3776
3777
3778
3779
3780
3781
3782
3783
3784
3785
3789
3790
3791
3798
3799
3800
3801
3802
3803
3804
3811
3812
3813
3860
3861
3862
3863
3864
3865
3866
3867
3868
3869
3870
3871
3872
3874
3876
3877
4087
4088
4089
4090
4091
4092
4093
4094
4095
4096
4107
4108
4109
4110
4111
4112
4113
4114
4115
4116
4117
4118
4120
4121
4122
4123
4129
4130
4139
4140
4141
4142
4143
4144
4145
4146
4147
4148
4149
4150
4151
4152
4153
4165
4166
4167
4168
4169
4170
4177
4178
4179
4180
4191
4192
4266
4437
4438
4439
4440
4441
4450
4451
4452
4454
4455
4456
4457
4459
4462
4464
4485
4486
4487
4488
4489
4490
4491
4492
4493
4494
4495
4496
4497
4498
4505
4506
4507
4508
4576
4577
4578
4590
4597
4598
4599
4600
4601
4602
4603
4604
4605
4606
4607
4608
4609
4610
4611
4614
4615
4624
4625
4632
4633
4917
4918
4919
4920
4921
4922
4923
4924
4925
4926
4927
4928
4929
4930
4931
4932
4933
4940
4941
4942
4943
4944
4945
4946
4947
4948
4949
4950
4951
4952
4953
4954
5009
5015
5016
5037
5038
5039
5040
5041
5042
5043
5044
5045
5046
5047
5048
5049
5050
5051
5052
5053
5054
5055
5056
5057
5058
5059
5060
5061
5065
5069
5070
5076
5077
5264
5265
5266
5267
5268
5269
5270
5271
5272
5273
5274
5275
5276
5277
5278
5279
5280
5281
5282
5283
5284
5285
5286
5287
5288
5289
5290
5291
5292
5293
5294
5295
5296
5297
5298
5299
5300
5301
5302
5303
5304
5305
5306
5307
5308
5309
5310
5311
5312
5313
5314
5315
5316
5320
5321
5357
5358
5359
5360
5361
5362
5363
5364
5365
5366
5367
5368
5369
5371
5372
5373
5378
5382
5383
5388
5389
5629
5664
5667
5671
5672
5676
5677
5678
5679
5680
5681
5682
5683
5684
5685
5686
5687
5688
5689
5690
5691
5692
5693
5694
5695
5696
5697
5698
5699
5700
5701
5702
5703
5704
5705
5706
5707
5708
5709
5710
5711
5712
5713
5714
5715
5716
5717
5718
5719
5720
5721
5722
5723
5724
5725
5726
5727
5728
5729
5730
5731
5732
5733
5734
5735
5736
5737
5738
5739
5740
5757
5768
5969
6596
6599
6600
6602
6606
6607
6618
6619
6620
6621
6630
6633
6638
6652
6653
6654
6655
6656
6662
6663
6664
6665
6672
6676
6681
6691
6692
6693
6694
6695
6696
6698
6699
6717
6718
6719
6720
6721
6722
6723
6724
6725
6726
6727
6728
6729
6730
6731
6732
6752
6765
6772
6785
6819
6820
6821
6822
6823
6824
6825
6826
6827
6828
6829
6830
6831
6832
6833
6834
6835
6836
6837
6839
6840
6841
6842
6843
6852
6853
6855
6857
6859
6861
6862
6863
6864
6865
6866
6868
6915
6916
6917
6918
6919
6932
6933
6943
6978
6979
6980
6981
6986
6987
6998
7001
7002
7003
7004
7005
7007
7037
7038
7041
7042
7043
7044
7045
7046
7069
7112
7113
7114
7115
7116
7117
7118
7119
7122
7123
7125
7126
7127
7279
7280
7281
7282
7288
7289
7291
7292
7293
7294
7295
7296
7298
7299
7328
7329
7330
7331
7332
7333
7334
7335
7336
7343
7344
7418
7419
7420
7421
7422
7423
7424
7425
7426
7427
7428
7429
7430
7431
7432
7438
7439
7452
7454
7463
7464
7739
7740
7741
7742
7743
7744
7745
7746
7747
7748
7749
7766
7767
7777
7778
7790
7791
7792
7793
7794
7795
7796
7797
7798
7799
7800
7801
7802
7803
7804
7805
7806
7807
7808
7814
7815
7822
7823
7833
7834
7838
7839
7840
7936
7937
7938
7939
7940
7941
7942
7943
7944
7945
7946
7947
7948
7949
7950
7951
7952
7953
7954
7955
7956
7957
7958
7959
7960
7961
7962
7963
7964
7965
7966
7967
7968
7969
7970
7971
7972
7973
7974
7975
7976
7977
7978
7979
7980
7981
7982
7983
7984
7985
7986
7987
7988
7989
7990
7991
7992
7993
7994
7995
7996
7997
7998
7999
8006
8007
8008
8009
8010
8011
8012
8013
8014
8015
8016
8017
8018
8019
8020
8021
8022
8023
8024
8025
8100
8101
8102
8103
8104
8105
8106
8107
8108
8109
8110
8111
8112
8113
8114
8115
8116
8117
8118
8119
8122
8126
8130
8139
8140
8141
8378
8382
8383
8392
8393
8394
8395
8437
8439
8481
8482
8483
8484
8489
8490
8493
8494
8507
8508
8509
8510
8511
8512
8513
8514
8515
8516
8517
8518
8519
8520
8521
8522
8523
8524
8525
8526
8527
8528
8529
8530
8531
8532
8533
8534
8535
8536
8537
8538
8539
8540
8541
8542
8543
8544
8545
8546
8547
8548
8549
8550
8551
8552
8553
8554
8555
8556
8557
8558
8559
8560
8561
8562
8563
8564
8565
8566
8567
8568
8569
8570
8571
8572
8573
8574
8575
8576
8577
8578
8579
8580
8581
8582
8583
8584
8585
8586
8587
8588
8589
8590
8591
8592
8593
8594
8595
8596
8597
8598
8599
8600
8601
8602
8603
8604
8605
8606
8607
8608
8609
8610
8611
8612
8613
8627
8629
8657
8659
8692
8693
8694
8695
8696
8697
8698
8699
8703
8704
8705
8706
8707
8708
8709
8710
8711
9088
9089
9090
9091
9100
9101
10122
10123
10124
10125
10152
10205
10206
10207
10208
10219
10220
10243
10244
10245
10246
10247
10248
10249
10250
10251
10348
10349
10350
10359
10360
10361
10362
10363
10410
10411
10418
10419
10488
10489
10490
10491
10492
10503
10504
10505
10506
10507
10508
10509
10510
10511
10512
10525
10528
10530
10531
10532
10533
10534
10556
10557
10558
10559
10560
10561
10562
10563
10564
10565
10566
10567
10568
10569
10570
10607
10608
10609
10610
10611
10612
10613
10614
10615
10616
10617
10618
10619
10620
10621
10622
10623
10624
10625
10626
10627
10628
10629
10630
10631
10632
10715
10716
10717
10718
10719
10720
10721
10722
10723
10724
10725
10726
10727
10728
10827
10828
10829
10830
10831
10833
10845
10846
10847
10848
10849
10850
10851
10852
10888
10889
10915
11037
11038
11039
11040
11041
11042
11043
11044
11045
11046
11047
11048
11062
11071
11072
11073
11074
11075
11076
11077
11078
11079
11080
11081
11082
11083
11084
11085
11086
11087
11088
11089
11090
11091
11094
11095
11096
11097
11163
11164
11165
11166
11167
11168
11169
11170
11171
11172
11173
11174
11175
11176
11177
11178
11179
11324
11325
11326
11327
11328
11329
11330
11331
11332
11333
11334
11336
11337
11338
11339
11340
11341
11342
11343
11344
11345
11346
11347
11348
11349
11350
11351
11352
11353
11354
11355
11363
11397
11398
11399
11400
11401
11402
11403
11404
11589
11590
11591
11592
11593
11594
11595
11600
11601
11602
11603
11604
11605
11606
11607
11608
11609
11610
11611
11620
11621
11622
11623
11624
11625
11626
11627
11628
11629
11630
11631
11632
11639
11640
11641
11642
11643
11644
11646
11647
11648
11649
11650
11651
11652
11653
11654
11655
11662
11663
11664
11707
11708
11709
11710
11860
11861
11862
11863
11864
11865
11866
11867
11868
11869
11870
11871
11872
11873
11874
11875
11876
11922
11923
11924
11925
11926
11927
11928
11929
11930
11931
11932
11933
11934
11935
11936
11937
11938
11939
12061
12062
12063
12064
12065
12066
12067
12068
12069
12070
12071
12072
12073
12074
12075
12076
12077
12078
12079
12080
12081
12082
12083
12084
12085
12086
12087
12088
12089
12090
12091
12092
12093
12094
12095
12096
12097
12098
12113
12115
12120
12239
12240
12241
12242
12253
12254
12255
12256
12257
12258
12259
12260
12261
12262
12263
12264
12265
12266
12267
12268
12269
12270
12271
12272
12273
12274
12275
12276
12277
12278
12279
12280
12281
12282
12283
12284
12285
12286
12287
12288
12543
12544
12545
12546
12547
12558
12559
12560
12561
12562
12563
12564
12565
12566
12567
12568
12570
12596
12597
12598
12599
12600
12601
12602
12603
12604
12605
12606
12650
12651
12652
12653
12654
12655
12656
12657
12658
12659
12660
12661
12662
12663
12664
12667
12668
12669
12670
12671
12672
12673
12674
12675
12689
12690
12691
12696
12697
12698
12699
12700
12701
12738
12739
12740
12741
12742
12743
12750
12751
12752
12753
12754
12755
12756
12757
12768
12769
12770
12773
12774
12775
12776
12777
12778
12779
12780
12781
12782
12783
12784
12786
12828
12829
12830
12831
12832
12833
12834
12835
12836
12837
12838
12839
12840
12849
12850
12851
12852
12853
12922
12923
12949
12950
12951
12952
12953
12954
12955
12956
12957
12958
12959
12960
12961
12962
12963
12964
12965
12966
12967
12968
12974
12975
12976
12992
12993
12994
13007
13008
13009
13010
13011
13459
13460
13461
13462
13463
13464
13465
13466
13467
13468
13469
13470
13471
13472
13473
13474
13493
13494
13495
13496
13497
13498
13499
13500
13532
13535
13536
13555
13556
13557
13558
13559
13560
13561
13562
13563
13564
13565
13566
13567
13568
13569
13570
13571
13572
13573
13574
13575
13576
13577
13578
13579
13580
13581
13582
13583
13584
13585
13586
13587
13593
13594
13597
13603
13606
13607
13618
13619
13620
13621
13622
13625
13626
13804
13805
13806
13807
13808
13809
13810
13811
13812
13813
13814
13815
13816
13817
13818
13819
13820
13821
13822
13823
13824
13825
13826
13827
13828
13829
13830
13831
13832
13833
13834
13835
13836
13837
13838
13839
13840
13841
13842
13843
13844
13845
13846
13847
13848
13849
13850
13851
13852
13853
13854
13855
13856
13857
13858
13859
13860
13861
13862
13863
13864
13865
13866
13867
13868
13869
13870
13871
13872
13873
13874
13875
13876
13877
13878
13879
13880
13881
13882
13883
13884
13885
13886
13887
13888
13889
13890
13891
13900
13901
13902
13903
13904
13905
13906
13907
13908
13909
13910
13911
13912
13987
13988
13989
13990
13991
13992
13993
13994
13995
13996
13997
13998
13999
14000
14001
14002
14003
14004
14005
14006
14007
14008
14009
14010
14011
14013
14014
14019
14024
14025
14026
14027
14029
14030
14038
14039
14040
14041
14042
14329
14330
14331
14339
14357
14361
14415
14416
14419
14478
14483
14489
14494
14509
14510
14511
14512
14513
14514
14515
14516
14517
14518
14519
14520
14521
14522
14523
14524
14525
14526
14527
14528
14529
14530
14531
14532
14533
14534
14535
14536
14537
14538
14539
14540
14541
14542
14543
14544
14545
14546
14547
14548
14549
14550
14551
14552
14553
14554
14555
14556
14557
14558
14559
14560
14561
14562
14563
14564
14565
14566
14567
14568
14569
14570
14571
14572
14573
14574
14575
14576
14577
14578
14579
14580
14581
14582
14583
14584
14585
14586
14587
14588
14589
14590
14591
14592
14593
14594
14595
14596
14597
14598
14599
14600
14601
14602
14603
14604
14605
14606
14607
14608
14609
14610
14611
14612
14613
14614
14615
14616
14617
14618
14619
14620
14621
14622
14623
14624
14625
14626
14627
14628
14629
14630
14631
14632
14633
14634
14635
14636
14637
14638
14639
14640
14641
14642
14643
14644
14645
14646
14647
14663
14664
14665
14701
14702
14705
14746
14747
14748
14749
14750
14751
14752
14753
14754
14756
14757
14758
15260
15264
15282
16650
16651
16652
16653
16654
16655
16656
16657
16658
16659
16660
16661
16662
16663
16664
16665
16666
16757
16758
16759
16771
16772
16773
16774
16775
16776
16777
16969
16970
16971
16972
16977
16978
16979
16980
16981
16982
16983
16984
16985
16986
16987
16988
16989
16990
16991
16992
16993
16994
16995
16996
16997
16998
16999
17000
17061
17062
17063
17064
17065
17066
17067
17068
17069
17070
17071
17072
17198
17199
17200
17201
17202
17203
17204
17205
17206
17207
17208
17209
17210
17215
17216
17217
17218
17219
17220
17221
17222
17223
17224
17225
17226
17227
17228
17229
17230
17231
17232
17233
17234
17235
17236
17237
17238
17239
17240
17297
17298
17299
17300
17301
17302
17303
17613
17614
17615
17616
17620
17621
17622
17623
17624
17625
17626
17630
17631
17632
17633
17634
17635
17636
17637
17638
17661
17662
17663
17668
17669
17670
17671
17672
17673
17674
17675
17676
17677
17678
17679
17942
17943
17944
17945
17946
17947
17948
17949
17950
17951
17952
17953
17954
17955
17956
17957
17980
17981
17982
17983
17984
17985
17986
17987
17988
17989
17990
17991
17992
17993
17994
17995
18164
18165
18166
18167
18396
18397
18398
18399
18400
18401
18402
18403
18404
18405
18406
18407
18408
18409
18410
18411
18466
18467
18468
18469
18470
18471
18472
18473
18474
18475
18476
18477
18478
18479
18480
18481
18482
18483
18484
18485
18486
18487
18488
18489
18490
18491
18492
18493
18494
18507
18508
18509
18510
18511
18512
18549
18550
18551
18575
18576
18577
18578
18595
18596
18597
18598
18599
18600
18601
18602
18603
18604
18605
18606
18607
18608
18609
18610
18611
18612
18629
18631
18700
18701
18702
18703
18704
18705
18706
18707
18708
18709
18710
18711
18712
18713
18714
18715
18716
18717
18718
18719
18720
18721
18722
18723
18724
18725
18726
18727
18728
18729
18730
18731
18732
18733
18734
18735
18736
18737
18738
18739
18740
18741
18742
18743
18744
18745
18746
18747
18748
18749
18750
18751
18752
18753
18754
18755
18756
18757
18758
18759
18760
18761
18778
18779
18780
18781
18782
18783
18784
18785
18899
18900
19000
19001
19002
19003
19004
19005
19006
19007
19008
19009
19010
19011
19012
19013
19014
19015
19016
19017
19018
19019
19020
19021
19022
19023
19024
19025
19026
19027
19028
19029
19030
19031
19032
19033
19034
19035
19036
19037
19038
19039
19040
19041
19042
19043
19044
19045
19046
19047
19048
19049
19050
19051
19052
19053
19054
19055
19056
19057
19058
19059
19060
19061
19062
19063
19064
19065
19066
19067
19068
19069
19070
19071
19072
19073
19074
19075
19076
19077
19078
19079
19080
19081
19082
19083
19084
19085
19086
19087
19088
19089
19090
19091
19092
19093
19094
19143
19144
19145
19146
19896
19897
19898
19899
19900
19901
19902
19903
19904
19905
19906
19907
19908
19909
19910
19911
19912
19913
19918
19919
19920
19921
19922
19923
19924
19925
19926
19927
19928
19929
19930
19931
19932
19933
19934
19937
19938
19939
19940
19942
20143
20144
20145
20146
20147
20148
20149
20150
20151
20152
20153
20154
20155
20156
20157
20158
20159
20160
20161
20162
20163
20164
20165
20166
20167
20189
20190
20191
20192
20193
20194
20195
20196
20197
20198
20199
20200
20201
20202
20203
20204
20210
20211
20212
20213
20214
20215
20216
20217
20218
20219
20324
20325
20326
20327
20328
20474
20475
20823
20824
20825
20826
20827
20828
20829
20830
20831
20832
20833
20834
20835
20836
20837
20838
20839
20840
20841
20842
20843
20844
20845
20846
20847
20848
20849
20850
20851
20852
20853
20854
20855
20856
20880
20881
20882
20904
20905
20906
20907
20908
20909
20910
20911
20912
20913
20914
20915
20916
20917
20918
20919
20920
20921
20922
20923
20924
20925
20926
20927
20928
20929
20930
20931
20932
20933
20934
20935
20936
20937
20938
20939
20940
20941
20942
20943
20944
20945
20946
20947
20948
20949
20950
20951
20952
20953
20954
20955
20964
20965
20966
20967
20968
20969
20970
20971
21143
21144
21145
21146
21147
21148
21149
21150
21151
21152
21153
21154
21155
21156
21157
21158
21159
21160
21161
21162
21163
21164
21165
21166
21167
21168
21169
21170
21171
21172
21173
21174
21175
21176
21177
21178
21179
21180
21181
21182
21183
21184
21185
21186
21187
21188
21189
21190
21612
21613
21614
21615
21616
21617
21618
21621
21622
21623
21624
21625
21626
21627
21631
21632
21633
21634
21635
21636
21637
21638
21639
21640
21641
21642
21643
21644
21645
21646
21647
21648
21649
21650
21651
21652
21653
21654
21656
21657
21658
21663
21664
21665
21666
21667
21668
21669
21670
21671
21672
21685
21686
21687
21688
21689
21690
21691
21692
21693
21694
21695
21696
21698
21699
21700
21701
21702
21703
21704
21705
21706
21707
21717
21718
21719
21720
21721
21722
21723
21724
21725
21726
21747
21749
21834
21835
21836
21837
21838
21839
21840
21841
21842
21843
21844
21845
21846
21847
21848
21849
21850
21851
21852
21853
21854
21855
21856
21857
21858
21859
21860
21861
21862
22379
22380
22381
22382
22383
22384
22385
22386
22387
22388
22389
22390
22391
22392
22393
22394
22395
22396
22397
22398
22399
22400
22401
22402
22403
22419
22420
22421
22422
22423
22424
22425
22426
22427
22428
22429
22430
22431
22432
22433
22434
22435
22436
22437
22438
22439
22440
22441
22442
22443
22444
22445
22446
22447
22448
22456
22457
22458
22459
22474
22475
22476
22477
22478
22479
22480
22481
22482
22483
22484
22485
22486
22487
22488
22489
22490
22491
22492
22493
22494
22495
22496
22497
22498
22499
22500
22501
22502
22503
22504
22505
22525
22526
22527
22528
22529
22530
22531
22532
22533
22534
22535
22548
22549
22550
22551
22552
22553
22554
22555
22556
22557
22558
22559
22574
22575
22683
22684
22685
22686
22687
22688
22689
22690
22691
22692
22695
22743
23227
23228
23229
23230
23231
23232
23233
23240
23241
23242
23243
23244
23245
23246
23247
23261
23262
23273
23274
23344
23348
23351
23352
23353
23354
23355
23356
23357
23358
23359
23361
23371
23374
23375
23627
23628
23629
23630
23631
23632
23633
23634
23635
23636
23637
23638
23639
23640
23641
23642
23643
23644
23645
23646
23667
23668
23669
23670
23671
23672
23673
23674
23675
23676
23677
23678
23738
23741
23756
23757
23758
23759
23760
23761
23762
23763
23764
23765
23766
23767
23768
23769
23770
23771
23772
23773
23774
23775
23776
23777
23778
23779
23780
23781
23782
23783
23784
23785
23786
23787
23788
23790
23792
23795
23796
23800
23801
23802
23803
24012
24013
24014
24015
24016
24017
24018
24019
24020
24021
24022
24023
24024
24025
24026
24027
24028
24029
24030
24031
24032
24033
24034
24035
24036
24037
24038
24039
24040
24041
24042
24043
24044
24045
24046
24047
24048
24049
24050
24051
24052
24053
24054
24055
24056
24057
24058
24059
24060
24061
24062
24063
24064
24065
24066
24067
24068
24069
24070
24080
24081
24082
24083
24084
24085
24086
24087
24088
24089
24090
24091
24092
24093
24094
24095
24096
24097
24098
24099
24198
24199
24200
24201
24202
24203
24204
24205
24206
24207
24208
24209
24210
24217
24219
24221
24224
24485
24502
24503
24552
24558
24588
24589
24592
24594
24599
24600
24601
24602
24603
24604
24605
24606
24607
24608
24609
24610
24611
24612
24613
24614
24615
24616
24617
24618
24619
24620
24621
24622
24623
24624
24625
24626
24627
24628
24629
24630
24631
24632
24633
24634
24635
24636
24637
24638
24639
24640
24641
24642
24643
24644
24645
24646
24647
24648
24649
24650
24651
24652
24653
24654
24655
24656
24657
24658
24659
24660
24661
24662
24663
24664
24665
24666
24667
24668
24669
24670
24671
24672
24673
24674
24675
24676
24677
24678
24679
24680
24681
24682
24683
24684
24685
24686
24687
24688
24689
24690
24691
24692
24693
24694
24695
24696
24697
24698
24699
24700
24701
24702
24703
24704
24705
24706
24707
24708
24709
24710
24711
24712
24713
24714
24718
24733
24742
24743
24744
24745
24746
24747
24748
24749
24752
24753
24754
24755
24756
24757
24758
24997
24998
25014
25762
25763
25764
25765
25766
25767
25768
25769
25770
25771
25772
25796
25798
25800
25801
25804
25805
25806
25807
25808
25809
25810
25811
25812
25813
25814
25815
25816
25817
25818
25819
25820
25821
25822
25829
25830
25832
25844
25853
25926
25927
25928
25929
25930
25931
25932
25933
25934
25935
25936
25937
25938
25939
25940
25941
25942
25943
25944
25945
25946
25947
25948
25949
25950
25951
25952
25953
25954
25955
25956
25957
25958
25959
25974
25975
25976
25977
25978
25979
25980
25981
25982
26196
26201
26258
26259
26260
26261
26262
26263
26264
26265
26266
26267
26268
26269
26270
26271
26272
26273
26274
26275
26276
26277
26278
26279
26280
26281
26282
26283
26284
26285
26286
26287
26288
26289
26290
26291
26292
26293
26294
26295
26296
26297
26298
26299
26300
26301
26302
26303
26304
26305
26306
26307
26324
26325
26327
26329
26362
26364
26367
26392
26393
26394
26395
26396
26397
26398
26399
27406
27407
27408
27409
27410
27411
27412
27413
27414
27415
27416
27417
27418
27419
27420
27421
27422
27423
27424
27425
27426
27427
27428
27429
27430
27431
27432
27433
27434
27435
27436
27437
27438
27439
27440
27441
27442
27487
27488
27489
27490
27491
27492
27493
27494
27495
27496
27497
27498
27499
27500
27501
27502
27503
27574
27575
27577
27622
27623
27624
27625
27626
27627
27628
27629
27630
27631
27632
27633
27634
27635
27636
27637
27638
27639
27640
27641
27642
27643
27644
27645
27646
27647
27648
27649
27650
27651
27652
27653
27654
27655
27656
27657
27658
27659
27660
27661
27662
27663
27664
27665
27666
27667
27668
27669
27670
27671
27672
27673
27674
27675
27676
27677
27678
27679
27680
27681
27682
27683
27684
27685
27686
27687
27688
27689
27690
27691
27692
27693
27709
27710
27712
27731
27732
27734
27762
27763
27764
27765
27766
27767
27768
27769
27777
27778
27779
27780
27781
27782
28162
28163
28164
28165
28166
28167
28168
28169
28170
28171
28172
28173
28174
28175
28176
28177
28178
28179
28180
28181
28182
28183
28184
28185
28186
28187
28188
28189
28190
28191
28192
28193
28194
28195
28196
28197
28198
28199
28200
28201
28202
28203
28204
28205
28206
28207
28208
28209
28210
28211
28212
28213
28214
28215
28216
28217
28218
28219
28220
28221
28222
28223
28224
28225
28226
28227
28228
28229
28230
28231
28232
28233
28234
28235
28236
28237
28238
28239
28240
28241
28242
28243
28244
28245
28246
28247
28248
28249
28250
28251
28252
28253
28254
28255
28256
28257
28258
28259
28260
28261
28262
28263
28264
28265
28266
28267
28268
28269
28270
28271
28272
28273
28274
28275
28276
28277
28278
28279
28280
28281
28282
28283
28284
28285
28286
28287
28288
28289
28290
28291
28292
28293
28294
28295
28296
28297
28298
28299
28300
28301
28302
28303
28304
28305
28306
28307
28308
28309
28310
28311
28312
28313
28314
28315
28316
28317
28318
28319
28320
28321
28322
28323
28324
28325
28326
28327
28328
28329
28330
28331
28332
28333
28334
28335
28336
28337
28338
28339
28340
28341
28342
28343
28344
28345
28346
28347
28348
28349
28350
28351
28352
28353
28354
28355
28356
28357
28358
28359
28360
28361
28362
28363
28373
28374
28375
28376
28377
28378
28379
28380
28381
28382
28383
28384
28385
28386
28387
28388
28389
28390
28391
28392
28393
28394
28395
28396
28397
28398
28399
28400
28401
28402
28403
28404
28405
28406
28407
28576
28577
28578
28579
28580
28581
28582
28583
28584
28585
28586
28587
28588
28589
28590
28591
28592
28593
28594
28595
28596
28597
28598
28599
28600
28601
28602
28603
28604
28605
28606
28607
28608
28609
28610
28611
28612
28613
28614
28615
28616
28617
28618
28619
28620
28621
28622
28623
28624
28625
28626
28627
28628
28629
28630
28631
28632
28633
28634
28635
28636
28637
28643
28654
28655
28657
28669
28670
28671
28672
28674
28680
28681
28682
28703
28705
28706
28707
28708
28709
29457
29459
29463
29476
29477
29478
29511
29512
29513
29516
29520
29521
29625
29627
29630
29751
29752
29753
29754
29758
29759
29762
29763
29764
29765
29766
29776
29777
29780
29782
29783
29788
29789
29790
29791
29821
29822
29823
29824
29825
29826
29827
29828
29829
29830
29831
29832
29833
29834
29835
29836
29837
29838
29839
29840
29841
29842
29843
29844
29845
29846
29847
29848
29849
29850
29851
29852
29853
29854
29855
29856
29857
29858
29859
29860
29861
29862
29863
29864
29865
29866
29867
29868
29869
29870
29871
29872
29873
29874
29875
29876
29877
29878
29879
29880
29881
29882
29883
29884
29885
29886
29887
29888
29889
29890
29891
29892
29893
29894
29895
29896
29897
29898
29899
29900
29901
29902
29903
29904
29905
29906
29907
29908
29909
29910
29911
29912
29913
29914
29915
29916
29917
29918
29919
29920
29921
29922
29923
29924
29925
29926
29927
29928
29929
29930
29931
29932
29933
29934
29935
29936
29937
29938
29939
29940
29941
29942
29943
29944
29945
29946
29947
29948
29949
29950
29951
29952
29953
29954
29955
29956
29957
29958
29959
29960
29961
29962
29963
29964
29965
29966
29967
29968
29969
29970
29971
29972
29973
29974
29975
29976
29977
29978
29979
29980
29981
29982
29983
29984
29985
29986
29987
29988
29989
29990
29991
29992
29993
29994
29995
29996
29997
29998
29999
30000
30001
30002
30003
30004
30005
30006
30007
30008
30009
30010
30011
30012
30013
30014
30015
30016
30017
30018
30019
30020
30021
30022
30023
30024
30025
30026
30027
30028
30029
30030
30031
30032
30033
30034
30035
30036
30037
30038
30039
30040
30041
30042
30043
30044
30045
30046
30047
30048
30049
30050
30051
30052
30053
30054
30055
30056
30057
30058
30059
30060
30061
30062
30063
30064
30065
30066
30067
30068
30069
30070
30071
30072
30073
30074
30075
30076
30077
30078
30079
30080
30081
30082
30083
30084
30085
30086
30087
30088
30089
30090
30091
30092
30093
30094
30095
30096
30097
30098
30132
30134
30199
30201
30280
30281
30282
30283
30284
30285
30286
30287
30288
30289
30290
30291
30292
30293
30294
30295
30296
30297
30298
30303
30304
30305
30306
30307
30308
30309
30310
30311
31281
31282
31286
31289
31290
31291
31327
31328
34118
34119
34133
34134
34135
34136
34141
34142
34143
34144
34146
34155
34156
34157
34158
34159
34160
34180
34181
34182
34183
34184
34185
34186
34188
34189
34190
34191
34201
34202
34207
34208
34209
34210
34211
34212
34234
34235
34257
34258
34265
34266
34267
34268
34269
34270
34271
34272
34289
34290
34291
34292
34293
34294
34295
34296
34297
34298
34302
34303
34304
34305
34306
34335
34336
34337
34338
34339
34340
34341
34342
34343
34344
34345
34346
34347
34348
34349
34350
34351
34352
34353
34354
34418
34419
34420
34421
34422
34423
34424
34425
34426
34427
34428
34429
34430
34431
34432
34433
34434
34435
34436
34437
34438
34439
34440
34441
34445
34446
34447
34448
34449
34450
34451
34452
34453
34454
34455
34456
34457
34458
34480
34481
34486
34487
34490
34491
34498
34499
34502
34503
34505
34506
34507
34508
34509
34510
34511
34512
34513
34514
34515
34518
34519
34617
34618
34619
34620
34621
34622
34623
34624
34625
34674
34677
34680
34682
34685
34686
34689
34690
34695
34697
34698
34699
34700
34702
34703
34717
34718
34719
34723
34731
34732
34733
34734
34735
34736
34739
34749
34752
34753
34756
34774
34868
34871
34872
34875
34876
34877
34878
34879
34880
34881
34895
34896
34897
34898
34901
34902
34967
34968
34969
34970
34971
34972
34973
34974
34975
34976
34977
34978
35205
35206
35207
35208
35217
35218
35219
35220
35226
35227
35228
35229
35230
35231
35232
35233
35234
35235
35236
35237
35250
35253
35254
35256
35257
35259
35261
35264
35265
35271
35272
35276
35282
35283
35284
35285
35286
35287
35288
35289
35290
35291
35292
35294
35295
35296
35309
35310
35311
35312
35333
35334
35336
35337
35338
35339
35340
35341
35342
35343
35344
35421
35422
35427
35438
35439
35441
35442
35444
35445
35446
35447
35448
35450
35451
35452
35453
35505
35506
35508
35509
35558
35562
35569
35622
35761
35762
35763
35766
35767
35769
35790
35791
35792
35793
35794
35795
35796
35842
35843
35844
35845
35854
35855
35856
35857
35893
35894
35895
35896
35897
35898
35899
35900
35901
35902
35903
35904
35917
35918
35919
35937
35938
35939
35943
35944
35945
35946
35947
35986
35987
35988
35992
35993
35994
35997
36013
36014
36015
36028
36176
36177
36178
36179
36188
36189
36204
36206
36207
36208
36209
36210
36217
36218
36219
36293
36294
36295
36299
36300
36306
36307
36308
36309
36310
36311
36321
36399
36400
36401
36408
36410
36411
36412
36413
36418
36424
36425
36426
36427
36442
36443
36444
36473
36474
36475
36476
36477
36478
36479
36480
36487
36488
36489
36490
36491
36492
36493
36494
36495
36496
36515
36518
36519
36522
36526
36527
36528
36529
36530
36531
36532
36533
36534
36535
36536
36537
36541
36544
36545
36594
36595
36596
36597
36598
36599
36600
36601
36602
36603
36604
36605
36606
36607
36614
36615
36616
36622
36623
36624
36626
36660
36663
36666
36673
36674
36675
36676
36677
36678
36679
36680
36681
36682
36683
36684
36685
36686
36687
36688
36689
36690
36691
36702
36775
36776
36781
36782
36783
36785
36788
36789
36853
36854
37120
37123
37124
37127
37128
37129
37130
37131
37132
37133
37134
37135
37136
37168
37169
37170
37171
37172
37173
37174
37179
37180
37315
37316
37317
37318
37319
37320
37321
37322
37323
37324
37325
37326
37327
37328
37329
37330
37331
37733
37736
37739
37741
37744
37747
37748
37752
37756
37757
37758
37759
37761
37764
37765
37768
37772
37775
37778
37779
37782
37786
37787
37788
37791
)


// ************************************************************************* //
