/*--------------------------------*- C++ -*----------------------------------*\
| =========                 |                                                 |
| \\      /  F ield         | OpenFOAM: The Open Source CFD Toolbox           |
|  \\    /   O peration     | Version:  2012                                  |
|   \\  /    A nd           | Website:  www.openfoam.com                      |
|    \\/     M anipulation  |                                                 |
\*---------------------------------------------------------------------------*/
FoamFile
{
    version     2.0;
    format      ascii;
    class       volScalarField;
    location    "0.104/solid";
    object      sigmaMid;
}
// * * * * * * * * * * * * * * * * * * * * * * * * * * * * * * * * * * * * * //

dimensions      [1 -1 -2 0 0 0 0];


internalField   nonuniform List<scalar> 
3125
(
-160.881
-12196
-119.931
-98117.1
-3947.98
-7516.62
-200.309
-135.991
-160.754
-188.655
-200.211
-6128.24
-199.176
62816.8
1955.98
-36947.5
-7909.57
-113275
-53.8497
-42179
8050.53
-130030
-11933.1
-7780.74
-5951.73
-5595.76
549.815
-3671.87
-7691.08
-4691.21
26.7721
7490.73
8813.56
708.951
-1743.51
-6324.5
-3534.61
-5038.86
-2055.14
-4508.58
1099.98
7082.21
741.479
4247.32
-3736.21
-1641.78
-1912.47
1119.17
-229.115
-226.027
-235.455
-814.932
480.705
-13201.4
-402.984
-12686.2
-63.2052
-5520.91
-5758.04
-217.331
-230.539
-154.938
-157.689
-218.636
-224.001
-237.565
-196.294
-237.552
-231.636
-198.153
-236.095
-16425.7
-6586.91
-21098.4
-241.029
-1049.72
258.191
-7695.27
12535.2
-27012.9
-26895.1
500.601
-16619.9
10753.2
-21060.4
-8906.63
-1144.45
-48355.2
-26195
271.159
-9271.34
-9052.94
316.167
-1321.65
-11953.6
-11483.1
-99884.2
-22202.8
402.381
-898.902
-12665.6
-2657.14
-116000
-21851.4
-9972.22
-9694.31
-15431.2
-4830.67
-13042.6
-3295.19
-10482.9
-12480.5
-15592.4
-2478.82
-13196.5
-4678.32
-10354.8
-12330
-6241.81
-6039.29
1691.08
413.573
3496.93
8594.32
5630.36
5045.21
2155.31
8866.05
4655.11
455.386
4141.28
3757.41
-2520.39
-6012.43
-7488.24
-9858.59
-6748.15
-8105.11
-2638.96
-9740.98
-8020.9
-6049.87
-6310.63
-7558.85
-3132.59
-3293.21
955.137
4016.83
4231.18
5698.49
5835.68
5590.4
930.229
4194.47
4243.99
4620.2
5427.57
5438.22
-213.309
-199.926
-261.247
-185.534
-342.78
-15.1893
-12913
31.1992
-180.298
20.1592
-43669.8
-17666.9
-4206.81
-4610.85
-6750.71
-178.926
-226.641
25.5563
-143.129
14.254
-14.7364
-160.287
-12.1207
-180.322
-182.159
-231.302
-189.593
-227.822
-227.117
-199.933
-227.663
-1020.72
-6598.01
-1036.09
-246.98
-278.493
-307.012
-196219
47278
13114.3
25783.1
-9200.21
-4399.12
3943.78
-2723.49
-24035.1
51726.2
-86983.5
-56127
-13982.5
-8564.02
-3437.06
-6258.08
-367.313
-8137.98
-22113.2
-62845.3
-31405
3529.41
6632.29
724.648
-29285.3
-147114
-67251.6
-11106.6
-8595.78
-275.751
-5462.79
-694.874
-4844.46
-10140.6
-10313.9
-5695.96
-624.088
-6841
-4096.23
-362.212
30.4938
-7071.28
-5263.75
-5834.03
214.212
-5097.04
7888.21
7670.72
7944.05
5475.07
9048.62
6732.58
603.822
-3361.32
-3447.42
-2067.34
-221.946
92.3019
-9724.37
-6964.37
-9217.5
-3141.07
61.4495
-302.544
-6123.01
-5447.88
-6602.2
-2512.04
-3981.64
1039.25
-1906.55
-1803.41
7334.1
6667.32
6954.42
823.585
-2966.6
-2942.72
4457.93
4631.71
4869.25
75.757
-1511.29
-189.478
-193.234
-218.454
-229.428
-215.954
-210.734
-227.709
-212.997
-233.314
-202.784
-209.289
-543.275
-303.725
-720.284
-237.944
692.27
-271.839
-13076.3
-146.718
73.7669
24.9335
-22594.4
-6956.22
-5.15594
-1695.36
-4835.46
-6499.78
-201.313
-238.184
-150.123
-1.32279
10.3924
-159.539
-5.17873
-10.8655
-186.628
-184.27
-202.686
-220.318
-204.466
-208.438
-222.14
-206.421
-242.417
-238.765
-242.265
-193.323
-228.872
-228.242
-238.281
-242.813
-242.615
-238.997
-232.963
-239.913
-199.321
-228.718
-228.244
-234.498
-242.056
-240.98
-12210.2
-17571.2
-13058
-6870.17
-5501.12
-2246.61
-19362.8
-16107.5
-14325.3
-248.673
-217.765
-252.499
-438.665
-806.627
-403.002
-244.091
28.0787
-279.698
-34037.8
-1117.54
17472.8
73885.8
3311.64
35757.1
-5249.79
-21013.2
529.114
12710.5
1940.51
-7023.94
-1633.32
15324.6
120.052
14054.1
14248.5
-12784.7
-17782.6
-11585.4
6041.99
2174.47
-1069.95
-19811
-7844.59
-10464.8
-19441.1
-9146.29
-43243.3
-9423.71
-218.518
2756.38
-69323.5
-41397.2
-11495.9
-60080.7
-16045.9
-21339.1
-15619.8
-32167.8
120.763
9946.35
6668.35
-8781.51
-18073.8
1309.04
-1922.89
-349.142
-578.699
-16243
-9175.79
-5691.53
-9322.74
-3416.62
-13983.7
-18130.1
-22293.5
-81178
-48132.9
-40210.6
-20536
-32859.4
-28314.8
1056.6
-2252.98
-1817.79
3311.48
-9366.68
-3634.91
-6461.87
-12020.9
-6148.23
-24178.9
-20877
-51812.3
-130513
-54777.7
-57673.9
-19875.5
-36353.6
-39100.9
-10826.5
-8870.1
-11471.1
-14580.9
-10821.8
-5299.73
-541.32
-88.5174
-13787
-9642.38
-10213.8
-4079.59
-9476.82
-10068.4
-10465.3
-11126.2
-11079.4
-12304.6
-11791.3
-11697
-13442.5
-14741.2
-13624.2
-1601.04
-8707.76
-7825.83
-13943.8
-12879.4
-13358
-4240.54
-12.6114
-439.41
-7593.56
-10988.9
-8075.62
-9097.48
-11647.1
-8576.48
-6860.14
-5458.65
2242.09
2552.29
2783.2
267.35
-4380.38
-4742.57
3118.07
3299.79
3107.29
8261.52
8147.29
8118.08
7062.31
5508.39
7019.81
6544.35
5319.72
6852.54
3052.88
3309.39
4418.69
9042.77
7975.89
7536.21
4103.95
6070.99
5389.17
567.299
-4018.02
-3832.85
3451.48
4058.64
3467.36
3406.26
3936.11
3455.72
-2177.98
94.9258
-234.355
-4329
-6481.9
-4679.7
-5430.8
-6974.26
-5046.93
-9860.23
-9254.69
-9267.83
-7110.09
-8145.65
-8682.79
-8669.12
-8129.71
-8690.31
-3013.18
-259.467
83.328
-7128.96
-9147.55
-6680.35
-5830.99
-8573.96
-6247.76
-6076.98
-6530.37
-6559.6
-5872.85
-7616.35
-7100.41
-7034.14
-7587.03
-7063.41
-2662.85
-3808.96
1015.74
-2150.11
-2223.21
2843.37
4139.54
2959.07
3148.21
4201.94
3057.78
6992.41
5715.12
6820.54
6251.41
6131.76
6550.76
5682.33
6249.17
6566.84
851.589
-2568.37
-2537.29
3414.12
4226.34
3362.41
3227.29
4242.02
3298.92
4704.47
4943.07
5107.96
5026.95
5709.17
5286.71
5221.15
5891.51
5507.16
-104.868
-151.182
-161.072
-98.2597
-151.856
-104.032
-98.5619
-12466.1
-95.3972
-67.456
-115.033
-133.976
-74.6506
-164.457
-72.6534
14374.8
-98093.7
-54143
-32657.4
-47082.1
-48773.2
-7178.81
-4177.05
-7270.18
-78.5871
-72.3003
-135.021
-132.722
-80.2125
-122.988
-74.5342
-103.407
-150.82
-97.9725
-160.837
-103.626
-151.03
-97.5818
4073.3
1669.3
-7440.34
-6287.85
1741.75
-7641.42
3999.09
-8132.81
-104404
-8745.76
1778.63
-6977.14
-144.899
1662.53
-7174.11
-8566.03
-84551.7
-46558.4
-155034
-101303
-99299.8
-65013.5
-140661
-11671.3
-8063.18
3784.93
1579.75
-7202.95
-5795.77
3878.73
1499.79
-7017.64
2383.67
-3816.13
909.408
-4606.84
919.365
-4757.42
2301.33
-7494.08
-4890.6
-8197.37
1863.53
-6791.92
91.5737
-8367.94
1916.6
-6624.23
-5873.69
670.638
1814.69
-4345.1
1841.84
-4500.93
-5704.17
983.144
-1853.26
575.643
-2494.76
569.702
-2609.72
924.468
2096.61
-3406.13
881.16
-4451.6
838.528
2193.7
-4311.57
-2215.31
-4338.08
-3453.2
1077.8
1343.83
-2240.23
1380.73
-2363.18
-3316.16
-5382.38
765.132
1792.21
-4198.62
-5536.93
1755.77
-4059.11
560.731
-2382.38
849.411
1320.73
-2125.75
-3187.37
-13209.4
-169.09
-165.961
-867.078
-88.9006
-208.398
51.3612
-94.1354
-12616.3
-731.84
644.379
526.56
-12.4233
-157.832
-1739.4
-471.911
-5301.27
-6013.08
-93.9861
-154.891
-143.333
-90.3099
-95.5618
-142.944
-88.5302
-98.9476
-157.996
-145.8
-91.8337
-97.3408
-146.921
-93.2616
4164.48
-7419.22
2571.17
-9476.75
2503.47
4864.33
-9598.82
5706.84
-5736.27
3077.15
-12592.3
2321.27
2843.24
-12661.4
-9109.65
-9528.55
-9740.96
-1170.9
-1805.65
-8894.31
-625.344
-8264.62
-10428.3
-15309.2
-4222.82
-4619.4
-9551.46
-9109.14
-12318.9
-11456.8
-10269.1
-9427.91
3233.06
-4987.95
1197.58
-5895.56
1222.84
3147.98
-6063.68
2920.37
-4535.58
1148.47
-5716.27
1095.91
3025.05
-5560.58
-6454.61
-5853.18
-7271.46
362.972
1988.35
-5597.98
1994.83
-5770.29
-7091.76
-6740
490.276
1977.27
-5432.5
1954.71
-5279.91
-6907.27
1374.69
-2408.51
689.202
-3340.12
651.977
1462.87
-3217.09
1626.25
-2765.3
711.138
-3472.33
716.451
1553.95
-3606.11
-2982.88
-3470.5
-4147.55
969.353
1558.2
-3100.72
1518.4
-2971.91
-4290.45
-4595
901.864
1582.25
-3224.78
1615
-3367.5
-4438.53
-338.796
-95.2234
-56.0888
-312.882
121.259
-529.979
-319.559
-68.0965
153.913
-474.589
-565.757
65.7891
2215.18
-1938.69
1419.29
-2760.1
-1113.91
648.471
2123.19
-2716.16
-1176.23
459.853
707.305
-901.571
-105.369
-161.159
-152.23
-98.7551
-35.2642
-50.0344
-14.6413
-36.0083
-49.9031
-14.6025
-49.9351
-12704.2
-3.22916
-17.8993
35.803
-0.813156
-19.6562
-93.8743
-114.26
-302.462
-110.236
-118.263
-189.62
-71.5489
-11.2654
36.6263
-48.4686
-6.12105
-20.1009
-201881
-8717.24
-28739.3
13595
-6150.67
81650.3
-10879.3
-11999.6
3542.68
-10090.7
204.508
-2540.12
-7322.93
852.719
-3389.07
-4398.3
-7017.05
-187.009
-200.025
-178.897
-180.223
-178.665
-186.786
-201.125
-188.494
-199.478
-266.241
-283.21
-240.184
-180.431
-180.751
-240.172
-240.078
-266.596
-283.624
-266.542
-283.304
-7.19094
-22.8304
21.9909
-4.26467
-25.7812
-83.6909
-143.413
-132.033
-81.3803
-134.039
-85.3861
-78.4591
-10.7284
18.6296
-32.6943
-14.3509
-29.6299
-33.8237
-49.7048
-13.3724
-35.59
-48.8916
-102.787
-160.527
-149.715
-96.2703
-150.434
-101.41
-97.072
-32.6395
-12.3762
-47.6682
-32.3773
-48.1802
-187.912
-205.281
-192.473
-200.927
-181.352
-180.071
-189.85
-200.342
-187.834
-202.712
-180.127
-183.749
-276.282
-247.17
-295.529
-227.346
-175.417
-177.935
-143.508
-290.859
-251.838
-156.619
-168.053
-206.986
-187.333
-328.022
-313.743
-209.932
-266.618
-284.398
-283.952
-266.231
-240.108
-179.902
-240.158
-180.21
-266.457
-283.82
-266.843
-283.9
-239.792
-178.96
-179.475
-239.774
6720.85
7311.39
4177.78
-6486.64
1978.02
-8120.8
1859.53
-7927.69
4276.39
6962.66
6444.81
89.2136
-637.578
10.3792
-718.841
-410.211
-125.9
-232.554
-112.412
50.5092
-332.836
-92.8561
-755.172
-425.245
-137.395
-105.7
-419.97
152865
149587
99288.2
473137
171769
60707.6
54359
-51237.2
190816
32491.9
33309.7
33074.7
32880.6
29912.8
29119.5
34572.4
34481.9
28290.4
27897.8
27176.2
28754.7
-98961.4
-7163.74
4774.81
-40300.6
3400.57
-12228.3
-58993.2
-90190.2
-61200.7
-117580
-92378.9
-83652.6
-40228.8
33296.6
-227294
72392.4
-8362.44
-68181.8
-18240.1
-17288.9
-8944.26
-263.653
1259.02
-7567.48
1481.38
-7374.06
-9111.42
-15750
-16171.5
-89617.9
-89333.6
-96461.8
-85472.3
-72367.1
-81946.4
-80421.1
-89292.3
-85418.9
-108071
-85470.6
-96123.8
-31468.7
-27504.3
-23995.5
-34565.7
-20432.9
-17109.9
-27547.6
-18304.8
-25177.1
-20978.3
-23156.8
-27257.9
-67011.1
-82052.5
-55470.1
-35815.5
-61793.5
-30156.9
-91868.4
-43219
-34917.1
-142384
-95740.5
-11398.7
-8337.42
6168.78
5816.63
3660.57
-5626.33
1388.93
-6620.89
1430.06
-6803.29
3580.91
6137.71
6567.98
9371.41
10542.5
10401.4
9838.96
10466.9
9729.89
11313.1
12027.6
8814.13
8147.34
7786.19
8900.08
21102.9
20612
21527.1
19853.1
24988.4
25996.4
23090.9
24844.3
24387.5
23857.3
22701.6
21737.5
4193.36
4244.57
2495.26
-3959.08
994.552
-5066.35
948.473
-4918.34
2597.88
3891.07
3879.45
-7284.63
-5084.25
-13701.7
-13668.6
-8002.09
152.534
1979.52
-6272.19
1954.13
-6450.66
-7819.89
-14749.8
-14622.8
-8832.25
-3449.49
-8427.22
-2896.39
-1284.47
-784.499
-1214.12
-1856.4
-7876.6
-2209.7
-8320.89
-2637.55
-17966.7
-10827.2
-12448.5
-16493.6
-12507.9
-15195.9
-20311
-16114.8
-22154.4
-14050.9
-11179.6
-8966.78
-9981.05
-10174.2
-6045.6
634.222
1892.83
-4803.64
1862.19
-4654.43
-6207.84
-9568.11
-9378.42
1972.83
1775.57
1060.54
-1961.19
609.998
-2842.67
582.125
-2727.21
1138.65
1531.67
1741.72
5892.53
4885.45
6010.37
4852.8
8225.34
8998.21
7612.37
6776.18
6278.29
7370.79
7318.82
6501.08
3223.09
3283.53
1991.3
-3274.78
799.933
-4021.37
808.274
-4163.06
1914.32
3578.6
3548.6
481.454
3307.34
3182.61
712.607
2597.52
2387.01
2606.15
2959.88
320.371
2951.67
209.232
3023.2
-2364.75
-4165.17
-5779
-5860.01
-3584.98
1054.06
1439.51
-2603.41
1402.67
-2479.42
-3718.23
-5400.29
-5336.34
-6999.61
-1262.2
-1493.76
-7386.44
-493.15
-886.014
-7837.64
-1999.44
-7417.49
-1673.04
-602.802
-279.035
-8419.88
-8252.54
-5220.12
793.411
1697.86
-3775.65
1730.72
-3920.9
-5056.45
-8803.8
-8982.05
-5353.85
-175.698
-220.843
-5206.31
146.661
230.086
-4887.1
-134.059
-4995.04
-41.6658
186.08
88.1069
1528.42
-138.815
-249.806
-251.453
-161.116
-206.421
-167.136
-139.758
-238.663
-216.868
-187.324
-224.453
-171.477
-299.004
-114.438
-309.808
-129.078
-33.1407
-364.962
-383.74
-63.0726
-1.26113
-440.203
31.8932
-407.328
-296.977
-164.468
-148.177
-292.561
-182.999
-257.24
-175.649
-254.925
-246.708
-226.081
-218.137
-250.863
-236.556
-200.651
-235.676
-204.934
-197.574
-263.126
-261.449
-208.06
1049.81
-1538.75
1290.09
-1318.91
-603.815
177.602
239.461
-549.904
-683.299
385.899
-772.983
305.321
883.389
-973.958
-1104.04
763.148
-7015.47
4102.47
6191.42
-4490.87
17124.3
-21023.4
-7651.65
6127.5
16206.2
-9051.53
10563.9
-15817.8
-2914.77
3760.24
3068.84
-3420.99
6845.85
-4626.24
5990.26
-4560.45
-2368.22
2294.42
2600.53
-2088.91
7959.64
-6847.37
9649
-6181.68
-13230.4
-226.191
-241.129
-157.285
-118.938
-181.93
-415.77
-168.72
1.9312
-24.0827
56.0836
77.0118
-28.6726
18.3708
-65.1242
42.6065
-10.1847
-58.8448
-14176.9
-1087.67
-1660.27
-11911.2
-2039.68
-1837.07
3944.02
-1606.12
169.665
-50.4736
-221.454
-112.047
8.1898
-440.719
-1506.64
-617.707
-1469.61
-682.157
-5073.53
-6264.69
-215.978
-212.966
-227.738
-236.031
-234.216
-229.755
-228.701
-235.273
-215.065
-214.191
-212.274
-216.914
-265.93
-270.183
-255.809
-251.608
-249.845
-257.413
-256.387
-250.628
-265.801
-270.766
-270.165
-266.956
-91.609
-150.419
-138.216
-84.2217
-88.8671
-139.169
-86.6135
-23.2927
-42.4575
3.75705
-26.1126
-40.3607
-20.6993
-35.8633
7.98992
-18.0983
-38.2595
-100.132
-159.575
-148.754
-95.4375
-100.637
-148.667
-94.3708
-29.3575
-44.2161
-7.06563
-28.6657
-45.2305
-29.8771
-46.8937
-8.76683
-31.244
-45.9511
-195.815
-200.707
-187.492
-208.325
-176.768
-193.376
-183.453
-213.581
-202.736
-197.294
-186.786
-179.941
-216.664
-218.113
-213.63
-221.105
-231.287
-234.979
-228.569
-237.558
-218.653
-213.18
-215.741
-215.848
-229.181
-239.728
-233.437
-235.907
-223.843
-213.337
-221.043
-216.553
-226.14
-244.906
-239.687
-233.233
-213.545
-225.987
-227.999
-210.115
-235.925
-235.893
-228.935
-241.907
-291.979
-230.137
-288.069
-222.326
-131.872
-350.825
-106.92
-338.703
-291.937
-190.287
-294.902
-203.34
-167.996
-320.168
-183.397
-329.539
-248.655
-286.034
-265.751
-267.405
-239.054
-171.406
-172.784
-232.247
-223.608
-168.776
-240.807
-166.132
-265.078
-277.307
-284.891
-259.093
-248.479
-276.967
-277.809
-254.234
-266.708
-243.119
-263.483
-250.23
-235.983
-272.517
-227.247
-273.388
-273.241
-265.03
-274.32
-260.696
-266.763
-271.967
-271.188
-268.188
-258.184
-250.669
-256.716
-252.802
-267.503
-270.817
-271.245
-266.602
-257.15
-254.395
-251.305
-259.335
-265.789
-283.679
-266.003
-284.365
-236.652
-175.422
-175.311
-239.176
-239.579
-177.463
-238.731
-178.16
-263.912
-284.494
-265.384
-281.665
-269.389
-271.211
-266.657
-272.367
-255.428
-258.985
-249.263
-263.365
-261.057
-251.298
-256.26
-257.044
-265.316
-273.066
-271.195
-269.481
2315.2
1588.14
2543.11
1117.6
13187.7
12096.8
14568.4
11056.6
15848.5
17991.4
17264.1
16164
1563.24
2230.21
1903.91
1767.73
7543.18
6974.95
4479.51
-6815.94
2152.13
-8540.78
4307.28
2259.75
-8681.28
7076.08
7446.02
-149.216
3099.28
3278.08
767.156
26250.6
22913.8
26798.3
20435.4
20336.7
21035
21119.9
21101.7
5214.72
-864.781
4339.64
-2690.09
209.817
-586.387
127.971
-631.269
-457.407
85.9285
-494.508
32.624
423.007
-820.787
535.885
-724.352
-425.755
-85.004
-404.459
-49.9955
-1359.47
364.568
643.841
-1062.81
2291.83
-401.098
666.712
-4024.22
-1530.67
-26.8983
569.458
-352.831
2240.68
-1537.9
1226.31
-2863.41
-1098.49
651.413
854.991
-952.547
3808.86
-3073.58
4533.12
-2908.79
-1420.21
1695.76
-1656.4
1421.74
2360.52
-1428.88
1934.44
-1701.2
112258
-102068
51864.6
60590.5
-59478.2
49573.4
-26348
26683.2
42182.3
-24402.4
154280
-208671
92153.2
72995.1
77795.3
89625.6
32564.5
73668.3
116332
109209
38380.9
64759.3
40426.1
67109.2
67026.9
157877
251746
101646
136062
132013
69249.8
109710
111880
126478
161187
55355
79363.8
57670.3
80228.3
54454.4
26322.3
47166
45504
28770.6
34822.1
55870.9
33450.5
56283.5
65655
39576.8
40946.3
64551
40685.9
17472.2
69770.4
-47104.3
-9116.62
14441.4
17928
-12618.5
-16807.7
25173.9
19374.8
-12681
49522.7
-22140.6
815.749
31939.2
29358.4
27818.9
27205.3
29748.9
19081.5
20408.7
21519.9
17541
21851.4
25465.7
24800.3
22785.9
25513.4
22389.3
23636.5
24584.8
37491.5
40055.2
39867.3
37913.2
53701.1
41249.2
38697.3
42288.3
50301.6
42175.4
41467
49773.8
33848.2
33628.3
35570.2
32032.7
34588.4
31666.3
37163.2
28786.7
26305.8
30277.4
29130.5
27405.6
43777
35575.2
37040.5
42375.2
2809.15
3565.72
-10515.8
-19551.7
-13104.8
-37014
-5603.61
2305.12
-27503.6
6657.88
7257.96
11037.3
12074.6
-7140.29
4407.9
-9691.97
2378.8
-1756.96
6447.77
20372.4
-19373.9
-41102.8
14675.7
-5164.85
2596.5
4989.61
-1371.99
2051.58
19430.5
3065.04
-25625.5
39978.7
44543.4
25683.7
85387.4
97087.3
41266.8
64854.6
66125.1
22954.8
-17073.3
13646.7
-12304.8
13068
34541.7
31795
19570.8
-8384.57
6502.43
8977.69
-5070.93
40513.4
24662.6
46287.6
13006.2
14775
5482.44
9759.77
8340.37
-7198.26
11617.1
9157.69
-6029.84
-2690.77
4220.37
5971.95
-2431.36
21267.5
1501.64
29827.4
-5961.98
-8982.33
-9234.47
-17653.9
-10583.3
-9339.08
-19110.7
-13086.2
-17912.7
-19016
-11927.7
-15215.5
-23869.9
-17159.1
-22062.1
-15419.8
-7041.37
-7776.87
-14555.5
-19711
-21598.1
-9527.91
-705.987
852.872
-7772.16
-9302.58
382.119
-8047.49
-27518.9
-23992
-24770.7
-12987.9
-22321.9
-15149.5
-28044.7
-41842.1
-36907.8
-33695.7
-23505
-28047.9
-20218.5
-30992.5
-29667.8
-23102.1
-19082.4
-34028.4
-82787.1
-85064.4
-94052.7
-73089.6
-67883.7
-56555.1
-73381.2
-56056.9
-65637.8
-64824.3
-75303.6
-88356.6
-90884.1
-95433
-94480.9
-89968
-106504
-151229
-105169
-143556
-97273.7
-88140.5
-94476.5
-92531.3
-97172.6
-122095
-97205.6
-132023
-71245.4
-89820.7
-78979.9
-83218.9
-64892.5
-48343.4
-57421.1
-57423.5
-62825.4
-61976.5
-69520.4
-53659.2
-75031.3
-78924.6
-85996.4
-66555.1
-22629.4
-32546.2
-29897.3
-25620.3
-23227.5
-15143.7
-16718.2
-21747.1
-26829.4
-21883.9
-19443.1
-29060.1
-19608.2
-24109.2
-26004.3
-17487.1
-43893.4
-31674.6
-39633.4
-36435.3
-41824.7
-49235.1
-50517.4
-48735.7
-56604.1
-42030.2
-36493
-31076.3
-34109.5
-37624
-29768.9
-41401.6
-43678.8
-40909.3
-34824.8
-48976.1
-37229.4
-25669.7
-29503.4
-33846.7
-39746.3
-53651.7
-46168.4
-48023.1
-55951
-45621.3
-20759.7
-7744.25
-35235.2
-19248.8
-26371.3
-17328
-14929.5
-31923.1
-38289.3
-90959.2
-72032.5
-77546.2
-84941.8
-107925
-158936
-110566
-163211
-89933.3
-90335.2
-95727.9
-83300.2
-107775
-162401
-101360
-163351
-59398.5
-57745.8
-46792.7
-70396.1
-49327.8
-50144.3
-40646.2
-57396.3
-48325.5
-29837.4
-41797.5
-36427
-58596.7
-79451
-68316.3
-71366
-10553.6
-9156.32
1640.3
1900.02
2072.87
1182.27
7900.18
11402
9850.63
8607.45
1427.36
2037.71
2040.97
1688.87
8306.4
5603.48
7032.43
8581.38
5492.16
5767.23
3356.26
-5147.08
1330.23
-6421.08
3457.11
1270.65
-6252.41
5374.68
5160.97
981.869
2062.1
1527.13
1781.37
7139.56
1603.27
4174.23
6291.4
6621.06
6153.4
7620.76
3156.84
1385.9
1672.14
2021.8
801.607
12094.6
11617
11056.5
12298.2
14794.9
15542.9
12877
14211.5
13510
13942.4
13711.3
12984.3
6758.63
6850.1
5550.19
7686.33
2296.47
5784.26
6241.44
956.551
1817.77
6656.48
3488.12
6134.55
6499.38
4046.71
5362.37
5745.45
9364.24
7162.9
8459.02
8546.63
4749.93
7906.26
6568.55
7083.18
10505.5
10203.3
8915.28
11287.3
4919.47
6520.74
3118.11
7146.56
18573.8
15560.2
16958.3
17619.9
14058.9
17939.9
15794.3
16746.2
20760.3
20021.8
18608.7
21784.8
12955.6
13627.6
14759.2
11189.9
17176.4
18733.6
18351.5
17904.2
17596.7
16795
15997.8
15578.7
14891.9
16327.3
19069.8
19945.6
14952.6
14370.4
15824.4
13025.6
8420.31
8523.82
9553.84
6626.92
8751.4
11964.1
10885.4
10528.9
13425.1
10843.5
12616.7
12152.8
4610.97
4509.6
2799.09
-4388.69
1030.32
-5231.76
2713.29
1052.09
-5389.36
4834.87
4985.95
328.586
1805.55
1356.45
937.068
5629.45
-18.5421
733.72
5131.8
5414.61
1144.13
195.116
5981.31
790.048
1255.84
1717.95
183.742
1088.05
1460.93
1886.84
475.857
5991.17
2716.53
6728.44
868.575
633.26
1961.1
1238.87
1565.6
6344.93
470.041
1758.31
5700.94
-6663.99
-5658.95
-11042.7
-4406.84
-4684.34
-10739.1
-9677.3
-15597.1
-10363.5
-14937.9
-12361.5
-5945.74
-5494.96
-12891.6
-8461.49
-12719.1
-8056.78
-13096.2
-12771.7
-12894.1
-7460.46
315.311
1993.73
-6100.02
-7629.01
1995.69
-5941.2
-12154.1
-11986.9
-9632.28
-3781.09
-9633.87
-3610.19
-6003.82
-9822.26
-9742.91
-5908.51
-6851.03
-11202.4
-7063.64
-11033.9
-8524.57
-3017.99
-3118.13
-9136.23
-9169.79
-3802.2
-9395.36
-4479.5
-2831.37
-3962.8
-10111.1
-5805.96
-4960.94
-10330.2
-2713.66
-1853.84
-4038.34
-8121.05
-8580.33
-4304.29
-7284.05
-3809.49
-3771.78
-7930.15
-8380.03
-4419.58
-7869.72
-4404.49
-3533.46
-8093.07
-7531.05
-3331.81
-5243.32
-9142.51
-9031.42
-4886.63
-9817.11
-6087.5
-9945.6
-5927.98
-5927.37
-10378.8
-10043.8
-6392.82
-8737.18
-5099.38
-8927.09
-5175.05
-12074.2
-16364.2
-17382
-10960.9
-18000.4
-13129.7
-18984.4
-12103.2
-13744.9
-21107.5
-19742.3
-15264.1
-15815.2
-9896.07
-10562.1
-15157
-13508
-9650.73
-14682.4
-8354.82
-5719.81
-4266.82
-12150.9
-6447.69
-11339.4
-7488.59
-6276.45
-8077.98
-8851.29
-14476.3
-9675.8
-13717.1
-11470
-6953.8
-7216.85
-11185.1
-12943.6
-8664.64
-8234.08
-13384.3
-7835.22
-11608.8
-7217.25
-12190.4
-10801.6
-10610.2
-6560.12
527.795
1913.06
-4957.27
-6383.89
1937.14
-5123.09
-11272.2
-11460.1
-7846.58
-1951.68
-1919.65
-7139.73
-3398.49
-7771.5
-7018.73
-3544.51
-4005.02
-7404.47
-8190.31
-3895.73
-6785.04
-1691.16
-1720.26
-7442.38
-7500.21
-2205.39
-2241.24
-8261.65
-5158.16
-8627.38
-5164.69
-9126.7
-8690.75
-2620.94
-7877.86
-2560.28
-4475.23
-8634.29
-7888.6
-4533.07
2037.14
2211.34
1285.6
-2295.05
624.902
-2965.1
1220.18
629.341
-3090.16
2464.91
2311.44
-615.385
1055.43
596.095
-43.1965
3165.18
-1017.19
-549.45
3037.55
3285.92
-470.513
3442.55
-929.738
-135.532
512.199
965.892
-701.322
55.3476
683.166
1146.93
-523.848
3788.33
-262.783
4019.71
-732.835
-424.111
1242.66
774.029
160.024
3727.91
-836.746
3534.48
-373.598
5381.79
1616.09
2763.67
5024.12
428.964
5857.02
1403.24
5457.95
5352.39
3990.04
2706.24
5833.29
774.769
5141.79
95.5355
5494.45
3516.12
5002.95
4539.36
4193.32
5139.26
4139.59
5395
6309.74
3281.39
3934.75
4383.25
2341.82
4714.55
1735.16
5002.79
881.411
44.2073
4533.2
4796.25
-342.484
-151.914
5138.57
348.013
4838.03
4652
418.362
970.236
4420.32
3001.02
2905.17
1721.49
-2890.86
773.112
-3877.31
1813.65
734.979
-3745.01
2603.21
2725.67
518.664
1056.75
1528.46
-79.7158
4854.23
433.667
5288.56
-197.867
47.3183
1623.29
1155.51
651.652
4958.19
-356.328
204.009
4582.02
-199.536
1433.7
959.077
390.226
4323.61
-621.866
4048.64
-129.85
271.172
864.821
-315.16
1338.17
4312.01
21.7518
-496.591
4636.75
3580.89
-134.87
-290.134
3690.52
-588.781
3411.3
3532.62
-872.819
-765.479
3837.14
3683.41
-478.284
3399
-451.605
-313.268
3318.79
1309.4
3429.58
857.28
3610.14
3282.69
4167.61
3458.14
2871.2
1440.24
3958.36
2178.93
3679.37
3992.89
-111.488
3857.4
111.297
-507.912
4467.76
4243.49
-176.424
-342.678
3960.08
4144.95
-645.728
4135.97
454.345
4313.86
116.191
-2826.37
-3643.36
-6333.9
-6237.23
-4005.32
993.24
1461.36
-2719.13
-3856.51
1495.92
-2851.88
-6713.11
-6827.97
-4905.25
-815.417
-769.299
-4516.4
-821.476
-4847.03
-4447.1
-1233.68
-1430.68
-4731.62
-1049.78
-5175.78
-4223.77
-692.956
-735.471
-4587.53
-4816.03
-857.932
-902.756
-5237.57
-1890.88
-5341.34
-1576.88
-5868.13
-5578.25
-1004.23
-958.003
-5125.66
-1306.79
-5516.18
-1645.73
-5030.52
-2330.35
-7217.17
-6682.03
-2246.41
-7501.36
-3221.67
-6843.63
-3289.39
-2743.51
-7074.04
-7647.12
-2880.23
-6462.17
-2843.77
-7095.53
-2736.63
-6949.07
-1106.42
-6602.55
-937.791
-227.582
-12.0263
-6230.72
-697.744
-793.991
-6526.81
-130.139
-388.015
-1830.24
-6309.8
-1858.85
-6811.2
-5779.27
-2086.18
-1908.23
-6325.05
-6698.76
-2302.31
-6113.95
-2443.41
-1456.7
-6408.13
-5962.82
-1478.01
-7718.09
-7872.17
-4749.32
872.918
1674.07
-3637.8
-4898.18
1637.28
-3503.21
-7340.55
-7204.45
-6098.48
-1332.39
-1367.34
-6665.78
-3141.2
-6657.47
-2957.08
-7368.03
-7048.25
-1528.68
-1496.34
-6439.99
-2563.11
-6972.03
-6311.97
-2777.62
-6293.27
-1231.43
-1187.65
-5763.93
-1880.93
-6222.32
-2160.09
-5658.95
-5439.89
-1065.89
-5931.88
-1110.24
-2451.23
-5980.08
-6591.89
-2204.9
-735.258
-4994.5
-5305.32
-557.355
-4556.43
-1034.91
-707.65
-4920.23
-5251.35
-968.218
-1246.48
-4844.74
-346.239
-4954.71
-4698.86
-570.309
-5539.09
-347.848
-5727.25
-331.931
75.6033
-98.0948
-6116.88
-540.897
-5879.63
-501.267
5.18716
145.285
-809.355
-5656.06
-940.212
-5310.96
-5954.38
-1565.68
-1765.59
-5454.4
-5144.64
-1489.57
-1247.3
-5596.65
-1182.6
-5628
-1108.43
-6028.57
-622.715
2902.98
878.89
-220.115
4365.7
-2862.76
-516.869
-12046.4
-2986.54
4059.84
-11949.8
4799.85
-12512.4
-1405.48
-3471.91
-3271.68
-12699.3
5261.31
-95440.7
-42822.5
-61709.3
-69123.7
-76275.9
-82676.6
-56404.7
-10683.7
214.616
-6717.36
-152.12
-7.92475
-10553.5
-925.439
-10949.1
-2525.25
-7309.68
-832.769
-353.526
-1277.56
-11024
-87922.1
-149797
-107784
-167205
-94458.4
-99012.2
-147538
-67426.5
-54256.4
-57370.1
-80164.5
-77544
-49510.4
-72155.2
3538.55
-2672.04
-11367.3
-817.104
3738.77
-2593.2
-11409.9
3305.55
-10797.7
-157.257
-2387.59
-2448.37
-10794.1
3177.98
2411.79
-1674.15
47.198
-7549.33
-1702.83
2399.23
-7650.8
2462.46
-8140.21
-1792.82
-398.952
-1767.41
2475.18
-8044.94
-10121.7
366.132
44.2789
-5589.19
-10272
433.363
524.622
-9839.24
954.465
-5220.69
472.37
479.588
667.303
-9668.72
-7233.23
255.393
-3202.51
1669.82
296.019
-7044.5
1892.65
-7466.35
1828.41
329.292
-3594.57
285.668
-7647.52
1646.18
1569.26
-1087.9
85.7196
-4178.21
-1111.5
1489.33
-4283.56
1658.13
-4649.18
-1172.59
-226.932
-1150.32
1732.98
-4537.5
2337.99
-1614.26
-7177.97
-330.604
2351.59
-1590.06
-7067.22
2287.96
-6603.65
-1505.67
73.2703
-1533.76
2268.35
-6716.45
-4245.55
72.7381
-1651.78
1538.92
115.807
-4082.87
1937.1
-4411.51
1956.72
137.291
-2066.16
92.4681
-4569.86
1557.5
-6641.07
268.54
1938.49
-3152.01
-6818.38
225.06
1670
-6419.77
1665.99
201.048
-2749.38
241.357
-6234.74
1962.98
-1051.93
-3934.5
1398.79
96.9491
6711.88
-6368.18
-13423.3
-4115.94
-14027.4
7470.28
-5513.16
6441.92
-13369.4
-3980.29
-2283.76
5792.72
-13037.3
-4363.03
6879.53
-9701.82
-15217.4
-15206.9
5734.28
-14998.1
-12775.4
-6389.37
-21408.5
-43130.3
-23769.7
-18613.1
-19764.4
-25130.9
-12186.2
-6538.83
-12936
-11014.4
-4126.08
-7066.09
-14694.4
-11258.7
-3273.83
-1546.89
-10752.9
-11236.3
-2575.55
-5391.39
-23696.9
-10099.7
-27933.7
-14703
-16695.1
-18094.2
-22057.3
-30729.3
-42593.8
-41373.3
-38544.6
-40618
-25156
-29673.4
2804.18
-2087.59
-9639.48
-44.2354
-9688.36
2753.75
-2126.74
2928.26
-10234.1
-2269.83
-608.252
3009.47
-10207.4
-2226.49
2628.5
-2000.94
-9158.26
-486.395
2659.9
-9089.8
-1971.18
2554.01
-8558.32
-1862.86
11.0191
2535.11
-8642.14
-1894.14
-8957.03
401.721
-4355.75
1416.98
441.302
1380.54
-8772.7
-9223.46
1089.75
479.049
-4713.26
-9394.9
443.054
1232.02
-8333.67
401.61
-4095.88
1586.28
358.367
-8513.51
1531.7
-8080.64
1604.22
321.698
-3723.83
-7891.4
362.331
1727.47
1962.67
-1306.8
-5429.77
-245.455
-5312.91
2016.38
-1284.21
1883.6
-4916.89
-1214.12
94.038
1818.43
-5031.28
-1241.23
2127.56
-1352.96
-5726.33
90.6334
2085.75
-5842.24
-1380.48
2186.92
-6271.62
-1453.31
-279.106
2215.79
-6155.94
-1429.65
-5108.06
175.212
-2395.48
1980.03
130.992
1605.3
-5274.78
-4920.9
1581.49
113.211
-1979.3
-4748.62
154.036
1966.67
-5649.7
153.782
-2342.32
1630.23
194.794
-5469.89
1979.62
-5850.51
1976.73
218.973
-2756.31
-6024.47
175.124
1648.97
)
;

boundaryField
{
    left
    {
        type            calculated;
        value           nonuniform List<scalar> 
290
(
-144.204
-77462.4
-100.153
-119.675
-144.134
-199.226
-160.871
-199.52
-153552
-24331.2
-103545
-157.86
-76619.7
32899.3
-216.638
-139.69
-54.4627
1636.74
721.028
-255.583
-478.655
-137.245
-139.421
-221.131
-220.838
-194.849
-234.286
-235.35
-158.123
-229.876
-190.58
-234.673
-220.246
-78896.3
-93402.7
-443.972
1269.48
-84.0904
-38750.6
3701.01
-1032.47
-995.063
4872.5
-20855.6
-161.111
-136.316
-99.9251
-40.4711
130.099
-7.73445
-9872.07
-6474.07
77.9796
104.324
-185.949
-124.799
43.6889
69.846
-7.23221
-4.34781
-142.346
-180.89
-182.085
-198.638
-233.901
-234.045
-187.235
-205.953
-172.764
-233.936
-179.796
-45262.5
-126552
-212.592
-164.247
-166.363
-67349.7
-21401.4
-25324.9
169588
91178.4
13128.3
-180.576
-174.41
-206.307
-192.131
-201.381
-130.399
-171.998
-184.398
129.434
134.156
-49.9485
1983.61
536.909
489.949
386.968
48.065
930.259
-256.036
-3354.21
-8435.49
-153.738
105.485
-9.4234
7.91671
31.5592
-132.144
-141.899
-2.9275
3.55311
-221.968
-205.453
-204.446
-204.974
-205.913
-222.163
-182.924
-182.784
-231.39
-233.219
-197.394
-235.808
-242.787
-241.119
-243.012
-243.172
-235.879
-198.631
-209.585
-178.596
-236.779
-227.272
-219.494
-183.325
-219.308
-227.345
-242.595
-203.446
-62341.7
-105495
-379.912
-177.029
-306.352
360.925
161.35
804.995
-126.94
-32.5348
67.9922
25320.8
-3047.87
-55375.8
2481.14
5688.23
8940.63
-9505.73
-1534.07
351.275
5001.65
28876.1
24938
13552.4
16326.6
5311.5
-2649.95
68257.8
48084.7
-144.788
-99.1682
-98.7869
-42319.8
-4676.32
-16692.9
-45.0465
-51.1649
-122.448
-113.4
-47.6657
-45.7259
-98.4512
-98.0185
-143.604
-148284
-153842
-129442
-192.719
-720.204
204.375
-144.714
-100.928
-156.773
-84.2554
-78.7219
-136.761
-140.254
-91.3438
-88.1715
-99.4594
-144.835
-6.80579
-40.5554
-40.3427
-40.4435
-6.88794
-6897.11
-13349.9
-4464.53
-15351.2
-3050.94
-2604.21
-21380.3
89.0238
6.17306
8.02935
-35.8489
-2.76375
95.4264
-97.958
-58.7166
-105.192
-51.9758
-49.2839
-125.964
55.8328
4.3875
-1.04244
7.37563
6.53118
63.8331
-5.47092
-39.179
-39.9686
-37.3332
-38.2713
-4.36182
-143.487
-97.3719
-96.2709
-95006.3
-107878
-76470.7
-203765
-758.798
-369.564
-241.787
-2246.42
-1147.28
-1665.87
-1057.51
-1880.76
-3200.08
-109.439
-153.525
-326.77
110.26
-11.7849
-27.8812
-107.126
-34.0824
73.3031
14.3985
-21.9521
-26.6944
-8.54683
-15.8182
22.2791
-132.628
-71.4408
-61.0365
-95.1076
-93.5689
-141.372
-0.308805
-34.6081
-36.1414
-30.261
-32.6914
1.62742
-149924
-158018
-125186
-135602
-174284
-177441
-167957
-172646
-129696
-153259
-151296
)
;
    }
    bottom
    {
        type            calculated;
        value           nonuniform List<scalar> 0();
    }
    interface
    {
        type            calculated;
        value           nonuniform List<scalar> 
2123
(
-4889.92
-1182.45
-2856.25
757.241
-93925.7
-4793.16
-2980.47
759.891
828.837
943.423
835.709
-1082.23
951.436
-4308.28
-4508.98
-1924
-2035.38
789.514
871.828
-3980.32
-3855.51
778.687
784.731
888.611
882.035
-15.1681
-5063.37
29.0174
47.5203
-5609.83
481.816
-3564.26
-1498.78
-2502.85
23.9751
14.3121
-14.701
-11.9671
741.312
-1601.03
-4472.87
-3359.34
754.928
802.547
910.198
846.551
-5103.86
83.353
55.741
-7630.78
96.1886
-1258.07
-1605.07
-2385.32
0.359269
10.7591
-4.21933
-10.6515
729.277
-13843.3
-4353.89
-3485.83
759.371
794.237
902.181
853.554
-138.319
-192.099
-192.878
-137.384
-4974.61
-111.594
-161.389
-95.0227
-197.735
384.947
-29281.3
476.176
-33840.5
495.265
-1293.86
-2745.42
-103.918
-175.076
-103.049
-167.144
-137.375
-191.632
-137.137
-192.239
-710.427
38.5681
30.8078
-692.207
745.373
-75129.2
-559.979
-2166.81
-2351.38
-538.595
-78213.6
-116035
-4701.65
-3113.99
-689.173
42.2022
-684.551
-628.644
-615.14
746.019
808.651
-529.184
-2001.6
-527.463
-439.995
-422.036
-568.308
165.561
-554.019
-616.146
109.581
103.836
-609.644
920.315
828.139
-343.426
-325.398
-423.615
-416.667
-407.816
-548.816
-321.358
-4982.32
-164.678
-308.31
-142.81
-329.295
-2000.83
-359.856
-276.401
-116.533
-242.645
-1824.34
-2156.99
-124.845
-184.563
-126.64
-185.102
-131.912
-187.333
-129.322
-188.043
-751.096
-755.294
-729.849
119.348
-721.677
745.073
808.685
-2218.14
-4099.89
-3833.35
-10643.5
-6270.26
-4113.71
-3739.74
-658.855
-642.725
-647.299
66.1222
-639.807
762.102
776.201
-493.018
-1283.88
-474.425
-471.575
-467.318
-588.356
-580.555
-597.375
-582.941
881.607
862.078
-371.936
7.28762
50.6428
-367.565
-392.233
-373.679
-216.488
-85.3003
-215.709
-70.0459
511.941
-423.287
498.023
-400.105
-138.949
-193.689
-57.0828
-14.5214
-14.4697
-5052.86
-19.4141
35.6678
-106.839
-321.021
-172.232
-190.232
-20.5807
41.8632
-48927.3
-4714.17
-79.1281
7033.4
-10362.1
256.722
221.3
-6067.93
-1400.32
-2628.32
-184.741
-185.922
-185.579
-185.093
-275.223
-240.38
-240.596
-275.045
-21.903
21.6719
-110.937
-174.762
-176.754
-113.169
-27.0051
18.8468
-55.548
-13.2101
-136.942
-191.038
-191.838
-135.303
-54.4267
-12.1655
-187.362
-188.013
-187.069
-187.752
-270.731
-203.324
-235.942
-234.159
-275.119
-240.806
-275.543
-239.894
-715.961
-715.182
-165.692
-316.698
-148.194
-341.938
29833
27462.3
30807.5
27504.8
2473.01
-4424.76
-561.221
731.889
-47052
-11974.9
-572.53
-2810.17
-2574.05
-568.025
-87345.2
-69639.5
-85172
-76133.2
-25817.7
-19867.5
-22905
-22452.2
-55019.7
-34302.5
-133084
-4592.61
-3243.24
-635.532
-682.815
-663.714
8209.44
8245.1
9259.15
7856.4
20061.1
22144.2
21240.9
20083.4
-632.68
83.8323
78.3094
-625.037
745.867
795.74
-6320.02
-521.232
-1606.65
-1731.42
-500.356
-1305.97
-320.193
-321.263
-850.699
-13542
-11663
-15171.7
-10310.8
-445.538
-439.345
-3086.29
-572.408
-565.469
-549.102
4899.77
6336.73
5442.04
5208.97
-579.948
-612.927
105.553
-596.438
-630.094
-611.552
-608.501
-632.946
909.472
830.834
-930.241
-347.894
181.629
208.256
-341.51
-794.56
-327.487
-313.633
-330.372
-311.303
-417.755
-344.84
-398.358
-2761.73
-314.629
-303.142
-314.681
-302.053
-545.401
-172.669
-195.969
-176.079
-195.731
-228.669
-156.91
-139.402
-231.797
-209.718
-231.676
-224.455
-219.342
261.789
-237.298
-267.852
189.79
-592.229
4563.36
-550.166
3592.43
-428.931
2402.76
-193.719
2988.69
-4967.72
-182.823
-245.435
-194.136
-352.328
4.98332
73.6428
19.4498
-6.40694
64.8801
-5526.37
-742.021
-7392.36
-3008.62
669.032
60.1871
109.763
37.6316
-406.637
-263.313
-1718.26
-2277.05
-215.688
-225.051
-224.463
-216.514
-261.234
-255.8
-254.542
-262.143
-121.761
-180.614
-117.917
-181.416
-41.4048
6.63938
-38.3225
9.60885
-133.898
-189.795
-134.273
-190.518
-49.1619
-6.41656
-50.5406
-8.34212
-52.2337
-190.551
-188.258
-187.607
-190.848
-219.051
-226.61
-218.291
-227.774
-221.337
-228.291
-219.817
-229.652
-262.989
-205.204
-262.117
-220.374
-263.801
-237.256
-227.925
-272.686
-255.515
-260.994
-249.586
-265.263
-263.03
-256.901
-263.008
-256.937
-275.569
-236.905
-240.415
-272.721
-264.848
-257.728
-259.092
-263.245
-740.018
8609.3
11668.8
-726.54
-741.877
59.6169
-720.08
-778.363
20638.1
16740.1
-794.847
-74.1899
-295.824
21.1443
-282.015
-570.731
460.813
-480.051
191.128
-380.17
1315.93
-516.042
699.297
10293.4
-3779.86
-686.449
69437.7
58648.2
51003.4
67624.1
53585.4
51590.7
36087.5
40745.8
43608.1
13508.3
2381.62
-717.307
17616.7
24650.7
18769.9
20372.8
21666
38706.2
45540.8
38510.4
43946.6
31104.1
30817.3
27568.8
36243.2
-705.513
-680.316
128.355
-584.536
1182.43
-463.613
9124.6
-577.411
-874.576
13692.2
-838.99
19259.1
5656.44
-722.345
253.695
7343.27
730.564
-614.831
-12889.5
-11675.6
-13772.7
-11522.6
-1190.53
-579.601
-21883.3
-20748.7
-26755.1
-22145.9
-24317.8
-77605
-65285.2
-66260.5
-77166.4
-93275.9
-95806.1
-95458.6
-90615.9
-70482
-59967.6
-60558.7
-69848.9
-21378.6
-19284.6
-21650.7
-18659.8
-38872.5
-41137.9
-44369.9
-36028.1
-33119.9
-37968.1
-33061.2
-38413.1
-16617.9
-23966.9
-12052.2
-91654.3
-99223
-93057.4
-96012
-53472.3
-47599
-44470.2
-57612.6
-4240.38
-3617.09
-694.315
2245.42
-704.92
-343.249
-628.402
-663.749
58.0964
-656.114
-678.567
-676.335
-682.828
-672.183
11106.4
12545.7
11557.5
11360.9
3697.62
-226.343
-27.1287
2616.06
6063.32
3678.98
7284.37
3422.14
14833.9
13028.2
16833
12208.8
15645.3
15095
14964.2
16583.5
11425.9
7378.81
7807.35
9938.84
-644.416
-628.652
-612.187
-653.038
-656.729
-659.008
-650.506
-657.837
-666.862
-661.794
-662.81
751.753
779.31
-7383.84
-8017.98
-8055.69
-6913.07
-499.929
-494.031
-4907.49
-5545.1
-4356.13
-5019.32
-5122.49
-3736.78
-560.491
-4366.03
-331.581
-2192.84
-3473.54
-3864.26
-1892.87
-3806.42
-5835.61
-4301.11
-5324.76
-10985
-13332.6
-12442
-12090.9
-8657.43
-4300.35
-7684.81
-4981.55
-7409.13
-7962.69
-8702.4
-6582.5
-465.062
-445.604
-925.419
-2963.77
-1732.19
-2018.78
-2687.51
-3695.34
-3219.53
-4014.28
-2796.44
-560.336
-585.043
-569.312
-631.935
-641.935
-643.579
-629.986
-635.637
-647.747
-637.54
-646.035
-633.46
-641.167
287.138
-640.466
2371.25
2783.98
3598.27
2066.13
-640.65
-643.447
-643.345
-641.447
-601.031
-592.76
-570.288
-645.205
-655.711
-648.284
-652.921
-642.098
-650.066
-640.774
-651.179
-649.38
-648.159
-648.565
-649.581
-618.557
945.669
201.742
-401.773
-645.4
-646.156
-645.954
-645.115
885.251
848.948
-366.608
142.156
-347.161
95.9945
-475.505
-325.054
-328.247
-325.682
-732.054
-344.641
-972.026
-339.864
-457.355
-2393.12
-641.677
-2051.86
-322.082
-306.383
-320.835
-306.695
-340.832
-895.286
-1201.61
-337.966
-2075.24
-398.361
-392.583
-1917.42
-1137.32
-2169.85
-948.527
-1527.62
-364.269
-1280.99
-450.642
-322.464
-321.3
-323.705
-320.846
-315.874
-303.827
-317.359
-302.813
-327.921
-335.663
-331.12
-330.442
-168.929
-245.903
-488.885
37.0257
-203.677
-284.339
-206.254
-203.906
-261.629
-160.899
-290.185
-285.435
-284.286
-688.773
-662.777
-425.938
-220.129
98812.2
-28913.2
30325.7
24038.5
-725.185
13905.4
-171.436
-8570.66
-88566.4
-86776.2
-26837.3
-17285.6
-62507
-654.199
7801.94
5714.63
17295.2
21497.3
-599.744
-592.692
-8077.96
-1619.56
-342.913
-9684.48
-15281.8
-3578.04
-557.176
2700.73
4723.8
-588.931
-635.41
-643.458
-332.147
-339.956
-2413.12
-317.605
-316.079
-215.094
-202.918
-181.6
-250.498
-235.381
-211.096
-220.045
-236.185
-210.387
-242.54
-318.396
-69.133
-11.8747
-323.909
1225.14
-670.128
997.099
-581.741
791.089
39.943
-235.694
-210.25
-247.974
-264.989
-206.522
-210.206
-213.011
-236.209
-210.634
-238.353
-213.72
-240.884
-216.452
-238.782
-245.836
-250.894
-227.401
-276.677
-281.12
-175.162
-172.502
-280.365
-266.096
-248.842
-252.726
-262.77
-266.824
-248.65
-265.205
-250.615
-284.108
-285.478
-265.902
-252.595
-250.906
-267.361
-638.526
10961.9
17694.7
-614.598
-697.051
-734.173
-649.309
25378.8
19256.3
-685.243
-386.933
-114.72
-268.838
-188.975
-110.378
-574.663
32.0705
-61.8561
523.883
-559.778
-723.747
10689.7
56536.1
53158.1
104535
-761.442
54449.1
2280.71
51394.4
36970.1
46994.4
37322.5
33682.6
6039.14
9412.6
-329.381
27904
16157.7
21435.5
20855
34672
42994.4
30846.6
29831
24919.3
39391.9
-744.154
191.536
2217.48
-14135.9
625.5
-795.254
24773.7
35560.8
11386.4
-725.828
29039.8
-706.312
28242.8
736.324
4813.92
1221.54
12019.9
-10332.9
-13115.7
-19884.1
-6234.58
-13093.4
-12175.1
-37567.1
-22714.6
-23098.1
-84394.6
-54285
-90303.1
-119884
-86475
-96464.5
-84815.5
-46508.9
-55569
-77709.3
-28270.4
-13596.9
-20698.8
-19020.9
-30593
-47720.8
-31980.1
-39413.5
-24210
-48838.8
-51620.9
-25783.4
-71063.4
-124548
-84883.6
-130919
-58293.1
-44119.5
-28781.2
-75311.4
-586.515
10237.4
-603.318
4360.26
-615.757
-579.467
-658.747
4056.91
-568.793
8923.17
11259
5891.25
-639.54
-638.549
3014.27
6205.11
3294.08
9357.79
143.358
14370.9
13866.7
19422.7
9782.24
15548.9
12600.9
13605
4717.37
8079.71
9812.36
-602.983
-556.66
-646.888
-646.962
-552.326
-559.316
-653.72
-565.378
-650.102
-3539.13
-11802.6
-5515.38
-8358.1
-5976.73
-3192.59
-5651.73
-7632.53
-2052.76
-1945.44
-4433.2
-3911.08
-1730.43
-2728.02
-2262.15
-4397.53
-4481.17
-6640.53
-3114.66
-11751.7
-11813.2
-17057.8
-8184.31
-8595.6
-5032.54
-10643.2
-5087.44
-7187.99
-7335.64
-3893.58
-4596.24
-1000.08
-2671.62
-3539.95
-480.478
-1121.42
-5171.29
-1858.28
-3909.9
-568.029
-531.028
-639.391
-639.862
-525.557
-533.095
-641.824
-537.067
-641.312
-29.4258
-637.849
2752.59
-638.975
1791.85
-254.338
-287.361
-639.372
-637.955
-638.399
-577.281
-544.545
-644.497
-549.03
-644.208
-542.588
-642.853
-538.759
-642.492
-645.093
-639.814
-639.426
-650.7
-634.169
-628.833
-644.445
-638.929
-640.162
-639.423
-1290.36
-1469.17
-241.747
-314.695
-324.157
-229.184
-246.595
-649.43
-261.544
-330.535
-588.727
-1475.39
-1881.9
-685.25
-329.769
-324.381
-344.301
-336.407
-516.192
-334.686
-1821.58
-287.08
-2356.44
-395.889
-1715.42
-281.886
-926.234
-266.803
-1425.33
-325.541
-311.848
-319.36
-322.8
-318.574
-322.531
-326.984
-332.443
-322.512
-332.213
-636.958
-522.711
183.016
-96317.3
-59848
34.2812
101.099
86.1674
-1864.08
-539.365
-613.889
268.161
238.106
-468.733
190.37
287.054
67.1127
50.8473
150.544
143.987
137.77
141.686
126.958
-4858.8
-6119.5
-8864.73
71.6894
57.8859
74.3012
-1184.22
-1090.88
-1009.28
-45.5778
-103.227
-143.198
-222.639
-262.362
-150.645
-108.016
-261.66
-547.751
370.348
83.063
-509.422
-314.787
107.221
-183.528
-183.857
-57.2578
46.767
32.4312
-13.0712
-130.886
-348.213
-24.4825
-20084.8
427.378
176.167
178.578
159.47
157.302
120.27
-202.168
-187.465
-202.814
-186.116
-283.728
-241.009
-283.391
-275.842
-19.3051
-182.601
-30.6123
-183.103
-56.8093
-182.106
-182.742
-53.6387
-205.221
-188.923
-187.435
-204.693
-186.268
-189.629
-251.978
-282.467
-148.124
-251.191
-218.145
-172.143
-246.318
-284.261
-284.315
-275.935
-240.48
-183.31
-284.411
-275.534
-240.64
-896.508
-678.834
-915.078
-672.346
-888.814
-878.878
-523.794
-182.48
-237.873
-183.131
-485.376
-100.107
-327.416
-207.256
-689.242
148713
-652.791
140476
32580.4
28675.4
25958.1
32522.5
25467.8
25044.8
-584.579
-24535.4
-367.247
-122.8
-28366.3
-43273.1
-10366.8
-3055.82
-3714.46
-2523.8
-9672.05
-2126.02
-90886.1
-88704.6
-66707.7
-90171.1
-80260.9
-76164.4
-22981.1
-29794.7
-16364.6
-20227.6
-19796.7
-26836.7
-77364.3
-64603.7
-48031.2
-80526.7
-93985.5
-114656
51.8053
37.9297
-853.486
-642.309
-847.111
-649.503
-861.366
-871.516
9432.04
7279.96
7763.98
9747.76
6232.96
6681.16
18244.6
18185.4
23380.1
20315.2
23400.2
19100
-796.402
-598.047
-802.155
-595.171
-794.07
-794.099
-762.466
-691.935
-6900.87
-1271.4
-1089.79
-1518.48
-7293.57
-1775.34
-2196.91
-749.894
-318.056
-324.364
-521.054
-334.64
-11511.8
-11545.1
-14504
-12990.2
-17640.9
-7946.2
-3474.47
-587.743
-595.646
-583.836
-3154.01
-578.691
-738.08
-555.271
-743.712
-552.175
-735.574
-734.988
3778.47
3245.79
6816.82
4951.16
4194.36
6355.68
-778.421
-583.851
-775.665
-587.251
-783.697
-790.077
-629.065
-637.164
-615.261
-605.675
-639.081
-637.457
-280.36
-1043.09
-485.843
-493.339
-482.144
-681.469
-478.366
-335.115
-324.248
-315.849
-337.926
-331.704
-309.523
-2409.97
-557.725
-551.566
-564.862
-2741.38
-573.605
-317.808
-313.267
-304.466
-317.043
-313.947
-302.151
-730.715
-201.681
-193.673
-185.651
-201.489
-212.156
-183.726
-224.097
-189.061
-232.455
-168.893
-130.588
-238.54
-200.806
-244.063
-202.668
-225.51
-226.054
-241.903
-218.157
-217.382
-231.836
-229.212
261.37
-333.63
-53.9402
-272.346
-265.683
-20.6488
-238.087
166.265
1507.58
-620.711
-604.594
1649.55
3356.01
-647.548
1038.91
-339.739
2257.86
305.879
841.941
-433.529
2879.58
-338.998
55.1889
-300.24
581.778
-39.0822
-331.333
-16.0135
119.797
-1344.49
153.862
139.713
125.233
118.791
-209.056
-235.334
-225.402
-234.512
-209.648
-217.126
-264.655
-247.881
-256.098
-247.043
-264.297
-262.619
-44.4574
-170.106
-35.1358
-178.759
-47.4698
-180.846
-207.972
-188.59
-193.811
-205.85
-193.128
-188.838
-212.322
-219.595
-225.931
-236.874
-211.402
-217.496
-228.203
-237.697
-214.733
-220.323
-230.706
-238.282
-212.964
-223.104
-229.03
-239.752
-243.298
-267.643
-192.985
-270.35
-235.269
-251.271
-225.814
-266.517
-270.025
-275.761
-176.266
-233.883
-234.816
-283.994
-270.097
-263.617
-257.905
-253.164
-256.388
-260.61
-242.685
-266.616
-261.947
-265.878
-263.746
-256.541
-249.105
-265.488
-262.971
-257.72
-250.043
-274.557
-285.581
-178.836
-239.442
-238.763
-181.385
-282.479
-274.927
-263.182
-267.449
-250.444
-260.321
-257.414
-251.957
-264.642
-265.644
-749.68
-631.251
13783.5
6867.86
13092.9
14844.9
-622.281
-722.667
-713.282
-946.244
-927.824
-951.773
-717.483
-977.468
-767.145
-662.641
23818.9
17942.2
16555.8
21749.2
-670.873
-809.277
-316.759
-122.323
-256.449
-135.705
-359.055
63.2101
-309.763
-172.136
-86.0989
-603.835
-469.421
-80.2192
61.8641
-570.473
170.588
-518.091
1592.65
-676.471
424.748
-291.837
340.817
-257.559
24004.5
29004.4
16620.5
-706.734
9158.82
17351.5
47180.2
59778.8
58815.2
63068.6
49877.7
55637.1
77856.6
-797.207
69979.4
-398.034
54412.1
49138.6
38358.4
31916.3
45003.2
44979.3
42223.4
40487.4
23997
-802.255
7249.69
-728.56
1992.02
8360.81
19278.9
10104.3
26089.8
25258.4
17398.7
16369.2
22935.1
20153.8
23265.1
20361.5
36134.7
36126.9
45209.5
37302.4
42115
46036.8
29999.4
33349.5
30166.4
32283.9
25275.9
25749.1
37539.3
36375.7
-945.888
-745.961
-874.14
-745.93
-983.277
-992.601
-663.293
-675.824
-257.163
1816.8
-5234.43
12903.5
-111.701
948.279
-878.187
20054
16240.4
16887.7
-745.626
-863.601
24066.6
26567.8
-715.619
-834.396
13127.5
29554.7
2822.4
6613.68
3718.12
1148.74
-679.893
2419.24
668.007
11516.1
-3142.01
-3522.95
-18166.1
-15127.7
-8544.57
-15116.4
-10376.6
-15805.5
-17009.9
-7429.69
-10031.7
-5854.06
-15606.4
-4608.84
-17633.4
-7563.54
-10153.7
-17285.2
-15023.4
-31294
-32179.4
-18864.6
-26923.6
-18212.8
-29933.6
-73130.5
-88120.4
-55181.9
-63091.1
-57893.8
-88875.8
-88598.5
-92378.5
-97317.1
-112988
-89237
-94871.3
-87578
-105294
-73818.9
-82045.3
-51235.1
-55321.9
-63851.7
-51797.1
-81562.8
-65500.3
-24721
-24540.1
-15476.2
-16834
-25024.5
-17961.6
-21835.2
-16223.8
-35702.9
-33686.2
-48616.7
-40941.5
-51130.2
-30333.6
-28472.8
-36948.9
-33361.3
-44511.1
-28379.6
-28262.3
-42188.7
-44866.6
-26853.6
-39935.7
-37350.8
-32991.3
-19408.1
-13714.5
-79266
-81917.8
-99151.8
-128897
-81663.8
-94546.5
-92914.9
-127228
-45639.6
-66670.4
-39166.6
-53016.8
-36714.3
-36002.3
-70488.6
-62793.6
51.1528
79.8132
67.1308
-591.48
-692.298
4067.7
7495.81
-598.9
-711.003
-695.749
7024.22
-625.452
-832.362
-839.733
-828.251
-621.019
-824.584
-682.49
-576.979
1236.25
-675.342
-686.202
1441.4
-572.343
-671.295
9459.83
9821.75
13117.7
10677.6
12930.2
10837.1
4309.63
4583.22
-637.902
-640.755
1586.81
-639.642
4299.53
1982.57
7565.51
5450.74
5336.09
2402.87
7932.09
7916.87
1802.66
1053.64
16253.9
13912.1
15215.4
12734.5
17286.7
17942.9
10226.9
10792.4
14769
17301.5
14434.6
13258.3
13474.3
17374.3
12208.6
11926.1
5609.12
5656.49
9637.57
7143.75
11345.4
9250.11
-607.16
-809.064
-805.999
-813.593
-609.977
-820.884
-654.557
-556.261
-645.56
-658.821
-659.79
-647.738
-553.941
-652.596
-561.746
-658.046
-669.555
-653.213
-564.215
-665.209
-663.216
-649.887
-1490.51
-1389.45
-842.385
-4175.77
-6629.14
-8884.5
-10371.6
-4663.39
-9105.3
-6302.93
-9414.17
-782.978
-5550.16
-909.213
-5228.57
-665.17
-638.494
-6109.88
-2698.64
-6264.22
-4016.05
-5458.68
-6837.53
-2445.13
-4703.66
-2901.2
-2723.1
-2096.27
-3347.14
-5538.63
-326.316
-2769.02
-3260.59
-2050.76
-3087.97
-4331.98
-2368.56
-2833.95
-1362.23
-5167.44
-3155.46
-6517.23
-3998.3
-5735.04
-5049.13
-4772.66
-3520.97
-13442.2
-9595.53
-15149.3
-10476.2
-14903.5
-14253.4
-10713.3
-9160.68
-7096.96
-10298.6
-2562.95
-6290.26
-6312.12
-6980.85
-8507.34
-9300.32
-5670.25
-7115.73
-9773.36
-6440.35
-8434.02
-5686.3
-608.614
-4058.83
-602.026
-4368.27
-617.172
-628.133
-3157.39
-773.55
-2913.75
-1546.34
-2217.9
-3247.04
-674.129
-2548.4
-1386.32
-3448.66
-3493.25
-4700.18
-1537.32
-4342.33
-2563.84
-4287.51
-749.582
-563.971
-747.641
-566.511
-754.278
-760.568
-634.05
-530.174
-638.817
-643.054
-644.68
-639.999
-527.845
-630.958
-535.334
-636.046
-649.217
-642.173
-536.997
-639.895
-646.542
-640.758
1231.52
-637.655
-639.55
-638.752
1488.18
941.377
-642.17
-637.686
3472.91
1217.74
2264.07
4098.98
341.927
979.579
-638.292
-635.552
-638.247
-644.77
-641.784
-638.961
-636.59
-642.588
-766.692
-575.634
-772.082
-573.537
-764.934
-763.805
-546.582
-646.325
-656.457
-645.411
-548.82
-649.792
-654.385
-643.2
-542.061
-643.798
-651.23
-642.243
-540.428
-641.831
-652.057
-643.306
-647.024
-648.002
-638.93
-649.18
-647.053
-639.917
-648.636
-650.963
-627.137
-630.725
1486.05
-360.082
-630.112
674.127
-646.944
-642.631
-639.635
-644.49
-647.452
-638.943
-642.04
-642.75
-218.215
-164.294
-1199.69
-504.73
-498.924
-512.085
-1552.3
-521.025
-486.233
-239.465
-317.044
-322.846
-333.086
-320.631
-234.549
-323.451
-253.085
-722.14
-350.639
-577.429
-257.655
-1006.17
-336.948
-338.032
-1037.47
-347.889
-2723.96
-1170.78
-1386.17
-1125.43
-1776.56
-968.669
-328.598
-322.412
-305.782
-326.575
-318.614
-308.052
-344.41
-339.178
-340.399
-682.189
-1452.64
-345.587
-336.631
-336.216
-2113.2
-537.031
-545.596
-532.02
-1766.91
-527.574
-295.677
-1839.03
-1314.67
-2175.26
-301.71
-2285.39
-772.903
-1869.41
-278.153
-1588.52
-355.44
-1027.21
-272.78
-1247.39
-616.628
-1310.85
-324.702
-324.436
-314.172
-319.819
-325.822
-316.635
-323.313
-320.378
-320.452
-313.72
-304.675
-321.973
-317.187
-302.315
-326.559
-328.301
-328.96
-381.18
-328.509
-325.537
-330.41
-333.469
-640.912
-628.42
)
;
    }
    procBoundary2to0
    {
        type            processor;
        value           nonuniform List<scalar> 
47
(
-200.269
-216.392
-229.603
-161.071
-15.5766
-177.882
-177.882
-177.882
-200.269
-200.269
-200.269
-226.206
-226.206
-226.206
-200.336
-216.392
-216.392
-200.336
-200.336
-237.412
-229.603
-229.603
-237.412
-237.412
-105.063
-34.8977
-152.063
-98.8733
-34.8977
-34.8977
-50.3456
-186.168
-198.969
-178.344
-266.138
-283.011
-181.265
-181.265
-239.879
-214.526
-211.568
-227.041
-233.714
-264.774
-269.635
-254.839
-249.068
)
;
    }
    procBoundary2to3
    {
        type            processor;
        value           nonuniform List<scalar> 
328
(
-153.842
-153.842
-153.842
-168.027
-168.027
-168.027
-168.027
54828.3
8876.17
-348.371
-145.364
-145.364
-145.364
-146.483
-146.483
-146.483
32554.6
33559.3
-18856.6
-69705.4
-75470.2
16120.3
-24483
-27389.3
373.303
11688.5
12610.5
7054.1
29447.1
28168.4
10027.8
-7631.22
-7445.55
15434.8
-21617
-19271.9
10947.4
10033.2
1431.52
9341.12
-6946.31
-7122.27
91.7895
-152.667
-152.667
-152.667
-3308.59
6282.41
915.024
-1770.98
3358.7
1322.28
24085.7
21493.8
-2413.55
-3062.9
-151.142
-151.142
-151.142
21876.1
-15623.1
-1625.5
10754.9
-14565.3
85724.3
34557.5
44963.6
59756.8
6112.56
-65043.8
-77388.2
15077.9
-57458.2
-50609.9
2685.65
18243.5
17234.9
3549.15
19409.1
20482.6
12231.3
-9742.96
-9554.19
13010.9
-10599.7
-11290.1
5390.5
6320
4857.23
3923.14
7411.7
-5771.23
-5696.56
6817.29
-5329.93
-5365.46
-16.8663
-154.527
-154.527
-154.527
-525.372
673.386
11.7045
-10.2509
310.153
86362.9
51570.4
11549.1
-1053.86
-4239.98
-144.412
-147.84
-147.84
-147.84
942767
125517
119090
-124606
7686.95
151699
125517
38327.8
38380.5
-11284.1
-99248.8
-86954.9
16731.8
-34707.2
-31132.3
1114.01
14358.5
13416.8
5638.66
24719.4
25959.4
10741.8
-8023.23
-8177.57
14614.9
-15229.4
-17119.4
8438.95
9357.07
2111.44
1713.69
8675.31
-6646.46
-6493.57
5695.01
-4657.12
-4607.57
238.798
-153.83
-153.83
-153.83
2163.98
-1069.84
-23.1998
1062.66
-270.617
21288.9
65468.7
14789.4
-1744.96
-3676.86
-149.418
-149.418
-149.418
-195498
95846.7
-6468.74
-69623.4
36814.8
60107.8
146145
46936.1
42631.9
321.785
-99758.7
-85938.1
16004.9
-39484.9
-44386.8
1880.43
15257.2
16219.6
4512.9
23020.6
21860.5
11476.8
-8803.26
-8738.44
13811.6
-13698
-12345.4
7818.3
6896.07
2495.56
3438.42
8034.95
-6085.3
-6191.67
6246.56
-4979.76
-4980.71
-13.5928
-168.746
-142.674
-85.1457
-267.762
177.195
673.386
-525.372
-122.598
-124.58
-122.515
-124.916
-124.423
-124.541
-127.287
125517
942767
151699
33559.3
32554.6
38380.5
38327.8
-75470.2
-69705.4
-86954.9
-99248.8
-27389.3
-24483
-31132.3
-34707.2
12610.5
11688.5
13416.8
14358.5
28168.4
29447.1
25959.4
24719.4
-7445.55
-7631.22
-8177.57
-8023.23
-19271.9
-21617
-17119.4
-15229.4
10033.2
10947.4
9357.07
8438.95
1431.52
1713.69
2111.44
-7122.27
-6946.31
-6493.57
-6646.46
-4607.57
-4657.12
-132.288
-122.864
-112.297
-135.977
6282.41
-3308.59
-1069.84
2163.98
-125.476
-131.345
-128.207
-126.176
-15623.1
21876.1
95846.7
-195498
34557.5
85724.3
146145
60107.8
59756.8
44963.6
42631.9
46936.1
-77388.2
-65043.8
-85938.1
-99758.7
-50609.9
-57458.2
-44386.8
-39484.9
17234.9
18243.5
16219.6
15257.2
20482.6
19409.1
21860.5
23020.6
-9554.19
-9742.96
-8738.44
-8803.26
-11290.1
-10599.7
-12345.4
-13698
6320
5390.5
6896.07
7818.3
3923.14
4857.23
3438.42
2495.56
-5696.56
-5771.23
-6191.67
-6085.3
-5365.46
-5329.93
-4980.71
-4979.76
)
;
    }
    procBoundary2to6
    {
        type            processor;
        value           nonuniform List<scalar> 
65
(
-4649.35
3877.79
-3548.51
-1546.43
-1786.47
1129.92
-5562.29
-5587.97
3813.64
4275.84
-5562.29
-5562.29
-5662.16
4060.12
-3991.92
-219.419
2709.71
1924.9
-1764.77
-3991.92
-5614.48
2709.71
4307.04
-3991.92
-3991.92
-3991.92
780.043
534.945
-2276.23
-3063.68
1286.37
-2021.53
-3915.98
2296.2
2757.78
57.5441
-4913.9
204.428
66.176
-4588.71
1299.83
3243.45
-680.757
-453.838
3113.65
-4155.58
-610.416
-662.53
-3941.81
-491.677
-4269.45
-4404.06
-168.37
2804.28
-1084.27
3243.45
-778.213
433.866
1924.9
-3915.98
1314.27
-1028.41
-3831.67
-3915.98
54.732
)
;
    }
    procBoundary2to7
    {
        type            processor;
        value           nonuniform List<scalar> 8(-4715.18 1447.82 5170.1 -4262.06 -4343.35 1447.82 -4343.35 -4262.06);
    }
}


// ************************************************************************* //
