/*--------------------------------*- C++ -*----------------------------------*\
| =========                 |                                                 |
| \\      /  F ield         | OpenFOAM: The Open Source CFD Toolbox           |
|  \\    /   O peration     | Version:  2012                                  |
|   \\  /    A nd           | Website:  www.openfoam.com                      |
|    \\/     M anipulation  |                                                 |
\*---------------------------------------------------------------------------*/
FoamFile
{
    version     2.0;
    format      ascii;
    class       volScalarField;
    location    "0.105/solid";
    object      sigmaMin;
}
// * * * * * * * * * * * * * * * * * * * * * * * * * * * * * * * * * * * * * //

dimensions      [1 -1 -2 0 0 0 0];


internalField   nonuniform List<scalar> 
3125
(
-428.254
-62.7157
-614.365
121134
1065.76
921.901
-512.627
-536.019
-428.974
-592.282
-514.502
-6362.1
-685.264
-141865
-162075
-147506
-4097.78
91129.9
-8911.42
-312977
-288475
201950
68.0745
883.087
-6263.04
-145432
-159246
-4622.88
-3936.57
-2355.17
-8773.02
-227836
-280140
-6702.03
-3475.47
-143653
-4539.79
-128910
-1290.5
-2266.53
-4964.71
-221072
-6583.17
-176144
1076.48
-3423.71
-1234.73
-4864.93
-731.595
-581.295
-948.118
-1636.62
-4133.63
-2975.1
-1205.81
-5114.57
-2071.94
1070.39
1057.46
-544.717
-579.363
-433.126
-432.497
-548.22
-567.94
-780.545
-529.08
-615.554
-582.727
-523.695
-602.109
-13435.3
-12130.2
-19091.9
-1029.57
1330.2
-4779.01
-5001.83
-168565
92968.6
-31288.3
-13314.8
-15551.6
-169586
-20914.9
-2361.75
-6584.31
130769
-32732
-18129.4
-6548.52
-8877.09
-8783.81
-10464.1
2639.82
-310417
60343.6
-1008.8
-20953.4
-309589
-9507.56
-7231.6
100866
5106.3
558.112
619.092
-12412.4
-5392.05
-10768.2
-150658
-19991
-18639.6
-16309.3
-152502
-18172.9
-5290.34
-11122.2
-10568.2
-3100.03
-2990.88
-9304.16
-7719.73
-10476.7
-248946
-26358
-24179.9
-21722.7
-256359
-23523.9
-7587.94
-12534.8
-10932.6
-3927.47
-13331.6
-12466.5
-20429
-137895
-21720
-3991.48
-11381.9
-12189
-23428.6
-135800
-22148.4
-1685.32
-1753.5
-5681.87
-17103.2
-15421.3
-27107.7
-201349
-29295.6
-5788.8
-13108.2
-14846.6
-31906.8
-194938
-29988.6
-595.571
-541.13
-717.057
-628.118
-946.793
-128.087
-554.679
-186.566
-977.758
-337.784
74358.3
31219.4
-2700.2
1081.76
979.242
-463.312
-602.687
-162.941
-450.824
-129.913
-128.302
-431.278
-127.297
-466.3
-470.554
-767.04
-556.693
-686.93
-605.393
-517.025
-608.889
644.237
-7085.47
292.199
-973.137
-747.362
-1317.54
-127751
-145957
-2131.23
-16972.2
-32022.2
-63954
-165064
-62824.9
21676.9
-471212
134999
89478.7
-91142.8
-4681.34
-18189.8
-8606.52
-9550.92
-9630.17
-295506
-97630.2
-92356.3
-132942
-296647
-134466
-12197.9
212273
27062.1
309.065
780.804
-128.781
-5852.63
246.869
-147171
-69034
-68402.1
-64607.1
-156731
-65197.3
-4903.3
-800.128
-1604.18
-3557.49
-2618.56
-9173.76
-8293.03
-8295.56
-234717
-118343
-119935
-130905
-271956
-128841
-7076.73
-7248.77
-7543.17
-3670.08
-2355.56
-3347.28
-69620.2
-141812
-70154.5
-4292.68
-2061.68
-1175.1
-71851.1
-131308
-71775.8
-1453.31
-2046.96
-5269.87
-6695.02
-6531.39
-116754
-214411
-115147
-6237.94
-7176.54
-7025.85
-104659
-182336
-106531
-3790.55
-6430.47
-494.6
-511.631
-669.403
-645.771
-600.188
-544.697
-603.1
-564.294
-836.142
-1360.5
-1155.59
-1040.07
-2593.78
-1556.61
-2630.9
-3372.36
-2084.01
-896.908
-1346.97
-1001.92
-431.253
39722.3
-2071.43
-1155.69
-3771.61
1077.62
1012.77
-509.933
-609.036
-440.495
-126.155
-126.94
-431.982
-127.095
-126.969
-483.611
-476.161
-513.296
-553.203
-518.133
-532.281
-559.476
-524.24
-800.17
-684.213
-707.29
-537.88
-630.282
-648.228
-637.731
-641.936
-662.728
-612.18
-587.159
-616.17
-520.005
-620.145
-613.56
-593.303
-629.775
-621.737
-12249.3
-14533.3
-13070.7
-6705.77
-5410.2
1262.06
-18278.3
-18605.5
-16508.7
-1044.49
-1504.57
-1502.44
-1168.22
-2861.74
-2478.51
-3032.06
-4915.8
-3018.1
-29816.1
-7151.23
-12353.4
-156784
-49314.7
-19186.5
50467.7
45156.3
-23528.3
21641.7
-24235.8
-28829.4
64010
33898.2
-9803.58
-7639.27
-9869.99
-28478.3
-16694
-26296.4
-167910
-56287
-60971.9
-20007.3
-20976
-23410.3
18082.2
918.508
77113.5
22564.2
-13430.2
-26380
162835
60813.8
-32032.7
50169.9
-55002.7
-33725.2
87852.5
88359.4
-20708.4
-8945.67
-23483.5
-5004.7
-11862.2
-5352.63
-7309.15
-4542.24
-9456.68
-11018.4
-8302.86
-5133.56
2546.6
-3381.62
-310011
-125592
-111662
16964.3
23560
7084.97
-28852.4
21886
-5275.54
-49660.1
-19301.7
-48084.9
-303996
-132560
-135015
-16798.4
-38795.9
-45487.3
31466.9
-10202
10914
147238
33668.7
29473.4
-729.212
35536.4
39945.1
388.282
736.756
-11479.6
-11785.7
-11003.1
-5738.11
-83.461
-640.315
-11206.2
-10126.9
-10534.9
-148899
-67071.6
-67742.9
-35190.9
-19547.2
-34481.4
-33028.3
-19097.9
-33760.1
-29742
-17106.9
-30722.2
-154501
-66412.3
-65781.3
-17670.8
-32288.4
-31526.4
-4993.5
-1128.57
-444.481
-8932.45
-10873.8
-9154.9
-9755.22
-10661.5
-9430.44
-3432.64
-2713.82
-5484.45
-9723.29
-5615.25
-8152.29
-7881.17
-8543.15
-10071.1
-5901.86
-5726.03
-241746
-123220
-121552
-54801.1
-25611.3
-54149.3
-52826.8
-24881.2
-53486.2
-50432.4
-22357.9
-51049.8
-264020
-124974
-126842
-22915.9
-52195.2
-51601.7
-7199.6
-7989.59
-7526.93
-6975.12
-11974.7
-6668.56
-6121.14
-11437.2
-6380.76
-3730.42
-2921.29
-1958.99
-8612.08
-13037.5
-8571.92
-8535.27
-12749.1
-8546.37
-35884.9
-20862.6
-36563.6
-139897
-71031.5
-70625.9
-21292.4
-37869.2
-37224.8
-4221.14
-1561.69
-2502.29
-8768.06
-11647.2
-8653.87
-8546.76
-11916
-8583.95
-40234
-23004.5
-39680.8
-133605
-71361.4
-71612.1
-22576.6
-38494.5
-39100
-1512.11
-1968.39
-5372.12
-6676.33
-6746.14
-9606.49
-16551.2
-9275.64
-8612.81
-15990
-8942.88
-55423
-27850.9
-56001.3
-207839
-111834
-113510
-28582.1
-56996.8
-56528.1
-6126.5
-6858.01
-6888.25
-7292.22
-13687.5
-7617.22
-8278.01
-14268.5
-7945.87
-58208.4
-31296.1
-58011
-188601
-110117
-108349
-30655.5
-57404.4
-57742.3
-344.046
-422.213
-428.33
-320.71
-422.673
-343.463
-320.647
-190.137
-307.909
-480.473
-416.883
-702.358
-332.098
-369.041
-550.822
-70703.5
7771.88
115225
-54945
-204258
26718.7
-30858.5
1071.72
929.401
-333.66
-412.037
-405.546
-498.215
-324.326
-417.505
-378.251
-345.809
-423.033
-321.261
-430.164
-344.129
-424.657
-322.084
-1767.25
1791.11
-5866.24
-6595.03
1966.22
-6154.24
-1793.41
-4268.42
87184.8
-8840.61
4204.66
-12607.9
-9130.24
4205.04
-12927
-8589.35
26981.9
-86110.9
244267
21075.3
42905
34218.7
123461
140.991
848.887
-2024.14
1582.42
-5784.96
-6103.59
-1982.64
1435.61
-5597.2
-2486.23
-4721.09
80.4729
-4081.54
150.627
-4198.56
-2495.21
-3820.14
-2446.05
-8186.07
4093.66
-12320.6
-8599.66
-8380.64
4042.66
-12051.2
-6751.14
-6827.96
2460.95
-8969.97
2576.95
-9171.56
-6669.9
-2753.77
-3548.93
-991.337
-2940.15
-942.418
-3030.94
-2764.86
-2525.88
-4453.01
5.77667
-4018.33
-67.3459
-2519.78
-3910.11
-1349.98
-2205.46
-5874.38
-5066.5
421.504
-6306.19
540.121
-6464.98
-5814.96
-6547.24
-6469.92
2328.57
-8784.97
-6605.58
2204.38
-8613.11
-1047.9
-2910.95
-2786.23
296.482
-6158.16
-5771.26
-2080.81
-528.476
-2085.63
2545.45
-2095.68
-319.803
-2008.42
-1968.3
-8917.13
563.334
-8249.56
-7732.84
-3080.26
-961.087
4050.61
-3210.56
1061.08
1038.03
-343.955
-434.206
-426.705
-322.616
-344.339
-428.19
-322.922
-346.819
-432.987
-427.373
-322.612
-345.34
-427.688
-323.282
3158.78
-6339.58
3055.24
-12551.8
5100.03
-1643.12
-6627.34
-7116.95
-22528.4
8773.98
-4082.3
1163.27
14344.4
-19548.9
-6031.86
-8681.86
-9939.66
-9252.93
5477.48
-15026.2
5941.67
-15070.6
-9112.51
-6425
-5372.37
6864.52
-17212.9
8053.39
-13855.6
-9090.14
504.11
643.265
-2293.91
-5509.4
753.012
-4863.64
840.051
-2311.76
-4999.42
-2367.48
-5189.55
656.979
-4777.73
564.989
-2351.22
-4654.89
-3211.52
-2910.63
-7461.97
-7864.85
3435.7
-10586.8
3533.29
-10821.5
-7342.28
-7152.03
-7458.79
3308.17
-10370.2
3196.49
-10168.4
-7241.65
-2663.77
-3860.41
-565.928
-3404.04
-632.345
-2659.31
-3313.31
-2619.92
-4073.18
-491.788
-3446.36
-430.282
-2629.46
-3546.97
-1635.53
-1833.62
-6101.42
-5581.34
1305.5
-7387.59
1175.92
-7236.64
-6142.16
-6259.23
-5903.24
1439.16
-7554.57
1560.38
-7734.67
-6192.43
-783.227
-376.49
-348.538
-778.052
-192.93
-989.268
-666.261
-329.351
-167.146
-1145.73
-1191.24
-205.062
990.347
-4199.18
967.315
-4572.83
-1785.3
88.0002
622.973
-3672.53
-2201.07
181.929
214.753
-2056.41
-344.048
-427.971
-422.338
-320.259
-159.395
-187.631
-126.02
-160.147
-187.025
-124.96
-186.365
-387.632
-149.948
-316.54
-218.802
-148.12
-378.472
-345.752
-871.073
-208.024
-833.633
-461.707
-285.02
-707.587
-146.034
-269.354
-610.973
-158.827
-489.12
408786
12375.3
80272
-292428
-5292.4
-577558
-145.065
9422.37
-83626.9
-6695.88
-39016
-6687.56
-4606.05
-4018.44
-8424.27
1069.45
962.892
-463.183
-478.269
-407.597
-409.498
-407.147
-462.824
-480.3
-466.033
-477.078
-601.029
-629.776
-566.951
-451.089
-450.86
-567.579
-565.663
-602.604
-632.183
-603.391
-630.752
-151.364
-266.711
-145.965
-151.179
-237.702
-333.842
-466.998
-421.706
-336.7
-421.508
-337.123
-350.26
-152.265
-135.065
-203.82
-152.927
-216.134
-160.522
-188.074
-126.623
-160.708
-188.184
-346.536
-431.075
-425.717
-322.504
-425.64
-345.775
-322.549
-160.062
-126
-188.15
-159.94
-188.135
-466.816
-491.521
-475.874
-481.848
-412.441
-410.018
-469.464
-479.384
-465.471
-484.472
-411.802
-418.311
-857.552
-507.752
-893.371
-485.671
-363.889
-443.492
-471.103
-912.054
-737.963
-464.148
-458.767
-485.285
-303.978
-1227.96
-1167.02
-303.467
-606.606
-640.441
-635.348
-610.417
-570.03
-451.309
-568.765
-453.775
-606.176
-633.162
-604.806
-635.411
-570.554
-455.162
-454.28
-573.628
7377.75
6984.11
-1307.81
-6596.39
2519.71
-6742.64
2324.29
-6140.57
-1415.98
5652.4
5899.49
894.881
-4344.09
1315.98
-3549.61
-1284.11
-487.555
-394.64
-113.651
299.753
-272.117
-573.515
-1695.47
-1937.71
181.601
93.4143
-2127.8
-45841.4
22233.8
71475.6
124611
2392.47
-46837.8
-58473.6
-11264.3
-42702.6
-29867.3
-26525
-28929.1
-28572
-73685.8
-77371.8
-76489.3
-73101.9
-30822
-31479.4
-32533.2
-28838.1
117329
329913
170687
135330
-228717
-65245
58716.2
360200
17623.8
128090
53015.1
318223
-24663
-372574
425173
-866596
-4488.83
-57615.7
-18835.5
-18688.2
-9075.85
-9227.15
4293.82
-13587.9
4374.21
-13257.4
-9359.23
-17535.6
-17698
-247908
-174705
-269961
-157821
-325787
-354126
-349924
-371647
-223711
-147814
-142085
-243592
-266209
-190432
-191259
-266774
-346880
-343357
-259296
-186718
-258333
-186422
-354511
-357654
-21686.1
-14130.4
-14235.6
-52211.5
50672.3
-16198.5
86107.8
-22345
-22523.7
19723.6
-10701.2
235.411
803.959
4002.32
4215.97
-2128.4
-5991.82
1170.74
-5334.87
1282.58
-5496.44
-2158.98
4912.44
4691.72
-45692.2
-38168.2
-43712.3
-40551.2
-80922.8
-84256
-83442.8
-79951.4
-45409.4
-41581.7
-47357.1
-39258
-34665.7
-34753.3
-32072.7
-36656
-78130.9
-74283.7
-34697.8
-30589.2
-32783.5
-33299.1
-75023.9
-78912.4
1946.68
1640.91
-2459.57
-4808.08
309.985
-4381.65
231.193
-4266.09
-2449.57
1267.13
1568.75
-3682.37
-2541.5
-15798.1
-15861
-8017.4
-8454.47
3859.08
-11523.7
3931.72
-11790
-7850.06
-16705
-16591.3
-205494
-154869
-206312
-155065
-262236
-259360
-268943
-271929
-199601
-151087
-198802
-150899
-243324
-177030
-176974
-242227
-332039
-335662
-250259
-181780
-251342
-181904
-324419
-320826
-13494.2
-13547.9
-6821.12
-6953.27
2822.41
-9552.13
2705.2
-9367.33
-6895.56
-13271.8
-13208.7
-766.009
-1091.91
-2734.05
-3605.03
-821.075
-3148.45
-882.424
-3062.95
-2725.04
-1389.86
-1090.76
-48638.6
-43513.9
-41316.9
-50483.6
-85009
-81820.7
-82632.1
-85663.6
-48950.1
-40305.6
-47053.7
-42562.6
548.143
866.931
-2556.33
-4380.48
-214.342
-3746.01
-149.126
-3854.04
-2565.71
1218.35
892.849
-56978.4
-45916.9
-47740.6
-55463.7
-85325.8
-87316.5
-87347.3
-85175.7
-56560.5
-48474.8
-57997.3
-46720.6
-1408.42
-2126.53
-11863
-11940.7
-5915.48
-5171.35
788.704
-6758.49
663.611
-6620.01
-5956
-11819.3
-11731.7
-186723
-143419
-143275
-185943
-249989
-252785
-192292
-147047
-193076
-147218
-243554
-240833
-12800
-12730.6
-6487.91
-6355.11
1949.75
-8245.09
2071.36
-8435.88
-6416.93
-12959.4
-13020.9
-156361
-125333
-125268
-157244
-192484
-190121
-151767
-121758
-150841
-121888
-198074
-200496
-1405.6
-427.276
-621.024
-612.188
-448.333
-469.082
-408.666
-387.025
-529.995
-537.231
-475.186
-550.692
-458.514
-879.681
-377.319
-850.491
-377.662
-104.189
-1535.27
-1487.88
-106.824
-152.841
-1287.32
-166.649
-1347.44
-943.224
-382.449
-370.503
-969.233
-471.212
-667.74
-466.795
-683.971
-628.282
-538.979
-525.885
-642.603
-599.031
-501.4
-588.537
-506.45
-482.314
-738.931
-721.059
-495.875
1472.72
-5020.86
1277.6
-5409.1
-2906.1
558.373
514.402
-3027.17
-2538.38
303.362
-2392.01
375.232
1839.76
-6740.88
-6372.96
1995.85
-10440.6
2684.44
2739.15
-9655.93
4341.02
-18438.8
-8328.21
1839
6472.11
-21463.2
6316.12
-22573.5
-13142.7
3499.51
3910.45
-11947
11599.5
-41473.5
12332.1
-37620.2
-15893.7
5201.45
4882.69
-17135.5
9235.63
-27191.3
8362.32
-30803.4
-1231.27
-161.23
-1627.25
-690.432
-1168.42
-396.688
208.378
-1315.54
-196.515
-1890.67
-742.088
-443.649
-1515.47
-212.247
-841.567
-563.738
-123.206
-1089.44
-3396.9
-3840.2
-9516.7
34010.5
-15521.5
-22411.6
-51613.2
-5554.13
-1247.33
-2484.5
-1500.25
393.323
-4533.22
-956.498
-7000.69
-2898.22
-313.011
-5481.24
1074.17
1012.98
-515.341
-508.915
-537.678
-554.507
-550.074
-542.35
-539.637
-552.406
-513.288
-511.539
-507.487
-517.328
-605.274
-625.025
-586.544
-578.6
-573.979
-590.831
-587.874
-575.722
-604.96
-627.942
-625.709
-608.333
-342.566
-436.805
-425.882
-327.662
-338.95
-426.092
-324.769
-157.609
-189.413
-124.346
-158.931
-189.96
-155.974
-195.879
-124.253
-154.702
-191.961
-347.518
-432.698
-426.409
-322.839
-346.13
-427.783
-323.271
-160.316
-189.208
-125.812
-160.384
-188.977
-160.103
-188.32
-125.48
-159.859
-188.599
-485.148
-484.111
-468.637
-500.847
-414.091
-440.929
-467.433
-517.271
-502.79
-483.184
-426.208
-414.316
-518.392
-522.968
-511.947
-530.019
-547.074
-552.462
-540.101
-559.333
-522.195
-509.964
-515.91
-515.549
-542.222
-567.066
-554.382
-555.319
-540.496
-513.639
-533.092
-520.263
-540.354
-598.746
-585.877
-553.356
-517.895
-551.474
-559.291
-512.056
-565.364
-556.784
-543.44
-578.188
-969.772
-478.549
-961.785
-439.962
-128.997
-1581.68
-95.9764
-1571.13
-995.965
-391.493
-994.26
-414.942
-164.838
-1429.7
-227.793
-1483.75
-563.462
-752.624
-720.966
-592.284
-610.686
-459.041
-462.2
-563.287
-540.564
-461.66
-651.243
-462.42
-660.082
-624.977
-690.247
-595.537
-551.824
-775.718
-765.499
-578.156
-673.547
-560.98
-663.999
-575.934
-531.361
-759.441
-513.708
-766.596
-682.593
-617.565
-696.957
-594.812
-609.748
-636.675
-630.314
-617.162
-594.464
-576.599
-589.383
-582.804
-611.762
-628.234
-631.359
-607.688
-591.598
-589.394
-578.746
-600.578
-617.748
-637.285
-608.015
-647.687
-570.781
-459.465
-457.57
-590.348
-579.588
-455.091
-571.846
-458.698
-606.175
-662.049
-632.06
-635.401
-626.908
-632.19
-611.063
-645.221
-590.007
-621.285
-576.623
-632.204
-611.486
-579.87
-600.32
-592.823
-608.484
-662.525
-645.76
-629.969
15920.6
-9294.61
-3765.78
11866.8
-12921
11124.5
10008.8
-10626.4
-8931.49
11894.9
-14471.9
14782.5
11408.7
-5874.64
-8020.52
12785.8
9266.08
9996.05
-1050.01
-8251.62
3291.43
-6399.9
-167.368
3188.36
-8260.82
13726.5
10795
6058.66
1110.35
22348.9
-15266.1
5686.77
-3767.6
33451.7
-35519.8
-20706.9
21558.2
-4936.62
8574.77
35003.5
-31615.4
14681.7
-10634.7
2144.65
-6204.41
1799.97
-6670.52
-3144.68
615.746
-3163.87
569.986
2179.75
-7175.35
2216.68
-7232.02
-2909.82
375.692
-2736.58
509.026
-8025.08
3904.2
2503.66
-11415.4
-1352.7
1446.88
-4006.23
5291.55
-2174.6
-796.909
894.326
262.819
4553.11
-29057.2
9312.68
-14888
-18087.9
5231.32
5793.8
-17076
14184.2
-45937.8
14010.5
-48403.7
-19216.9
5841.4
-18658.3
5858.39
14326.2
-45496.1
13152.6
-47103.4
33843.6
-147716
-96628.3
31516.7
-41349.5
11284.9
-48357.2
15271.6
15373.9
-52733.4
29963.2
-142723
10588.5
6846.02
12386.7
19884
-70995
-64807.6
-54492.7
-45752.5
-21888.1
-5134.89
-36897.7
-7884.88
-56995.8
49522.1
165063
-48245
61324.5
126711
-63558.2
87904.4
163393
81263.8
199599
-75694.9
59973.8
38256
69903.4
10661.9
-28897.8
17747
47488
-65694.6
-51942.5
35173.8
-15469.8
8748.72
105804
17098.8
47922.2
94589.6
46997.1
-163685
47590.5
-203253
-98329.8
30453.8
28367.8
-109863
-79829
20562.1
22518.7
-68188.3
62388.9
-269179
-238078
62721.4
-14393
1620.96
1216.11
-15897.2
8375.18
-13405.3
-14962.9
8614.15
12662.4
-15963.9
-11737
11403.7
-16188.6
-2604.13
-1763.98
-16557
-26123.9
-24726.1
-25947.9
-23635.7
-71859.2
-71364.5
-72512.9
-74900.3
-19641.9
-21948.5
-22892.2
-17828.8
-18478.9
7326.67
-10750.8
5760.81
30561.4
-32029.9
120.063
1534.65
10675.7
-8190.5
-20567.3
19548.3
-4155.46
6507.96
-26748.1
17370.1
120221
-18583.9
69916.6
38283.6
28260.2
18457.6
-13137.6
6751.75
28860.1
7980.11
22861.1
9263.2
-346877
-147251
72786
22545.9
-16161.7
10124.9
-15802.6
-133564
21572.3
119574
-123491
-41008.4
24338.5
8147.11
-93940.8
-108435
113229
275345
-105384
142484
227232
-98122.3
103603
220553
-84235
97913
197859
135308
-108888
159278
63609.5
-81969.6
54678.1
28923.5
-44019.2
-66229.7
42619.7
62123
-92199.1
129882
63806.1
130801
6047.63
88164.7
-416437
88173
-395989
-133140
35253.6
36274.2
-125219
-137815
35938.4
37940.8
-136335
76001.4
-315564
75119.4
-338060
-5324.63
-17848.8
-11119.5
-22122.4
-21884.6
-11087.4
-29584.7
-20809.5
-19874.8
-29538.9
-30231.3
-19704.7
-30017.9
-20874
-10785.4
-20953.4
-21236.9
-10710.6
-19733.3
-19830.4
-9805.9
-10051.8
4672.51
-13987.8
-9628.14
4513.34
-14329.6
-20765.8
-21141.7
-11075.1
-22534.7
-10854
-23103.8
-29226.8
-17206.3
-18621.3
-28988.7
-30027.7
-20173.6
-30199.9
-19086.7
-9952
-23046.7
-22258
-10317.9
-282656
-189733
-280544
-193196
-378728
-379604
-280754
-195034
-192565
-281788
-382185
-380188
-28812.9
-67559.2
-55091.1
-27944.3
20199.3
37210.4
-3731.03
27683.7
5000.61
-18925.1
-2001.9
-30708
-20944.4
-62020.7
-50497.1
-12177.7
-53732.3
-87453.2
-97723.1
-42860
-27408.5
-37133.9
-31047.5
-36962.3
-61061.5
-107527
-100946
-68194.2
-20225
-33296.8
-16125.3
-28767.6
-80845.8
-111808
-115865
-77847.9
-40044.9
-43938.3
-42893.6
-42872.3
-42329.1
-42769.2
-44216.5
-39029
-78498.8
-114560
-111208
-80815
-273333
-194721
-273268
-193337
-373864
-374951
-279030
-194041
-278144
-196840
-367297
-364895
-75846.2
-115900
-79587.5
-111131
-37655.1
-39330.9
-41930.5
-32931.3
-37108.2
-43630.9
-41907.2
-40765
-76435.1
-107497
-70573.4
-114115
-22661.6
-26545.8
-10407.8
-3720.7
32481.7
-27370.1
-17476.9
10426.1
-18029.7
-20420.5
-19678.9
-9030.63
-7049.16
-13793.5
2121.32
8713.13
67922.5
30160.4
73525.5
-31662.5
3860.25
3662.16
-12381.4
36263.9
108478
26176.1
102069
-5125.35
-15210.3
-12291.2
-11867.1
-33288.5
-14551.4
-25786.2
-17147.4
-14642.4
-20887.8
-6595.19
-27212.6
-18604.5
-10256.7
-8725.46
-27833.7
432.773
695.776
9108.81
-7134.77
-7681.39
9614.92
-11263.6
8257.59
-12355.1
8815.87
10893.6
-7671.57
-6730.79
10210.4
-12227.3
7214.62
-11493.9
6793.16
3661.59
3424.45
-2247.99
-5618.32
1053.39
-5233.76
-2219.81
944.831
-5093.25
2929.11
3176.28
8596.23
-7729.22
8144.52
-7331.65
-12138.9
4805.27
4455.04
-11509.4
-11537.7
5564.9
-12163.5
5924.89
7270.71
-7444.12
-7790.33
7707.72
-41958.6
-39500.4
-43971.8
-37040.4
-81630.3
-77900.2
-42201.2
-35877.7
-38397.6
-40165.2
-78943.4
-82556.1
-22628.1
-15016.4
-16067.4
-21520.8
-4072.04
-15759.1
-15788.3
-4291.86
-3106.7
-15619.9
-2896.24
-15588.6
-22180.5
-17551.2
-16516
-23258.2
-20846.4
-14526.6
-13476
-21980.7
-603.256
-15297.1
-390.745
-15257.2
-21314.6
-11863.5
-12928.2
-20147.4
-1668.32
-15424.8
-1888.79
-15459.5
-17878.7
-7558.6
-6510.39
-19012.4
5901.97
-14756.2
5995.84
-14218.6
-17989.1
-4338.39
-5360.33
-17006.7
4067.8
-14647.2
-14856.6
3896.73
-38543.2
-33408.5
-36508.1
-36044.3
-76872.6
-80689.6
-38342.6
-37252
-40392.3
-34668
-79777.9
-75892.5
-19855.6
-8417.19
-18680
-9490.68
971.65
-15097.3
-15141.4
762.017
2232.66
-14993.3
-14902.3
2436.92
-19434.1
-11257.6
-20607.3
-10191.4
2043.27
2329.12
-2402.58
-5095.65
396.782
-4454.04
-2417.43
475.136
-4576.19
2741.54
2466.37
5408.58
-7914.77
-7576.23
4931.99
-12026.3
1047.8
692.216
-11320.7
-11364.5
1574.29
1921.44
-12056.5
4226.13
-7594.44
-7932.74
4700.91
5673.9
-7551.61
-7883.93
6136.06
-11462.2
3441.45
-12116
3779.39
6900.07
-7842.72
6447.25
-7508.73
-12088.8
2828.18
2481.02
-11410.5
-3335
-2813.18
-9883.25
-19368.6
-19440.8
-10051.6
-28801.5
-19690.1
-28806.1
-20663.7
-10337.1
-20257
-20089.8
-10283.1
-28079.5
-20566.2
-28138.8
-19534.4
-15183.7
-15165.2
-7579.89
-8005.4
3741.96
-11281
-7710.63
3651.9
-11054.2
-14648.8
-14634.4
-9932.19
-18773.3
-9630.18
-18803
-27039.4
-20807.5
-19612.4
-27288.8
-27640.5
-19496.9
-27482.7
-20618.4
-9542.47
-18360.5
-18255.6
-9940.8
-213238
-159135
-212378
-158965
-288858
-292068
-219476
-163208
-163360
-220392
-281864
-278770
-77486.7
-100270
-102547
-75797
-43466.5
-42803.2
-41682.2
-45746.1
-45265.4
-41571.6
-42898.9
-42704.7
-75455
-101040
-98883.2
-77075.9
-76137.1
-104086
-101689
-77889.8
-44315.7
-41490.8
-41816.1
-42608.2
-78295
-103180
-105681
-76499.9
-42343.7
-42628.2
-44776
-41499
-77863.1
-110945
-108118
-79798.3
-43125.1
-42526
-40440.5
-43516.2
-80382
-109797
-112833
-78308.5
-40710.1
-43095.3
-42113.4
-43303.6
-234395
-172221
-235442
-172299
-302563
-299221
-227793
-167733
-226808
-167624
-309874
-313355
-79243.3
-106400
-77356.3
-109099
-41361.9
-42653
-41576.5
-43902.6
-43558.6
-41774.5
-42813.8
-40987.5
-76900.1
-107343
-78742.8
-104741
-13859.5
-13814
-7066.51
-7332.44
2955.55
-9751.31
-6972.12
3066.12
-9965.68
-14188.3
-14220.6
-10524.9
-17261.9
-17528.4
-9928.37
-26331.5
-22430.6
-21141.8
-26753.6
-26802.9
-20666.8
-21951.5
-26409.2
-10194.8
-17339
-17045.1
-10815.7
-9718.5
-17747.6
-17525.1
-10267.2
-27049.2
-19871.5
-26732.6
-21110.2
-10065.6
-17847.8
-9578.82
-18019.7
-26532.1
-21503.7
-20229.9
-26897.6
-778.035
-458.281
-2689.5
-3801.92
-756.864
-3183.83
-2701.74
-697.667
-3274.88
-124.71
-463.584
180.923
-7948.93
-7658.21
-285.082
-12061.2
-5314.86
-5584.78
-11529.2
-11452.9
-4822.23
-12006.2
-4546.29
-880.095
-7678.38
-7957.07
-442.038
332.9
-7646.46
-7943.54
798.018
-11321
-3313.82
-11956.5
-3013.34
1428.7
-7944.35
-7636.07
946.493
-11981.5
-3781.53
-11375.8
-4074.6
-23449.1
-20408.6
-19388.7
-24482.3
-5429.85
-15965.5
-5213.48
-15943.5
-23881.5
-17965.6
-19000.8
-22814.4
-6314.33
-16148.6
-6550.04
-16155.7
-51946.6
-42304.8
-50151.1
-44425.1
-83983.6
-86679.9
-86226.9
-83356.7
-51596.3
-45319.8
-43259.4
-53334.1
-25086.2
-20765.3
-24073
-21793.9
-8464.69
-16580.5
-16558.5
-8711.2
-7630.84
-16351.7
-7401.97
-16360.9
-24692.1
-23134.5
-22123.4
-25683.4
534.572
199.253
-2597.29
-4141.47
-286.824
-3694.4
-2588.13
-357.874
-3594.01
-131.761
193.001
2869.76
-7611.24
-7946.21
3355.67
-11290
-143.142
-12003
194.439
4023.4
-7940.48
-7601.82
3534.04
-11979
-619.943
-963.08
-11278.6
2706.78
-7944.76
-7615.87
2217.57
-11950.5
-2222.71
-11294.8
-2548.33
1579.9
-7625.36
2057.57
-7942.72
-11280.1
-1759.07
-1432.98
-11958
-27461.9
-26031.6
-27022
-26529.8
-12579.8
-17643
-17554.8
-12855
-11846.2
-17296
-17360
-11571
-27133.4
-28235.1
-27278.8
-28041
-54264.6
-46981.6
-55852.5
-45060.9
-87027.3
-84502.8
-84898.9
-87249.4
-54635.7
-44180
-52971.1
-46167.3
-25918.1
-25753.6
-26876.8
-24764.9
-9767.09
-16791.3
-16825.1
-9509.55
-10546.5
-17090.8
-17027.2
-10814.3
-26285.2
-23450.4
-25302.8
-24463.8
-1579.98
-1911.52
-12078.6
-12000.2
-6057.25
-5477.85
919.941
-6913.61
-5998
1043.11
-7083.51
-12164.2
-12233.1
-13322.9
-16165.4
-16539.6
-12677.9
-26355.9
-26319.9
-25311.9
-26756.2
-26741.3
-24824.3
-26339.5
-25872.4
-13081.7
-16462.2
-16097.5
-13695.6
-12292.7
-16617.9
-16249
-12942.1
-26733.6
-23790
-26301.4
-24925.6
-12570
-16341.8
-16708.5
-11906
-26311.5
-25406.2
-26740.3
-24310.8
-74698.1
-98050.3
-96163.1
-76160.2
-46214.3
-41808.8
-44025.4
-42911.2
-76633.2
-97526.5
-99545.8
-75096.1
-44567.5
-43006.7
-46645.3
-41936.3
-179744
-139575
-180536
-139690
-225714
-223137
-174500
-136007
-135934
-173691
-231881
-234533
-75630.2
-94805.1
-74258.1
-96540.9
-45526.2
-43169.5
-42173.5
-47396.7
-47048.9
-42061.9
-45066.7
-43096.6
-73770.2
-95023.3
-93421.2
-75052.9
-12526.2
-12593.3
-6309.54
-6015.58
1814.85
-8070.93
-6364.03
1690.64
-7909.07
-12405.4
-12334
-10822.3
-17043.2
-16704.8
-11481.1
-26727.2
-21661.2
-26292
-22924.1
-11141.4
-16863.1
-17184
-10492.2
-26274.9
-23437.2
-22188.2
-26716.8
-11839.3
-16568.6
-16921.6
-11170.5
-26284.5
-24441.8
-26723
-23258
-11537.1
-16807.7
-12197.4
-16451.5
-26715.9
-22727.5
-23939.1
-26278.3
-72987.4
-89150.4
-90323.4
-71979.4
-46884
-43187.2
-42384.6
-48310.6
-48156
-42358.5
-43225.5
-46620.8
-71278.3
-88716.7
-87672.6
-72191.7
-162856
-128799
-162005
-128827
-214583
-217106
-167782
-132356
-168608
-132383
-208700
-206231
-72631.7
-91914.9
-73729.7
-90594.4
-47700.7
-42256.4
-43215.5
-45943.2
-46307.9
-43229.8
-42325.3
-47953.1
-74417
-92025.1
-73228.9
-93478.6
-6316.74
-12142.2
-7969.47
-1477.39
7038.52
-2602.35
79.7516
-17018.3
-2798.26
6769.81
-18749.9
7814.36
-20188.9
1030.55
-3117.04
-2556.08
-17161.9
8046.84
135673
-1989.39
56193.6
57373.5
81201.6
265057
75666.3
-6801.77
-2040.37
-9495.73
-8428.3
-2147.53
-6597.74
-9520.87
-7226.34
-9873.02
-8590.17
-1969.68
-1905.47
-8589.89
-7532.56
23761.2
232094
78754.5
183673
61691.9
48509.9
142619
-7284.64
24724.7
29357.7
46517.9
50017.9
-24813.5
35609.8
6117.25
-2730.3
-17750.8
430.463
6349.11
-2622.79
-16510.8
5817.54
-15934.2
-402.891
-2633.13
-2718.95
-17020.2
5608.93
3470.64
-2647.79
-1844.04
-12460.9
-2735.95
3298.96
-13488.2
3641.41
-14025.1
-2724.12
-628.908
-2642.21
3829.31
-13004.6
-6128.55
-2152.5
-9065.27
-8495.24
-6280.45
-2043.07
-8170.05
-5893.6
-7979.07
-8859.21
-2041.55
-2127.26
-8720.2
-5774.16
-4625.59
-2439.08
-7344.04
-7905.85
-2439.87
-4580.77
-8187.38
-4711.85
-8175.56
-2349.17
-7378.81
-2339.07
-4761.06
-7844.49
842.717
-2905.01
-3570.97
-8699.04
-2974.75
668.818
-9717.79
979.79
-10123.5
-2919.93
-2166.31
-2851.43
1170.18
-9106.18
2948.65
-2744.95
-12958.6
-995.213
3137.11
-2664.12
-11931.8
2796.02
-11418.8
-2679.04
-2293.79
-2765.75
2619.72
-12446.4
-4315.95
-3428.25
-6470.85
-8620.67
-3400.35
-4350.08
-8663.76
-4294.16
-8589.53
-3278.45
-6706.75
-3303.09
-4274.58
-8516.86
-4472.47
-2544.2
-8223.2
-7125.46
-4507.82
-2548.51
-7978.72
-4415.71
-8059.53
-2665.49
-7015.02
-2653.43
-4382.73
-8264.17
-3035.34
-9328.62
536.335
-3526.36
13915.4
-9562.94
-31423.6
-122.184
-13462.5
5919.65
-3739.36
9710.99
-16696.8
-2692.53
-1812.96
9742.83
-23875.9
-4666.99
-6000.45
-4174.53
-4010.95
-6924.24
19108.4
-54828.4
-13216.3
63703.4
-3043.82
50937.9
26919.1
45009.3
59847.7
17590
-9861.77
-548.851
-9218.2
-7942.68
67.4672
-6972.1
-10334.8
-8586.13
-8563.66
-1441.32
-10256.6
-8271.09
-961.255
-10041.2
-14327.8
-2030.54
-11498.1
-3647.78
3238.15
-14027.1
-2847.62
-17845.4
18572.2
25327.7
-2611.17
-17057.6
6078.03
13465.2
4948.92
-2629.3
-14727.1
-892.614
-15740.9
4763.43
-2713.14
5164.75
-16354.5
-2713.4
77.2147
5368.1
-15325.2
-2633.83
4370.76
-2710.91
-15148.6
-264.358
4564.26
-14137.8
-2631.95
4186.54
-13567
-2634.69
-1378.11
4004.7
-14579.2
-2719.14
-5328.91
-2097.75
-8247.69
-7789.44
-2142.07
-8314.1
-5247.94
-5489.02
-8473.27
-2123.51
-8081.53
-5581.56
-2057.13
-7851.64
-5042.56
-2192.96
-7694.06
-8226.6
-2163.55
-5109.06
-7776.06
-4925.56
-7795.86
-2244.26
-7748.54
-4862.01
-2262.09
-8182.31
1619.57
-2835.77
-10999
-1761.29
-9977.33
1809.93
-2761.82
1480.21
-9534.66
-2801.77
-3151.87
1304.72
-10552.5
-2879.53
2127.93
-2725.14
-10443.5
-2722.74
1955.36
-11466.1
-2809.79
2279.81
-11947.8
-2782.37
-1376.97
2469.33
-10921.1
-2702.36
-4253.87
-3019.54
-6795.99
-8447.44
-3042.23
-8327.78
-4255.01
-4253.06
-8418.98
-3172.25
-6581.67
-4260.08
-3146.22
-8512.73
-4285.17
-2911.58
-6764.72
-8232.56
-2891.9
-4272.35
-8378.55
-4317.73
-8320.26
-2774.09
-6929.38
-4338.32
-2787.09
-8144.34
)
;

boundaryField
{
    left
    {
        type            calculated;
        value           nonuniform List<scalar> 
290
(
-425.033
149209
-595.622
-498.229
-425.476
-513.414
-559.09
-512.173
144236
-286598
112492
-665.101
70983.7
-128997
-573.07
-623.93
-732.45
-5167.96
-1441.87
-4014.55
-2773.87
-418.972
-422.238
-558.578
-568.966
-514.189
-606.382
-597.493
-660.956
-609.402
-511.981
-595.013
-555.899
37024.6
73796.5
-1815.23
-6915.45
-783.879
109721
-15050.9
-1816.39
-3883.79
-12563.7
77941.8
-503.469
-526.342
-584.163
-722.419
-531.1
-92.177
-8867.4
1302.51
-46.2769
11.4703
-978.088
-422.58
-70.5489
-57.0796
-92.1627
-89.8795
-426.422
-471.394
-474.584
-514.582
-625.681
-623.774
-663.027
-634.802
-520.999
-621.885
-468.985
-116912
186297
-881.172
-914.763
-765.422
160283
24927.7
44348.3
-1204.48
17601.7
-10200.5
-486.929
-493.16
-578.946
-541.693
-535.274
-580.32
-553.262
-591.672
-1026.38
-860.506
-661.165
-3443.89
-1770.91
-2336.19
-817.828
-1280.33
-2261.39
520.753
1225.66
-17601.4
-1587.78
71.481
200.444
-83.9659
-74.895
-416.227
-425.939
-88.855
-86.8039
-562.017
-522.887
-519.347
-530.53
-526.693
-565.555
-478.261
-482.238
-628.008
-627.281
-515.13
-603.337
-630.593
-632.607
-625.902
-628.244
-600.284
-626.297
-647.611
-680.934
-633.959
-636.316
-613.727
-511.057
-627.066
-627.391
-623.64
-516.683
-12650.4
105539
-1763.98
-1678.03
-1504.76
-2662.87
-2407.93
-6915.14
-800.88
-1079.58
-1133.79
56914.5
57814.4
141292
-15461.2
-39084.5
-17474.1
-857.592
-26420.9
-7285.38
-5997.56
-5941.92
-17890.4
-8943.9
-7090.95
-9220.84
41843.6
34686.6
49810.6
-425.156
-339.644
-339.367
32095.1
-114693
-79002.2
-416.18
-458.311
-661.271
-469.976
-337.841
-356.534
-339.683
-340.365
-426.325
102349
90385.3
213628
-3700.02
-3600.47
-9400.74
-3671.1
-2033.51
-2765.27
-328.52
-324.259
-417.798
-424.015
-335.969
-332.613
-339.568
-424.913
-87.4745
-184.903
-185.307
-185.276
-88.8668
-34281.8
-39583.9
-63483.6
3527.24
-34585
-14584.8
-50194.2
-32.0848
-308.751
-257.176
-521.528
-407.838
-9.50814
-924.384
-613.088
-706.522
-315.096
-319.14
-435.325
-64.8717
-175.836
-168.34
-215.437
-192.793
-60.5475
-88.8165
-185.365
-185.453
-183.764
-184.785
-87.5809
-426.628
-340.457
-339.588
-266623
-176128
-393066
102719
1201.61
-4624.24
-2271.12
-7696.33
-7290.36
903.397
-29617.1
-7314.87
-29011.7
-1070.74
-1186.6
-1817.42
110.65
-1022.58
-717.579
-2115.7
-1478.72
206.236
-78.9629
-169.343
-173.152
-165.241
-166.309
-75.5229
-415.182
-319.431
-314.853
-338.882
-338.274
-425.905
-85.4273
-181.662
-182.754
-176.875
-179.698
-85.2155
6664.2
22869.5
-85408.2
-35779.3
82235.8
88202.5
50989.1
59168.2
200917
97155
107772
)
;
    }
    bottom
    {
        type            calculated;
        value           nonuniform List<scalar> 0();
    }
    interface
    {
        type            calculated;
        value           nonuniform List<scalar> 
2123
(
-752.274
-123.712
-235.365
511.188
-26.1611
-715.272
-257.1
503.444
338.319
96.706
327.113
-124.104
81.2691
-3740.79
-1442.01
-132.87
-140.29
605.605
693.254
-455.536
-423.926
426.901
418.445
210.299
224.618
-109.525
-1029.76
-90.1021
-76.2912
40.7464
320.636
24.5548
-122.938
-194.057
-93.6046
-98.91
-109.668
-108.457
526.175
268.931
-594.305
-327.338
460.634
368.213
140.601
277.031
-944.778
-48.5981
-69.8956
489.953
-37.9989
4.133
-125.341
-177.66
-106.181
-101.24
-107.758
-107.986
522.107
445.112
-557.526
-351.918
452.569
376.877
154.611
264.664
-338.907
-496.855
-497.666
-337.432
-839.084
-334.761
-502.547
-336.368
-501.458
-69248.9
17.9038
-208246
27.4452
-105515
-128.834
-228.111
-341.772
-505.803
-338.399
-507.947
-341.268
-497.519
-338.366
-500.234
-5734.45
-1091.55
-1008.1
-5707.74
510.216
2.08292
-8388.9
-8664.25
-8906.84
-8158.69
-609.394
-537.834
-675.35
-285.518
-5786.95
-1227.92
-5816.08
-5313.53
-5241.05
477.285
338.858
-7821.34
-8472.46
-7999.6
-6680.51
-6609.48
-4534.84
-1965.03
-4473.22
-5136.8
-1755.48
-1770.92
-5208.11
100.974
299.849
-6038.96
-5984.04
-6522.9
-6570.47
-6231.64
-4450.26
-5954.33
-1189.31
-289.121
-430.705
-269.785
-1180.04
-11947.7
-216.471
-4009.16
-266.998
-370.276
-137.499
-159.686
-345.488
-506.104
-343.108
-509.356
-344.273
-505.401
-342.954
-505.072
-1926.54
-5057.73
-6755.85
-2173
-855.557
554.079
635.677
-8894.14
-10194.6
-8140.86
-1876.18
-6751.25
-493.863
-408.439
-5692.44
-5627.84
-5538.94
-1619.7
-5602.96
426.029
393.343
-7230.16
-7497.9
-7121.53
-6975.35
-7052.83
-4741.56
-4811.42
-4905.38
-4836.63
180.665
228.373
-6202.26
-5570.53
-5494.72
-6234.75
-6322.35
-6264.18
-512.002
-480.51
-472.24
-521.703
-567.928
-582.523
-524.018
-634.249
-339.439
-498.332
-170.216
-106.91
-105.726
-854.685
-156.518
-84.918
-329.716
-489.26
-495.61
-322.094
-152.026
-80.3281
331.029
30.6856
-50805.5
-214496
-50.4409
-60457.4
-38180.1
41.2369
-129.683
-213.165
-455.805
-420.056
-419.252
-456.912
-616.623
-552.702
-552.198
-617.16
-164.478
-94.2871
-344.538
-509.246
-511.373
-343.247
-165.599
-95.6584
-171.516
-107.339
-342.427
-501.581
-501.834
-340.9
-171.182
-106.587
-463.51
-424.231
-460.914
-425.781
-654.457
-578.041
-582.681
-649.842
-622.253
-556.505
-621.453
-557.076
-5396.05
-5483.98
-655.472
-587.227
-578.516
-663.975
-38676
-69815.9
-72826.2
-37844.8
-493894
-696.467
-652872
506.897
101.921
-16630.6
-8552.3
-9413.72
-9116.1
-8803.82
-256270
-313948
-346915
-224969
-268397
-341017
-261996
-348462
-645.43
-708.647
-522.532
-640.011
-311.082
-806.416
-5819.6
-5770.45
-51698.1
-78094
-80459.5
-50819.2
-41378.8
-74487.1
-42520.3
-71512.7
-5346.25
-1688.91
-1706.6
-5413.78
464.966
345.59
-13639.8
-7691.56
-7936.59
-8112.56
-7535.58
-207590
-257939
-264499
-201776
-245862
-326443
-252438
-318944
-6724.1
-6786.13
-12113.3
-4562.16
-4624.67
-2708.44
-53608.2
-82249.2
-80007.7
-54416.8
-1239.92
-5109.91
-1794.58
-5038.06
-60925.9
-83269
-85220.4
-60257.9
113.216
283.006
-11276.9
-6064.86
-5239.31
-5166.21
-6098.42
-11645
-188785
-245898
-194337
-239631
-6486.71
-6136.72
-6425.33
-11726
-158196
-189630
-153465
-194994
-3213.63
-492.795
-448.441
-453.031
-486.461
-575.666
-598.008
-585.613
-590.022
-556.457
-562.816
-548.852
-570.981
-630.583
-629.958
-617.218
-641.247
-2587.78
-607.49
-2473.4
-656.389
-1964.73
-708.437
-2453.32
-702.899
-1588.01
-304.887
-479.188
-314.082
-470.108
-123.213
-56.0983
-111.064
-132.268
-62.7322
613.998
-2468.05
-260.489
-16505.7
-34233.5
-75.2768
-25.5932
-95.3733
-49.9405
-11.8176
-133.721
-173.823
-514.015
-530.372
-528.577
-516.224
-592.725
-585.161
-582.027
-595.066
-345.729
-509.809
-343.687
-509.967
-170.525
-103.015
-169.328
-101.158
-344.819
-502.435
-341.72
-505.699
-172.24
-106.175
-171.691
-105.849
-171.506
-470.509
-436.104
-474.364
-432.926
-523.941
-534.422
-520.408
-538.737
-530.826
-550.288
-535.924
-545.444
-646.235
-642.387
-639.533
-647.324
-640.965
-573.327
-572.035
-642.03
-626.979
-617.007
-619.233
-625.768
-600.851
-589.06
-599.096
-590.907
-630.066
-563.456
-563.83
-629.806
-609.316
-602.716
-599.286
-611.617
-838.32
-818.832
-831.289
-827.006
-5094.49
-133.627
-4520.01
-870.796
-884.342
-866.967
-886.375
-670.074
-670.704
-670.521
-672.259
-1016.4
-1488.92
-585.846
-655.165
-4327.87
-719.897
-4543.59
-708.766
-709.087
-9970.26
-9356.26
-697.859
-14637.4
-60983.5
-60264.1
-21159.9
-826.759
-839.136
-816.068
-853.872
-772.994
-18733.8
-15098.7
-785.32
-5976.83
-740.444
-753.389
-6785.21
-32576.8
-69221.9
-67718.4
-30985.2
-766.344
-805.76
-788.849
-782.277
-815.867
-809.803
-12595.7
-41013.7
-682.333
-577.609
-79245.3
-18699.8
-961.279
-929.762
-927.583
-958.161
-823.172
-38898.7
-42418.8
-838.065
531.959
573.767
-12853.3
-21942.7
-23263.8
-11878.6
-9097.47
-8940.34
-17866.7
-11343
-22103.3
-21286.7
-11312.1
-286441
-372139
-283211
-375812
-6862.28
-529.115
-554.288
-9988.27
-46935.2
-27579.9
-50558.3
-24774.8
-73033.9
-43421.4
-45686.3
-70541.7
-276186
-367367
-281302
-361112
-67277.9
-41045.2
-40352.8
-68233
-813.035
-753.651
-7697
-584.975
-581.082
-579.216
-588.043
-5036.82
-13333.3
-3923.85
-14821.2
-531.14
-382.079
-808.384
-2227.5
-815.68
-2506.47
-806.228
-5712.08
-1466.05
-5763.87
-805.928
-3876.73
-3932.14
-804.211
-47807.8
-78418.5
-48766.6
-75904.7
-18405
-9254.5
-9352.91
-17670.5
-15771.2
-7374.58
-16462.8
-7264.44
-10962.5
-2095.08
-11278.8
-2233.29
-45695.3
-73613.1
-44632.8
-76335.5
-14214.2
-5016.43
-5093.02
-13619.6
-5512.16
-5443.27
-824.526
-827.539
-5711.14
-5956.22
-832.105
-811.64
-5053.56
-809.99
-4880.84
430.323
380.212
-11114.9
-22242.6
-12205
-21029.7
-7314.93
-7431.74
-12842.9
-11855.5
-20525.3
-21499
-10842.1
-215529
-284051
-221610
-277181
-71715.5
-46219.4
-48372.4
-69618.7
-69784.5
-47525.3
-72039.4
-45261.7
-70446.4
-46476.5
-73110.8
-43948.7
-236556
-297487
-230200
-304686
-72486.2
-44443.3
-46853.8
-70019.7
-6918.86
-6834.97
-6993.26
-12515
-20826.4
-21521.7
-11579.6
-11070
-21334.8
-12030.2
-20529.7
-2236.94
-4716.23
-4651.02
-3681.92
-8397.7
-8747.62
-3778.4
-2949.33
-8094.9
-2865.48
-7766.57
-19406.4
-11163.4
-20164.8
-11075.9
-56887
-81553.4
-83684
-56135.5
-21804.7
-12806.2
-12861.6
-21046.7
-4937.67
-5005.1
-1745.4
-1231.05
-6732.26
-1179.46
-6445.95
-2036.94
-7117.67
-2103.53
-7437.11
-24888.6
-16101.1
-16108.6
-24162.1
-58373.6
-84695.4
-82661
-59073.4
-22627.9
-14506.3
-14472.1
-23375.5
162.328
237.744
-6176.15
-5320.05
-6123.71
-5414.1
-15229.3
-22678.6
-23149.6
-14368.3
-13639.5
-22731.3
-14530.7
-22203.2
-69366.9
-49203.7
-71339.3
-47151
-181730
-222159
-176441
-228134
-70800.3
-47938
-49908.8
-68930.3
-11521.4
-6351.54
-6394.74
-12216.7
-21876.2
-13141.6
-21250.2
-13828.6
-21726.1
-12919.6
-22293.5
-69054.9
-48942.1
-50723.2
-67373.9
-164682
-211173
-169695
-205499
-68267.9
-50420.3
-48543.8
-70042.9
-537.168
-560.898
-998.791
-573.587
-485.418
-632.016
-492.477
-486.977
-669.197
-469.486
-682.259
-639.307
-632.944
-818.739
-807.463
-698.787
-675.544
-759.956
-128014
-20537
-26726
-835.162
-366831
-104067
-14996.1
-167634
-139763
-182973
-179790
-625.751
-805.592
-34476.3
-38258.7
-30350.1
-25661.2
-852
-879.898
-14635.5
-149350
-146007
-170599
-174797
-12025
-2724.12
-40489.4
-36909.3
-1131.69
-43287.3
-46231.3
-138765
-141994
-11928.5
-121609
-118319
-527.376
-511.403
-555.23
-627.977
-577.335
-602.522
-544.53
-579.754
-528.539
-596.527
-1132.7
-633.608
-591.392
-1060.67
-637.615
-3560.63
-653.979
-8623.01
-683.575
-4930.57
-552.08
-501.388
-568.392
-612.1
-497.181
-506.207
-509.267
-554.32
-503.28
-560.46
-514.53
-574.153
-522.646
-564.957
-649.231
-641.611
-617.291
-668.104
-668.01
-466.432
-470.823
-650.691
-650.029
-595.758
-612.476
-632.414
-620.332
-570.853
-613.466
-577.043
-639.758
-651.199
-621.041
-590.475
-580.875
-632.363
-746.332
-784.541
-806.154
-2641.9
-822.934
-851.082
-754.917
-860.575
-823.135
-785.2
-1282.46
-645.821
-1090.53
-662.949
-687.704
-10233.2
-684.531
-9682.64
-690.301
-15651.7
-8065.72
-719.03
-758.943
-2331.42
-801.416
-137501
-916.048
-282179
-793.929
-856.969
-794.034
-896.571
-13595.9
-749.333
-726.328
-19391.1
-4974.59
-2731.92
-780.134
-11100.1
-20070.1
-9327.86
-2971.7
-834.835
-796.703
-772.796
-859.382
-53754.5
-14228.6
-306.022
-705.423
-891.429
-434174
-939.77
-309104
-822.27
-881.785
-806.189
-924.991
-76094
-750.277
-718.14
-31445.1
-18313.9
-23733.9
-22212.4
-17838.9
-16672.6
-19062.5
-18144.6
-22877.2
-17329.5
-181610
-187002
-70723.9
-508.93
-555.197
-63900.2
-92345.4
-27313.4
-110302
-9490.45
-115287
-36217
-34215.3
-117593
-187277
-185901
-118945
-29070
-35307.9
-110885
-6068.43
-15588.7
-546.378
-524.567
-573.417
-488.953
-4258.74
-15364.1
-14931.6
-2564.4
-4223.2
-772.937
-2978.11
-760.718
-818.783
-4027.13
-1980.8
-753.868
-4912.44
-35849.2
-31857.5
-20604.9
-10667.9
-9014.08
-23486.2
-21001.9
-7609.83
-17884.1
-9393.36
-15219.2
-3322.74
-11105.4
-5991.29
-29002
-33238.6
-14851.4
-7904.84
-5890.81
-18296.2
-844.384
-5052.59
-4754.99
-3454.89
-5684.01
-5353.23
-1982.03
-4626.1
-3457.86
-16471.7
-22260
-16710.3
-23522.7
-13277.1
-15450.6
-23742.5
-22018.6
-15697.6
-153620
-157208
-102983
-37127.2
-35290.1
-103757
-106902
-34670.8
-106059
-36456.7
-113924
-34586.5
-113049
-35907.2
-165733
-161769
-109456
-35977.6
-34403
-110248
-12389.2
-12489.9
-14482.3
-25256.4
-23036.8
-15185.1
-15337.7
-22323.4
-14785.6
-24394.7
-2219.47
-6137.32
-9267.18
-8242.81
-6630.65
-6410.08
-7127.83
-5901.62
-8173.24
-25816.9
-10239.3
-23118.1
-11821.3
-39179.9
-42571.2
-25484.2
-12892.8
-11360.6
-28031.7
-1693.33
-5950.72
-4766.49
-5380.9
-5943.98
-5654.68
-7074.24
-6185.33
-5974.52
-29902.3
-14950.3
-13462.1
-32161
-44494.3
-41309.6
-30155.3
-12422.6
-13935.4
-27740.7
-11701
-11377.4
-14419.1
-28717.5
-26727.6
-15233.8
-15181.8
-25829.6
-14361.1
-27939.6
-100658
-36052.5
-100075
-37820.8
-134979
-131769
-97189.7
-38460.9
-36816.4
-97513.3
-11796.7
-15140.4
-23934.8
-14361.5
-26182
-14335.5
-27089.7
-15147.1
-24890.8
-91205.5
-39396.8
-38090.1
-90944
-124965
-128202
-94278
-37508
-38988.7
-94245.1
-9354.88
-6376.87
-1970.23
-248.484
-314.803
-1296.46
-1737.26
-1725.98
-8282.67
-6426.12
-6542.5
-4993.07
-5085.17
-6323.78
-1984.28
-4912.99
-666.105
-111.715
-1.09367
-1882.42
-1895.52
-1862.19
-1852.9
-10600.4
-10577.2
-7320.45
-1562.1
-1540.48
-1593.12
-7352.79
-7224.84
-7108.54
-5657.72
-5760.03
-506.336
-542.172
-490.002
-465.681
-553.279
-529.856
-1228.62
-601.144
-498.908
-1123.91
-583.6
-540.769
-457.456
-457.361
-171.222
-657.781
-718.183
-160.19
-465.595
-458.354
-146.405
-197.35
-492361
26.7978
-1306.35
-1939.15
-1951.72
-1804.53
-482.364
-422.593
-484.101
-458.514
-629.183
-554.544
-629.441
-619.594
-162.767
-469.819
-166.803
-458.015
-171.822
-461.563
-461.107
-171.41
-491.24
-465.468
-423.404
-488.163
-459.876
-428.535
-646.948
-672.327
-468.996
-585.919
-575.67
-472.709
-668.445
-660.424
-635.682
-625.722
-554.976
-460.09
-634.303
-620.097
-559.658
-1046.98
-813.837
-1059.22
-811.251
-1044.84
-1041.86
-668.127
-681.688
-466.691
-579.352
-587.654
-459.909
-689.959
-653.555
-84612.1
-716.698
-86251
-10025.3
-35573.2
-24114.4
-73671.6
-68921.4
-23502.6
-40770.3
-220955
-1023.73
-155004
-704681
-187.54
-259.402
-15895
-1164.72
-1302.24
-1015.52
-15580.5
-943.51
-273296
-150479
-328333
-365661
-132342
-232621
-184074
-269586
-337539
-179191
-260512
-351615
-581.457
-751.519
-842.612
-714.481
-562.888
-630.112
-1416.91
-1376.79
-1040.22
-805.715
-1042.93
-806.653
-1040.09
-1042.7
-49339.9
-37071
-81386.9
-77020.9
-35716.1
-53091
-27430.2
-44126.5
-70618.5
-28705.4
-39686.8
-75360.7
-1106.3
-862.896
-1097.1
-870.926
-1117.07
-1130.91
-6755.55
-6650.82
-13868.9
-929.814
-930.939
-930.958
-14244.8
-935.521
-208546
-149765
-255093
-267439
-145616
-200874
-170237
-244395
-329991
-175229
-253959
-315440
-12236.3
-1214.22
-1112.66
-1310.3
-11858.9
-1421.35
-1320.39
-2477.64
-1303.97
-2973.71
-1338.86
-1362.27
-55686.3
-38059.8
-79094.2
-83012.5
-39392.2
-52243.5
-1159.74
-1421.99
-1174.19
-980.828
-1150.48
-1141.01
-59366.4
-45381.9
-85289.1
-83029.9
-44208.7
-61712.8
-6030.7
-11667.4
-3059.62
-2942.99
-3176.99
-11241.2
-3300.39
-138452
-187959
-248675
-142351
-195194
-236916
-11613.1
-1749.91
-1867.24
-1638.36
-12011
-1526.74
-121629
-159005
-187199
-118371
-152632
-197469
-1384.85
-498.206
-522.872
-443.902
-459.522
-515.641
-482.069
-559.388
-570.234
-607.288
-616.171
-570.757
-594.157
-583.988
-610.828
-540.79
-560.581
-559.054
-584.325
-532.464
-544.744
-575.118
-590.472
-618.544
-937.543
-617.209
-649.334
-611.088
-605.465
-1114.78
-655.208
-604.549
-1985.34
-5064.92
-557.726
-682.818
-5066.46
-663.259
-2363.75
-718.583
-5826.73
-672.194
-2946.31
-696.007
-4732.81
-258.88
-418.375
-3243.43
-447.658
-445.212
-139.803
-24.2715
-14.0194
-1923.99
-1912.66
-1822.19
-1836.74
-498.867
-551.5
-530.926
-549.084
-500.504
-517.145
-609.882
-568.086
-585.928
-565.718
-610.009
-596.434
-171.646
-469.435
-168.309
-466.335
-172.665
-462.088
-498.18
-469.114
-441.067
-502.889
-478.147
-431.045
-508.374
-524.717
-533.196
-555.668
-504.54
-519.058
-539.483
-559.189
-515.183
-530.009
-552.666
-571.022
-519.932
-538.895
-544.823
-566.473
-636.448
-658.174
-629.899
-654.914
-629.727
-625.728
-654.042
-659.638
-649.411
-656.267
-469.704
-568.182
-578.275
-657.536
-636.039
-635.21
-639.905
-600.498
-611.648
-627.188
-605.835
-639.578
-620.257
-617.076
-603.308
-587.948
-571.98
-614.993
-598.172
-593.049
-575.546
-625.96
-644.212
-464.712
-568.698
-559.865
-465.261
-643.78
-636.389
-605.044
-625.767
-586.805
-607.51
-595.549
-583.232
-625.293
-617.113
-845.29
-836.345
-786.272
-817.46
-839.401
-799.862
-2030.28
-826.17
-835.402
-1080.13
-1066.65
-1082.31
-837.517
-1104.26
-861.691
-765.807
-850.392
-896.843
-857.535
-831.78
-772.979
-899.17
-1227.53
-672.936
-661.039
-655.657
-1447.88
-665.163
-678.523
-658.238
-655.771
-2554.87
-578.855
-574.806
-696.415
-3654.1
-686.666
-4633.12
-720.94
-13311.8
-691.584
-3214.95
-701.016
-13736.9
-736.079
-4520.16
-663.144
-7480.35
-700.524
-664.669
-4463.93
-759.615
-63769.4
-50044.4
-757.861
-21946.3
-843.496
-194824
-880.746
-217099
-792.993
-830.874
-838.385
-861.764
-788.754
-816.928
-863.879
-882.157
-743.966
-13087
-736.495
-26441.3
-11785.3
-734.318
-23196
-819.793
-3142.41
-7973.78
-1181.62
-736.592
-762.406
-772.681
-8557.33
-9118.26
-35602.2
-16247.2
-65225.3
-71489
-13885
-27847.7
-755.441
-741.929
-823.315
-818.919
-778.835
-806.129
-757.499
-796.359
-1065.87
-857.748
-992.228
-858.731
-1104.57
-1116.67
-96044.6
-776.512
-380.388
-7555.83
-538.397
-112744
-36476.3
-648.908
-964.65
-394594
-970.545
-374372
-842.414
-950.369
-925.937
-885.697
-813.429
-924.539
-959.467
-911.221
-798.297
-37956.5
-748.055
-29993.5
-49644.6
-734.082
-26038
-831.341
-9607.55
-10027.6
-129.278
-12053.6
-18693.5
-22417.8
-22763.1
-22068.9
-23747.2
-17548.2
-12520.8
-1239.09
-17593
-1435.53
-17372.4
-983.972
-971.99
-12373.4
-18628.3
-21255.6
-18662.5
-22965.6
-21112.5
-19028
-8823.24
-186612
-285542
-372684
-183439
-283698
-374041
-12232.6
-60942.4
-541.071
-496.875
-542.98
-555.901
-55372.1
-5682.81
-103445
-28413.7
-33349.1
-21947.9
-103180
-59256.6
-13843
-21062.1
-69655.6
-118931
-34635.5
-46226.6
-42477.6
-36220
-114557
-73272.7
-185591
-275424
-368527
-189265
-281012
-358603
-71488.5
-114580
-33451.8
-35647.1
-44034
-32758.7
-117375
-61509.5
-966.073
-13582.2
-905.986
-15817.2
-998.73
-1007.92
-608.629
-527.264
-562.977
-549.021
-599.173
-568.436
-516.427
-553.472
-14407.4
-627.311
-16966.1
-12745.6
-14656.4
-5322.37
-2425.76
-11298.2
-1504.62
-1664.34
-1646.72
-3595.81
-810.435
-1463.04
-769.789
-3646.91
-817.693
-3195.47
-760.804
-811.968
-1046.76
-1044.97
-1052.48
-814.838
-1059.69
-804.435
-4617.49
-1149.59
-4529.63
-3261.05
-1124.39
-4356.36
-808.247
-33189.4
-50256.2
-74753.9
-34570.1
-46236
-79459
-16743.2
-22269.3
-9639.71
-10279.6
-8286.25
-10049.4
-21885.6
-19300.9
-19280.7
-17460.4
-6185.2
-8680.25
-19682.3
-14733.6
-8394.49
-8339.87
-13126.3
-12881.3
-724.174
-4663.05
-13393.5
-9192.38
-3736.7
-4783.54
-31839.5
-43014
-77361.7
-30464.1
-47244.9
-72514.4
-12385.8
-16827.5
-6803.47
-6280.97
-3726.72
-7027.79
-16422
-15387.5
-837.943
-1078.13
-1087.81
-1070.95
-831.391
-1067.3
-821.056
-5527.72
-4133.62
-6354.93
-5309.21
-4123.97
-5226.59
-843.475
-4853.38
-818.416
-4407.86
-2751.86
-5150.6
-806.824
-5522.83
-2748.16
-7783.3
-7638.83
-6867.08
-15998.5
-11948.8
-21488.7
-23618.5
-17094.7
-11477.7
-21787.7
-22080.9
-934.951
-13184.5
-934.486
-12828.9
-940.667
-946.786
-10902.1
-16020.8
-22102.5
-21358.7
-20706.2
-23568.3
-15059.3
-11887.2
-153207
-214493
-287190
-157621
-222739
-274147
-69704.6
-105316
-35666.1
-48796
-45734.6
-36782.1
-101514
-71544.6
-104485
-71877.2
-44818.5
-36183.3
-108543
-69883.6
-47937.1
-34950.8
-111266
-72785.9
-43764
-36069.2
-115844
-70628.7
-46631
-34456
-166102
-237913
-294227
-161381
-228957
-308080
-70210.7
-112045
-34480.8
-47156.8
-44150.9
-35882.1
-107708
-72237.7
-958.428
-12229
-1023.44
-12585.6
-953.288
-951.469
-11300.8
-15246.2
-23466.2
-21687.8
-20657.2
-24810.6
-14406.4
-12813.7
-14604.5
-12246.3
-20477.8
-24027.5
-15481.9
-10907.3
-21400.1
-22642.7
-1270.57
-2482.75
-1287.71
-1995.51
-1256.21
-1244.98
-3371.79
-6518.05
-8807.73
-9062.75
-8073.94
-8715.19
-6255.54
-4094.6
-6018
-3279.58
-7437.3
-7632.29
-6299.36
-2535.54
-8418.05
-7688.79
-24322.1
-20993.4
-10183.3
-11251.9
-24670.4
-18549.7
-12028.4
-10809.9
-54905.6
-41544
-84242.7
-80830.4
-40263.3
-58021.5
-20234.8
-26942.3
-11890.1
-13692.8
-11952
-12363
-26626.7
-22594.1
-1198.89
-1499.86
-1186.24
-1965.6
-1213.9
-1230
-5523.29
-1617.75
-6087.93
-5366.02
-5820.2
-849.67
-7089.34
-5382.72
-6068.5
-1673.56
-7770.76
-6561.39
-5777.42
-2460.49
-6782.22
-6519.87
-23402.2
-31180.2
-13966.9
-16887.4
-15293
-14443.5
-30942.5
-25621.9
-60045.6
-42315.1
-82168
-85020.3
-43552.1
-57294.8
-24138.9
-28842.1
-13412.3
-13642.3
-15313.6
-12937.6
-29109.9
-21840.2
-5937.95
-5850.87
-11317.4
-2697.4
-2818.77
-2575.3
-11745.3
-2457.38
-13999.1
-15209.9
-27145.8
-23362.5
-22449.2
-28340.1
-14461
-15568.8
-14389
-14878.3
-21971.2
-27519
-15162.7
-13273.5
-22945.5
-26285
-98630.8
-71098.3
-46695.6
-37480.8
-102210
-69514
-49573.2
-36438.9
-135243
-182537
-219560
-131561
-175641
-230794
-69175.2
-99092.9
-37178.3
-50188.7
-47565.2
-38152.5
-95724.3
-70453.1
-11856.1
-2100.18
-1983.99
-2215.62
-11441.5
-2336.79
-14340.8
-13478.2
-21030.1
-25713.1
-15156.5
-11886.1
-22083
-24408.5
-15141.9
-12562.8
-22513.2
-25361.2
-14347.4
-14175.9
-21489.6
-26637.5
-67847.8
-92621.9
-38345.3
-50796.9
-48767.7
-39211.8
-89646.5
-68474.8
-124888
-163879
-213729
-128349
-170491
-202986
-69578.9
-92733.7
-38743
-48267.1
-50597.7
-37818.2
-95907.6
-68629.6
-8723.93
-4194.08
)
;
    }
    procBoundary2to0
    {
        type            processor;
        value           nonuniform List<scalar> 
47
(
-511.156
-542.496
-576.669
-427.073
-126.229
-461.39
-461.39
-461.39
-511.156
-511.156
-511.156
-600.481
-600.481
-600.481
-507.863
-542.496
-542.496
-507.863
-507.863
-606.387
-576.669
-576.669
-606.387
-606.387
-342.272
-158.395
-421.12
-319.464
-158.395
-158.395
-185.885
-461.14
-475.788
-406.612
-600.257
-628.771
-451.154
-451.154
-564.953
-511.881
-505.528
-535.557
-548.415
-602.302
-623.303
-583.99
-571.554
)
;
    }
    procBoundary2to3
    {
        type            processor;
        value           nonuniform List<scalar> 
328
(
-445.79
-445.79
-445.79
-511.306
-511.306
-511.306
-511.306
-318367
-318004
-253522
-356.026
-356.026
-356.026
-358.357
-358.357
-358.357
-115428
-114875
-559468
-459798
-417756
-495044
-430283
-435708
-260057
-115839
-114508
-309447
-113894
-114881
-376434
-321579
-326326
-479175
-421350
-415805
-114680
-115930
-112226
-362774
-313887
-309230
-1337.58
-381.236
-381.236
-381.236
-4904.19
-664.313
-1005.82
-3099.63
-827.814
-2193.57
-353014
-345562
-233809
-227177
-372.685
-372.685
-372.685
-534.549
-11336.6
-5399.8
-1406.22
-7817.39
-114354
-125816
-121323
-117034
-546775
-478309
-477906
-538981
-472508
-469925
-279930
-113621
-115105
-286804
-114832
-113363
-418706
-365287
-360186
-433320
-373625
-378870
-115427
-114511
-114176
-114979
-322938
-273665
-278054
-310041
-266614
-262302
-529.861
-413.64
-413.64
-413.64
-955.491
-436.811
-471.641
-671.15
-383.5
-61113.5
-363059
-327109
-246972
-213788
-354.512
-361.783
-361.783
-361.783
78627.4
-71665.5
-110713
-160917
-193211
-100988
-71665.5
-116379
-116246
-533650
-471123
-444737
-510851
-449609
-444591
-266615
-114241
-115653
-301453
-114637
-113390
-390294
-339040
-334178
-463545
-401451
-406960
-115898
-114749
-113035
-113580
-349308
-297125
-301696
-284854
-244499
-240353
-602.519
-393.907
-393.907
-393.907
-502.132
-2220.6
-825.394
-423.1
-1448.85
-23678.9
-355223
-336525
-240407
-220499
-366.479
-366.479
-366.479
-55614.6
1173.24
-15464.1
-43596.2
-5254.21
-109538
-110349
-116979
-118605
-551789
-476649
-480255
-525836
-458125
-462247
-273218
-115403
-113932
-293945
-113248
-114649
-404380
-347034
-352019
-448254
-392773
-387381
-114696
-115737
-114364
-113686
-336027
-289755
-285273
-297346
-251192
-255428
-374.933
-388.41
-369.914
-360.924
-479.995
-396.174
-436.811
-955.491
-321.807
-325.118
-321.839
-325.879
-325.316
-326.343
-330.861
-71665.5
78627.4
-100988
-114875
-115428
-116246
-116379
-417756
-459798
-444737
-471123
-435708
-430283
-444591
-449609
-114508
-115839
-115653
-114241
-114881
-113894
-113390
-114637
-326326
-321579
-334178
-339040
-415805
-421350
-406960
-401451
-115930
-114680
-114749
-115898
-112226
-113580
-113035
-309230
-313887
-301696
-297125
-240353
-244499
-347.608
-342.089
-349.167
-359.091
-664.313
-4904.19
-2220.6
-502.132
-335.088
-341.83
-333.867
-331.609
-11336.6
-534.549
1173.24
-55614.6
-125816
-114354
-110349
-109538
-117034
-121323
-118605
-116979
-477906
-478309
-480255
-476649
-469925
-472508
-462247
-458125
-115105
-113621
-113932
-115403
-113363
-114832
-114649
-113248
-360186
-365287
-352019
-347034
-378870
-373625
-387381
-392773
-114511
-115427
-115737
-114696
-114979
-114176
-113686
-114364
-278054
-273665
-285273
-289755
-262302
-266614
-255428
-251192
)
;
    }
    procBoundary2to6
    {
        type            processor;
        value           nonuniform List<scalar> 
65
(
-126402
-170024
1037.66
-3364.36
-1206.7
-4776.42
-13633.9
-23859.8
-17640.8
-32480.5
-13633.9
-13633.9
-71836.3
-102728
-8673.24
-2584.25
-9931.99
-8746.11
-6673.48
-8673.24
-40765
-9931.99
-58325
-8673.24
-8673.24
-8673.24
-2796.23
-1103.54
-2834.11
-5750.72
167.042
-6032.72
-4393.32
-85337.2
-47495.5
-57579.5
-11614.7
-184676
-118463
-146397
-1707.49
-17843.9
-13579.3
-28495
-27743.2
-25786
-26357.5
-16020
-13461.1
-42342.8
-47079.2
-86157.5
-70499.3
-11650.1
-6082.3
-17843.9
-1055.28
-7713.47
-8746.11
-4393.32
348.174
-2973.86
-8325.61
-4393.32
-3561.52
)
;
    }
    procBoundary2to7
    {
        type            processor;
        value           nonuniform List<scalar> 8(-207043 -112643 -272574 -229760 -233823 -112643 -233823 -229760);
    }
}


// ************************************************************************* //
