/*--------------------------------*- C++ -*----------------------------------*\
| =========                 |                                                 |
| \\      /  F ield         | OpenFOAM: The Open Source CFD Toolbox           |
|  \\    /   O peration     | Version:  2012                                  |
|   \\  /    A nd           | Website:  www.openfoam.com                      |
|    \\/     M anipulation  |                                                 |
\*---------------------------------------------------------------------------*/
FoamFile
{
    version     2.0;
    format      ascii;
    class       volScalarField;
    location    "0.105/solid";
    object      sigmaMid;
}
// * * * * * * * * * * * * * * * * * * * * * * * * * * * * * * * * * * * * * //

dimensions      [1 -1 -2 0 0 0 0];


internalField   nonuniform List<scalar> 
3125
(
-205.351
10323.6
-136.059
273584
3936.98
6686.49
-245.229
-146.825
-205.623
-216.526
-245.856
-3313.32
-192.02
-33757.7
-14191.8
64677
18606.6
272276
5486.16
-93639.2
9694.11
329542
10082.8
6869.6
-3360.23
-9399.73
-13465.2
-2876.6
18240.8
12930.4
5280.19
6155.7
9238.93
3229.97
-2229.61
-8883.26
-2840.53
-5621.28
7860.38
12605.1
1390.21
5760.38
3104.71
3323.54
3782.77
-2195.13
7561.94
1284.29
-298.978
-258.165
-395.337
-1190.58
-1607.82
12466.5
2890.28
12396.2
1498.33
5171.03
5345.54
-246.997
-263.922
-203.455
-205.084
-248.297
-254.521
-302.113
-247.016
-274.28
-265.218
-247.293
-271.231
-7638.59
-5093.01
8880.1
-395.579
3598.18
-2268.73
-3102.2
-20693.7
145087
15521.4
-5499.39
-15126.5
-17614.7
1074.45
6247.04
1494.7
202951
22694
-7783.88
21269.2
21860.6
14007.3
5470.98
15949.8
2844.89
112692
10745.2
12899.6
9055.64
13873.9
7941.07
181026
15750.1
8497.83
8292.05
-8505.57
-3181.69
-9585.94
-11027.3
-10054.2
-11785.9
-14450.6
-11601.9
-12403.8
-3150.28
-8347.22
-9539.76
15681
15336
13503.1
4256.9
11506.3
7405.55
8315.31
9984.76
12435.5
7843.35
10567.3
4119.6
9131.66
10892.5
-2514.49
-5068.04
-6205.49
-9507.78
-7407.42
-7952.78
-2550.39
-7900.33
-6611.1
-6092.31
-6939.15
-7464.17
10002.8
10308.6
2155.3
4996.39
6448.21
7784.73
4641.41
6269.19
2271.58
8569.61
6958.88
4447.73
4291.36
5791.58
-266.431
-235.121
-353.442
-428.976
-519.222
-63.2188
11224.3
-4.25834
157.529
139.438
137305
63040.2
18805.9
4447.61
6092.77
-201.641
-267.914
-23.4505
-191.656
-48.7763
-63.0406
-206.16
-61.5989
-202.715
-204.27
-260.843
-239.067
-273.661
-268.958
-246.496
-270.195
2867.7
-3387.82
2127.23
-262.313
29.2966
-139.903
-62601.2
9144.21
24401.4
35999.2
-10854.1
-13533.2
-15027
-14432.7
54242
-289557
258634
232691
-31936.8
19791.7
28890.2
945.049
5955.89
-1272.07
-39911.2
-28274.3
-40.3332
13755.8
10063.1
14230.9
85843.5
326874
119785
9360.54
7465.23
1825.04
-3303.96
2344.29
-9927.58
-8689.11
-9207.49
-12735.7
-12817.3
-12083.6
-3003.81
1323.74
755.471
17107.9
13947.1
-391.717
4816.87
899.783
6563.1
9132.64
9684.65
13213.3
8758.88
12593.5
3598.35
172.245
-656.172
-2355.71
124.101
-466.985
-8184.25
-8378.74
-7693.23
-2716.78
434.494
1009.18
-5041.48
-6045.83
-5445.73
8753.97
11600.1
1704.35
-781.86
-1526.33
8593.23
5375.69
8065.57
2739.98
-893.563
-98.2127
5194.98
3633.81
5634.56
-740.615
-1684.43
-213.123
-220.273
-283.462
-275.377
-257.749
-238.681
-263.487
-244.785
-367.516
-574.366
-511.598
-799.443
-1238.91
-1052.22
-1462.96
-1217
-1119.34
11517.6
48.9049
1074.37
246.3
58069.1
18373.1
1946.5
7921.11
4609.7
5909.42
-227.559
-275.249
-196.775
-58.2244
-52.6682
-205.908
-59.6273
-60.8779
-208.966
-206.27
-228.752
-250.025
-230.386
-234.846
-252.047
-232.362
-286.341
-286.365
-287.331
-244.651
-274.552
-274.724
-277.882
-283.71
-284.947
-276.477
-266.843
-277.928
-247.03
-273.169
-271.632
-268.834
-281.693
-279.693
-7198.23
-5468.28
-6453.57
-2736.06
12764.1
4094.6
-2175.59
3720.01
-5325.53
-337.582
-592.974
-425.533
-2.66553
623.035
-575.337
-1789.24
-2595.63
-1604.58
-11501.2
-2516.93
2997.93
-639.48
-20870.1
20110.7
85205.4
110431
22531.8
73407.8
8288.83
-2910.79
93169.4
53177.8
-3810.93
9092.71
5924.62
-15086.6
-12766.6
-16097.5
-16260.2
-17259.5
-16139.1
-9057.18
-13815.7
-18140.9
22049.3
24052.3
189698
62130.2
-7848.78
-17905.1
258009
143641
29939.7
150328
18385.7
16300
123461
155056
-9864.08
9585.13
-3024.99
20170.1
56652.6
8931.99
14675.1
9541.37
6404.23
1612.22
606.498
13556.1
11934.9
8824.6
-15369.8
10968.2
12867.6
40950.3
68834.2
43844.1
9797.36
49566.2
30931.2
13073.8
13426.6
13563.7
10078.7
14001.3
14072.5
12472.4
13596.3
13010.1
78780.3
11419.4
66208.7
247101
93493
110728
19700.4
65760.1
68773.6
9146.51
7658.08
-7252.29
-9067.7
-7289.56
-3285.25
1975.89
1436.5
-9388.27
-7221.05
-7256.62
-10468.9
-10292.9
-9741.52
-9765.92
-10615.6
-10323.6
-11490.1
-11192.6
-10898
-14139
-13733.5
-13429
-12196.1
-10864.5
-11455.8
-13037.6
-12105.3
-12741.3
-3038.37
1085.07
1641.48
-6850.71
-8795.14
-6992.92
-7169.33
-9220.88
-7097.04
16755.1
14277.5
8514.95
12788.2
7965.38
4662.81
708.794
-309.158
12147.8
7029.41
7491.77
6978.19
10817.5
10245.5
8504
8860.36
9046.95
10166.9
9415.51
9600.24
12574.1
11776.3
11939.5
8295.52
11399
11994.2
11172.1
10744.5
11341
3729.61
-442.595
452.795
5369.42
9706.76
5767.39
6594.93
10292.6
6175.05
-2392.53
-180.179
398.898
-4816.49
-5434.65
-5091.05
-5650.79
-5812.25
-5369.55
-9222.4
-8974.81
-8693.44
-7886.09
-6752.1
-7215.14
-8456.92
-7677.82
-8177.9
-2680.62
694.491
123.687
-6666.61
-7460.09
-6445.12
-5927.47
-7030.13
-6194.63
-5828.95
-6533.86
-6266.45
-6484.07
-6301.52
-5865.95
-6990.39
-7191.29
-6720.65
9045.7
11277.3
1815.09
-1333.78
-568.58
2535.99
5467.41
2855.41
3526.76
5951.08
3187.11
7974.43
7266
7457.42
5002.65
7050.61
7551.26
6761.32
6464.34
6953.7
2616.99
-341.901
-1125.5
4981.87
8020.05
4603.57
3875.82
7482.88
4234.69
4654.38
4880.37
5082.85
3954.52
6563.22
6091.21
5329.01
5988.39
5527.76
-169.752
-210.942
-205.3
-145.835
-211.218
-169.997
-145.539
10602.4
-40.1613
-81.7517
-151.856
-83.979
-113.342
-65.8739
-27.1498
-31912.4
245934
185353
88244
82864.7
83649.5
42875.1
4095.99
6474.26
-139.695
-92.9477
-144.374
-172.43
-112.725
-177.001
-115.261
-170.344
-211.149
-146.005
-205.96
-170.256
-211.71
-145.956
10398.4
11039
136.374
-3368.93
11303.3
42.0978
10250.2
18994.6
204983
-1338.52
6413.7
4245.1
5621.87
6542.88
4242.36
-1270.82
155832
48971.6
384876
254822
216194
108450
346336
9821.51
7062.09
9764.44
10870.2
78.8914
-3334.6
9976.84
10626.8
100.208
6980.71
-2927.01
7738.18
-153.817
7953.88
-151.086
6770.29
17838.8
13258.5
-1131.62
6165.74
4259.64
5125.84
-1167.06
6009.44
4210.92
-606.042
3346.47
3798.67
3445.43
3925.78
3508.89
-584.709
3838.69
-2282.7
4625.44
-605.696
4828.92
-592.014
3648.12
6360.86
-2799.82
7562.33
-191.897
7343.82
6576.04
-201.638
8140.31
12251.8
-368.737
1488.61
1649.89
2212.74
1758.32
2280.66
-365.047
-547.287
2978.23
3640.59
3379.44
-546.025
3507.62
3284.12
4466.97
-659.474
3484.44
1520.33
2126.72
-350.918
12080.3
-173.421
539.346
4471.08
1585.81
2040.08
-1359.11
443.626
13618.8
3389.92
-6567.29
-3232.72
1367.9
-180.138
5925.93
2167.46
4963.22
5527.6
-164.67
-202.865
-207.554
-143.537
-166.618
-206.678
-141.664
-169.032
-205.319
-209.366
-144.543
-167.964
-210.313
-145.284
12537
-1201.75
13399.4
-1302.53
11961.6
7676.53
1871.62
-26.6914
-6250.32
13877
9713.22
17357.4
17386
3622.18
20942.4
22766.5
-2822.29
6882.94
7025.02
3742.76
7309.93
3534.28
-2483.66
-1028.74
7942.45
12330
2701.63
20752.2
4037.23
-5163.32
8704.84
8066.1
8664.8
-3225.87
9378.31
5.36197
9597.63
8450.51
4.95866
8017.98
-3116.29
9186.82
-25.8648
8957.22
8239.85
-33.9862
16027.7
14964.7
-866.78
4382.83
4998.57
3960.08
5134.09
4012.45
-836.216
-769.407
3985.2
4825.14
3910.79
4685.77
3827.12
-778.303
4769.79
-2476.5
5974.28
-397.927
5760.44
4973.09
-413.559
5367.85
-2602.99
6156.29
-352.27
6365.71
5164.25
-345.984
9662.32
10622
-412.519
2036.33
2531.95
2781.4
2406.13
2678.37
-400.699
-442.887
2378.99
2677.72
2849.47
2796.46
2918.8
-428.913
-386.782
-128.524
-102.876
-382.288
-6.15638
-526.446
-342.869
-123.393
57.1683
-589.229
-613.751
12.5573
1446.39
-2237.89
1230.06
-2374.19
-952.736
298.138
1074.21
-1921.69
-1145.56
353.83
456.451
-1087.24
-169.473
-205.056
-211.099
-145.258
-103.941
-99.0324
-62.3657
-104.641
-98.8344
-61.9132
-98.6219
10865.7
-6.80776
-39.2842
25.8252
-42.1582
-2.21204
-66.2195
-46.9047
221.485
138.92
-151.814
160.89
-9.45521
14.2834
69.8044
113.607
115.495
20.1665
573990
45490.2
120174
-86708.4
23951.6
-402136
26801.5
49314.7
-9286.33
39472.5
-2237.07
13452.3
27655.9
-2778.84
16149.2
4252.05
6282
-210.709
-225.432
-201.145
-202.261
-201.115
-210.235
-226.254
-211.815
-224.688
-315.993
-329.751
-293.306
-239.659
-239.513
-293.747
-292.872
-316.548
-330.831
-317.049
-330.028
-70.8284
-52.5451
-35.3762
-55.3336
-68.8536
-144.93
-183.349
-193.893
-131.934
-184.761
-154.708
-122.807
-77.4526
-42.9303
-82.7001
-83.8959
-75.9269
-103.868
-99.0221
-61.8789
-104.706
-98.7382
-170.274
-206.077
-211.472
-145.881
-211.744
-169.851
-145.926
-103.2
-61.2294
-98.0545
-103.007
-98.4127
-210.677
-230.077
-215.259
-225.477
-202.966
-201.932
-212.858
-225.252
-210.938
-227.612
-201.642
-204.902
-415.751
-210.62
-426.62
-201.97
-108.07
-202.506
-185.234
-404.558
-357.791
-212.913
-228.56
-213.663
-35.4289
-552.964
-528.001
-26.7158
-317.635
-334.174
-331.499
-319.742
-294.77
-239.567
-293.967
-240.513
-318.093
-331.011
-317.403
-332.08
-294.297
-240.565
-240.231
-296.091
21241.8
20260.6
10776.2
-3182.06
11789.6
-113.077
11426.1
208.197
10725.7
19216.5
19299.4
1231.8
-1884.52
1478.67
-1290.71
-476.882
-127.883
-149.019
119.693
498.752
112.066
-145.704
-284.521
-795.735
422.45
358.804
-915.24
40484.4
93802.6
145933
182674
46130.5
48566.4
-13194.1
54952.7
6933.58
20044.4
-10412.2
-7081.55
16663.7
-8653.42
-7969.11
-7793.92
-9459.15
16835.3
-7642.74
18712.7
-9340.23
622160
505885
424407
499226
48695.5
-1455.59
182616
391306
137571
440079
246713
406758
249490
-65559.9
1.08999e+06
-319190
19359.4
115951
-1522.91
-1484
-1493.52
5897.25
6865.81
4137.69
6844.93
4152.35
-1557.83
-1095.38
-1167.53
-38888.8
-43786.7
-41735.2
-39939.4
-73091.7
-83848
-65990
-64605.5
-32602.3
-21251.9
-31414.7
-33570.2
3221.01
-18492.9
-17397.6
3707.14
-15704.3
-14744
4234.67
-16751.4
3568.44
-17734.8
-15547.1
-16775
13701.6
56544.3
59654.4
52353.1
168516
5821.19
208895
23515.3
11032.2
267593
130201
9590.31
7246.37
17437.9
17028.9
9531.41
-3339.28
10209.8
66.5894
10433.4
60.0594
9321.92
17999.1
18299.8
13506.6
-7586.26
13313.2
-7078.62
-6645.68
-6659.04
-6855.72
-6820.26
12746.7
-6918.35
12866.6
-7435.74
16123.7
-7755.78
-8430.83
16939.5
-7914.77
-8169.48
17755.5
-8750.85
16589.4
-7773.44
-7846.62
-7781.47
13076.7
13482.7
7177.65
-2963.11
8356.21
-108.073
8135.55
-114.229
7397.39
12738.2
12351.3
17474.6
13584
-595.909
-772.011
-1054.11
4956.22
5651.73
4153.42
5797.46
4194.65
-1012.73
-961.411
-812.58
4106
-13357.5
4384.75
-12835.2
-10792.5
-10553.7
-11004.7
-11313.6
4311.68
-12311.4
4098.46
-12789.4
4513.51
-15543
-16367.7
3898.02
-14076.2
-14893
3775.88
-17025.3
4445.65
-16133.7
-14195.9
-13481.1
-319.075
-27.272
-644.667
3470.86
4220.5
3654.61
4085.84
3563.02
-648.871
42.2222
-276.514
7607.11
7843.71
4008.75
-2317.17
5199
-523.154
4993.6
-540.328
4211.7
7196.75
6990.9
11614.6
-6558.57
-7106.52
11620.8
-6463.88
-6465.31
-6276.89
-6264.73
12239.6
-7274.78
12179.1
-6739.16
11280.9
10934.3
6167.3
-2767.23
6940.29
-251.23
7153.78
-244.861
5960.58
11638.1
12003.6
8686.67
-6208.83
-5563.35
8920.47
-5156.59
-5031.81
-5235.85
-5341.12
8408.5
-5372.57
8144.95
-6011.96
8425.43
11918.8
-121.027
323.598
-380.895
1592.39
2009.83
2458.81
1889.8
2351.7
-364.99
336.552
-125.691
4156.39
-11297.8
-11685
4053.55
-10108.6
-10289.4
4080.14
-12234.1
4237.22
-11803.2
-9797.29
-9669.94
157.365
-205.612
-514.869
2854.03
3228.26
3148.38
3352.11
3215.18
-496.234
-237.383
102.243
3797.16
-9059.05
-8876.89
3649.54
-7052.32
-7185.21
3530.48
-8402.14
3721.53
-8566.62
-7575.73
-7489.51
6388.52
-168.842
-293.751
-287.893
-187.814
-227.708
-190.727
-171.091
-262.252
-245.294
-211.946
-256.407
-195.946
-421.387
-118.399
-417.575
-118.9
124.011
-733.474
-731.792
120.809
66.178
-652.774
61.6786
-661.931
-456.961
-112.943
-105.68
-458.928
-196.397
-317.285
-193.264
-321.366
-298.163
-247.578
-238.918
-305.494
-279.996
-223.683
-275.348
-227.518
-200.781
-349.496
-344.055
-209.431
1681.05
-2592.35
1646.45
-2752.06
-1441.18
685.869
685.817
-1471.64
-1272.16
505.892
-1227.76
511.411
2133.92
-3366.63
-3208.46
2163.37
-5423.99
3457.43
3782.98
-5127.35
7160.58
-9791.94
-4366.05
2911.52
9137.6
-11305.7
8571.1
-12013.7
-6685.62
4461.66
4784.99
-6168.27
14718.6
-20884.4
15756.3
-19500
-8048.77
6198.01
5856.57
-8588.18
12010.6
-14431.3
11086.4
-15765.9
11913.8
551.558
251.448
-298.847
107.723
-61.815
597.214
465.65
322.962
946.472
653.198
1017.26
383.178
302.954
134.643
408.333
141.254
315.564
24071.7
3280.51
1.22399
63190.4
-2998.19
-14458.3
-22359.6
4697.73
659.428
1305.67
2944.38
1466.77
1023.14
1734.24
5967.89
4025.66
4456.79
2733.8
4784.96
5702.28
-245.162
-240.718
-259.422
-269.663
-267.579
-261.583
-260.523
-268.808
-244.067
-241.749
-239.863
-245.998
-307.7
-313.915
-294.347
-288.501
-286.418
-296.338
-294.986
-287.329
-307.576
-315.083
-313.977
-309.168
-162.632
-199.888
-199.469
-135.774
-158.043
-203.355
-139.762
-94.1427
-93.5463
-56.2135
-96.8657
-91.6267
-91.5302
-86.492
-54.4145
-88.2138
-89.6787
-169.571
-206.167
-211.129
-145.763
-169.65
-211.357
-145.503
-100.287
-95.0774
-59.545
-99.2892
-96.1518
-101.051
-97.4927
-59.6793
-102.181
-96.8128
-218.846
-224.936
-209.999
-233.467
-198.301
-213.841
-206.247
-240.495
-227.214
-221.411
-207.442
-201.235
-245.024
-245.681
-240.516
-250.485
-263.31
-268.21
-260.029
-271.493
-247.704
-240.455
-243.209
-244.607
-260.203
-274.466
-266.002
-268.74
-254.449
-239.624
-249.505
-244.195
-253.653
-286.781
-278.701
-262.259
-239.678
-257.413
-262.172
-235.406
-270.182
-267.671
-258.983
-278.689
-460.555
-170.932
-451.267
-152.696
120.449
-758.492
139.681
-740.509
-472.329
-118.343
-477.54
-132.463
90.6032
-654.937
57.0293
-691.983
-272.814
-374.732
-362.879
-285.971
-310.686
-235.255
-239.562
-282.994
-262.371
-235.897
-326.149
-228.709
-338.906
-316.148
-351.897
-302.191
-250.839
-373.241
-372.088
-261.484
-329.424
-265.308
-323.447
-274.931
-234.72
-367.024
-223.741
-369.412
-338.009
-297.334
-341.726
-289.427
-308.774
-318.81
-315.467
-312.499
-297.757
-287.199
-295.26
-290.149
-310.469
-314.956
-316.532
-308.606
-295.526
-292.705
-287.507
-300.129
-322.558
-331.101
-316.984
-336.862
-291.103
-240.419
-238.574
-302.682
-298.532
-239.479
-293.731
-241.345
-313.308
-341.968
-328.056
-327.343
-316.258
-314.891
-307.841
-322.037
-289.596
-305.114
-280.939
-312.509
-304.39
-286.318
-296.871
-294.464
-303.393
-328.408
-323.538
-310.502
21217.9
-426.232
3275.59
14865
-2015.35
20702.9
16591
41.4009
2593.12
16366.7
-919.131
23102.1
14979.4
1648.25
-197.445
18922.4
21699.1
25629.4
10445.8
-3651.7
11791.8
424.272
11485.9
12422.3
-647.804
34317.1
25246.8
15901.8
7440.11
26093.6
-1828.74
21044.8
23383.4
39647.1
3412.29
230.547
27784.3
8427.68
17865.3
37914.7
-4357.66
18073.9
17443.5
2185.35
-2940.51
2088.88
-3304.04
-1504.39
771.762
-1529.98
751.645
2355.33
-3583.74
2380.1
-3590.54
-1367.12
634.544
-1251.71
701.575
-2911.13
4395.03
3331.05
-5326.24
-123.639
5340.91
-2179.43
7395.72
316.073
-241.874
1007.76
608.169
7179.15
-14557.2
11781.2
-5522.04
-9280.32
6113.53
6521.21
-8370.77
17856.2
-23601.6
17418.2
-24442.2
-9628.47
6769.39
-9464.71
6824.53
17521.5
-22995.7
16333.4
-24648.9
50741.4
-68442.7
-42983.5
43534.6
-22836.9
17451.4
-26691.1
20800.3
21727
-27084.8
38532.9
-47032.2
61414.1
24512.6
40200.5
40571.2
-24269.1
-1033.64
16844.2
14315.9
-1297.02
7829.49
-14702.3
32701.5
95022
149817
248395
97194.3
181339
245573
138493
256837
346826
233566
333392
132664
76216.9
63182.1
92733.4
56828.7
27097.5
46093.5
60318
10281.9
4975.62
42563.5
15013.3
31334.1
125293
78433.3
96356.9
107110
66539.5
-78288.3
63709.4
-94114
-51068.2
40295.4
36632.7
-54440.5
-40499.6
27247.3
30103.3
-36654.2
83908.3
-122701
-116759
92193.1
-3095.74
16253.7
21384.2
-5722.16
16845.1
-1258.1
-2973.38
20522.6
22662.1
-1363.45
1418.52
16451.2
-6732.95
19678.9
16759.8
-4978.63
15021.3
-5608.98
22019.2
-13049.4
-5109.36
-14715.1
-11163.9
-7117.15
26063.1
-16387.2
11050.3
-1422.35
-3496.41
24146
1191.22
13353.4
36554.7
6088.44
19095.7
23525.4
17427.4
7128.37
1062.89
26528.8
10815.6
11648.4
1380.88
30458.3
123840
80301.2
86182.2
47892.8
91430.6
80874.1
64818.4
50456.5
61675.8
40024.3
65734.1
35891.7
-145212
-75459
91152.6
31111.3
-4004.7
16955.4
-8758.05
-71991.3
139296
208922
-40265.7
-17885.4
33957.7
19028.7
-45887.7
186664
374354
608879
198834
376257
477137
167964
305724
413367
171321
315432
461738
170699
70404.4
201174
136970
4733.3
69276.5
53292
25927
14014.1
55102.1
71798.2
-18133.8
138185
122243
151754
81602.6
115310
-181043
126301
-180264
-64744.6
44523.9
47159.2
-63007.9
-69229.4
46009.7
47357.1
-66233.2
115555
-153266
101917
-147389
20564.4
31947.2
7034.15
-4668.13
-4415.57
6693.58
-18418.4
8506.1
8091.52
-16018.5
-16424.4
8543.91
-18962.4
8644.41
6310.22
-4312.87
-4799.09
6976.04
-2032.58
-1670.4
-1932.44
6052.39
7238.41
3953.43
-1857.06
6763.31
3937.32
-3131.34
-3103.55
6492.77
-4474.69
7165.87
-5005.49
-16182.9
8494.1
9676.04
-21044.4
-20288.1
8712.17
-16844.5
8308.44
7989.64
-4676.17
-3582.57
6527.44
-24718.4
-44308.5
-37251.9
-30217.8
-35624.8
-26645.1
-18833.3
-20859.6
-29546.6
-8264.94
-43903.4
-56623.2
-14152.1
-16092.1
-6962.06
-9353
41747.1
111184
49066.8
73236.6
27377.6
5547.47
22211.3
20903.4
-9238.73
8421.33
5776.69
23696.4
-14679.5
-16711.5
-714.847
-17941.9
3605.35
-19701.1
7635.07
-25942.5
-28132.4
4187.86
-2592.6
-20659.9
18432
-9406.02
19741.3
-8361.02
-18567.4
6928.84
6249.44
-20047.6
8022.44
-17964
-19962.7
7946.44
8066.84
-20568.5
-18509.1
8400.06
-19376.7
6245.45
6768.31
-17963.5
1787.18
-18089.6
2401.83
-19643.3
-18963.3
-23509.5
144.563
-21893.2
-4275.64
-18713.1
-18616.4
-16657.1
-21165.4
6084.17
-19187.6
6484.19
8807.99
-22914.1
-18805.7
8026.38
8148.81
-19050.4
-21763.4
8052.57
-19318.5
5514.96
-22729.8
6209.04
-8430.52
-11831.6
5014.85
17500.7
96725.5
-309.553
6793.54
39813.8
-302.16
-5484.24
-3515.5
69278.8
28311.9
54447.7
42613.1
95822.3
162763
94264.4
199279
44641.3
33106.6
53088.2
18049.9
130437
275999
122135
241169
20080.2
6925.37
9216.72
18317.1
-22335.7
8870.29
-16894
4579.33
3425.32
-3410.77
8036.71
-7227.07
-2736.19
21698.3
22825
-5793.11
8911.23
7860.73
14728.2
472.588
-187.086
16665.2
-1271.31
16601.7
-2628.93
19298.3
17603.1
-112.211
879.744
15069.9
-3143.74
18267.4
-2000.37
16187.2
16166.4
16609.9
8875.39
-3253.91
10020.6
36.7042
9103.48
9787.98
34.5851
15805.4
15357.5
15882.4
-279.667
14255.4
213.98
-3900.45
16640.9
15067.5
-2824.71
-2479.36
15664.6
-3542.78
17414.4
13713.1
17.8052
-390.271
15174.1
13887.7
-7248.52
14162.7
-7732.52
-7239.57
-7188.46
14822.1
-7881.14
-7399.93
14466.5
-7005.18
-7049.19
-6547.89
13421.8
14090.7
-7519.81
12853.8
-5077.35
-6293.92
13852.3
14521.9
-6126.27
13460.1
-4974.52
-7481.01
13440.6
12834.8
-6475
-7531.84
14758.5
14007.1
-6592.49
15900.7
-5641.51
14670.4
-4616.68
-6605.08
14596.6
15438.4
-7509
14068.6
-4826.44
15200.5
-5910.95
-7251.42
17655.1
16253
-6246.2
19220
-3833.18
16812.1
-2648.14
-5827.46
16676.7
18559.4
-7050.58
16388.8
-3451.36
-4464.56
18223.4
16196.8
-8205.19
15598.5
-7660.41
-7383.13
-7428.12
15038.4
-7542.15
15496.2
-8033.16
-7609.33
-7593.52
-6459.26
15742.4
-7371.52
16864.9
15274.7
-4346.51
-5316.44
16625.4
17388.3
-4929.29
-3973.97
15861.9
-7458.72
16136.3
-6566.32
15175
14242.9
13818.2
7815.07
-3083.34
8546.28
-72.9873
7600.61
8762.02
-68.5127
14578.6
15016.4
13228.8
-713.768
-397.503
11993.9
-4929.72
13856.2
12613.2
-3637.74
-3495.57
13228.5
14529.3
-4717.53
11423.9
-516.64
-814.359
12609.1
12566.5
-276.659
-607.658
13864.4
-3100.01
14462.9
-4210.66
15908.3
14509
-500.448
13141.9
-138.601
-4479.34
15210.2
13843.8
-3317.97
16372.2
14618.7
5880.83
-4010.89
-4697.27
6837.43
-15521.7
7827.73
-17719.4
8401.28
6922.81
-4742.06
-4157.32
6120.19
-17117.8
8262.39
-15031.6
7514.47
-637.237
-435.019
-925.128
4522.72
5458.68
4120.43
-944.11
5313.77
4046.24
-303.47
-530.331
6730.18
-4622.49
5668.55
-3870.84
-15884
7936.61
6971.07
-14043.1
-14536.9
7242.18
-16491.2
8108.02
5441.96
-3736.81
-4547.46
6599.52
4441.17
-13350.8
4095.7
-13935.8
-11940.2
-12392.2
4078.68
-14522.6
-13883.2
4483.5
-11842.9
-11464.1
-13857.4
5649.7
5828.13
-14781.8
6082.33
-13400.8
-14700.3
6850.34
7019.34
-15327.5
6306.27
-13952.7
-14171.3
5724.13
5486.92
-13300.9
-15403.2
5921.47
5812.94
-14419.1
7337.72
-16601.6
6773.37
-15077.9
-14984.7
5974.32
6008.02
-16035.9
6535.11
-14510.2
7183.49
-15958.4
-17985.9
6203
6462.07
-16742.7
7866.4
-19235.2
7783.45
-17370.9
-17342.2
6639.01
6242.56
-18652.7
7494.35
-16794.2
-18578.8
7751.84
3987.4
-15733.3
4533.83
-14978.4
-12961
-12429.5
4516.44
-14422.3
4043.51
-15121.9
-12942
-13558.2
-16149.8
6302.77
-17317.2
6154.09
7006.29
-15641.6
-17254
7484.41
7625.21
-17905.7
-16217
7252.89
-16671.5
6085.13
-15564.3
6137.99
-102.794
-377.048
-721.358
3850.45
4386.58
3709.12
-694.754
4516.3
3772.46
-445.281
-195.675
6118.91
-4300.47
-3385.85
4778.52
-13538.5
7161.04
5928.51
-12067
-12553.5
6180.58
7362.58
-14113.5
4558.79
-3271.97
-4213.38
5943.69
5000.05
-3495.97
-4385.72
6284.99
-13542.3
6699.52
-15283.5
7758.95
6448.26
-4469.43
5221.08
-3614.01
-14695.4
7563.71
6438.92
-13046.2
8506.28
8241.05
4589.19
-2440.7
5372.98
-475.083
4389.54
5578.08
-461.662
8894.16
9181.27
8518.27
-1383.14
-1109.24
7554.41
-5641.86
8884.69
7936.77
-3855.71
-3908.02
8503.31
-5631.31
9464.93
7034.73
-1174.96
-1453.59
7973.49
8085.1
-1046.34
-1308.66
9078.07
-3944.24
9639.07
-5553.48
10662
9640.69
-1236.75
-975.529
8630.58
-5604.99
10056.6
-3935.2
9067.62
-7334.45
12165.6
11680.6
-6261.99
13196.7
-6421.72
12255.1
-5137.03
-6380.39
12257.5
12796.3
-7418
11667.7
-5169.44
12547.3
-6512.88
11006.3
-6939.86
11067.5
-6362.89
-5911.5
-5858.84
-6059.62
-6094.86
10520.4
-6179.82
-6764.76
10413.5
-6134.58
11117
-7232.68
11537.9
10498.7
-5137.7
-6582.78
11289.1
11917.9
-6561.99
11079
-5169.04
-7113.06
10933.2
10553.8
-5993.46
10247.1
10568.3
5554.53
-2638.92
6761.47
-292.945
5770.85
6542.89
-302.606
9869.74
9561.88
10286.9
-719.593
-992.106
11399.1
-3751.67
12006.8
-5106.86
13193.3
11998.8
-903.805
-620.25
10851.7
-5255.01
12549.5
11406.4
-3836.11
10800.5
-1076.07
-807.28
9733.3
-5482.66
11280.3
-3930.16
10222.4
9178.93
-895.472
10215.1
-1158.1
-3891.2
10811.5
11909.6
-5381.13
-5505.64
8916.72
9158.95
-6675.66
8258.27
-4817.23
-6403.67
8906.34
9482.9
-6490.93
-4925.87
8808.51
-6509.41
8602.99
8383.36
-5328.38
9437.27
-5777.64
9259.14
-6390.27
-5650.76
-5724.02
-5527.68
-5444.7
9831.08
-6582.67
9976.35
-5977.51
-6832.81
9742.92
-5678
9450.16
10676.2
-6579.41
-5084.86
9929.8
9365.48
-5012.78
-6545.79
10074.9
-5839.22
10002
-6980.32
10328.7
9348.05
10931.8
307.5
-126.651
-391.791
1919.93
2148.74
2529.56
-381.93
2262.98
2602.6
-136.371
279.777
4645.73
-3563.79
-2558.63
3138.08
-9297.03
5428.02
4016.41
-8338.55
-8776.32
4241.97
-9789.86
5657.52
2938.86
-2462.65
-3464.69
4448.47
3334.51
-2653.68
-3662.27
4836.36
-9685.57
4712.02
-10809.5
6104.44
5029.58
-3759.09
-2750.97
3525.72
-10294.2
5884.28
-9226.97
4477.41
-12971.3
5501.38
5154.38
-12210.2
6677.43
-14086.6
5859.53
-12852.7
-12749.7
5319.42
5616.63
-13567.9
5633.32
-12306.7
6503.49
-13475.1
4023.18
-11140.9
4063.31
-10804.7
-8841.26
-8815.91
3965.39
-10304.6
-10606.4
3976.08
-9240.44
-9315.38
-11670.3
4982.8
-12382.3
5384.86
5194.33
-11238.5
-12289.9
6135.66
6318.04
-12880.5
5413.55
-11766.4
-11805.5
5255.61
4813.48
-11135.9
-177.466
202.45
-468.248
2496.77
3074.47
3079.11
-464.579
2946.01
2981.33
245.607
-155.8
4137.35
-3059.17
-4037.96
5581.98
-11581.1
5677.5
-12974.2
6957.7
5765.38
-4129.44
-3166.19
4346.72
-12421.1
6744.59
5431.1
-11096.3
5401.98
-3947.91
-2956.59
3928.06
-11337.9
6320.22
-10150.4
4947.79
3724.87
-2851.6
5216.98
-3855.36
-10623.6
5187.22
6533.77
-11873.4
-9582.82
4289.17
4848.71
-10129.4
4321.09
-9182.2
-10040.1
5351.67
5554.68
-10578.8
-9682.92
4536.18
-9591.94
4695.7
4115.28
-9081.82
3765.77
-9341.78
3858.86
-9572.11
-8398.27
-8381.37
3920.14
-10083.3
3867.57
-9821.5
-7931.95
-7985.76
-10678.4
4986.81
-10091.5
4468.24
5946.43
-11708.6
-10711.2
4973.13
4754.88
-10193.7
-11139.8
5751.98
-10610.8
4639.64
-11236.3
5126.89
7402.35
-5625.44
-1512.1
6525.87
11430.9
-577.889
1924.65
-3317.74
-756.606
11422.5
-3882.75
12089.6
-3677.52
3234.44
-778.959
-406.388
-2593.81
11642
402041
130866
208614
212887
228481
475642
231247
-529.878
1964.55
-715.096
7827.12
1869.83
-442.493
7402.94
-669.627
8070.11
890.603
1716.72
2003.82
8548.3
-769.791
153149
352386
218625
347932
197455
176117
331612
79248.4
76046.4
128449
154019
157094
42552.6
106169
10838.5
-732.808
-4002.59
2566.34
10986.2
-620.753
-3601.5
10500.2
-3699.24
1618.19
-638.916
-725.892
-4116.15
10314.4
7639.65
-831.039
591.491
-3617.02
-894.091
7432.19
-4287.67
7891.37
-4284.89
-850.96
1479.01
-789.204
8105.38
-3650.53
-281.56
1811.29
6904.24
956.087
-341.374
1843.9
7233.41
-216.809
6721.32
-311.642
1709.84
1692.88
6427.32
-188.436
-436.587
954.346
-771.599
4208.42
954.307
-479.205
4051.88
-388.567
4420.51
1075.69
312.991
1073.51
-347.163
4592.92
4155.35
-1201.71
-609.568
-3340.41
-1269.2
3961.05
-4096.87
4366.26
-4125.25
-1226.69
253.974
-1164.06
4570.71
-3371.92
6970.8
-937.979
-4275.42
1162.09
7184.89
-876.33
-3586.54
6734.65
-3548
-923.058
275.244
-984.424
6525.79
-4261.32
-1003.63
31.8602
-1608.89
1493.04
43.1784
-1005.34
1381.24
-976.022
1678.18
155.213
-675.07
141.463
-968.916
1793.52
-569.06
837.083
3686.99
34.4311
-528.636
830.615
3832.17
-622.473
3467.75
716.01
-1009.19
717.415
-658.168
3332.8
-1303.19
-4061.12
3759.36
-65.6549
15284.6
3225.33
-1772.64
8992.3
4922.18
13288.9
3417.46
11039.4
-711.226
131.769
3307.19
12986.3
-3749.67
-323.917
24144
14836.9
23379.1
44306.1
29496.7
9030.95
22472.9
94736.2
52989.8
147052
98877.7
137468
105861
72913.7
-1070.8
3909.96
2256.98
11351.2
1226.44
10956.2
152.651
-839.198
9470.83
1648.95
-2532.19
-938.371
935.181
8635.92
6695.99
8932.27
20345.3
14918.6
23971
791.695
18115.2
14722
53597.9
85005.3
49036.1
32044.2
41433.2
34157.6
9524.56
-678.348
-3719.91
1254.63
-4230.62
9318.87
-747.111
9806.84
-4182.28
-729.289
2148.38
10012.5
-3724.98
-655.453
8832.91
-774.534
-4258.64
1804.88
9045.51
-3704.94
-711.033
8572.73
-3681.45
-747.205
915.99
8362.43
-4278.47
-810.194
-159.403
1449.35
-359.545
5815.92
1440.83
5581.7
-179.586
-160.48
5994.43
1567.17
818.119
-159.897
1575.32
6253.95
-230.844
1319.35
585.093
5182.57
1321.42
-198.244
5395.12
-266.188
4990.72
1199.81
-542.519
-303.863
1194.54
4797.93
5203.37
-1134.61
-4185.53
542.953
-3440.63
5410.9
-1073.72
4985.96
-3406.94
-1119.13
-331.307
4784.84
-4159.87
-1180.94
5843.97
-1024.06
-3476.02
-33.6491
5639.2
-4216.89
-1083.99
6076.55
-4238.66
-1032.94
847.407
6291.25
-3511.86
-973.564
-878.165
380.238
-458.007
2310.12
369.642
2426.3
-858.356
-919.793
2105.7
258.482
-1429.39
-932.955
264.833
1988.68
-789.483
485.372
-1230.67
2764.7
488.195
-815.879
2640.94
-741.04
2982.45
603.771
-222.04
-709.803
596.795
3110.07
)
;

boundaryField
{
    left
    {
        type            calculated;
        value           nonuniform List<scalar> 
290
(
-201.506
222466
-58.6518
-101.729
-201.793
-253.991
-154.718
-253.516
397404
-63807.8
250573
-50.9173
274830
-28766
-253.753
-248.715
-283.507
-1063.83
-734.761
1417.27
3103.17
-196.827
-199.573
-251.447
-254.085
-251.947
-271.531
-269.721
-244.675
-269.922
-247.117
-268.745
-250.432
93106.9
157304
3573.86
-1405.39
-270.735
171710
-7994.04
10106.2
559.907
-4075.58
122133
-219.672
-237.691
-293.166
-425.901
-390.326
-51.004
36737.4
22262.9
103.76
455.875
300.358
-170.391
-13.9575
56.3829
-50.6793
-48.5979
-202.073
-203.878
-205.132
-254.23
-279.217
-278.636
-196.125
-243.092
-210.764
-277.92
-202.953
-12607.2
284978
228.028
66.2126
-117.651
234242
136458
85313.4
24822.8
52637
13204.8
-209.929
-212.918
-251.774
-235.272
-234.985
-242.922
-236.534
-248.831
-398.076
-372.04
-277.874
-823.93
-620.915
-910.861
-608.473
-642.145
-832.994
3544.73
12327.8
24134.2
304.876
677.2
2295.04
-39.8888
-24.3415
-182.849
-201.804
-47.3527
-42.845
-252.636
-232.269
-231.073
-234.309
-233.426
-253.637
-206.527
-208.075
-278.293
-279.353
-253.853
-271.543
-282.913
-282.325
-281.68
-282.467
-270.759
-256.085
-254.338
-223.389
-279.286
-271.031
-264.999
-235.551
-264.615
-274.47
-280.798
-230.106
32287
211355
1217.27
31.9276
567.301
-1236.78
-1127.75
-1559.48
-203.569
-242.236
-401.434
175850
199914
219430
-11878.3
15672.3
17032.9
83172.1
10834.9
-5041.17
-519.645
3614.51
-1659.31
10599.1
6984.65
-1788.75
69093.6
95375.8
139408
-201.419
-143.512
-143.397
99612.4
13651.4
57847.6
-13.0423
64.9618
1.4452
-132.29
-81.1175
-47.8007
-143.323
-143.063
-202.102
411098
389000
331289
1870.56
2365.8
-5931.73
823.498
943.264
2097.64
-135.999
-132.92
-194.638
-200.642
-139.081
-137.975
-143.497
-201.16
-50.5079
-100.43
-102.184
-101.131
-50.6394
24392.8
44825.3
12491.1
42624.8
7078.52
10369.2
64843
181.048
72.1261
12.0818
267.24
129.09
283.55
93.1296
132.113
320.319
-113.804
-99.3962
-158.366
1.88523
-63.2272
-75.8165
-19.3653
-47.0194
23.0228
-49.5959
-101.575
-102.367
-101.349
-101.093
-48.8333
-202.191
-142.56
-141.473
-20577.9
-14991.6
-75319.8
434654
5248.97
1884.6
1870.61
7433.75
3321.88
7373.37
-5557.31
4794.41
3050.81
374.735
796.097
511.615
1042.41
599.595
344.329
1458.29
744.103
1497.1
-35.6294
-93.9073
-97.245
-84.1633
-89.8099
-30.7435
-188.494
-128.834
-122.321
-140.249
-139.738
-201.74
-45.4433
-100.181
-100.979
-99.3749
-99.8218
-44.1436
93265.4
127433
21142.8
36724.8
274970
320165
188333
224692
313437
348723
307966
)
;
    }
    bottom
    {
        type            calculated;
        value           nonuniform List<scalar> 0();
    }
    interface
    {
        type            calculated;
        value           nonuniform List<scalar> 
2123
(
501.78
69.2953
301.001
7556.18
214771
492.989
311.434
7380.56
5077.5
2783.77
4930.38
57.9998
2647.6
642.84
730.236
175.428
191.831
7568.02
9484.17
415.532
404.14
6289.97
6136.59
3757.59
3898.37
-81.28
553.22
-54.7785
36.014
9943.35
22320
18284.1
105.844
248.396
-60.4544
-67.139
-81.1247
-79.2073
8016.67
17636.8
453.526
344.738
6903.16
5521.93
3184.32
4479.45
575.585
943.083
109.104
16782.7
1825.36
8330.72
119.018
234.147
-72.3485
-68.2759
-74.3204
-78.1632
8350.29
59809.1
445.524
356.479
6747.03
5670.76
3318.54
4330.88
-197.224
-247.495
-247.899
-196.747
509.576
-92.792
-203.414
-153.276
-145.824
232.506
86565.7
334.107
57924.7
340.501
70.8473
274.457
-172.888
-200.514
-150.535
-225.18
-197.715
-247.575
-196.998
-248.565
-878.814
-161.837
-159.571
-867.937
7695.46
91558.3
-789.105
-104.003
-111.396
-776.555
140393
283006
469.165
314.468
-881.193
-168.401
-868.22
-972.862
-971.873
7216.1
5216.98
-784.997
-106.596
-774.33
-853.702
-851.029
-1193.57
-574.548
-1197.88
-1005.44
-332.289
-357.572
-981.29
2905.58
4771.41
-1016.86
-1018.29
-879.934
-860.067
-265.26
-1213.12
-1031.91
606.067
-215.285
2756.86
1851.54
-450.481
667.462
2375.42
-401.396
-246.105
374.381
146.021
198.063
-190.972
-245.719
-192.12
-245.914
-195.502
-247.145
-193.679
-247.653
-891.469
-891.796
-860.644
-25.2139
6513.79
8771.64
7394.53
-806.593
-109.656
-813.632
-835.147
-817.369
418.004
378.963
-899.134
-894.505
-922.241
-258.442
-903.151
6433.62
5972.57
-802.419
-161.708
-796.346
-817.825
-801.213
-1115.2
-1089.15
-1070.7
-1073.87
3599.6
4034.26
-958.774
-341.711
-366.024
-936.832
-928.229
-927.135
-280.766
-163.114
-266.785
-135.714
155.049
-510.083
1.45522
-551.085
-197.406
-248.246
-115.829
-80.6764
-80.3051
521.475
-17.0349
-38.5351
-118.478
53.8659
-189.141
87.2536
-13.0085
-17.7442
144216
31347.3
-12449.9
-69709.6
23217.3
105.832
73.7176
25469.9
80.9574
256.719
-208.147
-208.229
-208.041
-208.318
-323.677
-292.037
-291.925
-323.777
-83.3408
-64.2023
-176.448
-237.213
-230.822
-183.085
-88.5506
-65.379
-115.665
-80.1621
-197.841
-248.449
-248.82
-196.791
-115.114
-79.3687
-209.88
-209.684
-209.753
-209.349
-329.788
-220.476
-291.29
-207.045
-325.344
-293.768
-325.628
-293.335
-877.897
-870.722
323.674
-214.093
2.72691
-323.806
-639.514
-590.624
-600.69
-628.511
-997.2
99148.3
-680.249
7908.77
28042.4
-702.135
-793.078
-107.169
-120.011
-780.681
-45023.8
-57683.5
-60785.1
-29415.1
-479.617
-439.616
-475.942
-442.177
63959.1
17069.9
248778
458.405
321.757
1430.91
-883.328
-873.76
-540.899
-493.081
-495.258
-538.994
-589.383
-558.866
-597.604
-551.851
-962.587
-287.767
-311.324
-938.388
7052.59
5361.37
-700.959
-787.371
-132.933
-133.478
-777.447
-397.604
-350.174
-355.089
-393.083
-455.354
-422.587
-460.624
-417.644
-845.294
-825.061
-752.588
-1177.91
-1149.26
-1070.48
-531.602
-485.841
-483.343
-533.784
-918.39
-1016.82
-373.843
-1017.06
-514.552
-451.579
-454
-512.723
3034.73
4619.03
-849.077
-1004.31
-400.236
-424.442
-980.346
-878.425
-370.419
-330.972
-375.652
-324.475
-889.754
-279.973
-886.845
-759.115
-307.616
-247.979
-301.423
-253.979
-1082.84
-199.74
-219.252
-202.564
-223.656
-295.214
-133.158
-154.897
-313.065
-235.328
-270.173
-258.553
-241.725
213.226
-596.165
-528.901
379.82
-624.291
465.799
-577.125
1140.38
-1016.21
2497.9
-1439.33
1675.32
590.963
424.734
-257.267
-100.855
234.427
167.644
489.802
1135.48
327.915
266.451
9930.34
-175.163
35319.9
-120.521
-314.299
1062.9
2873.76
1106.2
1912.12
4341.53
127.088
208.811
-244.82
-256.52
-256.005
-245.548
-302.447
-294.155
-292.878
-303.444
-189.392
-240.777
-185.418
-243.823
-104.985
-70.1899
-102.494
-68.8073
-196.699
-248.029
-196.432
-249.096
-111.579
-75.3149
-112.672
-76.4835
-113.656
-212.976
-209.4
-209.932
-211.702
-247.617
-258.091
-247.148
-258.934
-250.47
-258.245
-247.688
-261.782
-323.188
-139.253
-322.409
-152.677
-308.926
-297.985
-282.399
-331.608
-285.494
-305.575
-275.174
-313.704
-305.077
-295.84
-305.153
-295.597
-328.754
-292.881
-296.327
-324.538
-308.822
-295.487
-299.532
-304.929
7249.62
138.783
1774.94
6026.57
-886.382
119.835
-869.798
12923.7
15911.5
7875.6
20161.1
584.056
-559.279
587.126
-475.712
-670.743
-567.466
500.941
2206.77
-710.837
3674.81
-859.164
3909.64
634.942
-679.391
-2408.12
6897.81
-727.434
-696.153
-692.992
-732.871
42171.5
38159.7
26667.5
60436.8
1927.17
-13987.7
-8197.24
3700.1
-728.158
2179.86
3469.46
-715.838
-685.041
-663.165
-649.611
-699.17
2581.47
18655.5
12176
7838.34
67920.4
48663.5
-12.3468
-710.958
1390.74
9408.81
-8274.59
-684.356
66946.4
38882.9
39982.9
69135.5
13381.2
-9965.63
-12596
6245.53
8158.99
21003
-682.799
-663.237
-665.717
-680.336
-800.26
-784.794
-710.983
-680.387
-663.586
-663.294
-680.091
-25220.9
-24130.7
-17311.9
-34356.6
-532.754
29725.3
15909
-509.758
-544.738
-573.61
-552.966
-565.004
-561.432
-583.831
-588.198
-557.573
-490.687
-2524.7
-495.143
-456.109
-565.953
-592.735
-590.682
-568.709
3309.74
7630.16
-82.6948
69267.6
89605.3
55924.9
110924
-648.327
-642.544
-660.603
-632.324
424.088
363.616
3410.44
-803.91
3601.06
-795.864
1066.82
-893.283
-198.231
-876.341
1936.12
-788.488
-791.1
1905.03
-547.711
-509.007
-551.431
-505.062
-657.663
-694.474
-694.337
-657.445
-656.162
-690.859
-657.737
-689.853
-681.863
-718.171
-690.258
-709.347
-568.625
-524.774
-564.042
-528.273
-667.354
-693.374
-697.457
-663.335
-931.544
-928.95
195.771
-261.114
-808.682
-805.021
-294.514
726.682
-791.727
750.952
-792.271
6583.81
5816.69
-676.085
-659.862
-678.236
-656.9
-797.602
-781.706
-713.597
-677.114
-654.955
-655.37
-677.678
-414.003
-378.951
-419.545
-373.392
-505.05
-539.252
-541.478
-501.947
-514.633
-551.333
-518.514
-548.215
-542.64
-574.32
-546.972
-570.322
-440.271
-396.624
-435.651
-400.974
-532.233
-558.884
-562.422
-528.398
-824.304
-818.463
-196.244
-689.032
-659.696
-658.46
-691.508
-682.821
-656.063
-681.993
-655.714
-1015.42
-1130.52
-1134.08
-953.156
-921.64
-913.879
-962.027
-923.986
-882.174
-916.16
-888.468
-663.325
-703.132
-662.485
-704.753
-526.712
-473.538
-474.807
-525.506
-669.517
-717.163
-714.96
-671.09
-1057.24
-1029.47
-964.932
-857.879
-828.317
-852.903
-832.282
-882.849
-859.974
-890.646
-853.612
-688.606
-747.311
-744.404
-690.398
-518.409
-464.865
-461.872
-520.48
-679.97
-728.64
-731.688
-678.216
3452.6
4175.19
-969.739
-387.227
-968.487
-381.953
-745.866
-695.434
-692.306
-750.832
-731.996
-680.633
-728.18
-683.06
-489.769
-533.295
-493.129
-531.111
-352.541
-298.672
-345.471
-304.883
-481.456
-524.223
-525.969
-478.53
-785.322
-918.323
-896.223
-702.447
-663.828
-699.666
-665.057
-712.515
-673.314
-716.22
-671.04
-461.273
-514.065
-515.11
-459.067
-324.962
-279.768
-330.319
-273.244
-468.075
-519.597
-518.088
-470.759
-205.011
-363.709
-615.452
-81.9618
-228.863
-330.779
-230.872
-228.926
-286.405
-215.34
-325.182
-333.705
-330.933
5139.24
2994.45
-634.043
-17.6076
64846.8
-39728.1
-682.763
-649.731
304365
-717.106
-304.541
-702.159
-35015.4
-456.341
-508.779
-498.082
20431.9
2351.64
-578.972
-578.193
-612.457
-638.337
-514.572
-703.235
-698.906
-436.299
-422.082
-478.387
-493.038
-734.185
-1028.9
-573.738
-576.198
-887.746
-570.246
-570.13
-402.752
-415.69
-778.406
-360.364
-346.845
-254.078
-228.212
-203.717
-360.14
-389.819
-218.921
-265.755
-266.083
-235.895
-288.92
-632.881
40.5712
-28.0958
-677.151
420.974
-1076.47
771.151
-3522.93
1230.26
-2091.03
-269.149
-237.53
-284.42
-308.817
-230.954
-235.978
-239.911
-269.523
-237.731
-272.121
-240.158
-276.638
-245.081
-271.66
-252.356
-376.11
-227.453
-349.168
-338.572
-238.127
-239.563
-327.557
-320.671
-281.112
-304.434
-304.529
-312.345
-285.031
-309.139
-287.662
-332.183
-337.349
-310.631
-292.067
-287.028
-316.053
-434.734
2995.74
7840
-731.975
7925.28
14750.5
3227.15
24562.1
11471.3
7726.78
-691.712
78.3099
-686.179
87.2359
1403.81
-722.897
2053.81
-5054.45
1520.57
-730.547
-752.327
2379.54
17384
-763.043
104449
-29447.4
184868
-89727.1
45737.5
36397
19590.7
67963.9
-792.853
6337.96
4110.32
-914.562
-714.005
-755.968
2306.72
-683.155
-698.612
-741.307
-729.889
19146.6
5890.24
8526.98
34930.7
-893.199
-391.508
105836
8539.43
264869
-69962.8
205768
-76964
107902
44104.6
35430.5
91115.6
-928.573
8123.94
13080.9
-922.142
-610.564
-631.006
-633.57
-611.528
-703.774
-611.908
-627.955
-637.148
-605.523
-31280.7
-517.856
-18011.8
81606.2
7431.7
-471.237
-17982.1
-598.887
-544.685
-569.095
-539.42
-602.323
-606.782
-529.843
-512.634
-518.589
-543.358
-602.685
-610.045
-545.937
-656.207
-716.395
24650.3
120034
20290.6
217065
-562.497
-622.53
-600.727
-587.399
-721.653
2362.28
-724.864
-120.599
560.856
-719.207
-752.175
-205.356
-726.55
-580.987
-588.618
-620.239
-731.522
-721.09
-621.645
-621.826
-716.243
-626.219
-720.537
-647.39
-744.189
-671.393
-728.823
-606.427
-591.829
-641.246
-718.341
-722.494
-629.108
-119.978
-750.158
-771.729
-757.934
-771.701
-745.158
-749.906
-729.185
-756.936
-610.558
-626.037
-608.5
-621.498
-703.341
-610.859
-616.789
-618.906
-617.563
-440.976
-456.004
-474.996
-570.779
-573.921
-463.087
-479.08
-580.193
-491.57
-575.875
-512.083
-597.595
-524.985
-590.846
-473.822
-461.247
-507.768
-582.791
-587.725
-496.221
-729.691
-716.782
-630.482
-612.943
-612.617
-642.281
-627.88
-614.978
-618.806
-613.678
-978.236
-891.569
-866.354
-844.436
-924.792
-881.348
-818.047
-849.841
-838.766
-622.314
-733.499
-620.965
-746.401
-572.988
-571.896
-622.448
-764.357
-749.644
-625.274
-928.632
-802.741
-774.458
-777.211
-791.247
-810.772
-813.527
-839.822
-795.172
-630.053
-806.55
-788.839
-634.366
-570.949
-570.986
-629.624
-767.938
-784.567
-625.451
-840.409
-815.966
-708.908
-628.679
-623.007
-729.704
-703.018
-618.068
-685.373
-621.815
-447.63
-569.65
-458.763
-567.621
-397.918
-382.163
-443.766
-565.434
-566.66
-431.741
-808.85
-659.743
-612.879
-646.085
-614.113
-664.287
-617.251
-680.405
-614.479
-414.281
-566.819
-565.226
-404.252
-364.934
-377.397
-417.772
-565.013
-565.103
-427.898
-872.323
-934.313
-581.707
238646
87870.3
-187.122
-322.455
-320.054
-124.274
-231.938
-231.11
-441.916
-436.886
-242.374
-597.508
-457.012
-77.7496
1938.61
8484.68
-458.031
-487.995
-440.222
-433.419
-85.4922
-23.4955
-58.9393
-224.246
-223.813
-235.475
-159.633
-165.6
-185.888
-329.864
-326.804
-180.45
-285.575
-355.637
-190.495
-166.064
-382.505
-581.85
78.9243
-103.719
-538.795
-557.096
-37.1411
-242.03
-241.941
-116.062
-123.829
-147.381
-58.418
-121.944
29.561
111.715
151300
288.516
415.011
34.0912
-532.336
-560.12
-379.222
-227.621
-209.559
-228.131
-209.168
-329.514
-293.038
-329.482
-324.996
-66.2995
-213.978
-95.1095
-242.083
-116.093
-242.953
-242.801
-114.515
-229.924
-211.295
-209.37
-229.603
-209.142
-210.842
-279.079
-332.567
-185.265
-268.835
-262.627
-234.396
-205.88
-323.719
-331.654
-327.286
-292.938
-242.861
-331.623
-324.959
-294.865
2566.03
4603.84
2855.49
3407.24
2064.88
1852.21
-375.166
393.706
-180.609
-123.827
40.0334
-102.698
-346.293
-33.4161
-704.39
31341.1
-6609.55
-675.022
-655.084
-669.516
-581.012
-618.536
-657.665
-619.955
-693.436
214744
-488.061
-255.28
10255.8
28010.6
-703.934
-936.075
-938.172
-934.05
-702.736
-896.45
-43398.7
-26449.4
-60701
-56874.1
-980.346
-21650.5
-505.649
-484.117
-433.822
-502.227
-470.671
-447.702
59417.7
78153.8
40495.4
138713
130675
257270
-192.343
-194.058
1288.04
1621.23
1173.75
2048.33
1455.52
1598.74
-542.168
-578.796
-491.849
-498.351
-577.038
-538.017
-619.504
-581.287
-570.762
-627.93
-608.734
-542.133
228.897
-423.673
311.087
-836.319
145.397
72.7119
-203.977
-223.868
-701.416
-642.926
-626.458
-706.298
-700.454
-778.178
-402.164
-431.628
-343.336
-361.229
-427.468
-385.909
-483.534
-449.029
-429.316
-488.256
-465.917
-411.219
-741.342
-975.295
-969.463
-984.244
-747.879
-993.591
-999.191
-1044.39
-912.698
-1056.77
-1073.02
-1151
-530.397
-574.148
-489.29
-480.441
-575.483
-535.879
-159.273
-908.024
-234.1
-899.307
-86.1395
-4.89523
-516.012
-570.803
-450.224
-456.97
-569.821
-512.41
-283.39
-859.663
-1115.38
-1105.89
-1128.22
-869.544
-1141.84
-408.034
-363.099
-337.205
-412.647
-380.141
-317.458
-773.247
-1013.59
-1022.73
-1006.4
-765.983
-1002.1
-356.395
-312.612
-241.412
-351.782
-296.31
-259.925
-1220.98
-240.349
-221.843
-207.741
-232.626
-241.496
-207.173
-301.443
-210.904
-390.689
-139.563
-148.974
-360.419
-208.957
-308.186
-227.165
-268.972
-253.944
-280.819
-251.422
-244.593
-282.477
-253.079
216.233
-648.842
36.4078
-519.624
-600.539
-31.2613
-660.382
403.117
563.5
-658.497
-628.765
224.516
943.642
-676.316
770.805
-675.652
2576.51
-5096.56
1171.35
-1475.82
1713.27
-3142.11
-75.1498
4473.35
-427.14
-129.257
294.254
79.4993
47179.6
3901.02
-515.647
-507.176
-393.844
-421.002
-236.548
-268.713
-256.902
-267.909
-237.014
-246.136
-307.96
-284.191
-294.655
-283.329
-307.764
-304.179
-107.6
-231.534
-98.8876
-243.024
-110.02
-242.128
-232.663
-210.839
-214.848
-230.306
-216.868
-210.088
-239.127
-248.41
-257.292
-270.435
-238.459
-246.328
-259.798
-270.893
-241.899
-248.588
-264.533
-270.405
-239.004
-253.533
-259.813
-274.127
-246.817
-325.153
-135.216
-364.987
-235.366
-323.422
-155.18
-348.247
-332.247
-315.029
-242.461
-290.434
-296.623
-337.924
-321.052
-316.381
-290.209
-296.31
-291.098
-310.291
-266.341
-317.827
-300.933
-310.309
-306.682
-295.048
-285.789
-310.043
-304.634
-297.276
-286.411
-325.705
-335.395
-241.302
-297.608
-293.448
-243.807
-331.016
-330.68
-305.389
-314.242
-285.695
-302.307
-295.989
-289.766
-309.041
-311.335
8525.95
-742.014
4454.75
-708.227
2895.36
5894.62
-735.717
5008.09
8201.85
4521.12
3982.22
7826.53
14845.8
7622.23
11952.3
2168.1
21183.3
18111
6876.91
13640.5
11221.5
21383.3
-689.495
644.697
-536.989
93.4431
-691.61
515.68
-496.662
80.0812
1220.03
-708.735
4011.57
270.168
3102.23
-673.533
1761.16
-707.164
3206.86
-2783.71
1729.4
-1930.2
4792.52
-2773.38
1618.03
-698.571
1669.02
-4057.11
2315.48
10601.1
-724.022
8468.78
-705.463
-687.706
557.426
-740.605
129698
-66938.4
161089
-57879.2
35258
49748.9
37939
37793.8
20189.7
24667.3
73895.6
60745.8
4232.88
-845.745
5906.2
-9786.47
-8952.42
4094.8
-872.946
2932.1
-739.046
-701.711
-759.475
150.964
6057.62
287.391
-689.427
-709.899
-671.326
-711.752
-681.442
-634.871
-726.987
-716.109
-659.112
256.972
15394.2
22493.8
9242.04
8246.98
4771.57
12155.6
46745.8
87579.6
39103.1
31909.1
15279
17768.3
-772.777
28873.1
9247.61
-551.686
60528.1
-29082.2
-760.523
5320.37
241772
-69122.4
227223
-91660.5
90119.4
101196
39284.8
43208.5
20505.2
43792.1
75656.7
72691.6
22335
-8874.35
9186.6
-14963
-3868.49
10357.3
-947.085
4577.04
-118.367
-119.889
708.511
-681.322
-613.344
-631.008
-665.279
-664.588
-634.472
-611.428
-683.264
-941.755
-706.699
-937.445
-707.465
-940.321
270.923
-683.569
-611.265
-634.466
-659.228
-666.821
-634.15
-608.749
-677.644
-18339.4
-39629.9
-14919
-6596.6
-5459.99
-47365.9
-524.757
-521.84
47944.4
42133.7
3441.95
30383.1
-493.439
-486.204
-526.867
-538.205
-583.903
-588.432
-534.067
-563.091
-556.978
-578.797
-562.737
-537.445
-603.34
-581.81
-588.55
-606.864
-533.558
-555.121
-514.834
-486.982
-8992.73
-518.434
-1651.49
-450.185
-566.409
-544.22
-608.617
-587.697
-592.032
-607.645
-547.843
-565.49
13573
-692.265
26502.5
-708.883
7516.3
2017.68
35408.8
57388.3
77632.1
154949
20484
45575.1
109315
183653
-582.99
5020.87
-657.671
-610.266
-592.585
-674.208
-614.188
-599.965
-217.749
-275.764
-272.159
-721.454
2668.07
-807.03
1141.1
-725.045
4472.96
-797.157
911.89
954.14
948.695
1048.59
838.935
601.484
752.396
2590.53
-723.309
-750.183
-791.804
-790.772
-754.082
-723.723
1308.7
-582.854
-544.834
-514.383
-586.059
-555.086
-501.256
-655.91
-621.236
-726.511
-698.285
-690.958
-725.358
-619.799
-660.265
-622.291
-657.044
-689.705
-718.245
-625.066
-658.409
-691.515
-717.676
-653.388
-677.028
-371.614
-739.54
-662.3
-698.07
-705.744
-730.884
-600.8
-575.39
-518.188
-596.161
-558.767
-536.9
-670.608
-636.971
-718.196
-692.435
-698.957
-721.893
-632.256
-661.343
-176.726
476.162
395.693
566.361
203.393
653.77
198.931
-759.162
-764.835
-817.41
-799.875
-763.121
-764.615
-732.505
-739.964
227.327
-789.491
-752.589
-735.869
1287.44
-798.191
-752.487
-139.483
-158.13
-196.452
-610.527
-677.762
-661.19
-625.178
-610.484
-679.177
-657.703
-622.21
-639.111
-707.355
-614.761
-711.061
-663.584
-722.202
-676.941
-614.397
-616.918
-656.749
-655.952
-618.386
-615.86
-680.989
-446.096
-407.01
-385.497
-450.96
-424.399
-366.429
-508.446
-471.155
-571.525
-537.434
-543.768
-572.509
-467.413
-499.265
-483.338
-511.66
-553.796
-578.56
-487.512
-521.9
-546.339
-576.673
-516.49
-539.358
-577.169
-595.663
-520.891
-550.719
-567.946
-592.389
-469.754
-444.425
-390.757
-465.375
-429.664
-406.551
-535.541
-504.369
-583.708
-556.907
-564.624
-586.161
-500.039
-525.656
-928.221
-726.31
-963.088
-721.867
-854.905
-776.857
-687.607
-635.266
-612.721
-662.258
-658.052
-612.49
-639.072
-695.816
-625.452
-686.087
-656.397
-614.637
-622.941
-681.398
-657.681
-613.597
-766.707
-1004.38
-842.971
-991.433
-694.897
-610.717
-943.189
-904.584
-857.791
-932.577
-905.607
-852.402
-914.202
-974.024
-871.907
-934.944
-874.615
-825.475
-861.757
-907.471
-898.571
-830.928
-621.222
-665.891
-698.994
-738.689
-621.8
-660.461
-708.264
-741.028
-528.514
-572.843
-471.007
-478.234
-572.206
-524.7
-666.855
-623.784
-758.999
-721.019
-710.204
-755.351
-624.051
-673.801
-388.489
-942.604
-306.535
-954.575
-465.127
-537.849
-794.431
-868.167
-821.486
-780.739
-787.344
-772.302
-841.452
-783.921
-822.323
-874.237
-869.042
-806.383
-831.111
-900.86
-846.42
-801.955
-685.11
-632.166
-800.295
-752.08
-738.902
-795.751
-632.393
-693.874
-518.313
-570.613
-468.054
-459.747
-571.436
-522.228
-683.42
-627.647
-774.426
-723.49
-736.148
-778.695
-627.477
-675.058
-294.706
-317.494
-833.898
-1084.5
-1095.35
-1076.04
-825.238
-1068.68
-742.033
-716.511
-626.533
-700.232
-689.557
-624.7
-723.09
-757.919
-697.93
-737.625
-679.158
-619.02
-692.09
-725.464
-686.806
-620.13
-451.692
-487.388
-535.468
-568.645
-455.532
-496.26
-529.846
-567.952
-393.444
-357.475
-292.241
-388.318
-340.145
-311.144
-484.634
-440.213
-565.419
-522.931
-527.938
-566.009
-436.051
-476.28
-794.545
-1038.63
-1031.21
-1048.9
-802.107
-1060.03
-656.135
-706.827
-663.534
-613.206
-651.252
-698.364
-667.904
-613.495
-670.613
-709.967
-677.053
-616.103
-675.541
-721.83
-669.706
-615.3
-463.846
-411.207
-565.436
-513.755
-516.253
-565.271
-407.714
-457.733
-370.063
-318.024
-285.961
-374.503
-334.706
-266.16
-466.196
-421.567
-564.508
-521.181
-517.326
-564.384
-424.952
-473.532
-939.956
-982.644
)
;
    }
    procBoundary2to0
    {
        type            processor;
        value           nonuniform List<scalar> 
47
(
-244.599
-246.1
-262.864
-204.749
-62.737
-200.938
-200.938
-200.938
-244.599
-244.599
-244.599
-267.011
-267.011
-267.011
-226.763
-246.1
-246.1
-226.763
-226.763
-274.176
-262.864
-262.864
-274.176
-274.176
-168.955
-103.342
-210.535
-145.093
-103.342
-103.342
-98.5344
-209.956
-224.484
-200.956
-315.548
-329.221
-239.657
-239.657
-292.348
-243.747
-239.347
-258.823
-267.14
-306.342
-313.092
-293.279
-285.592
)
;
    }
    procBoundary2to3
    {
        type            processor;
        value           nonuniform List<scalar> 
328
(
-213.182
-213.182
-213.182
-282.868
-282.868
-282.868
-282.868
-91633.4
-12173.9
-7157.11
-165.691
-165.691
-165.691
-166.403
-166.403
-166.403
13003.4
11702.5
-163566
-120143
-82741.2
12953.7
-2913.68
-1736.44
-7685.1
8676.64
8792.08
-11640.6
11551
12346.1
12236.3
-1159.72
-835.739
13705
-1613.68
-2635.74
8382.99
8194.22
5669.57
11727.4
-722.124
-970.48
-285.335
-172.531
-172.531
-172.531
-759.238
517.117
-285.907
-1199.23
-133.682
-1101.96
-14859.8
-13510.6
-5658.85
-5190.77
-170.096
-170.096
-170.096
2252.8
-1270.75
-2911.43
579.357
-4109.22
20962.9
-437.368
7638.65
17299.3
-14981.2
-21457.1
-31227.5
-563.917
-15114.2
-8925.9
-9353.1
10045.9
10173
-9928.1
10690.1
10464.2
13490.1
-1193.06
-1751.66
13767.1
-1963.3
-1312.11
6824.71
7179.43
6791.42
6384.77
10087.8
-461.445
-396.436
9527.44
-299.138
-304.377
-269.605
-188.314
-188.314
-188.314
-424.442
23.7219
-232.146
-464.813
-232.38
-20396.9
-24956.3
-12662.7
-6639.79
-4310.81
-165.145
-167.338
-167.338
-167.338
156673
-58150.3
-44121.4
-45422.8
-40128.3
-43809
-58150.3
11507.3
13842.8
-75672.9
-69079.5
-71941.1
11167.3
-2189.4
-3275.81
-8228.55
9211.85
9170.3
-11083
11760.6
11242.7
12708.7
-955.253
-1350.3
13952.7
-2398.19
-1524.78
7728.95
7975.82
6040.28
5543.77
11194
-791.156
-612.709
8419.86
-112.56
-28.8003
-297.335
-177.405
-177.405
-177.405
231.546
-474.16
-363.623
-316.396
-704.97
-7947.98
-11581.6
-13155.9
-6139.38
-4739.18
-168.516
-168.516
-168.516
-30323.5
10855.1
-6866.81
-17484.8
1690.08
22257.5
37128.3
15028.1
10361.6
-42219.1
-55141.2
-40869.2
7343.96
-4160.79
-5605.89
-8783.28
9663.8
9633.54
-10506.7
10871.1
11215.2
13130.5
-1544.58
-1077.72
13938.5
-1423.67
-2173.77
7575.05
7267.98
5961.09
6411.31
10644.6
-503.163
-623.222
8969.95
-156.188
-206.824
-107.95
-268.358
-195.814
-130.016
-386.482
-59.4258
23.7219
-424.442
-142.608
-144.207
-142.739
-144.007
-143.882
-143.53
-145.892
-58150.3
156673
-43809
11702.5
13003.4
13842.8
11507.3
-82741.2
-120143
-71941.1
-69079.5
-1736.44
-2913.68
-3275.81
-2189.4
8792.08
8676.64
9170.3
9211.85
12346.1
11551
11242.7
11760.6
-835.739
-1159.72
-1350.3
-955.253
-2635.74
-1613.68
-1524.78
-2398.19
8194.22
8382.99
7975.82
7728.95
5669.57
5543.77
6040.28
-970.48
-722.124
-612.709
-791.156
-28.8003
-112.56
-155.106
-143.797
-139.421
-167.723
517.117
-759.238
-474.16
231.546
-144.544
-150.939
-146.786
-144.892
-1270.75
2252.8
10855.1
-30323.5
-437.368
20962.9
37128.3
22257.5
17299.3
7638.65
10361.6
15028.1
-31227.5
-21457.1
-40869.2
-55141.2
-8925.9
-15114.2
-5605.89
-4160.79
10173
10045.9
9633.54
9663.8
10464.2
10690.1
11215.2
10871.1
-1751.66
-1193.06
-1077.72
-1544.58
-1312.11
-1963.3
-2173.77
-1423.67
7179.43
6824.71
7267.98
7575.05
6384.77
6791.42
6411.31
5961.09
-396.436
-461.445
-623.222
-503.163
-304.377
-299.138
-206.824
-156.188
)
;
    }
    procBoundary2to6
    {
        type            processor;
        value           nonuniform List<scalar> 
65
(
-5203.82
3025.43
3598.18
-2158.4
7259.5
1175.66
-4716.21
-5665.96
4543.92
4030.9
-4716.21
-4716.21
-4650.42
4770.71
-4548.59
-15.2978
2226.76
1089.96
-870.878
-4548.59
-5405.23
2226.76
4241.27
-4548.59
-4548.59
-4548.59
3291.23
4263.75
-681.207
-375.202
1403.48
2026.11
-1031.3
-4957.08
-5816.24
7900.52
-130.327
-6639.34
-8080
3415.18
6571.2
-6306.33
7729.63
7873.27
-6336.02
3774.42
-8805.38
-3364.24
2747.02
-9494.56
4097.85
3928.91
-9062.91
-3803.84
8301.79
-6306.33
7438.33
-1234.79
1089.96
-1031.3
3564.79
-1240.08
-3316.38
-1031.3
-82.6234
)
;
    }
    procBoundary2to7
    {
        type            processor;
        value           nonuniform List<scalar> 8(-3896.5 5154.01 7877.97 106.179 -28.5482 5154.01 -28.5482 106.179);
    }
}


// ************************************************************************* //
