/*--------------------------------*- C++ -*----------------------------------*\
| =========                 |                                                 |
| \\      /  F ield         | OpenFOAM: The Open Source CFD Toolbox           |
|  \\    /   O peration     | Version:  2012                                  |
|   \\  /    A nd           | Website:  www.openfoam.com                      |
|    \\/     M anipulation  |                                                 |
\*---------------------------------------------------------------------------*/
FoamFile
{
    version     2.0;
    format      ascii;
    class       volScalarField;
    location    "0.105/solid";
    object      sigmaMax;
}
// * * * * * * * * * * * * * * * * * * * * * * * * * * * * * * * * * * * * * //

dimensions      [1 -1 -2 0 0 0 0];


internalField   nonuniform List<scalar> 
3125
(
-189.331
1.34116e+06
597.735
1.16304e+06
707775
995767
-225.977
358.291
-189.517
263.162
-225.266
1.30878e+06
799.073
-28792.2
93159.7
600486
1.28721e+06
1.45133e+06
1.21529e+06
-51891.7
36817.7
1.59879e+06
1.32057e+06
1.01561e+06
1.28826e+06
84253.8
91861.2
988463
1.26813e+06
981179
1.1974e+06
46698.3
38351.8
928721
687294
83442.4
969008
77390.1
688567
962382
653924
48020.1
911084
56432.6
689392
669331
670998
637391
-52.8197
-216.08
61.129
704.39
4043.34
1.48257e+06
13423
1.51732e+06
16624.9
839632
858860
-236.264
-251.466
-167.279
-174.207
-236.36
-227.928
-24.2259
-180.506
-224.801
-251.31
-206.451
-239.879
738191
1.45349e+06
818294
102.359
13454.1
4587.28
-693.797
83991.2
466645
612461
26.5406
547163
90657.2
602174
1.50162e+06
23494.2
670507
836420
-119.281
1.4125e+06
1.43533e+06
551500
1.33317e+06
595619
19628.3
383683
384114
361705
24904.9
383680
1.35491e+06
629431
601775
1.17681e+06
1.15645e+06
713782
1.1466e+06
643330
86931.9
412300
461106
529410
87989.4
477761
1.12659e+06
553850
620596
1.13345e+06
1.11426e+06
536720
1.07141e+06
492431
42906.7
295143
319961
353466
41748.7
328270
1.05342e+06
434551
477869
816150
386249
447101
396385
81003.8
349750
834969
532039
467964
290577
80153.6
334608
814211
832491
772021
321451
363392
286879
51915.5
262060
789197
420214
377513
228878
53141.4
253772
-84.9114
-145.723
13.2163
164.299
256.195
-57.0328
1.4023e+06
553.321
2521.05
1837.89
1.58514e+06
100750
48081.5
763649
936625
-198.755
-259.568
358.979
-45.0778
71.2573
-56.9234
-187.783
-54.5699
-199.144
-199.235
136.319
-3.08425
-76.6232
-259.083
-223.284
-257.388
1.03685e+06
1.37011e+06
1.08827e+06
492.524
2109.02
1456.22
-36943.1
24260.8
73628.6
132749
19856.9
197760
93984
202295
1.60918e+06
-78937.6
933139
1.22467e+06
170578
1.34305e+06
1.33236e+06
945890
1.26757e+06
987375
16546.9
555.458
29539.4
81843.5
34499.4
79737.7
1.32801e+06
1.12086e+06
1.07544e+06
1.2588e+06
1.07558e+06
1.01962e+06
1.22725e+06
970926
85091.2
160802
165130
192944
90475.5
188050
1.04724e+06
782132
827593
1.21049e+06
1.03791e+06
930481
1.14351e+06
889287
45394.3
89704.1
88923.6
83278.3
39548.6
84378.9
981897
723691
764062
741866
545261
587012
156535
82638.9
152318
911092
765841
721195
127916
78349.2
131889
741869
906327
704048
512587
550945
90411.2
49340.2
91031.1
858507
709741
669736
92297.8
55411.8
92421
530032
499813
-188.918
-174.469
-67.8545
-147.193
-148.621
-205.624
-191.531
-186.029
49.3363
473.501
403.381
314.286
2078.38
391.402
357.456
3327.7
480.27
1.4233e+06
3474.26
7419.25
2673.82
1.65345e+06
73914
11111.6
28319.4
782483
917068
-220.288
-263.619
-92.8896
-32.604
29.0005
-187.136
-41.4171
-53.0432
-195.547
-198.417
-220.579
-235.848
-220.469
-214.817
-233.633
-219.05
38.9766
-138.576
-116.687
-123.746
-220.946
-173.453
-193.685
-230.208
-190.748
-263.285
-250.217
-261.791
-218.235
-242.861
-252.982
-247.128
-249.005
-257.902
940319
763862
972995
1.39225e+06
1.17028e+06
1.10806e+06
788768
1.04546e+06
1.00615e+06
242.228
568.684
858.114
4421.28
9393.76
2385.71
396.546
5523.68
959.165
1210.51
662.496
26746.1
73011.7
205053
200655
266500
525503
167242
317837
94791.4
395681
640204
405686
704.223
63437.7
44909.1
361840
565569
372961
93637.4
207368
205682
582827
392635
382856
1.57678e+06
1.20345e+06
1.30127e+06
152822
10500.2
81170.7
865624
743606
224824
980163
234374
1.07586e+06
885030
1.14752e+06
2226.12
76030.1
70491.4
1.36159e+06
1.52671e+06
751599
566645
773179
1.28521e+06
1.04879e+06
1.00433e+06
580128
816303
793670
18914.6
61305.1
48767.5
152597
349491
134870
185900
381891
171710
192305
369960
193866
30805.7
70390.2
76213.4
376624
192518
193903
1.43021e+06
1.06878e+06
1.07914e+06
922095
577678
821312
830535
613588
847279
1.23824e+06
1.09569e+06
909206
689798
878758
1.20699e+06
906897
954191
666384
819548
848944
85975.4
174000
169524
277343
428390
287397
307897
444654
297579
350816
511839
339797
89169.6
178571
183256
494668
318361
328996
1.06698e+06
890331
844026
705089
575878
733303
790510
598121
761771
1.19121e+06
1.05692e+06
730398
521818
709167
1.12545e+06
833474
874432
507087
667103
688091
44124.1
87204.6
88084.7
173281
303407
175863
180854
311676
178382
190331
345008
188042
40644.2
86296.2
85363.1
336626
183286
185689
999727
818963
778286
584079
448937
604706
646215
463374
625420
760282
645426
602589
489607
406225
515382
568036
426516
541532
267417
380649
257620
81829.9
144025
148150
365101
238434
247958
891932
661297
705088
677133
510446
649434
594868
489084
622009
201851
305009
210760
79271
139942
135897
319690
229056
219830
759821
887765
720932
603081
564062
422718
335353
442448
482345
349336
462330
170628
278612
167898
50643.5
91958.8
91550.4
270339
162175
165082
841080
616491
656051
563536
405928
543087
502484
391692
522732
149546
237179
152859
54309.4
92245
92401.7
245479
159170
156067
-153.407
-188.201
-189.609
-139.414
-189.12
-152.811
-139.471
1.3616e+06
1154.53
555.089
778.033
1020.13
703.157
1288.12
926.657
469836
1.52563e+06
629451
737260
447578
1.14223e+06
341053
726279
975978
249.1
339.19
500.782
155.966
454.283
275.4
169.421
-152.324
-187.881
-139.391
-189.136
-152.551
-187.329
-139.157
1.31857e+06
1.34602e+06
1.21556e+06
1.32911e+06
1.36785e+06
1.2347e+06
1.29706e+06
1.30604e+06
1.58833e+06
1.05384e+06
1.12346e+06
1.1373e+06
1.23289e+06
1.13993e+06
1.153e+06
1.03972e+06
1.30714e+06
1.43112e+06
1.42896e+06
1.57719e+06
1.3364e+06
1.41958e+06
1.5086e+06
1.29999e+06
1.03553e+06
1.25421e+06
1.32415e+06
1.19621e+06
1.26792e+06
1.27537e+06
1.30256e+06
1.1772e+06
989118
1.00798e+06
1.00973e+06
917488
1.03008e+06
935572
969410
1.24898e+06
1.00003e+06
1.01087e+06
1.10673e+06
1.1213e+06
1.17951e+06
1.02533e+06
1.09014e+06
1.10518e+06
819588
946399
858685
876356
874955
892584
804964
685075
705358
697082
638255
715761
654975
667069
930214
949637
989468
899411
969286
949747
881468
706231
943630
589447
670544
605508
622631
620805
638060
575453
775762
893507
842412
860151
790341
826239
843982
678536
621586
649167
590263
607268
561506
1.46568e+06
6480.83
7614.33
15795.2
9360.38
9650.83
5612.97
6212.63
1.52675e+06
22451.7
18370.4
9224.59
12040.3
11243
34769.5
19761.6
820475
878173
-96.9134
-150.773
-142.767
-118.083
-116.258
-121.22
-104.943
-137.827
-181.645
-158.354
-125.789
-128.665
-169.218
-131.248
1.44432e+06
1.43834e+06
1.508e+06
1.35843e+06
1.48934e+06
1.46073e+06
1.34161e+06
1.51009e+06
1.4987e+06
1.56438e+06
1.40506e+06
1.55694e+06
1.5269e+06
1.41132e+06
1.39752e+06
1.44971e+06
1.11855e+06
1.31935e+06
1.23934e+06
1.23702e+06
1.22396e+06
1.22543e+06
1.12871e+06
1.13749e+06
1.36862e+06
1.2604e+06
1.24567e+06
1.27768e+06
1.25313e+06
1.13416e+06
1.19724e+06
1.13613e+06
1.15014e+06
1.16666e+06
1.17492e+06
1.06426e+06
1.19595e+06
1.12971e+06
1.08287e+06
1.0891e+06
1.10666e+06
1.15398e+06
1.04565e+06
1.13312e+06
1.10933e+06
1.02717e+06
1.15268e+06
1.09509e+06
937400
1.0894e+06
990202
1.00702e+06
1.00678e+06
1.02343e+06
922651
893131
1.03549e+06
973596
990604
957085
974203
907880
777153
797429
830522
757657
811096
795905
740334
833781
853862
850051
775131
869678
814813
792627
795991
850840
660290
754919
714287
732030
698554
716217
674588
703304
806426
730130
747888
745987
763783
688940
-221.162
72.7132
45.7701
-221.67
252.318
-223.981
-185.092
6.82752
373.806
-292.984
-297.701
443.99
3044.68
-1158.7
3383.7
-1198.68
-362.993
837.56
2209.89
-784.108
-534.449
1330.3
1167.88
-524.131
-153.624
-189.49
-189.366
-139.405
-78.5147
-85.5591
-56.2891
-78.5798
-85.4885
-55.9245
-85.323
1.3822e+06
1004.91
524.535
843.196
656.923
821.961
1618.03
1520.82
3036.86
2142.43
1718.31
2552.59
1358.39
1452.42
1246.79
1818.39
2147.61
1212.01
2.38807e+06
106200
263649
-787.152
36239
-141311
57828.2
130730
95414
198496
44026
32893.3
104433
15403.9
83621.2
744901
956263
-201.402
-210.221
-181.452
-182.509
-181.732
-200.609
-210.405
-202.074
-208.967
-273.664
-286.343
-256.024
-204.749
-205.46
-255.63
-256.293
-273.274
-285.666
-273.151
-285.493
265.934
332.025
224.709
430.616
192.496
126.211
43.6796
31.1651
-8.66751
130.342
32.2341
66.8364
157.994
134.328
37.0861
80.6201
101.336
-77.6369
-85.513
-55.8106
-78.4061
-85.1766
-151.474
-189.125
-183.714
-137.803
-186.317
-149.228
-138.712
-76.5193
-54.8769
-83.7815
-75.1015
-84.6002
-198.198
-210.069
-201.782
-206.195
-182.232
-181.647
-201.836
-208.238
-200.337
-210.267
-180.058
-182.678
-56.0473
166.085
-113.738
150.668
522.557
570.924
389.166
316.954
20.4857
84.9589
158.796
114.657
640.664
-32.4559
123.757
709.343
-267.339
-280.058
-279.346
-267.221
-253.727
-203.542
-254.481
-203.36
-270.977
-284.061
-271.828
-283.565
-250.712
-198.711
-200.814
-249.826
1.22684e+06
1.2061e+06
1.34134e+06
1.34999e+06
1.41249e+06
1.27387e+06
1.39039e+06
1.25465e+06
1.36325e+06
1.16286e+06
1.18304e+06
3721.43
-211.671
4615.2
1095.06
955.34
997.035
1462.8
1344.97
2759.63
3504.8
2016.03
2629.01
430.696
1934.61
1683.02
-26.9161
245852
538199
487552
521496
367103
335259
161542
190573
274400
277512
356308
356220
276906
186429
188635
194629
191205
269033
343713
268265
345493
1.82553e+06
2.28882e+06
1.41662e+06
830766
1.16974e+06
1.72216e+06
1.75386e+06
2.98501e+06
1.44428e+06
2.67382e+06
1.38622e+06
2.65224e+06
2.03496e+06
15807.4
3.01946e+06
-182213
1.32482e+06
1.6059e+06
794596
785554
1.06783e+06
1.25056e+06
1.17289e+06
1.18353e+06
1.15668e+06
1.16852e+06
1.08136e+06
766686
776207
24219.3
-12564.6
9621.53
-8767.61
-23298.5
-51638.2
-4452.79
-12211.6
9727.6
25107
5236.59
-23383.4
24440.2
23165.5
26777.3
20736.6
7854.32
9368.7
24700.8
31828.4
28211.7
28660.4
5574.02
3900.47
812702
874902
1.20206e+06
1.33138e+06
1.30783e+06
1.21098e+06
1.31715e+06
1.27435e+06
1.11453e+06
1.15588e+06
962439
1.27938e+06
1.05551e+06
1.0826e+06
1.10179e+06
1.23306e+06
1.24753e+06
1.25961e+06
1.13925e+06
1.281e+06
1.15813e+06
1.21219e+06
1.14164e+06
1.12199e+06
208579
266359
210211
263433
144332
145144
150049
149160
202408
252807
200779
255711
251736
319543
322333
250204
182624
180964
259121
333973
260446
331460
175380
176763
913433
895501
1.00896e+06
1.02759e+06
1.07104e+06
972000
1.05052e+06
953787
1.02884e+06
859365
877101
1.22975e+06
1.01894e+06
727229
737142
996261
1.16151e+06
1.05678e+06
1.07263e+06
1.07342e+06
1.08894e+06
981626
756875
747088
46816.2
53559.3
43516.6
56217.2
28203.2
30107
27630.5
25776.2
45989.5
59185.2
49263.8
56582.2
30853.5
39864.9
37013.7
34184.8
12482.7
11011.9
31374.5
33104.9
27978.1
36067.4
13732
15223.1
636333
626264
834267
964127
907667
925149
891314
908844
848943
606015
616085
634043
617817
703247
723560
753532
688802
734577
671867
721527
585242
601190
187291
232182
235029
185688
140355
139627
135045
135683
193149
245271
194765
242391
788220
805585
910726
930315
929167
845719
949175
863526
891367
841161
823597
150998
187241
184617
152542
109783
109925
113957
113741
146132
175843
144604
178423
723994
924945
474879
464909
603524
687253
651669
669140
636218
653559
617634
444940
454873
50874.2
64770.5
62317.8
54038.4
32583.5
30641.8
51674.5
59504.1
48448.6
62039.9
33080.6
35047
565548
575602
761193
875976
793990
811784
810067
827858
746691
595829
585769
64566.8
74168.8
76028
61924.9
46960.1
48757.8
63801.3
77707.9
66304.9
75990.4
46679.3
44806.2
568910
-93.602
-203.986
-200.558
-86.3142
-178.893
-147.114
-99.878
-178.14
-197.555
-155.513
-203.143
-154.568
-249.485
108.046
-233.111
151.049
759.991
-447.692
-405.626
835.262
651.835
-320.203
546.351
-368.063
-261.263
218.49
188.947
-276.23
-61.5998
-212.909
-78.4925
-217.743
-222.746
-154.76
-155.61
-226.173
-214.914
-159.478
-213.293
-153.191
-51.94
-230.169
-224.655
-42.5897
4689.67
-1429.25
4076.56
-1719.75
-867.633
2338.05
2150.64
-977.401
-740.646
1601.48
-610.194
1860.61
5445.92
-2332.63
-2110.15
5900.69
-3018.51
8314.35
7556.69
-2923.19
13235.6
-5250.73
-2032.39
5545.96
17874
-6960.39
19216.1
-7378.12
-4455.53
10064.9
11588.1
-3766.31
31943.6
-14897.6
34773.2
-13963.2
-5576.97
14736
13538.1
-6113.43
26984.5
-9543.23
23632.4
-10820.8
1.44248e+06
5467.78
5359.01
3486.86
2950.05
3356.41
6687.72
4672.61
5789.21
7224.84
5406.69
7691.11
5202.65
4345.2
2592.22
3864.5
3043.71
3784.71
1.62681e+06
29747.5
32887.3
143715
26260.5
29855.5
723.27
29680.8
13629.5
10355
16315.4
11400.1
13750.1
22679.1
24575.3
22319.5
20480.7
21411
801428
897575
-226.965
-223.859
-236.838
-244.442
-242.799
-238.72
-238.73
-244.902
-225.119
-224.151
-222.397
-226.832
-272.213
-280.104
-261.587
-257.081
-255.535
-262.906
-263.148
-257.33
-271.007
-279.527
-279.084
-271.93
-69.6222
-131.742
-40.3865
-53.939
-26.1508
-87.2617
-85.8673
-31.2452
-64.9904
-18.8749
-47.9914
-52.5056
-6.94485
-4.83698
0.757564
29.2492
-33.7177
-143.686
-184.049
-180.774
-136.591
-146.907
-176.434
-134.448
-65.7496
-72.7176
-46.3954
-58.8501
-77.681
-70.3008
-82.6491
-50.0101
-73.1806
-80.7631
-200.71
-200.766
-193.571
-208.655
-167.669
-181.391
-181.44
-206.024
-199.411
-186.604
-181.868
-177.019
-220.943
-223.138
-218.721
-225.603
-238.08
-241.067
-235.293
-243.609
-226.485
-221.406
-223.863
-223.74
-231.728
-241.99
-236.582
-237.303
-223.13
-212.065
-221.163
-213.322
-201.832
-231.82
-228.125
-204.726
-194.336
-217.589
-218.808
-195.639
-233.412
-227.611
-222.898
-238.204
-217.219
203.62
-175.29
227.248
897.849
-443.682
886.916
-418.127
-256.841
234.281
-269.629
239.372
870.2
-210.839
811.174
-329.464
-78.7058
-182.654
-156.736
-80.6303
-189.542
-140.659
-124.962
-177.684
-83.8493
-32.7595
-119.498
-67.5743
-212.538
-193.474
-228.329
-185.606
-50.7526
-200.573
-211.499
-63.0912
-231.541
-161.801
-231.636
-164.951
-42.1976
-229.865
-42.2893
-224.85
-230.679
-182.947
-230.62
-173.399
-264.302
-274.072
-272.598
-266.482
-261.257
-253.739
-259.778
-255.849
-269.984
-277.474
-277.553
-269.251
-255.041
-253.36
-249.257
-258.224
-259.123
-268.881
-257.332
-271.789
-221.453
-168.345
-176.283
-224.395
-241.754
-192.573
-241.617
-190.009
-234.687
-256.393
-243.288
-244.981
-259.887
-261.661
-253.084
-266.515
-219.337
-240.752
-214.804
-243.563
-252.752
-238.736
-248.604
-244.043
-228.124
-253.014
-248.387
-236.892
1.03789e+06
1.14081e+06
1.12509e+06
1.05106e+06
916641
817749
829361
903068
938632
859269
949830
849943
1.01426e+06
1.08334e+06
1.10096e+06
998896
1.25442e+06
1.27424e+06
1.41037e+06
1.41141e+06
1.43694e+06
1.29557e+06
1.3889e+06
1.45884e+06
1.31445e+06
1.32386e+06
1.30968e+06
1.08653e+06
1.1731e+06
1.08262e+06
1.18026e+06
1.02498e+06
907168
925659
1.00548e+06
981141
886084
979081
887040
1.13442e+06
1.21379e+06
1.23104e+06
1.11495e+06
6129.95
-1452.53
5559.54
-2127.51
-966.038
2485.36
-1016.44
2500.59
6329.32
-2532.25
6315.09
-2421
-800.119
2240.23
-502.835
2423.51
2527.56
11091.8
7873.47
-1260.57
5065.97
22370.6
3606.05
25706.3
7063.74
3718.38
4997.82
8311.7
13861.2
-3273.36
25550.8
8992.25
-6086.09
13998.2
15643.7
-4702.6
38878.1
-17098.4
38234.6
-17180.1
-6688.9
15927.3
-6776.12
16047.9
38599.2
-13565.2
34210.7
-16369.8
102324
-30148.2
-3577.21
106786
-14179.9
33599.3
-16816
46387.1
43219.3
-18343.3
89840.7
-15630.1
300402
329354
250763
395498
181766
206287
199828
154513
271468
393551
355741
301013
555091
670289
742654
441021
857617
790917
654805
1.19282e+06
1.09478e+06
997849
1.02673e+06
781658
634968
448549
524338
541946
680977
853468
744136
782172
563849
512636
466589
619235
770026
767614
672489
886358
154866
-33314.7
140467
-47224.5
-37386.2
86177.6
78619.7
-40263.3
-29151.9
57934.8
66042.1
-25117.4
190293
-66645.5
-60869.2
204611
548276
461237
458660
552104
638389
717186
726951
630345
654878
752794
745357
660754
533910
442041
446457
527993
282650
369101
286672
364842
204470
192394
194222
200302
294610
367138
282770
380983
567733
476155
570150
473461
709583
791724
810048
692543
680541
776652
776199
681700
592135
478749
575906
493253
1.40429e+06
1.46714e+06
1.71577e+06
1.63886e+06
1.59551e+06
1.46681e+06
1.5296e+06
1.73582e+06
1.51021e+06
1.38547e+06
1.36594e+06
48418.3
-75402.6
88717.4
186997
91237.6
5141.32
65825.3
2009.99
-41088.9
390548
494129
-24527.2
25498.4
68331.8
28351.8
-18843.7
1.10386e+06
1.86964e+06
1.74387e+06
1.31531e+06
1.68512e+06
1.55473e+06
1.02153e+06
1.33396e+06
1.31002e+06
874064
1.52661e+06
1.40063e+06
1.27412e+06
1.18987e+06
1.44201e+06
1.15076e+06
1.00032e+06
977579
1.08772e+06
898585
1.11091e+06
1.31805e+06
1.20887e+06
1.20856e+06
1.14772e+06
908408
1.02097e+06
990205
265794
-102464
253459
-121045
-48544.2
96113.4
99830.3
-48025.5
-51155.9
93051.1
102144
-45795.7
246807
-89864.7
234918
-85964.2
1.37857e+06
1.48762e+06
582835
694281
686333
588700
469974
374485
376598
465153
474536
382352
479025
380603
576265
670359
678629
570118
803422
810868
1.10714e+06
1.30105e+06
1.18999e+06
1.19838e+06
1.09472e+06
1.20575e+06
1.21212e+06
820083
816263
598530
701453
594797
707397
487265
383486
386778
486595
485546
385854
483100
385636
601985
714391
712051
602314
11684.6
-14528.7
13942.3
-10564.9
-10300
-11805.2
9412.77
-2022.71
-6229.93
8706.73
-12140.6
-11609
68134.3
15376.5
33550.5
36982.9
241620
461867
343606
334498
182030
253015
149549
280640
133063
110161
68143.3
211498
50265.8
16767.3
23063.2
23862.9
162013
270181
178427
257796
68608.9
38321
25620.9
82453.9
149758
226500
129017
243787
111746
63254.6
69499
108444
195211
274674
275809
197593
197037
278069
277298
194071
112732
74199.3
68746.2
115433
16075.9
20312.4
19605.1
16014.8
-5674.13
-6906.75
14038.7
5357.21
11735.2
11195.6
-1040.55
599.285
101819
63197.3
106606
55484.7
189474
272791
276600
181329
190511
279007
278082
195233
97431.2
42802.7
89376.3
53621.5
783978
789979
1.12359e+06
1.3857e+06
1.31718e+06
1.22812e+06
1.11225e+06
1.287e+06
1.23936e+06
821400
814012
638113
718530
762176
605517
580906
601936
467039
741703
514654
371983
405782
484286
712135
1.0598e+06
846164
897830
580903
683507
694594
564763
475017
383539
487314
369286
591528
716503
604745
705023
464789
341977
358766
448922
1.21771e+06
1.11588e+06
943846
1.00727e+06
1.0252e+06
927907
869868
799942
884206
787529
962541
1.06251e+06
1.04445e+06
978537
852623
758729
838262
771208
1.06296e+06
1.04411e+06
1.17072e+06
1.1868e+06
1.23829e+06
1.12036e+06
1.19136e+06
1.21708e+06
1.10162e+06
1.00626e+06
1.02483e+06
894248
988816
910031
971080
791634
703441
715706
777583
807591
743190
821826
730781
876882
935570
953095
861282
218183
274242
216545
277191
160263
159209
224679
288214
285260
226326
154116
155085
401694
342451
337207
408489
468307
523385
533519
459751
479796
556435
488461
546175
391598
323274
328450
384877
425631
351358
356666
418763
520728
603144
529578
592648
436070
371102
365745
443013
508883
569252
500122
579631
496767
410409
415771
489797
607011
701207
615863
690587
508525
431108
425966
515269
593678
665186
675935
584658
241494
310796
243109
307886
164455
165591
234635
296465
232993
299413
171086
169850
471536
400648
478555
395226
550587
616376
626995
541646
562914
651237
640515
571931
460649
380352
453656
385755
932006
950134
1.06891e+06
1.08678e+06
1.09165e+06
990345
1.04885e+06
1.11234e+06
1.0087e+06
987255
968918
765158
848821
831874
780227
675117
598027
609754
661717
690149
635742
623884
703708
748776
798069
814842
733863
812038
866033
883163
796810
748048
688688
761926
676550
828832
917907
844234
900589
732639
650045
662040
718925
1.17193e+06
1.07598e+06
549639
636956
645478
543272
455182
370046
460218
367720
556771
662224
653751
563123
450129
360798
445077
363153
717145
707157
952171
1.10743e+06
1.04006e+06
1.05625e+06
966899
1.02344e+06
1.03984e+06
686998
697029
529633
628546
536024
619994
429636
346543
348953
424522
434836
356097
439926
353712
522307
602963
611523
515922
41032.4
53158.9
44347
50453.9
22701.6
20993
41863.5
47263.6
50003.2
38542.8
23373.6
25161.7
128564
90624.8
94449.9
126949
188501
244029
245711
189673
191278
249904
189966
248287
128077
96575.1
92928.6
129575
125624
92166
88167.3
127358
193993
257974
192443
256459
125969
85553.7
89719.3
124118
191279
252437
192715
253997
118368
81327.1
76599.2
120561
197386
272721
195331
271372
118216
72992.6
78001.5
115850
194945
267867
269266
196856
36816.7
40592.2
33503.1
43392
18619.5
20247.4
36043.3
46755.7
39360.1
43988
17772.5
16223.5
122584
79816.2
120528
84329.7
193445
260378
261846
195113
196075
265617
264176
194298
122422
87116.1
124376
82779.7
646530
656590
878374
1.01758e+06
924121
941483
863667
940557
957826
676822
666774
474450
560152
551571
480875
387882
317002
319572
382666
393225
327033
324512
398406
466981
534408
542988
460545
494730
568733
577306
488315
414153
341721
419286
339291
502145
594426
508544
585862
408872
331948
334420
403715
650929
667409
758481
778798
772593
705900
739955
791786
723040
701288
684562
525601
587924
572611
539151
459578
404130
414468
447719
472945
437478
485045
426915
510977
542280
557325
497666
567825
603461
619026
554044
524841
484802
537364
473848
582962
650621
634815
596969
510982
450160
498664
460924
358552
296125
301145
352017
439979
510910
448427
500894
368311
314683
309582
374941
428836
478708
420497
488587
178394
225004
179990
222196
126203
126675
131126
130569
172863
212432
215199
171281
335996
287861
342426
282924
390543
435336
444924
382471
401322
466596
409532
456850
326598
269994
274833
320271
770415
753238
852891
872864
909249
827924
872065
889417
810271
718671
735621
686924
731577
747992
672350
633617
584092
646854
572496
702925
781241
764638
717670
618940
547296
558744
605860
642146
715137
698905
656545
564172
497949
551450
509081
626550
666637
612343
682657
578464
533739
522444
591367
275055
237471
232945
281000
318129
353150
362031
310699
328053
382141
373065
335664
266495
221220
225625
260683
159133
193636
157586
196316
122335
121945
117794
118096
164344
205637
165909
202913
295866
244994
289786
249625
363959
423613
414183
371888
353589
393420
402674
345819
304862
262087
311065
257347
777860
869262
484957
494953
646014
737885
667243
684779
631818
682843
700464
515061
505049
362250
422682
414119
368833
301426
253243
256402
295935
307012
264663
312464
261594
354695
396986
405533
348097
382948
431289
439862
376384
328961
280870
334349
277965
390498
457041
448471
397032
323441
269839
318020
272825
129759
100293
97023.6
130987
187904
241385
186872
239643
130387
95062
98523.5
129022
185066
235127
185958
236945
56338.7
65005.1
53249.3
67359.4
37910.5
39876.9
55556.9
69799.7
67550.2
58557.2
37482.9
35507.8
131375
98793.6
130292
101867
180924
225669
227645
181500
183824
232359
183088
230470
130598
103234
100368
131542
555387
545348
717739
823726
777914
795734
732184
761947
779732
525185
535211
439100
500035
508617
432622
372054
312018
377303
309395
446602
525797
517221
453058
366655
301691
304381
361380
418614
491421
482845
425109
345181
285982
339833
288807
411085
465660
404570
474233
350641
296640
293885
355954
130620
103773
106000
130145
170268
204921
207251
170169
173317
212586
210347
173239
129508
106445
104446
129826
59915.1
74146.9
62683.6
72143.3
42217.3
40270.9
60676.1
69934.8
57787.5
72065.7
42574.3
44485.8
130534
105308
131169
102870
178981
222779
220721
178566
176005
215613
217764
176250
131475
101728
130687
104385
391952
434612
527280
483327
1.24545e+06
1.12411e+06
1.05321e+06
1.13784e+06
1.142e+06
1.22476e+06
1.15662e+06
1.26808e+06
1.19772e+06
1.07125e+06
1.17926e+06
1.16109e+06
1.17898e+06
1.28919e+06
1.5024e+06
1.48152e+06
1.31139e+06
1.04938e+06
1.22483e+06
2.02494e+06
1.34429e+06
939836
1.02663e+06
958686
838363
1.04176e+06
927422
848560
952093
870560
974674
1.07253e+06
1.05741e+06
860840
964022
1.15687e+06
1.25991e+06
1.07485e+06
1.23507e+06
1.20175e+06
1.04761e+06
1.35118e+06
1.0754e+06
927071
1.16784e+06
1.05411e+06
1.18004e+06
996341
981114
1.18335e+06
1.10584e+06
1.11741e+06
1.00355e+06
1.2036e+06
1.08819e+06
1.09887e+06
1.16295e+06
1.06115e+06
986643
1.05286e+06
1.07033e+06
1.07933e+06
1.14304e+06
930662
847624
796593
846117
864249
911993
862867
949537
897968
897918
812961
881169
968384
881024
902154
1.01116e+06
826059
917455
914832
996036
815528
889397
792569
902376
965557
980667
803260
876585
734858
785397
736833
654499
800117
722036
665438
747713
688347
829844
750911
815050
760567
677416
642662
589836
558329
580306
605175
625678
595328
659862
627289
636379
573738
620841
677114
612010
874787
830832
828112
751539
893291
814340
811545
856277
777315
781319
735334
797681
837951
793690
532536
555272
525245
474017
569126
520183
484784
544962
507017
597185
538197
583196
557396
496203
696436
770544
642570
696630
709219
755910
631635
683654
608847
726602
682819
741150
670922
619779
574381
563888
608753
541357
1.37118e+06
1.26359e+06
1.28706e+06
1.14976e+06
1.27871e+06
1.3864e+06
1.24508e+06
1.33607e+06
1.22462e+06
1.20033e+06
1.125e+06
1.31545e+06
1.2408e+06
1.21883e+06
1.43994e+06
1.30306e+06
1.35442e+06
1.22325e+06
1.45069e+06
1.32527e+06
1.32116e+06
1.59497e+06
1.36422e+06
1.3982e+06
1.26128e+06
1.54571e+06
1.47076e+06
1.37739e+06
996071
1.13755e+06
1.03526e+06
907946
1.12107e+06
902076
1.00438e+06
986644
882731
1.08864e+06
1.01616e+06
975707
1.10404e+06
890960
1.00841e+06
1.15445e+06
1.08007e+06
915618
1.17541e+06
1.00791e+06
913898
996494
909365
1.19209e+06
1.09295e+06
994742
1.17875e+06
913517
1.08375e+06
983337
987802
922102
1.0054e+06
1.06435e+06
1.00049e+06
1.10343e+06
1.04208e+06
1.03523e+06
938742
1.12307e+06
1.02421e+06
1.01794e+06
1.0257e+06
966028
969206
875334
1.0449e+06
951843
949020
1.00646e+06
916254
914966
858833
987437
933404
931846
837948
904938
846633
746466
919949
757320
825042
850846
780315
950248
861298
863729
935186
769522
799235
889768
805804
734301
874828
812137
723414
786331
700399
844865
791447
773450
859735
711311
729756
699920
692611
631784
676857
747479
684018
712061
644196
652242
616048
694567
659722
667972
783344
716138
709943
675110
765408
725917
732206
801480
759627
764798
691107
819623
743445
748581
594983
654103
590164
551842
639862
540962
607555
582409
518528
611400
576906
569902
625523
529381
632814
668562
629476
563504
682915
620183
574404
645501
597047
711930
643021
658185
697481
586130
)
;

boundaryField
{
    left
    {
        type            calculated;
        value           nonuniform List<scalar> 
290
(
-187.242
1.30352e+06
815.635
460.804
-187.305
-227.405
453.408
-228.335
1.95073e+06
-34079.7
1.45169e+06
1272.24
1.30943e+06
-8680.55
-211.934
2.46275
192.692
3554.33
948.424
18879
15650.9
-161.517
-170.664
-240.421
-228.172
-204.806
-240.998
-257.097
42.4126
-220.287
-172.441
-257.609
-240.649
392493
610188
16283
3581.54
252.615
578515
18336.7
51703.6
765.34
16592.2
406200
-132.027
-57.6785
77.6304
326.442
259.317
-42.6122
62433.5
65494.9
722.16
2345.67
3007.05
-10.9082
117.719
476.185
-42.3826
-39.5899
-185.306
-201.004
-200.742
-224.942
-265.14
-267.51
268.812
-16.1167
74.3376
-268.333
-200.824
46969.4
998453
2990.1
1868.68
822.027
975805
702869
583776
26868.8
171967
84871.6
-187.094
-168.998
-178.754
-176.301
-202.19
-22.5051
-124.625
-115.508
533.789
497.653
158.633
3188.67
1187.78
1233.76
562.169
790.109
2100.23
14419
40223.1
101436
4521.81
3429.44
9815.25
-12.2673
64.6937
-78.1296
-184.127
-37.7281
-23.4041
-239.312
-222.522
-223.104
-214.518
-220.289
-236.011
-199.39
-195.582
-246.17
-259.335
-218.953
-250.934
-261.404
-249.429
-268.966
-266.763
-255.344
-98.9676
-64.5477
132.931
-223.905
-170.363
-178.063
-97.3166
-153.451
-217.187
-269.667
-223.078
196895
856527
8911.37
4086.97
7117.86
1278.5
1788.76
4049.32
448.817
937.906
596.358
649332
781879
755502
16552.3
60999.4
64147.4
90308.6
63013
24155.2
7715.64
17860.9
22515.1
51930.2
34090.7
12739.6
238873
333993
496419
-187.486
-139.9
-140.365
649419
504103
941973
716.312
1147.01
1250.11
247.565
228.947
430.006
-140.589
-140.561
-186.897
2.0226e+06
1.6899e+06
1.30476e+06
14673
21972.5
20553.6
10068.4
7969.3
11576.5
-120.532
-106.537
-144.84
-177.812
-134.573
-128.864
-139.57
-187.411
-41.2594
-85.4285
-85.8244
-85.6631
-41.6443
75023.5
189531
158486
166260
112754
40335.1
346292
1082.31
1026.15
664.95
2257.35
1529.35
1602.43
2012.03
1739.6
2627.2
7.04478
96.2431
84.7855
196.049
131.795
53.4871
418.893
247.414
309.752
-40.8041
-85.2042
-85.7439
-83.6582
-84.4955
-39.7387
-186.599
-140.422
-140.245
1416.14
67459.8
-39157.7
1.63664e+06
21179.5
17275.8
12305.8
31282.1
26158.6
30348.7
37300.8
30717.7
47294.2
3770.06
5662.35
6398.98
4948.9
4666.02
3233.74
9109.1
6490.19
7027.34
4.88947
-51.7544
-64.7589
2.28257
-31.0275
29.4097
-119.385
-84.905
-48.5317
-139.878
-137.998
-181.22
-33.9854
-80.4259
-82.3795
-72.7118
-77.4702
-29.6668
432095
559110
177437
282249
1.04979e+06
1.23215e+06
727392
865680
1.15086e+06
1.4531e+06
1.18884e+06
)
;
    }
    bottom
    {
        type            calculated;
        value           nonuniform List<scalar> 0();
    }
    interface
    {
        type            calculated;
        value           nonuniform List<scalar> 
2123
(
1.338e+06
706244
993493
1.28527e+06
1.37082e+06
1.31744e+06
1.01329e+06
1.2662e+06
979625
687452
960851
687900
669910
1.47877e+06
1.51492e+06
837760
856942
1.41054e+06
1.43448e+06
1.17408e+06
1.15376e+06
1.13169e+06
1.11251e+06
812898
831155
-56.9244
1.39895e+06
564.378
1878.89
1.50766e+06
1.5114e+06
48297.8
761971
934509
366.192
71.6005
-56.7945
-54.7282
1.34107e+06
1.33407e+06
1.25585e+06
1.0731e+06
1.20863e+06
1.03627e+06
740669
904881
1.41999e+06
7612.2
2728.73
1.62911e+06
11317
28983.2
780762
914997
-34.9397
28.0755
-43.4923
-53.4043
1.3597e+06
1.53113e+06
1.23534e+06
1.09317e+06
1.18937e+06
1.05526e+06
758596
886344
-160.115
-221.558
-222.625
-159.039
1.35837e+06
1086.37
708.645
662.127
1181.66
435866
744287
313316
1.10271e+06
750552
724698
973760
229.111
437.035
422.919
223.51
-159.206
-221.168
-158.865
-221.061
1.31398e+06
1.34179e+06
1.36351e+06
1.29253e+06
1.30408e+06
1.49857e+06
1.05413e+06
1.13717e+06
1.1529e+06
1.04e+06
1.28588e+06
1.42169e+06
1.29693e+06
1.03315e+06
1.24987e+06
1.31999e+06
1.27095e+06
985859
966238
1.24708e+06
998449
1.01108e+06
1.12114e+06
1.02557e+06
819535
804902
682996
713814
665068
927195
986556
966450
946647
705088
942131
589203
575207
775669
790257
843625
647222
561247
1.4625e+06
6372.85
13429.8
9113.34
6090.28
1.52179e+06
21155.6
10820
10612.1
27232.6
818657
876202
-105.519
-177.987
-123.955
-157.368
-145.419
-193.056
-136.106
-203.623
1.43875e+06
1.45711e+06
1.50988e+06
1.55053e+06
1.51902e+06
1.39584e+06
1.44788e+06
1.11947e+06
1.2258e+06
1.1295e+06
1.13886e+06
1.13616e+06
1.19444e+06
1.1335e+06
1.14623e+06
1.1259e+06
1.08544e+06
1.12968e+06
1.1056e+06
1.15088e+06
1.09338e+06
937488
1.02317e+06
922728
893169
907929
774733
793409
831133
812249
794709
849475
660096
731631
715820
674399
703139
688769
-110.51
87.1533
-105.922
151.527
1493.98
119.451
1099.2
83.9675
-160.626
-223.308
-85.3304
-56.0821
-55.6749
1.37895e+06
992.912
860.909
1541.77
2795.08
1642.57
2414.8
1431.26
1272.52
1.99975e+06
98096.7
-218.158
-83.3115
56742
98954.3
43917.8
102815
743276
954091
-198.422
-187.317
-187.441
-198.261
-280.649
-251.369
-251.972
-279.811
256.811
228.848
110.465
-10.7009
84.6355
21.0213
150.09
136.444
-84.4758
-55.5886
-158.573
-217.563
-220.311
-155.958
-83.4382
-54.7636
-196.967
-187.79
-198.36
-186.567
30.5826
399.064
86.9886
433.646
-274.346
-249.373
-277.823
-246.38
1.3366e+06
1.35853e+06
2596.9
1241.58
2212.31
951.132
268594
189969
197844
261659
82169.2
2.28264e+06
189820
1.32288e+06
1.57043e+06
795492
1.06819e+06
1.1835e+06
1.16847e+06
1.08176e+06
-473.719
-434.096
-440.121
-457.443
20814
11675.1
20357.1
10632.4
1.20358e+06
1.12216e+06
1.11573e+06
1.27637e+06
1.05309e+06
1.07635e+06
1.22881e+06
1.20803e+06
202499
146975
152800
196786
244684
185872
251191
178578
1.00562e+06
1.06784e+06
1.04739e+06
1.02542e+06
1.22786e+06
1.01733e+06
727842
996437
1.07241e+06
1.08874e+06
981790
44299.5
31763.9
31793.4
43401.5
27308.6
17483.5
28313.4
17771.1
834235
848923
606122
701108
719314
582361
182146
142926
137516
187619
784023
907777
946408
888504
147011
111755
115987
142344
722825
923471
474824
603292
668730
653155
617406
444626
48490.4
36442.2
49280.5
36399.2
761081
827493
746571
596030
62523.6
49482.6
61944.6
49622.3
566061
-124.987
-170.645
-130.135
-176.196
-125.786
425.284
361.144
-118.098
-104.409
-194.895
-193.595
-97.1966
2703.77
-70.707
-61.4361
3094.81
379.828
6219.19
730.953
8293.94
-688.582
16811.4
-696.713
14487.6
1.43897e+06
5220.57
3468.69
3228.16
6160.81
5738.17
5521.42
7767.72
4350.91
3951.13
1.6237e+06
29122.2
112835
35203
12316.8
13851.5
16485.7
11123.4
22997.1
22822.8
799656
895558
-226.465
-233.776
-234.057
-226.445
-266.872
-261.114
-260.761
-266.799
-78.6356
-78.9607
-35.8755
-124.877
-38.4145
-21.0871
-14.243
-1.03631
-151.345
-214.679
-153.832
-211.122
-72.7904
-47.8607
-77.3115
-50.7519
-80.1423
-194.635
-177.603
-184.656
-185.23
-223.388
-232.723
-225.784
-230.309
-219.039
-206.438
-202.331
-224.922
-82.8596
546.468
-111.235
545.367
-116.719
-174.531
-101.158
-204.937
-90.5602
-207.465
-88.1004
-206.345
-260.532
-259.062
-264.591
-254.862
-264.681
-219.828
-236.376
-245.29
-252.382
-225.21
-247.636
-229.831
1.02867e+06
920907
940801
1.00785e+06
1.40574e+06
1.4324e+06
1.38387e+06
1.08354e+06
1.02138e+06
989387
1.11829e+06
3694.57
-102.525
3739.21
-10.7585
5301.59
4887.9
7443.32
9099.29
-709.457
20886.3
-717.836
21092.7
40773.5
264.253
-712.192
43771.5
274101
191433
192777
271716
604899
692268
585106
717045
67732.3
-764.496
-762.659
79290.9
551508
631197
645090
538532
275988
206574
198762
283134
574869
694802
675505
592223
1.34798e+06
1.68163e+06
1.54922e+06
1.49897e+06
35019
64083.4
-538.606
34663.4
1.19885e+06
1.03401e+06
1.13748e+06
1.08379e+06
124159
-797.872
-787.201
108349
1.3766e+06
1.48985e+06
579998
477505
481348
573833
1.10769e+06
1.09525e+06
821673
596273
494057
493888
598965
-479.765
-449.511
-485.745
-444.754
73914.1
222470
171842
129173
55417.8
159185
76016
141863
119481
191472
193347
120215
8782.35
-459.235
7073.33
942.519
109638
185465
186655
105449
1.12588e+06
1.11751e+06
1.24252e+06
638732
569779
525944
688808
574538
486484
593037
466415
1.21487e+06
1.1133e+06
937424
872713
954827
856233
1.05702e+06
1.16674e+06
1.23446e+06
1.18729e+06
887243
795037
810373
870866
212082
163192
218028
156928
404728
462641
473352
394997
429215
513711
439309
502726
500809
598622
512079
586601
234244
167443
228047
174189
474966
543946
555282
464430
1.06533e+06
1.04536e+06
981802
759240
678239
692572
743694
806491
750658
822392
735898
1.17011e+06
1.07429e+06
547297
461601
553929
457112
952288
967030
687414
526833
436098
440836
520077
38205.3
27163.8
39213.7
27154.1
134296
185605
188012
133677
131701
190597
132181
188185
125399
193776
125431
191435
34003.8
22577.3
32921.8
22523.3
129293
190147
192561
128978
878386
863670
957521
471808
393349
398373
464987
492616
419728
499414
414831
647631
756124
737681
521599
462087
474647
507665
564092
526720
578505
513654
361765
434084
371142
423652
173400
128508
133516
168181
338620
385835
395960
329624
850177
869271
714934
682302
635855
697508
621919
637217
567001
622378
580522
277272
314338
323704
269132
154909
124544
119930
159860
298699
359114
349346
307283
776607
867872
645805
684375
631604
700062
360057
305082
310514
353200
381322
332862
388178
327524
134888
184779
135646
182368
54059.9
40970.8
53362.4
41035.9
136173
178420
180850
135266
555494
717592
732045
437226
376781
444060
371647
416180
349711
409335
354950
134526
168152
170668
133291
57889.3
45464.9
58516.7
45370.1
134753
176164
173696
135821
-14.2348
-64.5569
68.1519
750.39
-212.724
-285.602
-210.605
-211.619
74.9233
81.7403
196.092
-279.587
-283.972
1.21947e+06
1.15606e+06
1180.81
1325.24
470082
-748.396
361024
347236
1.95958e+06
21929.3
83137.9
767562
-485.23
30292.3
29376.3
38645.8
820634
1.13515e+06
269567
255702
323004
337885
908447
854688
757562
58614.5
64215.2
46219.8
39228.3
636638
630799
234881
248297
836631
189716
177952
69379
64167.7
565527
77666.7
81110.9
-164.853
-171.837
9.86543
-107.837
-42.8998
89.1258
-161.143
-173.97
-172.141
-170.535
76.5446
1386.9
907.951
-512.376
4619.58
-704.765
5561.83
-747.175
8297.17
-718.276
-243.56
-219.841
-252.794
-272.895
-206.497
-201.412
-217.304
-242.018
-218.584
-239.306
-212.516
-221.423
-205.276
-231.296
103.436
-89.5148
101.509
96.999
-146.424
-143.802
-36.8187
-205.768
-147.175
-178.528
-168.014
-190.908
-267.236
-251.366
-271.299
-248.142
-269.983
-251.784
-257.086
-227.607
-239.305
-240.271
1.14337e+06
808862
852846
1.08359e+06
1.24726e+06
1.3135e+06
1.17127e+06
908393
874475
1.22663e+06
541.666
1482.06
-653.398
1465.77
6972.18
6212.04
8339.06
-749.628
8978.52
1034.75
24367.3
24919.9
324656
391760
575704
-791.062
1.04279e+06
-906.062
430314
844728
494941
757856
19695.8
45208.2
30360.6
21933.7
454119
720534
758443
433361
371970
375591
465592
804980
778476
475627
1.38129e+06
45571.4
6804.29
341840
38906.3
1.6267e+06
-886.719
1.15417e+06
-929.156
1.23353e+06
953209
1.29887e+06
876821
24968.2
50653.7
51052.3
5102
696633
370855
378809
672402
804736
703651
380360
382220
717298
-493.827
4379.67
-512.362
415817
257562
96567.1
-520.688
278829
33724.6
236292
59116.6
282197
286374
70841
27520
10339.1
59636.8
282075
287036
37543.9
791182
824280
718902
535884
365491
974491
684505
380377
719109
337392
1.00778e+06
792900
1.06372e+06
750818
1.00056e+06
989785
696185
736474
936106
277334
291607
336522
526214
560033
317257
344781
606922
364686
572291
402596
705554
423822
668597
314398
299750
393755
619620
655222
373188
926831
849658
591897
629983
798565
866552
682440
918793
643368
638843
366710
664523
357233
717685
630741
343083
352957
604695
58620
52706.8
87706.3
249581
256089
93696.9
89165.4
264683
82419.7
258468
78094.5
280501
69313
274883
46403.9
52657.2
76438.5
266897
272860
83998.2
646781
677238
562081
313806
324262
535840
570314
338767
596494
328613
697631
588605
400019
433602
542667
603880
480473
651340
445574
290650
514329
309239
481331
227848
214935
282893
437752
469833
265044
766326
732050
578819
782037
541697
715893
492865
667084
528943
233424
355158
384999
217261
195940
208297
240551
426663
395633
257586
484724
515081
424057
250688
262616
397870
432301
278642
458551
267109
97542.4
247056
92345.9
240205
69274.9
73995.3
96271.5
230284
237529
100619
525049
501322
309427
527587
298643
493070
283088
466806
294231
101626
208642
216798
104120
77941.1
73816.5
102835
227461
219774
99395
388516
527921
695208
1.54627e+06
1.39932e+06
1.29848e+06
1.00675e+06
1.02702e+06
1.105e+06
876010
892244
622221
637652
859796
676716
606859
1.50281e+06
1.48476e+06
1.56013e+06
828180
808825
847645
867195
1.23719e+06
1.24685e+06
1.25387e+06
1.17133e+06
1.19228e+06
1.15046e+06
1.00675e+06
990318
973911
747497
763395
-37.8498
-125.438
-27.0521
-60.7421
221.852
-38.1875
239.131
1908.85
408.867
360.416
17.2168
572.745
-207.37
-208.139
-85.3309
1.40796e+06
1.386e+06
643.666
999.452
3415.81
2134.93
2.60456e+06
537417
182067
16291.4
751459
732572
926478
-212.106
-188.631
-212.109
-199.034
-286.096
-251.509
-284.937
-280.396
421.198
558.137
72.8881
-206.308
-85.1574
-201.349
-203.632
-82.0089
-210.347
-197.519
-187.894
-211.975
-198.12
-187.558
63.5221
-19.4036
387.341
455.232
65.0184
152.309
477.108
336.311
-279.495
-274.078
-250.035
-205.959
-283.101
-278.683
-245.272
1.26252e+06
1.19906e+06
1.28378e+06
1.17618e+06
1.24018e+06
1.21951e+06
2232.11
3046.67
1428.82
1063.96
3038.91
2052.9
550.214
1188.93
3639.98
321084
-660.486
242194
269582
359588
191914
195072
349699
259920
142979
1.81987e+06
121836
333989
1.21698e+06
1.28108e+06
786622
953832
965841
941450
776969
928981
-467.969
-493.391
-413.496
-433.519
-474.794
-437.872
33808.7
15505.3
14451
34882.1
24951.9
7245.92
878745
1.07227e+06
1.00204e+06
1.13332e+06
962635
1.24678e+06
1.2557e+06
1.277e+06
1.1581e+06
1.09559e+06
1.13827e+06
1.11546e+06
1.17835e+06
1.19854e+06
204351
266423
147803
151885
258829
194976
326069
242631
184302
334979
253189
179947
945777
890577
964530
872345
926998
908417
924824
908517
737748
890757
877906
903585
747822
916303
40813.1
61464.6
34118.5
29452.1
61440.3
46809.4
42992.7
31268.2
15007.6
42652.9
24113
20106.5
626441
748585
761474
735688
616336
722829
657515
614730
674677
598145
640389
623487
180427
237963
142185
138164
245187
189383
852979
801278
834743
819163
871401
889810
148537
186818
111866
115794
180802
140852
811412
464634
545290
557753
532839
454784
520456
66784.4
51703.7
34084.2
66858.6
45966.7
38752.6
575755
684335
671567
697155
585810
709970
79628.5
59985.3
51555.3
79302.2
64322.4
47466.9
606632
-152.97
-122.207
-162.901
-149.067
-188.385
-165.399
-114.105
41.15
-69.1365
483.68
285.158
-78.2951
65.7867
-131.747
-115.124
-165.958
-171.378
-201.463
-189.444
-170.904
-163.445
-91.2061
2288.63
-212.617
1249.17
-181.795
47.8263
1089.09
-320.783
3405.62
3648.69
-104.043
1003.26
2697.73
10273
-107.691
6549.04
-231.804
18454.8
-732.913
7543.43
-710.447
12420.9
-727.812
1.45404e+06
21393.8
4355.76
3840.23
7993.1
3000.71
1.73278e+06
20389.5
770459
789578
906626
886868
-219.594
-243.567
-233.889
-243.635
-219.448
-226.819
-273.776
-253.099
-260.931
-253.129
-272.51
-266.863
-55.0857
-70.8066
21.9381
-171.202
-65.8263
-195.466
-207.631
-193.967
-181.946
-195.25
-189.081
-184.695
-217.236
-223.393
-232.402
-242.193
-219.032
-225.309
-230.256
-239.113
-213.516
-217.589
-213.944
-212.725
-199.23
-210.124
-223.605
-233.323
111.391
-47.9072
520.283
-68.1568
112.391
-120.255
530.124
-6.99893
-126.082
-113.496
-128.14
-181.714
-88.7499
-214.369
-204.286
-156.031
-96.1573
-204.558
-182.059
-165.999
-90.1245
-206.24
-186.002
-267.084
-260.582
-259.284
-251.294
-270.699
-265.206
-255.111
-247.978
-265.35
-270.33
-179.26
-216.394
-237.94
-192.719
-248.817
-245.375
-250.599
-258.353
-219.592
-233.095
-245.366
-241.347
-235.321
-236.133
1.0453e+06
1.12476e+06
822421
905776
955055
840106
1.10258e+06
990638
1.26567e+06
1.33083e+06
1.30946e+06
1.36437e+06
1.30307e+06
1.38253e+06
1.07141e+06
1.18581e+06
909817
1.02025e+06
979806
882930
1.22432e+06
1.11905e+06
-164.485
3472.39
-183.221
1534.72
-255.305
3648.6
280.241
1524.49
5378.35
2580.39
20836.5
4137.18
14756.4
13466.6
9091.88
913.24
20312.6
-751.411
9181.13
-715.649
18957.5
-738.973
49499.2
28746.6
16614.9
-738.874
20677.5
38724.7
232619
378982
206694
148712
370724
286752
747820
-833.386
860241
-870.019
485179
535719
722861
809167
472263
614216
649151
841168
59739.8
22747.2
41044.9
-788.391
-744.065
35243.2
14035.2
86677.8
557422
449258
731741
621420
653932
748298
439132
531504
276911
370756
198362
203239
382369
277752
572582
467558
808597
691528
670415
784283
480105
586904
1.55836e+06
1.47454e+06
1.4977e+06
1.34861e+06
1.43866e+06
1.44091e+06
125957
95534.8
58226.2
6517.78
316025
-329.704
10440.6
19314.1
1.44083e+06
-953.228
1.33721e+06
-959.515
1.35682e+06
1.11822e+06
1.07419e+06
916144
1.2465e+06
1.1813e+06
984978
955288
121460
-931.388
53134.6
-792.422
-771.395
55630.6
17791
100102
1.19847e+06
1.21218e+06
1.23659e+06
586189
688429
373185
471785
486796
376943
680986
567276
988815
811820
977758
818111
998763
1.00719e+06
591984
710040
382854
495578
490121
382270
713902
600559
-499.163
-475.448
-464.703
-506.341
-498.363
-442.149
40059.8
-363.645
336687
294053
142443
290563
48210.6
191299
3745.86
32566.4
175015
268257
15989.1
90990.4
123492
248209
116094
66034.8
283877
193952
190174
285067
64881
122912
21944.6
15275.1
-462.612
18221.4
-497.102
5365.12
114602
51010.2
284596
177576
191557
286806
49460.7
97412.6
1.00103e+06
797207
997922
816000
1.01249e+06
1.01211e+06
601574
766002
445108
671878
487419
399224
830124
809593
690873
563980
494823
368300
710480
602489
458089
350679
1.21333e+06
1.08837e+06
1.10898e+06
1.02625e+06
920580
888009
779204
1.04489e+06
971996
841107
764299
1.03814e+06
1.09887e+06
1.11842e+06
1.07931e+06
1.01913e+06
1.06e+06
903795
971613
709222
780281
825313
723213
954015
854567
280490
210181
162107
288448
219980
157925
411980
330913
537029
453584
482551
549110
322766
387808
350494
421899
523180
595788
358877
446690
493396
583319
408664
493307
608632
694023
417764
519515
576680
680069
311262
236283
168608
302905
226048
172935
482450
387750
630869
534330
565059
643851
379099
456994
944917
1.00242e+06
983483
1.02155e+06
963484
1.04066e+06
774913
832379
604240
664047
706899
617481
815658
728197
884022
790632
765256
669591
901116
838451
721442
656037
1.05601e+06
1.0396e+06
941170
647731
540447
467454
364113
655712
560720
451287
359921
852068
707666
864985
697504
839112
826169
533734
621804
345905
430310
446645
350196
613656
513152
55704.6
41767.9
24869.9
55683.8
35579.4
29474.7
132785
91508.8
251636
186476
186972
254078
90111.8
135069
85143
133329
189246
262735
86659.6
130435
189382
260441
73083.4
127521
191698
278637
74705.6
123108
193292
276782
49520.1
30192.5
24855.5
49619.4
36634.3
20240.5
127320
81153
268823
191657
190893
270943
79528.3
130835
787321
656949
774403
667105
800273
813209
478820
553078
316891
387603
404117
321246
544846
457951
579305
485628
425493
335889
587519
506370
409075
331557
709462
663961
692055
681047
727078
744710
535631
573013
410820
449328
487636
422569
557987
493884
619724
549815
540116
469016
635249
593017
500455
456824
295941
354743
443004
503619
303839
378247
414873
491918
175076
224793
128976
132957
217952
166544
345546
277716
448068
377371
404588
459371
270101
322794
798455
749273
816503
731751
780403
762555
748768
667177
649906
566636
765122
712820
608008
553710
699363
652148
553419
504520
683395
607652
594272
517104
283735
228750
364786
306590
331648
375177
221801
262799
153351
198881
124166
120216
205315
161457
292105
245354
416497
367414
341224
405628
252654
313995
795355
779353
494933
582825
570285
595426
504862
608030
367270
415066
254444
299244
316332
258950
406841
345969
441303
374127
338652
275151
449548
395343
321719
270687
94404
136015
184074
244958
95708.1
134386
182905
242362
71762.6
50962.6
43276.9
71624.3
56338.3
38699.4
135189
99181.2
232570
178602
180487
235314
97939.9
136111
545268
646076
658793
633356
535272
620690
510335
430133
382530
306270
518580
451122
365896
301881
484061
423297
343936
286488
475812
402191
360712
290913
134144
103598
211238
167607
171027
214286
102389
133518
75834.1
60584
43199.6
76059.5
55679.1
47582
135292
100628
225106
176160
173517
222210
101838
135129
437037
480217
)
;
    }
    procBoundary2to0
    {
        type            processor;
        value           nonuniform List<scalar> 
47
(
-226.058
-235.983
-251.141
-189.373
-56.5852
-198.378
-198.378
-198.378
-226.058
-226.058
-226.058
-259.463
-259.463
-259.463
-219.937
-235.983
-235.983
-219.937
-219.937
-263.382
-251.141
-251.141
-263.382
-263.382
-152.954
-78.2109
-188.936
-139.235
-78.2109
-78.2109
-85.1909
-200.997
-209.631
-182.046
-273.637
-286.226
-206.27
-206.27
-256.114
-226.009
-222.915
-237.51
-243.692
-271.344
-279.66
-261.955
-256.025
)
;
    }
    procBoundary2to3
    {
        type            processor;
        value           nonuniform List<scalar> 
328
(
-67.3795
-67.3795
-67.3795
13.4978
13.4978
13.4978
13.4978
-73187.6
62299.5
54974.8
-156.071
-156.071
-156.071
-156.482
-156.482
-156.482
145251
144165
-83552.2
-52574.2
-11564.9
26653.9
8936.36
6233.7
55375.2
115331
114840
61280.7
140228
140968
28563.6
26034.7
23568.7
26539.2
9063.75
11558.4
111728
112174
91717.8
29409.2
25666.8
28140.3
-209.904
-149.567
-149.567
-149.567
1197.64
4173.54
46.4877
-61.8326
1045.29
-119.164
47109.5
56922.4
53996.6
53699.6
-154.706
-154.706
-154.706
12217.2
-419.258
-520.052
2819.77
-1774.7
153431
134178
145802
154910
26296.6
-3425
480.093
26024.4
-292.435
-2110.56
57092.3
124825
125398
57929.9
129018
128440
26756.5
17453.8
19854.1
26474.8
17846.4
15471.6
103121
102828
99981.2
100216
32336.4
34429.4
32006.2
33379.6
34094.4
36481.8
25.3458
-114.272
-114.272
-114.272
459.617
770.112
3.14354
154.009
222.974
-10946.7
-12338.3
62626.4
54624.5
53083.6
-155.719
-156.754
-156.754
-156.754
432858
139545
-26900.1
-13954.1
19637
176827
139545
147423
149436
23564.2
-1857.43
20759.8
26629
2655.76
5585.12
55843.8
118051
118579
60078.6
136795
136181
27823.2
21494.1
23947.1
26408
13789.2
11395.4
109093
108694
94432.7
94543.5
30333.3
30249.3
27779
35486.4
38165
40444.4
74.4454
-137.99
-137.99
-137.99
1839.94
913.547
15.1209
528.21
233.618
-106.572
30669.9
61345.7
54305.4
53398.2
-156.468
-156.468
-156.468
13912.6
50132
-3026.45
10691.6
9278.03
109631
146415
153012
148849
22653.5
5451.6
-761.575
26459.6
1090.32
49.4597
56408.2
121922
121371
58931.2
132230
132811
27211.2
21888.2
19455.8
26367.9
13478.6
15846.2
105732
106077
97360.3
97182.7
31314.5
29896.2
32346.9
34432.4
38489.9
36148.3
68.565
32.1111
-50.4103
-39.7622
190.751
297.154
770.112
459.617
-138.268
-139.954
-138.722
-138.654
-139.229
-137.264
-138.642
139545
432858
176827
144165
145251
149436
147423
-11564.9
-52574.2
20759.8
-1857.43
6233.7
8936.36
5585.12
2655.76
114840
115331
118579
118051
140968
140228
136181
136795
23568.7
26034.7
23947.1
21494.1
11558.4
9063.75
11395.4
13789.2
112174
111728
108694
109093
91717.8
94543.5
94432.7
28140.3
25666.8
27779
30249.3
40444.4
38165
-117.928
-117.515
-91.6137
-95.776
4173.54
1197.64
913.547
1839.94
-129.145
-130.796
-135.06
-135.817
-419.258
12217.2
50132
13912.6
134178
153431
146415
109631
154910
145802
148849
153012
480.093
-3425
-761.575
5451.6
-2110.56
-292.435
49.4597
1090.32
125398
124825
121371
121922
128440
129018
132811
132230
19854.1
17453.8
19455.8
21888.2
15471.6
17846.4
15846.2
13478.6
102828
103121
106077
105732
100216
99981.2
97182.7
97360.3
32006.2
34429.4
32346.9
29896.2
36481.8
34094.4
36148.3
38489.9
)
;
    }
    procBoundary2to6
    {
        type            processor;
        value           nonuniform List<scalar> 
65
(
76389.8
57362.6
671111
651505
653531
620964
366599
276403
307642
220576
366599
366599
123981
92022.1
464226
517166
403156
462700
487283
464226
193112
403156
146124
464226
464226
464226
631439
660125
605100
547637
575151
591988
507858
105947
169874
139905
434954
48993.3
77591.2
65531.8
553233
342358
301004
214113
252351
248026
290340
388423
340557
201764
167081
104856
128624
422980
381804
342358
470261
512496
462700
507858
592040
559261
549118
507858
527671
)
;
    }
    procBoundary2to7
    {
        type            processor;
        value           nonuniform List<scalar> 8(52761.6 91795.2 36527 42328.6 40120.4 91795.2 40120.4 42328.6);
    }
}


// ************************************************************************* //
