/*--------------------------------*- C++ -*----------------------------------*\
| =========                 |                                                 |
| \\      /  F ield         | OpenFOAM: The Open Source CFD Toolbox           |
|  \\    /   O peration     | Version:  2012                                  |
|   \\  /    A nd           | Website:  www.openfoam.com                      |
|    \\/     M anipulation  |                                                 |
\*---------------------------------------------------------------------------*/
FoamFile
{
    version     2.0;
    format      ascii;
    class       volScalarField;
    location    "0.106/solid";
    object      epsilonEq;
}
// * * * * * * * * * * * * * * * * * * * * * * * * * * * * * * * * * * * * * //

dimensions      [0 0 0 0 0 0 0];


internalField   nonuniform List<scalar> 
3125
(
4.26892e-09
7.58497e-06
6.21609e-09
5.39974e-06
4.17092e-06
5.75175e-06
5.3077e-09
5.43812e-09
4.26979e-09
6.87833e-09
5.3159e-09
7.6147e-06
8.73325e-09
5.60884e-07
1.81649e-06
3.94446e-06
6.86665e-06
7.32141e-06
6.37431e-06
2.15822e-06
2.11285e-06
7.76809e-06
7.47893e-06
5.85905e-06
7.51159e-06
1.73243e-06
1.81273e-06
5.93748e-06
6.75972e-06
5.15595e-06
6.27007e-06
1.84854e-06
2.07528e-06
4.72286e-06
4.27614e-06
1.71773e-06
5.83252e-06
1.58057e-06
3.54431e-06
5.05129e-06
3.19332e-06
1.81568e-06
4.62285e-06
1.54583e-06
4.06828e-06
4.17404e-06
3.44882e-06
3.10392e-06
8.03154e-09
6.42133e-09
1.01108e-08
3.43435e-08
7.41287e-08
8.28104e-06
5.39754e-08
8.44928e-06
7.39196e-08
4.90063e-06
5.00611e-06
5.96657e-09
6.34824e-09
4.31797e-09
4.30711e-09
6.00365e-09
6.24902e-09
8.335e-09
5.52239e-09
6.78564e-09
6.38063e-09
5.42401e-09
6.61686e-09
5.0025e-06
8.30526e-06
5.25829e-06
1.02262e-08
4.76616e-08
7.27673e-08
6.67808e-08
1.65066e-06
2.174e-06
4.17542e-06
1.46633e-07
4.05005e-06
1.73958e-06
4.19207e-06
8.46972e-06
1.39307e-07
3.03668e-06
5.27976e-06
1.66532e-07
7.59147e-06
7.73487e-06
2.2286e-06
7.11014e-06
2.59997e-06
2.24817e-06
1.53107e-06
1.42965e-06
1.12412e-06
2.23246e-06
1.369e-06
7.24103e-06
2.71506e-06
2.71143e-06
6.72359e-06
6.61519e-06
4.90017e-06
6.77911e-06
4.58203e-06
1.77166e-06
3.4477e-06
3.68369e-06
3.98136e-06
1.78346e-06
3.76e-06
6.67366e-06
4.1447e-06
4.47412e-06
6.00624e-06
5.89877e-06
2.11322e-06
5.53996e-06
1.79389e-06
1.94315e-06
6.02038e-07
7.71058e-07
1.04564e-06
1.97456e-06
8.34151e-07
5.43658e-06
1.41262e-06
1.6945e-06
4.99769e-06
3.21365e-06
3.57236e-06
3.36639e-06
1.6671e-06
3.11344e-06
5.10165e-06
4.03273e-06
3.68938e-06
2.75394e-06
1.64769e-06
3.02596e-06
4.23128e-06
4.33201e-06
3.84157e-06
7.9068e-07
9.98614e-07
5.52872e-07
1.70962e-06
4.31295e-07
3.937e-06
1.32394e-06
1.07516e-06
3.41063e-07
1.67126e-06
4.00638e-07
6.93933e-09
6.18121e-09
8.6361e-09
9.70199e-09
1.35326e-08
8.08653e-10
7.89367e-06
2.66537e-09
1.34111e-08
8.05602e-09
8.22395e-06
3.89378e-07
2.07629e-07
4.48152e-06
5.43087e-06
5.14425e-09
6.68154e-09
1.88315e-09
4.50365e-09
9.18928e-10
8.09429e-10
4.28547e-09
8.05376e-10
5.17941e-09
5.23179e-09
8.37364e-09
6.06898e-09
7.59033e-09
6.70152e-09
5.33587e-09
6.73349e-09
6.04007e-06
7.91575e-06
6.3198e-06
1.00004e-08
1.31335e-08
1.44254e-08
1.71792e-06
1.48039e-06
6.86831e-07
1.29989e-06
7.42844e-07
2.29722e-06
1.81145e-06
2.29979e-06
8.69018e-06
1.8501e-06
4.36831e-06
6.06352e-06
1.45757e-06
7.1809e-06
7.4853e-06
4.92273e-06
6.68545e-06
5.17127e-06
2.43535e-06
1.20092e-06
1.32462e-06
1.09336e-06
2.15241e-06
1.09599e-06
7.344e-06
5.00403e-06
5.65102e-06
7.15709e-06
6.18233e-06
5.98736e-06
7.19964e-06
5.71143e-06
1.74624e-06
2.1432e-06
2.16819e-06
2.28674e-06
1.8047e-06
2.27171e-06
6.25259e-06
4.72916e-06
5.00028e-06
6.43742e-06
5.47218e-06
4.82174e-06
5.95662e-06
4.58573e-06
1.88055e-06
1.09888e-06
1.09936e-06
1.09225e-06
2.04006e-06
1.09272e-06
5.02627e-06
3.62437e-06
3.84643e-06
4.58393e-06
3.43469e-06
3.69609e-06
2.11666e-06
1.70202e-06
2.08845e-06
5.51867e-06
4.67255e-06
4.40328e-06
1.88085e-06
1.60458e-06
1.92028e-06
3.83467e-06
4.74023e-06
3.46659e-06
2.44878e-06
2.64793e-06
1.09712e-06
1.78171e-06
1.09391e-06
4.32548e-06
3.53518e-06
3.31757e-06
1.03462e-06
1.58941e-06
1.0498e-06
3.37458e-06
2.37145e-06
5.55737e-09
5.79313e-09
7.63185e-09
7.12853e-09
6.75502e-09
6.06644e-09
6.68762e-09
6.32602e-09
9.68721e-09
1.64687e-08
1.59617e-08
1.60856e-08
6.46251e-08
2.41632e-08
3.00286e-08
7.58825e-08
2.93563e-08
7.99712e-06
1.8016e-08
3.16327e-08
1.15753e-08
8.89673e-06
3.94737e-07
4.65626e-08
1.30159e-07
4.58574e-06
5.32441e-06
5.61796e-09
6.71597e-09
4.43037e-09
8.06577e-10
8.472e-10
4.28977e-09
8.0742e-10
8.05818e-10
5.40481e-09
5.30391e-09
5.65572e-09
6.06176e-09
5.7144e-09
5.89857e-09
6.139e-09
5.79151e-09
8.57354e-09
7.47207e-09
7.75578e-09
5.70401e-09
7.00456e-09
7.2105e-09
7.04035e-09
7.10933e-09
7.34329e-09
6.74292e-09
6.42789e-09
6.78236e-09
5.36868e-09
6.87235e-09
6.78673e-09
6.50231e-09
6.95382e-09
6.8486e-09
6.05377e-06
5.10095e-06
6.18969e-06
8.01754e-06
6.67453e-06
6.37558e-06
5.18935e-06
6.44003e-06
6.321e-06
1.02649e-08
1.60394e-08
1.52564e-08
2.36119e-08
5.91036e-08
2.51254e-08
2.98427e-08
6.95008e-08
2.82668e-08
8.5372e-07
1.23714e-07
5.48504e-07
1.4402e-06
2.18696e-06
1.77875e-06
1.36357e-06
2.93125e-06
1.1849e-06
1.99707e-06
8.81912e-07
3.11567e-06
3.65459e-06
2.65091e-06
1.37266e-07
5.39356e-07
5.13772e-07
3.1166e-06
4.11315e-06
3.14639e-06
1.79073e-06
2.25264e-06
2.28898e-06
4.16446e-06
3.15683e-06
3.16383e-06
8.6468e-06
6.74025e-06
6.54816e-06
4.95582e-07
1.57553e-07
5.6451e-07
3.87536e-06
3.97208e-06
1.46002e-06
5.238e-06
1.58612e-06
6.51056e-06
4.74128e-06
6.0085e-06
1.80031e-07
5.48991e-07
5.547e-07
7.28661e-06
8.2705e-06
3.39471e-06
2.35018e-06
3.55389e-06
6.79085e-06
5.562e-06
5.28192e-06
2.47544e-06
3.89615e-06
3.72216e-06
2.39112e-06
1.10593e-06
1.23362e-06
7.47789e-07
1.30437e-06
4.65757e-07
3.70534e-07
1.31472e-06
2.98654e-07
2.89325e-07
1.20701e-06
3.06155e-07
2.19175e-06
1.10831e-06
1.09926e-06
1.29101e-06
3.54273e-07
3.29552e-07
7.56598e-06
5.68041e-06
5.69616e-06
4.21707e-06
2.61516e-06
4.14565e-06
4.06599e-06
2.65781e-06
4.07886e-06
7.04895e-06
6.29033e-06
5.91581e-06
4.79526e-06
5.77634e-06
7.09462e-06
5.38339e-06
5.65775e-06
4.68912e-06
5.49476e-06
5.63593e-06
1.75928e-06
2.21385e-06
2.19172e-06
2.75931e-06
3.52763e-06
2.80949e-06
2.90551e-06
3.60625e-06
2.85819e-06
3.07997e-06
3.9092e-06
3.03923e-06
1.79459e-06
2.23465e-06
2.25406e-06
3.83525e-06
2.95151e-06
2.99618e-06
6.35792e-06
5.32867e-06
5.0559e-06
4.92247e-06
4.25554e-06
5.06678e-06
5.35285e-06
4.36531e-06
5.21022e-06
6.32944e-06
5.57839e-06
3.24339e-06
2.00262e-06
3.09773e-06
5.85232e-06
4.25844e-06
4.48876e-06
1.89645e-06
2.81887e-06
2.95656e-06
1.91196e-06
1.09751e-06
1.09881e-06
4.04498e-07
6.54927e-07
3.80331e-07
3.33382e-07
7.11311e-07
3.56329e-07
2.82255e-07
9.71109e-07
2.84986e-07
2.00668e-06
1.09583e-06
1.09406e-06
9.00771e-07
3.12707e-07
2.95872e-07
5.1281e-06
4.16423e-06
3.93817e-06
2.2961e-06
1.50396e-06
2.42295e-06
2.68426e-06
1.5979e-06
2.55231e-06
4.6871e-06
4.02007e-06
3.75532e-06
3.73351e-06
3.33443e-06
3.88541e-06
4.18665e-06
3.45402e-06
4.03648e-06
2.70759e-06
3.28361e-06
2.6542e-06
1.68516e-06
2.02678e-06
2.05853e-06
3.19931e-06
2.54221e-06
2.59909e-06
5.41416e-06
4.07847e-06
4.34572e-06
4.77727e-06
3.91954e-06
4.63111e-06
4.3358e-06
3.80511e-06
4.48397e-06
2.29632e-06
2.84617e-06
2.36055e-06
1.62688e-06
1.9932e-06
1.9577e-06
2.93686e-06
2.48351e-06
2.42295e-06
3.93291e-06
4.63736e-06
3.55913e-06
2.93485e-06
2.72861e-06
1.38838e-06
8.56205e-07
1.48988e-06
1.70395e-06
9.25566e-07
1.59511e-06
4.28199e-07
5.07774e-07
4.50981e-07
1.74641e-06
1.08226e-06
1.089e-06
4.67117e-07
4.92256e-07
4.72437e-07
4.22759e-06
3.0186e-06
3.23103e-06
2.17192e-06
1.23801e-06
2.05041e-06
1.81624e-06
1.15503e-06
1.93181e-06
5.50815e-07
3.55609e-07
5.39624e-07
1.63122e-06
1.07354e-06
1.06276e-06
3.75401e-07
5.10174e-07
5.26032e-07
3.42899e-09
4.16922e-09
4.28011e-09
3.22947e-09
4.17976e-09
3.40984e-09
3.2404e-09
7.68935e-06
6.97062e-09
4.84628e-09
6.95137e-09
7.68736e-09
5.55679e-09
8.47638e-09
6.15988e-09
2.72767e-06
7.8859e-06
2.5365e-06
4.06192e-06
3.10814e-06
5.83424e-06
1.83425e-06
4.27405e-06
5.64465e-06
4.28487e-09
4.13256e-09
6.05034e-09
4.92236e-09
4.81167e-09
5.41743e-09
3.70913e-09
3.43678e-09
4.17322e-09
3.23082e-09
4.28182e-09
3.41322e-09
4.18784e-09
3.24215e-09
8.20302e-06
8.1512e-06
7.10641e-06
7.71608e-06
8.25003e-06
7.20098e-06
8.10958e-06
6.97217e-06
8.29751e-06
5.01469e-06
5.80599e-06
5.60946e-06
6.47821e-06
5.90443e-06
5.71377e-06
4.91292e-06
7.2837e-06
8.56448e-06
6.58722e-06
8.58259e-06
7.19831e-06
8.05342e-06
7.6556e-06
7.3724e-06
5.96672e-06
7.91811e-06
8.05019e-06
7.01002e-06
7.40839e-06
8.01375e-06
7.94903e-06
6.91457e-06
6.63068e-06
6.04243e-06
6.48833e-06
5.55664e-06
6.59396e-06
5.65336e-06
6.5297e-06
6.65287e-06
5.26094e-06
4.71246e-06
5.70822e-06
5.50512e-06
6.16571e-06
4.8118e-06
5.61067e-06
5.40166e-06
3.48302e-06
4.82361e-06
4.28072e-06
3.99783e-06
4.37335e-06
4.09428e-06
3.39358e-06
4.98501e-06
4.3784e-06
4.7854e-06
4.01926e-06
4.8925e-06
4.11399e-06
4.88008e-06
6.32731e-06
5.72795e-06
6.38277e-06
5.45949e-06
6.27726e-06
6.42851e-06
5.36314e-06
3.64035e-06
4.9473e-06
2.15923e-06
3.28365e-06
2.88195e-06
2.56595e-06
2.96436e-06
2.64813e-06
2.08572e-06
3.21683e-06
4.52321e-06
4.18905e-06
3.90198e-06
3.30459e-06
4.09759e-06
3.80706e-06
4.67839e-06
3.92437e-06
4.77496e-06
2.80066e-06
2.48471e-06
2.01301e-06
8.20191e-06
2.85142e-08
3.67045e-08
4.93695e-08
4.182e-08
3.66658e-08
3.34027e-08
3.01241e-08
8.49722e-06
9.21341e-08
1.29924e-07
7.93841e-08
5.759e-08
4.95973e-08
1.33613e-07
9.55782e-08
4.79542e-06
5.11203e-06
3.55569e-09
4.35081e-09
4.31666e-09
3.25634e-09
3.50033e-09
4.38344e-09
3.27482e-09
3.47598e-09
4.30438e-09
4.27425e-09
3.24996e-09
3.47771e-09
4.25562e-09
3.25523e-09
8.6788e-06
8.22156e-06
8.8011e-06
7.78105e-06
8.74578e-06
8.73367e-06
7.69253e-06
8.86014e-06
8.51109e-06
9.01273e-06
7.93866e-06
8.92335e-06
8.93327e-06
7.99034e-06
7.49721e-06
7.83506e-06
5.56343e-06
7.00538e-06
6.53076e-06
6.37087e-06
6.42189e-06
6.25808e-06
5.68037e-06
5.91303e-06
7.34978e-06
6.65544e-06
6.49351e-06
6.76051e-06
6.60973e-06
5.80153e-06
6.83218e-06
6.50684e-06
7.42916e-06
6.88435e-06
7.32828e-06
6.33323e-06
7.43269e-06
7.33021e-06
6.43011e-06
7.13173e-06
6.56852e-06
7.22382e-06
6.23575e-06
7.11932e-06
7.231e-06
6.13905e-06
6.11378e-06
5.79184e-06
4.22571e-06
5.6439e-06
5.03176e-06
4.78733e-06
5.12775e-06
4.88856e-06
4.13058e-06
3.94211e-06
5.33338e-06
4.9367e-06
4.68653e-06
4.84163e-06
4.58647e-06
4.03579e-06
5.50658e-06
4.8941e-06
5.53377e-06
4.68762e-06
5.42724e-06
5.60992e-06
4.59198e-06
5.81634e-06
5.20568e-06
5.64037e-06
4.78404e-06
5.74694e-06
5.71329e-06
4.88012e-06
4.13136e-06
4.43325e-06
2.54515e-06
3.74674e-06
3.47358e-06
3.16339e-06
3.38682e-06
3.07513e-06
2.6255e-06
2.7897e-06
4.03333e-06
3.56074e-06
3.25278e-06
3.64899e-06
3.34306e-06
2.70723e-06
7.49742e-09
6.24835e-09
5.9071e-09
7.36948e-09
6.01051e-09
8.96397e-09
6.38693e-09
5.0441e-09
7.01077e-09
9.69055e-09
1.03148e-08
7.69116e-09
2.50255e-08
2.9668e-08
2.63167e-08
3.50615e-08
1.56018e-08
9.62481e-09
2.09745e-08
3.23397e-08
1.75142e-08
1.25404e-08
1.13821e-08
1.54792e-08
3.43903e-09
4.2857e-09
4.18174e-09
3.24465e-09
9.56226e-10
1.35673e-09
8.07534e-10
9.47279e-10
1.36092e-09
8.05715e-10
1.36107e-09
7.79351e-06
4.67283e-09
3.31949e-09
3.85794e-09
3.3536e-09
4.5844e-09
8.65689e-09
9.78693e-09
1.38896e-08
1.10763e-08
1.02886e-08
1.16281e-08
8.02827e-09
6.38451e-09
5.5628e-09
8.99687e-09
8.9638e-09
6.37921e-09
1.06547e-05
3.86781e-07
8.1279e-07
1.35403e-06
2.24078e-07
1.98029e-06
3.18107e-07
4.97317e-07
8.11665e-07
1.00886e-06
3.01954e-07
1.52983e-07
4.89665e-07
8.79754e-08
3.97487e-07
4.37766e-06
5.53772e-06
5.03395e-09
5.10652e-09
4.1725e-09
4.17909e-09
4.16089e-09
5.03728e-09
5.12289e-09
5.06146e-09
5.09731e-09
6.07523e-09
6.41714e-09
5.7719e-09
4.35496e-09
4.36041e-09
5.76611e-09
5.75314e-09
6.09668e-09
6.43503e-09
6.0897e-09
6.43397e-09
1.9097e-09
2.50626e-09
1.37156e-09
2.50958e-09
1.98199e-09
4.00339e-09
4.67501e-09
4.7546e-09
3.37274e-09
5.02921e-09
3.78645e-09
3.49568e-09
1.53307e-09
1.07417e-09
1.50103e-09
1.27891e-09
1.67567e-09
9.55904e-10
1.35605e-09
8.09162e-10
9.48412e-10
1.35708e-09
3.44675e-09
4.28689e-09
4.20006e-09
3.24114e-09
4.19743e-09
3.43772e-09
3.24612e-09
9.52751e-10
8.08727e-10
1.34516e-09
9.41142e-10
1.35274e-09
5.10961e-09
5.25477e-09
5.17329e-09
5.17718e-09
4.21943e-09
4.2028e-09
5.10332e-09
5.13207e-09
5.07635e-09
5.17248e-09
4.24342e-09
4.28584e-09
7.89525e-09
7.63702e-09
8.22295e-09
7.15117e-09
7.49699e-09
6.70844e-09
6.35937e-09
8.92806e-09
7.31725e-09
5.32888e-09
5.47938e-09
6.70261e-09
8.01933e-09
9.95878e-09
9.7545e-09
8.64412e-09
6.15352e-09
6.50766e-09
6.49756e-09
6.14566e-09
5.78287e-09
4.35492e-09
5.78775e-09
4.37877e-09
6.11353e-09
6.45665e-09
6.1177e-09
6.46376e-09
5.81444e-09
4.39585e-09
4.38541e-09
5.81329e-09
8.14081e-06
8.05209e-06
8.29798e-06
7.81767e-06
8.44355e-06
7.39022e-06
8.34953e-06
7.29726e-06
8.38721e-06
7.89594e-06
7.99419e-06
1.3765e-08
2.50151e-08
1.71723e-08
2.41278e-08
1.25191e-08
8.48509e-09
9.55796e-09
9.1588e-09
1.21063e-08
1.62369e-08
1.22796e-08
2.01281e-08
1.41066e-08
1.1109e-08
9.90909e-09
1.41255e-08
3.60229e-06
5.06401e-06
3.79217e-06
5.48176e-06
4.35369e-06
3.58146e-06
4.11989e-06
3.16954e-06
5.26358e-06
3.64397e-06
4.1504e-06
4.20327e-06
3.64225e-06
3.2675e-06
3.32724e-06
3.31594e-06
3.24443e-06
3.6567e-06
4.1931e-06
3.64852e-06
4.15192e-06
8.41718e-06
1.06957e-05
6.57094e-06
3.62573e-06
7.20767e-06
9.19303e-06
9.09485e-06
1.36989e-05
7.66949e-06
1.2241e-05
7.163e-06
1.22698e-05
1.06713e-05
1.97926e-06
1.21876e-05
3.2618e-06
7.07809e-06
9.09552e-06
3.35083e-06
3.26072e-06
5.11897e-06
6.58238e-06
6.10347e-06
5.92514e-06
6.00372e-06
5.81964e-06
5.22443e-06
3.0699e-06
3.15304e-06
2.88869e-06
2.32658e-06
2.96715e-06
2.20282e-06
2.92371e-06
2.896e-06
3.3417e-06
3.4747e-06
2.49619e-06
1.9326e-06
1.94885e-06
2.42078e-06
2.72825e-06
2.19414e-06
2.21939e-06
2.77167e-06
3.13748e-06
3.13771e-06
2.76719e-06
2.23953e-06
2.7239e-06
2.21586e-06
3.16174e-06
3.16196e-06
4.5567e-06
4.93511e-06
7.01952e-06
7.92206e-06
6.79705e-06
7.009e-06
6.91852e-06
7.61417e-06
6.46606e-06
6.15432e-06
5.35196e-06
7.265e-06
6.07446e-06
7.57463e-06
7.67934e-06
7.82111e-06
7.3041e-06
7.74373e-06
6.72138e-06
7.84665e-06
6.81771e-06
7.72386e-06
7.83924e-06
7.73647e-06
3.47989e-06
3.91507e-06
3.50891e-06
3.92934e-06
3.15041e-06
3.17936e-06
3.20983e-06
3.17826e-06
3.47215e-06
3.87681e-06
3.44129e-06
3.86532e-06
3.64249e-06
4.141e-06
4.11205e-06
3.62418e-06
3.32588e-06
3.27376e-06
3.64026e-06
4.13683e-06
3.65456e-06
4.17069e-06
3.26985e-06
3.31687e-06
6.83996e-06
6.73158e-06
6.73142e-06
6.14761e-06
6.80436e-06
5.8473e-06
6.69929e-06
5.7507e-06
6.83167e-06
6.55657e-06
6.66555e-06
6.54509e-06
5.36656e-06
2.72222e-06
2.79688e-06
4.61351e-06
6.06124e-06
5.41646e-06
5.19521e-06
5.51366e-06
5.29814e-06
4.51563e-06
2.96969e-06
2.89151e-06
2.61617e-06
2.24597e-06
2.66166e-06
2.25675e-06
2.89426e-06
2.88703e-06
2.92605e-06
2.93193e-06
2.63563e-06
2.24569e-06
2.58982e-06
2.23655e-06
2.75162e-06
2.26455e-06
2.24559e-06
2.70727e-06
3.11306e-06
3.11316e-06
2.71731e-06
2.23337e-06
2.76103e-06
2.25479e-06
3.08742e-06
3.08662e-06
2.02248e-06
1.9567e-06
3.57354e-06
4.92471e-06
4.55943e-06
4.28926e-06
4.46603e-06
4.19161e-06
3.66443e-06
1.81621e-06
1.88062e-06
5.37605e-06
5.26172e-06
5.08978e-06
4.48116e-06
5.10646e-06
4.30445e-06
4.99959e-06
4.20944e-06
5.19417e-06
5.06628e-06
5.18124e-06
3.38891e-06
3.76161e-06
3.75568e-06
3.35447e-06
3.14586e-06
3.11966e-06
3.08593e-06
3.10932e-06
3.39959e-06
3.81221e-06
3.43218e-06
3.82101e-06
6.19949e-06
6.30988e-06
6.22557e-06
5.62318e-06
6.06538e-06
5.16972e-06
6.17146e-06
5.26613e-06
6.12362e-06
6.48888e-06
6.37917e-06
3.07531e-06
3.41659e-06
3.40787e-06
3.11933e-06
2.81274e-06
2.81815e-06
2.87581e-06
2.86728e-06
3.05404e-06
3.32507e-06
3.00802e-06
3.33696e-06
3.73733e-06
4.84343e-06
1.01538e-06
9.63369e-07
2.23426e-06
3.37471e-06
3.13113e-06
2.81577e-06
3.04728e-06
2.73154e-06
2.31012e-06
8.62936e-07
9.1284e-07
2.57445e-06
2.21376e-06
2.20812e-06
2.52774e-06
2.84515e-06
2.8539e-06
2.56048e-06
2.22393e-06
2.60659e-06
2.23146e-06
2.81055e-06
2.80018e-06
1.5482e-06
1.60965e-06
3.12956e-06
4.42416e-06
3.91635e-06
3.61906e-06
4.00693e-06
3.71262e-06
3.04335e-06
1.74306e-06
1.68009e-06
2.30784e-06
2.07162e-06
2.06634e-06
2.35901e-06
2.47594e-06
2.45342e-06
2.30382e-06
2.02382e-06
2.25153e-06
2.03166e-06
2.52093e-06
2.54149e-06
4.98406e-06
5.56991e-09
6.32377e-09
6.29193e-09
5.74726e-09
4.77648e-09
4.52381e-09
4.70122e-09
5.2947e-09
5.72366e-09
5.50449e-09
5.78936e-09
5.40368e-09
7.90502e-09
6.60815e-09
7.85897e-09
6.77369e-09
8.60281e-09
1.07626e-08
1.07162e-08
8.73791e-09
8.36791e-09
1.0333e-08
8.08136e-09
1.03576e-08
8.18598e-09
7.18153e-09
7.00509e-09
8.25452e-09
6.20262e-09
6.74181e-09
6.10306e-09
6.79965e-09
6.48096e-09
6.28494e-09
6.15539e-09
6.57933e-09
6.23312e-09
5.85959e-09
6.18056e-09
5.92024e-09
6.43272e-09
7.14027e-09
7.0492e-09
6.58616e-09
2.76874e-08
3.11313e-08
2.71282e-08
3.17675e-08
1.70805e-08
1.36956e-08
1.38047e-08
1.72919e-08
1.6527e-08
1.30415e-08
1.64524e-08
1.35133e-08
2.83459e-08
3.39845e-08
3.27252e-08
2.75354e-08
8.06825e-08
6.23891e-08
6.25621e-08
6.80246e-08
1.41434e-07
1.8535e-07
7.66797e-08
5.33597e-08
1.57434e-07
1.60913e-07
1.45249e-07
1.79854e-07
7.28795e-08
6.37529e-08
6.40158e-08
7.04812e-08
1.51395e-07
1.87784e-07
1.4684e-07
1.71633e-07
7.54253e-08
6.37798e-08
6.59518e-08
8.01583e-08
1.45408e-07
1.58116e-07
1.47592e-07
1.67309e-07
8.08996e-06
2.1853e-08
2.58566e-08
1.75673e-08
1.50111e-08
1.50421e-08
2.61699e-08
2.18073e-08
2.30902e-08
3.33224e-08
2.3162e-08
2.97726e-08
2.47912e-08
1.73613e-08
1.26674e-08
1.66056e-08
1.23317e-08
1.79108e-08
8.94683e-06
1.6262e-07
2.18174e-07
4.48335e-07
2.2296e-07
3.0926e-07
2.77462e-07
1.58178e-07
5.59353e-08
4.74805e-08
6.91176e-08
4.09504e-08
6.94077e-08
9.49271e-08
1.29682e-07
1.00727e-07
1.06029e-07
1.06675e-07
4.69049e-06
5.21811e-06
5.49933e-09
5.44776e-09
5.70896e-09
5.85896e-09
5.81994e-09
5.74866e-09
5.72515e-09
5.84296e-09
5.47961e-09
5.47115e-09
5.43661e-09
5.51257e-09
6.27227e-09
6.5421e-09
6.11583e-09
6.03921e-09
5.99667e-09
6.15235e-09
6.12881e-09
6.01504e-09
6.27004e-09
6.56867e-09
6.55776e-09
6.29564e-09
3.60777e-09
4.3787e-09
4.58257e-09
3.31725e-09
3.67519e-09
4.46657e-09
3.29306e-09
1.01653e-09
1.34724e-09
8.09534e-10
9.8076e-10
1.35718e-09
1.0632e-09
1.41506e-09
8.20302e-10
1.1421e-09
1.37572e-09
3.47336e-09
4.30273e-09
4.21425e-09
3.24464e-09
3.44602e-09
4.2349e-09
3.25463e-09
9.65659e-10
1.34622e-09
8.10723e-10
9.68828e-10
1.34934e-09
9.59119e-10
1.34383e-09
8.0931e-10
9.4281e-10
1.34821e-09
5.26928e-09
5.24798e-09
5.17089e-09
5.34932e-09
4.39574e-09
4.50993e-09
5.26869e-09
5.50115e-09
5.4302e-09
5.34989e-09
4.37276e-09
4.30786e-09
5.56697e-09
5.60246e-09
5.51503e-09
5.65652e-09
5.80147e-09
5.8563e-09
5.74578e-09
5.90873e-09
5.56761e-09
5.47494e-09
5.52229e-09
5.5151e-09
5.78991e-09
5.98952e-09
5.87943e-09
5.90964e-09
5.75757e-09
5.58488e-09
5.70374e-09
5.64134e-09
5.9828e-09
6.26735e-09
6.16418e-09
6.10339e-09
5.75017e-09
5.87382e-09
5.92146e-09
5.69796e-09
5.98462e-09
5.98894e-09
5.86421e-09
6.09246e-09
8.36343e-09
7.78257e-09
8.55327e-09
7.5722e-09
8.83274e-09
1.07396e-08
8.85042e-09
1.07121e-08
8.38222e-09
7.34725e-09
8.35432e-09
7.4611e-09
8.83197e-09
1.05882e-08
8.89191e-09
1.04144e-08
6.71189e-09
7.38394e-09
7.00164e-09
7.11604e-09
6.18209e-09
4.58683e-09
4.65807e-09
6.08354e-09
6.29836e-09
4.91778e-09
6.55391e-09
4.83985e-09
6.58417e-09
6.84809e-09
6.96491e-09
6.47127e-09
7.02498e-09
7.60116e-09
7.39701e-09
7.27458e-09
6.81286e-09
6.4659e-09
6.73264e-09
6.58922e-09
6.89235e-09
7.27064e-09
6.76448e-09
7.32978e-09
6.9135e-09
7.00166e-09
7.15088e-09
6.72919e-09
6.35043e-09
6.64345e-09
6.62527e-09
6.37903e-09
6.18586e-09
6.03549e-09
6.15439e-09
6.0805e-09
6.32762e-09
6.58545e-09
6.5987e-09
6.30434e-09
6.20135e-09
6.14619e-09
6.08253e-09
6.24445e-09
6.21558e-09
6.5726e-09
6.21763e-09
6.57855e-09
5.95352e-09
4.50974e-09
4.47507e-09
5.98158e-09
5.86729e-09
4.40767e-09
5.86974e-09
4.44965e-09
6.32152e-09
6.71819e-09
6.34746e-09
6.68056e-09
6.47433e-09
6.70589e-09
6.42771e-09
6.72461e-09
6.40182e-09
6.43376e-09
6.28316e-09
6.5275e-09
6.34741e-09
6.16039e-09
6.25093e-09
6.28003e-09
6.54714e-09
6.88496e-09
6.64451e-09
6.82539e-09
7.34423e-06
7.90869e-06
7.83938e-06
7.41198e-06
6.93893e-06
6.39804e-06
6.45788e-06
6.92241e-06
7.02853e-06
6.53411e-06
7.03516e-06
6.48337e-06
7.29874e-06
7.69918e-06
7.77495e-06
7.22342e-06
8.20898e-06
8.26781e-06
8.56504e-06
8.11048e-06
8.54464e-06
7.48942e-06
8.48498e-06
8.62856e-06
7.5809e-06
8.34863e-06
8.36224e-06
7.50411e-06
7.97535e-06
7.45706e-06
8.02602e-06
7.17966e-06
6.57458e-06
6.5828e-06
7.12369e-06
7.1074e-06
6.55531e-06
7.12402e-06
6.58429e-06
7.53705e-06
8.09919e-06
8.08676e-06
7.5481e-06
2.32258e-08
3.05909e-08
1.9743e-08
3.07849e-08
1.69952e-08
1.3636e-08
1.69555e-08
1.29951e-08
2.4851e-08
3.30977e-08
2.72678e-08
3.39621e-08
1.58358e-08
1.17973e-08
1.59143e-08
1.25517e-08
5.24777e-08
3.40264e-08
2.26878e-08
5.92902e-08
3.00472e-08
7.70858e-08
3.53885e-08
8.68184e-08
3.97449e-08
1.91633e-08
1.73251e-08
3.26491e-08
4.00366e-08
1.50269e-07
7.48025e-08
1.1991e-07
7.5606e-08
4.27513e-08
5.35617e-08
7.5211e-08
1.36345e-07
1.86784e-07
1.49349e-07
1.99373e-07
8.27157e-08
6.37379e-08
7.90177e-08
5.75602e-08
1.28693e-07
1.8907e-07
1.00753e-07
1.8743e-07
9.34563e-07
1.29154e-06
1.31656e-06
8.47561e-07
4.6223e-07
4.03885e-07
3.99385e-07
3.49068e-07
4.03649e-07
4.21786e-07
1.3137e-06
3.036e-06
3.1169e-06
3.23236e-06
2.72106e-06
3.70581e-06
2.95196e-06
3.12133e-06
2.79447e-06
2.26333e-06
3.37175e-06
4.06825e-06
3.90397e-06
3.4585e-06
4.43538e-06
5.22934e-06
5.02412e-06
3.98525e-06
6.03771e-06
4.88051e-06
4.75355e-06
7.22388e-06
5.9344e-06
6.37861e-06
5.79668e-06
5.33782e-06
4.71454e-06
3.6827e-06
4.08633e-06
4.18891e-06
5.40922e-06
6.16552e-06
5.51585e-06
5.98183e-06
4.93346e-06
4.45838e-06
4.3708e-06
5.10999e-06
5.10427e-06
5.16049e-06
4.64923e-06
5.72675e-06
8.75408e-07
1.05852e-06
8.26371e-07
1.16874e-06
4.30925e-07
3.63122e-07
3.68602e-07
4.78573e-07
4.18253e-07
3.55219e-07
3.51345e-07
3.77281e-07
9.33086e-07
1.27649e-06
1.16182e-06
9.39338e-07
5.16856e-06
4.59189e-06
4.57554e-06
5.13581e-06
5.53741e-06
6.05856e-06
6.05712e-06
5.49394e-06
5.54528e-06
6.11708e-06
6.12987e-06
5.57895e-06
5.10874e-06
4.55497e-06
4.58104e-06
5.1299e-06
3.60137e-06
4.19589e-06
3.62057e-06
4.12186e-06
3.21801e-06
3.09638e-06
3.19467e-06
3.28631e-06
3.55682e-06
4.04282e-06
3.51222e-06
4.14742e-06
5.13485e-06
4.57814e-06
5.19043e-06
4.57574e-06
5.56846e-06
6.12032e-06
6.1975e-06
5.54827e-06
5.59304e-06
6.18653e-06
6.14943e-06
5.57998e-06
5.16794e-06
4.50699e-06
5.07769e-06
4.53663e-06
7.75163e-06
8.69414e-06
9.35198e-06
8.88035e-06
8.65511e-06
7.8533e-06
8.52158e-06
9.61949e-06
8.15646e-06
8.54732e-06
8.25299e-06
3.07201e-07
1.45554e-06
1.13458e-06
5.51133e-07
2.9492e-07
1.19325e-07
2.18253e-07
1.05279e-07
5.05563e-07
1.43902e-06
1.49635e-06
5.3858e-07
3.32479e-07
2.00129e-07
1.008e-07
4.2749e-07
6.49286e-06
9.66427e-06
7.744e-06
7.36536e-06
8.81957e-06
7.51429e-06
6.29829e-06
7.60363e-06
6.7196e-06
5.58364e-06
8.48234e-06
6.91642e-06
7.2042e-06
7.45275e-06
7.87012e-06
6.6631e-06
7.0258e-06
6.56465e-06
7.19192e-06
6.45199e-06
7.48819e-06
8.18626e-06
7.58684e-06
8.05088e-06
6.74517e-06
5.60841e-06
6.12823e-06
6.16059e-06
9.66743e-07
1.69488e-06
8.05875e-07
1.53636e-06
5.25538e-07
3.73959e-07
3.50511e-07
4.87058e-07
5.11744e-07
2.71418e-07
3.38995e-07
5.25068e-07
9.61762e-07
1.32707e-06
1.00026e-06
1.4495e-06
7.38544e-06
8.08608e-06
2.01535e-06
2.76496e-06
2.66065e-06
2.11583e-06
1.5125e-06
9.82732e-07
1.06149e-06
1.41588e-06
1.54583e-06
1.14242e-06
1.64877e-06
1.06156e-06
1.95518e-06
2.48211e-06
2.57963e-06
1.85947e-06
3.46932e-06
3.56656e-06
5.44617e-06
6.89364e-06
6.20682e-06
6.03434e-06
5.33476e-06
6.31013e-06
6.14258e-06
3.79389e-06
3.69131e-06
2.28852e-06
2.85637e-06
2.18567e-06
2.96718e-06
1.83027e-06
1.31536e-06
1.23935e-06
1.93872e-06
1.79483e-06
1.15081e-06
1.68822e-06
1.22986e-06
2.35893e-06
3.17441e-06
3.05949e-06
2.46249e-06
2.93432e-06
2.37501e-06
3.06182e-06
2.31944e-06
3.3007e-06
3.26105e-06
2.86337e-06
2.18062e-06
2.2112e-06
2.77266e-06
3.4283e-06
3.50804e-06
1.22025e-06
1.82362e-06
1.7826e-06
1.24685e-06
1.30605e-06
2.1945e-06
1.72812e-06
1.69535e-06
1.09114e-06
1.1185e-06
9.49821e-07
1.35809e-06
1.30978e-06
1.61931e-06
1.59569e-06
1.51298e-06
1.24789e-06
1.94423e-06
1.83185e-06
1.28434e-06
9.33263e-07
9.5724e-07
8.65053e-07
9.9112e-07
1.17712e-06
1.70754e-06
1.78884e-06
1.16469e-06
9.0981e-07
9.99878e-07
1.01944e-06
9.48497e-07
1.32879e-06
1.82968e-06
1.80317e-06
1.28956e-06
1.08666e-06
8.7548e-07
8.92169e-07
1.053e-06
1.00927e-06
9.12221e-07
8.89049e-07
1.04351e-06
1.34296e-06
1.83971e-06
1.86712e-06
1.37922e-06
2.77813e-06
2.19482e-06
2.73112e-06
2.17304e-06
3.22066e-06
3.23131e-06
2.74661e-06
2.16915e-06
2.80176e-06
2.18193e-06
3.18945e-06
3.18555e-06
1.23111e-06
1.76037e-06
1.26913e-06
1.79025e-06
9.10969e-07
9.64677e-07
9.30564e-07
9.53588e-07
9.95263e-07
9.08618e-07
9.37585e-07
9.58892e-07
1.21465e-06
1.76765e-06
1.18287e-06
1.72842e-06
4.24203e-06
4.11053e-06
5.9912e-06
7.48072e-06
6.8767e-06
6.86916e-06
6.17748e-06
6.8187e-06
6.69567e-06
3.93187e-06
4.02069e-06
3.28365e-06
3.83453e-06
4.19037e-06
2.9881e-06
2.92841e-06
2.75397e-06
2.16385e-06
3.51139e-06
2.62628e-06
1.56189e-06
1.83367e-06
2.31903e-06
3.56605e-06
5.17789e-06
4.51102e-06
4.26697e-06
2.63275e-06
3.53486e-06
3.40665e-06
2.72074e-06
2.07252e-06
1.33473e-06
1.98444e-06
1.38435e-06
2.63422e-06
3.28383e-06
2.54894e-06
3.38946e-06
2.02263e-06
1.40144e-06
1.331e-06
2.11355e-06
6.94061e-06
6.39864e-06
7.04602e-06
7.40429e-06
7.48564e-06
6.96438e-06
6.80808e-06
6.36796e-06
6.83054e-06
6.30302e-06
7.09578e-06
7.63267e-06
7.55332e-06
7.17524e-06
6.7155e-06
6.20312e-06
6.68957e-06
6.27069e-06
7.51606e-06
7.41025e-06
7.52783e-06
6.9897e-06
7.6403e-06
6.62412e-06
7.6259e-06
7.5367e-06
6.52758e-06
7.24376e-06
7.35034e-06
6.82986e-06
7.33503e-06
6.91298e-06
7.25232e-06
6.47358e-06
5.99202e-06
6.06283e-06
6.44248e-06
6.56745e-06
6.16854e-06
6.59623e-06
6.09913e-06
6.77697e-06
7.09784e-06
7.18181e-06
6.69259e-06
3.54258e-06
3.97841e-06
3.51537e-06
3.96162e-06
3.26223e-06
3.22522e-06
3.54776e-06
4.00478e-06
4.02434e-06
3.57312e-06
3.20316e-06
3.23748e-06
4.67747e-06
4.2632e-06
4.21816e-06
4.68175e-06
4.93089e-06
5.29185e-06
5.3164e-06
4.8688e-06
4.9593e-06
5.42139e-06
5.01973e-06
5.39936e-06
4.60519e-06
4.15537e-06
4.20198e-06
4.59842e-06
4.75488e-06
4.2777e-06
4.32102e-06
4.75316e-06
5.13021e-06
5.62212e-06
5.18773e-06
5.60486e-06
4.82558e-06
4.37564e-06
4.33394e-06
4.8248e-06
5.10537e-06
5.50364e-06
5.04631e-06
5.52331e-06
5.01288e-06
4.48171e-06
4.51716e-06
5.02243e-06
5.43112e-06
5.98201e-06
5.48018e-06
5.97682e-06
5.07943e-06
4.55381e-06
4.52184e-06
5.06547e-06
5.41424e-06
5.88949e-06
5.89881e-06
5.36207e-06
3.6026e-06
4.08064e-06
3.6238e-06
4.10603e-06
3.24407e-06
3.284e-06
3.60037e-06
4.06694e-06
3.57689e-06
4.04465e-06
3.3024e-06
3.25932e-06
4.96049e-06
4.47426e-06
4.9543e-06
4.43623e-06
5.26691e-06
5.70293e-06
5.71784e-06
5.21094e-06
5.28833e-06
5.81021e-06
5.79792e-06
5.34265e-06
4.89132e-06
4.38689e-06
4.89475e-06
4.4268e-06
6.90444e-06
7.01221e-06
7.03199e-06
6.46316e-06
6.90952e-06
5.94472e-06
6.93199e-06
7.01461e-06
6.0416e-06
7.18229e-06
7.07512e-06
6.26546e-06
6.70729e-06
6.61995e-06
6.35324e-06
5.9549e-06
5.53389e-06
5.61008e-06
5.91474e-06
6.05096e-06
5.72783e-06
5.65294e-06
6.08883e-06
6.20678e-06
6.45566e-06
6.54428e-06
6.11766e-06
6.49707e-06
6.78166e-06
6.86789e-06
6.41043e-06
6.31474e-06
5.95412e-06
6.34807e-06
5.88192e-06
6.55283e-06
7.02594e-06
6.63824e-06
6.94094e-06
6.21981e-06
5.76896e-06
5.84242e-06
6.18425e-06
6.22175e-06
5.68487e-06
1.66842e-06
2.16044e-06
2.24811e-06
1.58073e-06
1.29629e-06
9.90082e-07
1.38655e-06
9.13983e-07
1.7151e-06
2.40822e-06
2.31627e-06
1.80638e-06
1.27086e-06
8.55624e-07
1.1867e-06
9.28417e-07
2.63186e-06
2.55967e-06
4.32183e-06
5.74797e-06
5.32009e-06
5.09255e-06
4.41821e-06
5.2236e-06
4.99049e-06
2.40229e-06
2.47253e-06
1.45406e-06
2.09658e-06
1.53899e-06
2.01205e-06
1.06475e-06
7.68585e-07
8.33632e-07
9.92313e-07
1.08555e-06
8.76405e-07
1.16389e-06
8.07222e-07
1.41673e-06
1.86959e-06
1.95153e-06
1.33392e-06
2.68497e-06
2.26467e-06
2.63972e-06
2.25248e-06
2.99657e-06
3.00012e-06
2.66058e-06
2.25585e-06
2.26957e-06
2.70565e-06
2.96709e-06
2.9625e-06
1.56788e-06
1.97706e-06
1.94502e-06
1.54405e-06
1.30001e-06
9.34873e-07
9.13124e-07
1.27534e-06
1.2548e-06
8.97073e-07
1.28057e-06
9.16185e-07
1.55837e-06
1.94566e-06
1.97772e-06
1.58118e-06
1.52694e-06
1.9414e-06
1.97331e-06
1.55181e-06
1.20821e-06
8.73536e-07
1.23692e-06
8.85111e-07
1.53301e-06
1.96649e-06
1.9346e-06
1.50712e-06
1.25956e-06
8.993e-07
1.23228e-06
8.8365e-07
1.42614e-06
1.89294e-06
1.92328e-06
1.45655e-06
1.09135e-06
8.77959e-07
1.12473e-06
8.6765e-07
1.42161e-06
1.89866e-06
1.86963e-06
1.38855e-06
1.15747e-06
8.64941e-07
8.693e-07
1.12475e-06
2.6944e-06
2.25289e-06
2.73916e-06
2.26993e-06
3.03105e-06
3.02849e-06
2.72375e-06
2.27141e-06
2.67875e-06
2.25617e-06
3.05849e-06
3.06015e-06
1.48604e-06
1.94216e-06
1.45757e-06
1.91091e-06
1.21268e-06
8.74155e-07
8.67458e-07
1.18247e-06
1.15487e-06
8.65867e-07
8.67324e-07
1.18648e-06
1.48415e-06
1.92461e-06
1.5112e-06
1.95626e-06
2.10104e-06
2.16825e-06
3.84877e-06
5.23065e-06
4.65288e-06
4.38769e-06
3.75635e-06
4.74731e-06
4.48674e-06
2.31826e-06
2.2496e-06
1.00755e-06
1.54772e-06
1.47199e-06
1.08522e-06
7.43202e-07
7.06342e-07
7.50886e-07
6.98338e-07
7.59017e-07
7.59339e-07
7.09252e-07
8.11777e-07
9.86003e-07
1.34857e-06
1.42232e-06
9.10023e-07
1.19009e-06
1.59987e-06
1.67755e-06
1.11084e-06
9.06547e-07
8.00128e-07
9.72952e-07
7.39617e-07
1.2196e-06
1.81216e-06
1.30055e-06
1.73239e-06
8.8854e-07
7.20044e-07
7.75466e-07
8.2869e-07
5.45456e-06
5.56819e-06
5.40271e-06
4.79047e-06
5.21341e-06
4.40025e-06
5.29854e-06
5.32048e-06
4.49584e-06
5.75768e-06
5.64487e-06
4.99692e-06
5.32404e-06
5.22586e-06
5.09571e-06
4.76576e-06
4.45491e-06
4.54376e-06
4.70531e-06
4.86867e-06
4.69017e-06
4.92673e-06
4.60278e-06
4.9239e-06
5.03802e-06
5.13755e-06
4.82366e-06
5.26434e-06
5.4106e-06
5.50754e-06
5.16687e-06
5.18511e-06
4.97134e-06
5.23785e-06
4.88718e-06
5.33358e-06
5.68782e-06
5.59243e-06
5.42952e-06
5.08401e-06
4.74689e-06
5.0287e-06
4.83265e-06
4.44187e-06
4.01917e-06
4.06926e-06
4.42972e-06
4.77502e-06
5.20801e-06
4.83866e-06
5.18103e-06
4.51583e-06
4.13744e-06
4.08901e-06
4.52539e-06
4.74292e-06
5.06659e-06
4.67754e-06
5.09622e-06
3.30597e-06
3.69549e-06
3.34232e-06
3.69866e-06
3.0088e-06
3.02644e-06
3.06952e-06
3.049e-06
3.29216e-06
3.63177e-06
3.6316e-06
3.25387e-06
4.33978e-06
3.99753e-06
4.35474e-06
3.94553e-06
4.54026e-06
4.82688e-06
4.86189e-06
4.47147e-06
4.57652e-06
4.98087e-06
4.64346e-06
4.94862e-06
4.26375e-06
3.86816e-06
3.92191e-06
4.246e-06
6.12845e-06
6.01728e-06
5.91912e-06
5.30998e-06
5.95934e-06
5.07288e-06
6.0214e-06
5.85329e-06
4.97681e-06
5.8324e-06
5.94434e-06
5.90521e-06
6.11912e-06
6.21032e-06
5.81347e-06
5.77546e-06
5.48929e-06
5.81801e-06
5.4115e-06
5.96712e-06
6.37862e-06
6.2888e-06
6.05742e-06
5.67797e-06
5.28588e-06
5.3651e-06
5.63299e-06
5.65682e-06
6.03917e-06
5.94665e-06
5.74989e-06
5.38803e-06
5.02383e-06
5.3379e-06
5.10624e-06
5.59139e-06
5.77104e-06
5.49679e-06
5.86503e-06
5.48718e-06
5.23749e-06
5.15662e-06
5.53473e-06
3.94045e-06
3.67139e-06
3.61191e-06
3.967e-06
4.08767e-06
4.30087e-06
4.34695e-06
4.01191e-06
4.13274e-06
4.48146e-06
4.43822e-06
4.20681e-06
3.85997e-06
3.51851e-06
3.5797e-06
3.83058e-06
3.18072e-06
3.48645e-06
3.13869e-06
3.4923e-06
2.97982e-06
2.96515e-06
2.91807e-06
2.92968e-06
3.19819e-06
3.56389e-06
3.23832e-06
3.56112e-06
4.06995e-06
3.70136e-06
4.04636e-06
3.75888e-06
4.36257e-06
4.73894e-06
4.70124e-06
4.43315e-06
4.32201e-06
4.57165e-06
4.61225e-06
4.24965e-06
4.14815e-06
3.84246e-06
4.16892e-06
3.78672e-06
4.03173e-06
4.53518e-06
1.06946e-06
1.12361e-06
2.46562e-06
3.65264e-06
3.2155e-06
2.9012e-06
2.38742e-06
3.301e-06
2.98761e-06
1.23748e-06
1.18133e-06
4.39215e-07
6.91112e-07
6.34816e-07
4.92607e-07
5.30557e-07
8.04835e-07
8.22761e-07
5.47114e-07
5.4141e-07
8.11889e-07
5.28993e-07
7.92759e-07
4.57908e-07
5.58564e-07
6.11651e-07
4.10185e-07
5.37144e-07
7.18207e-07
7.7753e-07
4.78659e-07
5.43643e-07
7.86112e-07
5.44e-07
7.62843e-07
5.28481e-07
8.70752e-07
8.08517e-07
5.91379e-07
5.32838e-07
7.78464e-07
5.39633e-07
7.99368e-07
1.57871e-06
1.93683e-06
1.96949e-06
1.59867e-06
1.29387e-06
9.30795e-07
1.31757e-06
9.54499e-07
1.59147e-06
1.97527e-06
1.9429e-06
1.57012e-06
1.3329e-06
9.74087e-07
1.3098e-06
9.49271e-07
2.49156e-06
2.18868e-06
2.53898e-06
2.19245e-06
2.71403e-06
2.69988e-06
2.49987e-06
2.16717e-06
2.16557e-06
2.45165e-06
2.75179e-06
2.76405e-06
1.60234e-06
1.96025e-06
1.58414e-06
1.92698e-06
1.35529e-06
1.01033e-06
9.85191e-07
1.33269e-06
1.32296e-06
9.67663e-07
1.34558e-06
9.92969e-07
1.58598e-06
1.91336e-06
1.94722e-06
1.60234e-06
1.48086e-06
1.42098e-06
2.87345e-06
4.13012e-06
3.82678e-06
3.52621e-06
2.95778e-06
3.73746e-06
3.43433e-06
1.29851e-06
1.35663e-06
8.06121e-07
1.11638e-06
1.1859e-06
7.34186e-07
6.47254e-07
7.49446e-07
6.83565e-07
7.10085e-07
8.18725e-07
1.30178e-06
1.23002e-06
8.92834e-07
6.33544e-07
7.19156e-07
7.53515e-07
6.06328e-07
6.57084e-07
1.07534e-06
1.008e-06
7.26549e-07
5.63921e-07
7.46956e-07
5.55181e-07
7.7322e-07
6.5472e-07
9.05197e-07
5.88238e-07
9.70069e-07
5.75745e-07
7.61946e-07
7.31885e-07
5.93631e-07
1.57707e-06
1.88347e-06
1.8466e-06
1.56767e-06
1.3569e-06
1.05166e-06
1.03191e-06
1.33226e-06
1.33888e-06
1.02477e-06
1.04658e-06
1.36268e-06
1.55276e-06
1.81541e-06
1.85332e-06
1.55968e-06
2.41e-06
2.10428e-06
2.35998e-06
2.10726e-06
2.6442e-06
2.66037e-06
2.40789e-06
2.13846e-06
2.4569e-06
2.13789e-06
2.60288e-06
2.58462e-06
1.57803e-06
1.87331e-06
1.58989e-06
1.909e-06
1.33885e-06
1.00091e-06
1.02543e-06
1.36164e-06
1.3642e-06
1.03762e-06
1.01439e-06
1.34096e-06
1.59822e-06
1.93025e-06
1.58411e-06
1.89545e-06
4.39368e-06
4.6012e-06
4.94812e-06
4.74865e-06
7.94592e-06
6.59707e-06
6.15249e-06
7.59336e-06
6.68452e-06
7.8593e-06
7.68101e-06
8.03362e-06
7.8379e-06
6.20536e-06
6.86253e-06
6.77546e-06
7.75407e-06
8.11601e-06
6.96773e-06
8.21149e-06
6.71909e-06
5.40897e-06
6.28514e-06
9.43678e-06
6.91844e-06
4.26611e-06
5.29858e-06
4.99319e-06
3.55773e-06
5.39172e-06
4.16958e-06
3.65778e-06
4.36808e-06
3.85352e-06
5.09768e-06
5.58103e-06
5.48526e-06
3.74702e-06
4.47016e-06
6.35654e-06
5.70428e-06
5.46833e-06
5.80332e-06
6.33588e-06
5.53497e-06
6.67613e-06
6.12769e-06
4.90947e-06
6.16679e-06
5.5615e-06
6.31959e-06
5.64018e-06
5.27743e-06
7.68239e-06
6.50692e-06
7.51972e-06
5.87557e-06
7.77147e-06
6.41908e-06
7.4296e-06
7.59383e-06
7.26378e-06
5.82246e-06
6.24073e-06
6.32901e-06
7.35527e-06
7.5033e-06
6.4908e-06
5.16918e-06
4.83627e-06
6.23228e-06
5.25763e-06
6.39592e-06
6.3285e-06
6.5839e-06
6.50371e-06
5.43605e-06
4.89243e-06
5.34763e-06
6.67814e-06
6.4082e-06
3.97982e-06
5.20759e-06
3.47403e-06
4.75267e-06
4.07249e-06
5.11616e-06
3.37847e-06
3.88622e-06
3.20643e-06
4.65394e-06
4.93615e-06
5.02664e-06
3.2988e-06
3.79603e-06
2.85061e-06
3.89303e-06
3.68999e-06
2.26323e-06
3.97829e-06
2.77048e-06
2.34482e-06
2.93331e-06
2.4948e-06
4.14879e-06
3.78054e-06
4.06272e-06
3.01497e-06
2.41162e-06
4.93881e-06
3.7527e-06
3.53493e-06
4.75859e-06
3.8397e-06
4.8382e-06
4.8612e-06
5.03818e-06
5.05137e-06
4.0154e-06
3.59462e-06
3.9281e-06
5.13821e-06
4.94938e-06
6.20653e-06
5.07933e-06
6.15164e-06
4.56607e-06
6.30213e-06
4.99105e-06
6.05459e-06
6.11203e-06
5.87522e-06
4.81303e-06
4.50898e-06
4.90132e-06
6.01575e-06
5.97303e-06
1.67217e-06
2.61575e-06
2.50835e-06
1.22384e-06
2.6911e-06
1.60867e-06
1.28834e-06
1.73811e-06
1.40444e-06
2.84306e-06
2.58743e-06
2.76627e-06
1.80398e-06
1.33741e-06
2.61115e-06
3.80955e-06
2.19846e-06
3.47014e-06
2.68947e-06
3.72538e-06
2.11858e-06
2.53196e-06
1.97757e-06
3.5596e-06
3.3822e-06
3.64286e-06
2.45527e-06
2.05568e-06
3.66475e-06
4.66939e-06
4.73818e-06
2.54208e-06
8.38558e-06
7.23934e-06
8.11992e-06
6.55368e-06
8.0702e-06
8.43167e-06
7.15088e-06
8.27971e-06
7.91448e-06
6.95751e-06
6.49101e-06
8.20795e-06
7.98719e-06
7.04517e-06
8.5403e-06
7.36691e-06
8.23752e-06
6.81112e-06
8.60091e-06
8.17405e-06
7.42515e-06
8.83344e-06
7.86164e-06
7.23206e-06
6.70236e-06
8.42453e-06
8.23357e-06
7.44901e-06
4.80769e-06
5.99433e-06
5.47885e-06
4.28648e-06
5.88783e-06
4.1678e-06
4.92356e-06
4.69033e-06
3.95129e-06
5.67994e-06
5.35925e-06
4.58042e-06
5.78096e-06
4.06528e-06
5.15405e-06
6.10351e-06
5.73372e-06
4.39472e-06
6.19603e-06
5.04575e-06
4.50343e-06
5.23429e-06
4.67195e-06
6.22831e-06
5.76512e-06
5.38753e-06
6.21976e-06
4.55594e-06
7.23202e-06
5.8834e-06
6.92637e-06
5.49311e-06
7.01967e-06
7.13971e-06
5.97196e-06
7.32229e-06
7.18839e-06
6.15057e-06
5.54732e-06
7.41382e-06
7.09589e-06
6.06218e-06
6.95579e-06
5.79325e-06
6.84924e-06
5.21956e-06
7.04876e-06
6.75521e-06
5.70478e-06
6.86414e-06
6.58251e-06
5.5261e-06
5.16436e-06
6.77051e-06
6.67729e-06
5.61466e-06
3.52738e-06
4.58175e-06
4.32559e-06
2.87721e-06
4.6705e-06
2.9653e-06
3.44092e-06
3.6167e-06
3.12976e-06
4.84769e-06
4.42121e-06
3.70481e-06
4.7582e-06
3.03974e-06
3.26853e-06
4.49491e-06
4.09756e-06
2.80492e-06
4.40711e-06
3.35329e-06
2.71854e-06
3.18259e-06
2.56331e-06
4.23399e-06
4.00457e-06
3.09929e-06
4.32105e-06
2.64809e-06
5.43395e-06
4.3686e-06
5.42597e-06
3.91667e-06
5.32557e-06
5.53252e-06
4.2808e-06
5.33614e-06
5.13837e-06
4.10409e-06
3.85772e-06
5.23679e-06
5.23961e-06
4.19177e-06
5.72726e-06
4.45783e-06
5.51074e-06
4.18267e-06
5.62948e-06
5.61023e-06
4.54589e-06
5.82343e-06
5.79262e-06
4.72345e-06
4.24068e-06
5.92046e-06
5.69396e-06
4.63534e-06
2.01156e-06
3.15548e-06
2.87247e-06
1.6514e-06
3.07589e-06
1.57952e-06
2.08207e-06
1.94073e-06
1.45597e-06
2.91962e-06
2.79023e-06
1.8724e-06
2.99795e-06
1.52549e-06
2.228e-06
3.23468e-06
3.0819e-06
1.70777e-06
3.31565e-06
2.15522e-06
1.78192e-06
2.30328e-06
1.91682e-06
3.47812e-06
3.16712e-06
2.37799e-06
3.39607e-06
1.84061e-06
)
;

boundaryField
{
    left
    {
        type            calculated;
        value           nonuniform List<scalar> 
290
(
4.44808e-09
6.12197e-06
6.27805e-09
5.3292e-09
4.45046e-09
5.22453e-09
6.60741e-09
5.21593e-09
9.65881e-06
2.04452e-06
7.37215e-06
8.89519e-09
6.08235e-06
4.902e-07
6.492e-09
7.77063e-09
9.79028e-09
8.4268e-08
2.96521e-08
8.87758e-08
6.79485e-08
4.47973e-09
4.4832e-09
6.14502e-09
6.35535e-09
5.30803e-09
6.7727e-09
6.57394e-09
8.1165e-09
6.90499e-09
5.37543e-09
6.54527e-09
6.11137e-09
1.98353e-06
2.91805e-06
6.57421e-08
8.8663e-08
9.88395e-09
2.62386e-06
2.33236e-07
2.02745e-07
7.02122e-08
2.31355e-07
1.91605e-06
6.04882e-09
6.6328e-09
8.09154e-09
1.26108e-08
9.64804e-09
9.58818e-10
2.9883e-07
2.72426e-07
2.39824e-09
8.25178e-09
1.438e-08
4.5343e-09
1.09887e-09
1.63144e-09
9.73074e-10
1.03957e-09
4.46898e-09
5.26762e-09
5.3154e-09
5.241e-09
6.9153e-09
6.88758e-09
8.10897e-09
7.52519e-09
5.79104e-09
6.86969e-09
5.23522e-09
1.46688e-06
4.45685e-06
1.48179e-08
1.31009e-08
9.40498e-09
4.3761e-06
3.3842e-06
2.81454e-06
2.24644e-06
1.71868e-06
7.46711e-07
5.5846e-09
5.76496e-09
6.69632e-09
6.28254e-09
6.08287e-09
7.30477e-09
6.60073e-09
7.02657e-09
1.64807e-08
1.54634e-08
9.24476e-09
7.75047e-08
3.39602e-08
3.56097e-08
1.74068e-08
2.6798e-08
6.21133e-08
5.37548e-08
1.60277e-07
5.24609e-07
2.17522e-08
1.22881e-08
3.66773e-08
1.10042e-09
1.10079e-09
4.52603e-09
4.47303e-09
1.0608e-09
1.08088e-09
6.19651e-09
5.79029e-09
5.737e-09
5.94837e-09
5.85833e-09
6.26382e-09
5.37873e-09
5.46315e-09
7.02684e-09
6.95963e-09
5.26787e-09
6.67839e-09
6.98472e-09
7.0685e-09
6.89607e-09
6.9299e-09
6.61486e-09
7.41721e-09
7.65591e-09
8.28963e-09
7.1865e-09
7.35944e-09
7.09752e-09
5.50097e-09
7.26634e-09
7.12342e-09
6.87269e-09
5.70216e-09
1.40133e-06
4.12045e-06
5.92879e-08
2.44665e-08
3.07822e-08
3.49673e-08
3.1133e-08
8.41703e-08
9.70926e-09
1.48497e-08
1.62868e-08
3.3174e-06
3.71885e-06
3.34834e-06
2.20496e-07
6.30765e-07
5.52429e-07
5.3892e-07
5.24393e-07
1.81824e-07
1.92151e-07
3.08916e-07
9.05989e-07
4.78923e-07
4.0621e-07
2.16215e-07
1.25673e-06
2.28981e-06
2.81142e-06
4.45599e-09
4.08917e-09
4.07804e-09
3.00468e-06
3.01146e-06
5.37119e-06
4.90107e-09
6.05356e-09
7.7249e-09
4.85634e-09
4.11382e-09
4.33121e-09
4.08351e-09
4.10372e-09
4.4618e-09
1.06204e-05
8.77005e-06
6.01504e-06
6.73922e-08
1.00503e-07
1.3261e-07
5.10116e-08
3.5453e-08
5.16196e-08
4.12511e-09
4.13373e-09
4.50171e-09
4.48175e-09
4.13561e-09
4.12574e-09
4.09347e-09
4.45928e-09
9.91999e-10
2.19622e-09
2.172e-09
2.19196e-09
9.87606e-10
4.50515e-07
1.01108e-06
8.97576e-07
7.66473e-07
6.52211e-07
2.11825e-07
1.95273e-06
3.61712e-09
4.44391e-09
3.23596e-09
9.34799e-09
6.47709e-09
5.51363e-09
1.08859e-08
8.22278e-09
1.13571e-08
4.06729e-09
4.07749e-09
4.66693e-09
1.137e-09
2.18812e-09
2.18325e-09
2.53384e-09
2.26574e-09
1.26532e-09
1.02807e-09
2.21524e-09
2.18048e-09
2.22202e-09
2.23331e-09
1.05804e-09
4.46855e-09
4.117e-09
4.11607e-09
2.65176e-06
2.22587e-06
3.19849e-06
8.3729e-06
7.91471e-08
8.09776e-08
5.19772e-08
1.53757e-07
1.28157e-07
1.19841e-07
3.14072e-07
1.69134e-07
3.30221e-07
1.65228e-08
2.36726e-08
2.9258e-08
1.80143e-08
1.97747e-08
1.3572e-08
3.98991e-08
2.81051e-08
2.59021e-08
1.14001e-09
2.25518e-09
2.23979e-09
2.20463e-09
2.24656e-09
1.14609e-09
4.49497e-09
4.12118e-09
4.09876e-09
4.12419e-09
4.13824e-09
4.48428e-09
1.10897e-09
2.26055e-09
2.23371e-09
2.23489e-09
2.25725e-09
1.11027e-09
2.31406e-06
2.82926e-06
1.95799e-06
1.96803e-06
5.21733e-06
6.19359e-06
3.55749e-06
4.28536e-06
5.2435e-06
7.43468e-06
5.93402e-06
)
;
    }
    bottom
    {
        type            calculated;
        value           nonuniform List<scalar> 0();
    }
    interface
    {
        type            calculated;
        value           nonuniform List<scalar> 
2123
(
7.59879e-06
4.17868e-06
5.76244e-06
6.86818e-06
7.29714e-06
7.49256e-06
5.86999e-06
6.76121e-06
5.15466e-06
3.54084e-06
5.04991e-06
4.07581e-06
3.44531e-06
8.29633e-06
8.46002e-06
4.90976e-06
5.01549e-06
7.59403e-06
7.73404e-06
6.73604e-06
6.62739e-06
6.00633e-06
5.89878e-06
4.22869e-06
4.32947e-06
5.36911e-10
7.90795e-06
2.44734e-09
7.62861e-09
8.37215e-06
8.31484e-06
1.97747e-07
4.48984e-06
5.44102e-06
1.67984e-09
6.90358e-10
5.40187e-10
5.52149e-10
7.18298e-06
7.48431e-06
7.17024e-06
6.19377e-06
6.43825e-06
5.47147e-06
3.83157e-06
4.73828e-06
8.01126e-06
2.96969e-08
1.09746e-08
8.97978e-06
4.40086e-08
1.18765e-07
4.5943e-06
5.33432e-06
5.63628e-10
6.13343e-10
5.60974e-10
5.56286e-10
7.28845e-06
8.25389e-06
7.06187e-06
6.30202e-06
6.33018e-06
5.57776e-06
3.92985e-06
4.63534e-06
2.86027e-09
5.04272e-09
5.05887e-09
2.83331e-09
7.70329e-06
7.00511e-09
7.88578e-09
5.47705e-09
9.43854e-09
2.51019e-06
3.93534e-06
2.60479e-06
5.67937e-06
4.06768e-06
4.28196e-06
5.65519e-06
4.02322e-09
7.02536e-09
4.65354e-09
6.39683e-09
2.86911e-09
5.0447e-09
2.83778e-09
5.07271e-09
8.22993e-06
8.17681e-06
8.27569e-06
8.13675e-06
6.97397e-06
8.36927e-06
4.99981e-06
5.59884e-06
5.70337e-06
4.89768e-06
7.28093e-06
7.71471e-06
7.38589e-06
5.97778e-06
7.94522e-06
8.07568e-06
8.04069e-06
6.65619e-06
6.55518e-06
6.65404e-06
5.25988e-06
4.69699e-06
5.49448e-06
4.79662e-06
3.46671e-06
3.37704e-06
5.00709e-06
4.91252e-06
4.90199e-06
6.35245e-06
6.40601e-06
6.30035e-06
6.45368e-06
3.63703e-06
4.94566e-06
2.1436e-06
2.07004e-06
3.2003e-06
3.2882e-06
3.79474e-06
4.79646e-06
1.99759e-06
8.21545e-06
2.80558e-08
5.22935e-08
3.5426e-08
3.1761e-08
8.51495e-06
9.00501e-08
7.0733e-08
4.60054e-08
1.23939e-07
4.80438e-06
5.12154e-06
3.02415e-09
5.2217e-09
2.94357e-09
5.31253e-09
2.9112e-09
5.17538e-09
2.91268e-09
5.14999e-09
8.70642e-06
8.75382e-06
8.86653e-06
8.9509e-06
8.96609e-06
7.49868e-06
7.83689e-06
5.54842e-06
6.24773e-06
5.66682e-06
5.90055e-06
5.78515e-06
6.84473e-06
6.5189e-06
7.45571e-06
7.35679e-06
7.15808e-06
7.14375e-06
7.25733e-06
6.11414e-06
5.79156e-06
4.2099e-06
4.87718e-06
4.11447e-06
3.92587e-06
4.01977e-06
5.53007e-06
5.63355e-06
5.84039e-06
5.73725e-06
4.12854e-06
4.43093e-06
2.52888e-06
3.15097e-06
3.06265e-06
2.60926e-06
2.77341e-06
2.6908e-06
5.74882e-09
7.57677e-09
5.16036e-09
8.67398e-09
2.57285e-08
6.39129e-09
2.23163e-08
6.20275e-09
2.87449e-09
5.07325e-09
8.92208e-10
5.39996e-10
5.38537e-10
7.80757e-06
4.77883e-09
3.60751e-09
8.6484e-09
1.48983e-08
1.10048e-08
1.16642e-08
6.48559e-09
5.24226e-09
1.08147e-05
3.66307e-07
3.79763e-07
1.19048e-06
3.15707e-07
6.9491e-07
2.92473e-07
4.65778e-07
4.3858e-06
5.54801e-06
4.93947e-09
4.29772e-09
4.287e-09
4.95544e-09
6.26979e-09
5.51829e-09
5.51524e-09
6.27417e-09
1.98011e-09
1.16485e-09
3.66606e-09
5.71613e-09
6.01067e-09
3.36282e-09
1.57581e-09
8.58765e-10
8.87754e-10
5.50092e-10
2.87798e-09
5.08555e-09
5.08819e-09
2.85636e-09
8.79114e-10
5.55886e-10
5.04513e-09
4.34878e-09
5.00226e-09
4.37672e-09
7.5188e-09
7.88653e-09
6.76222e-09
9.04886e-09
6.32347e-09
5.55026e-09
6.31484e-09
5.55548e-09
8.3252e-06
8.41376e-06
1.67429e-08
1.04896e-08
1.40026e-08
1.04783e-08
3.68808e-06
3.26325e-06
3.30824e-06
3.6808e-06
3.7501e-06
1.21314e-05
4.94945e-06
7.07984e-06
8.9839e-06
3.33709e-06
5.10397e-06
5.91501e-06
5.80922e-06
5.20976e-06
2.82391e-06
2.98764e-06
3.33564e-06
2.49299e-06
2.74457e-06
3.16792e-06
2.75977e-06
3.1886e-06
6.96654e-06
6.42161e-06
6.01764e-06
7.27826e-06
6.08576e-06
7.62087e-06
7.84799e-06
7.75081e-06
3.51551e-06
3.15031e-06
3.20314e-06
3.49489e-06
3.66693e-06
3.31708e-06
3.67983e-06
3.26766e-06
6.75722e-06
6.8283e-06
6.72308e-06
6.85747e-06
6.5462e-06
5.36558e-06
2.69437e-06
4.59811e-06
5.1841e-06
5.28723e-06
4.49989e-06
2.63418e-06
2.91974e-06
2.9469e-06
2.63445e-06
2.74605e-06
3.13759e-06
2.73389e-06
3.11653e-06
3.55709e-06
3.64814e-06
1.78841e-06
5.11226e-06
5.2168e-06
5.10284e-06
3.41093e-06
3.13995e-06
3.08629e-06
3.43409e-06
6.24121e-06
6.2504e-06
6.19429e-06
6.14839e-06
3.10566e-06
2.81414e-06
2.87206e-06
3.07293e-06
3.73404e-06
4.84172e-06
1.00058e-06
2.21836e-06
2.80345e-06
2.71921e-06
2.2942e-06
8.38903e-07
2.57451e-06
2.86499e-06
2.57887e-06
2.83473e-06
3.11318e-06
3.70033e-06
3.02677e-06
1.72667e-06
2.32663e-06
2.49572e-06
2.30643e-06
2.53747e-06
5.01251e-06
5.88868e-09
4.72325e-09
5.13747e-09
5.37997e-09
6.50908e-09
1.00754e-08
9.87088e-09
6.63535e-09
6.59809e-09
6.11614e-09
6.00283e-09
6.73296e-09
2.89783e-08
7.5903e-09
7.83383e-09
2.95432e-08
1.58084e-08
1.25944e-07
2.33148e-08
1.36357e-07
2.81084e-08
1.3528e-07
2.56184e-08
1.32435e-07
8.10465e-06
2.19539e-08
1.76218e-08
1.48311e-08
2.73233e-08
2.31659e-08
2.18423e-08
2.92134e-08
1.7311e-08
1.57249e-08
8.96255e-06
1.55718e-07
4.72364e-07
2.97649e-07
2.57994e-07
5.33887e-08
6.49834e-08
4.19593e-08
9.401e-08
9.27208e-08
4.69919e-06
5.22786e-06
5.48292e-09
5.61607e-09
5.59265e-09
5.51145e-09
6.12735e-09
6.09529e-09
6.06084e-09
6.15177e-09
3.10069e-09
5.5262e-09
3.19714e-09
5.40778e-09
9.68023e-10
5.75309e-10
1.02899e-09
5.88165e-10
2.90852e-09
5.09812e-09
2.86577e-09
5.14241e-09
8.99152e-10
5.68285e-10
8.84202e-10
5.67459e-10
8.77757e-10
5.13526e-09
4.56996e-09
5.25396e-09
4.47405e-09
5.61145e-09
5.65874e-09
5.55647e-09
5.72293e-09
5.70206e-09
5.96116e-09
5.85053e-09
5.81286e-09
7.22656e-09
1.02045e-08
7.13996e-09
1.00069e-08
7.02656e-09
5.9194e-09
6.14891e-09
6.73319e-09
7.13674e-09
6.60795e-09
7.13315e-09
6.66583e-09
6.22032e-09
6.13468e-09
6.19299e-09
6.16694e-09
6.43312e-09
5.69344e-09
5.64848e-09
6.48947e-09
6.33866e-09
6.4066e-09
6.27969e-09
6.44523e-09
7.39027e-06
6.9421e-06
7.0189e-06
7.32865e-06
8.5902e-06
8.57021e-06
8.51222e-06
7.51959e-06
7.19161e-06
7.09461e-06
7.60751e-06
2.49733e-08
8.88654e-09
2.65925e-08
8.45961e-09
3.50992e-08
3.127e-08
3.4459e-08
4.31214e-08
4.23366e-08
1.19523e-07
4.53635e-08
1.13112e-07
6.72889e-07
1.26693e-07
1.21486e-07
1.06215e-06
3.29362e-06
2.85495e-06
2.90499e-06
3.31508e-06
4.87708e-06
5.32956e-06
4.8302e-06
5.34876e-06
6.29492e-07
1.77023e-07
1.9183e-07
6.55387e-07
5.1604e-06
5.56465e-06
5.59445e-06
5.10662e-06
3.61826e-06
3.22296e-06
3.1812e-06
3.61984e-06
5.12002e-06
5.64048e-06
5.60873e-06
5.17676e-06
7.93556e-06
9.46359e-06
8.76583e-06
8.61408e-06
3.04763e-07
2.76194e-07
4.87467e-07
2.75349e-07
7.47005e-06
6.89661e-06
7.37394e-06
6.97662e-06
7.14729e-07
3.1302e-07
3.15722e-07
6.91578e-07
7.38774e-06
8.07442e-06
2.00929e-06
1.4796e-06
1.52853e-06
1.95375e-06
5.43189e-06
5.31989e-06
3.78108e-06
2.28884e-06
1.81288e-06
1.75817e-06
2.35546e-06
2.93183e-06
3.33775e-06
2.85694e-06
3.44609e-06
1.22705e-06
1.21411e-06
1.02064e-06
1.24604e-06
1.2742e-06
9.217e-07
1.22185e-06
8.91699e-07
1.36088e-06
1.07505e-06
1.01024e-06
1.38301e-06
2.76878e-06
3.25067e-06
2.76173e-06
3.22127e-06
1.27354e-06
9.10235e-07
9.82744e-07
1.25001e-06
5.9765e-06
6.15128e-06
6.68054e-06
3.25144e-06
2.87537e-06
2.54738e-06
3.58156e-06
2.645e-06
2.0193e-06
2.62736e-06
2.01971e-06
6.9534e-06
6.41045e-06
7.07719e-06
6.79667e-06
7.13717e-06
6.72148e-06
7.55106e-06
7.55463e-06
7.66536e-06
7.65261e-06
6.86944e-06
6.48052e-06
6.5571e-06
6.80757e-06
3.56599e-06
3.25473e-06
3.58441e-06
3.20253e-06
4.67103e-06
4.95648e-06
4.99771e-06
4.60857e-06
4.75758e-06
5.17019e-06
4.81789e-06
5.132e-06
5.01356e-06
5.475e-06
5.06968e-06
5.44239e-06
3.64043e-06
3.2428e-06
3.62433e-06
3.29413e-06
4.95155e-06
5.29448e-06
5.32996e-06
4.8932e-06
7.05808e-06
6.95806e-06
7.21683e-06
6.30226e-06
5.96285e-06
6.04347e-06
6.23536e-06
6.52674e-06
6.30581e-06
6.591e-06
6.22732e-06
6.2222e-06
5.68451e-06
1.66552e-06
1.28044e-06
1.70797e-06
1.24129e-06
4.3059e-06
4.40254e-06
2.37425e-06
1.44603e-06
1.03959e-06
1.0717e-06
1.41264e-06
2.68248e-06
3.01844e-06
2.67808e-06
2.9938e-06
1.59497e-06
1.2944e-06
1.26062e-06
1.59428e-06
1.56384e-06
1.2128e-06
1.56092e-06
1.25242e-06
1.46476e-06
1.09347e-06
1.45158e-06
1.14732e-06
2.71142e-06
3.05894e-06
2.71975e-06
3.08152e-06
1.51479e-06
1.20405e-06
1.1582e-06
1.52188e-06
3.83264e-06
3.73995e-06
4.47496e-06
9.98318e-07
7.31433e-07
7.5175e-07
9.80251e-07
1.18503e-06
8.95517e-07
1.21083e-06
8.69259e-07
5.49305e-06
5.42585e-06
5.32154e-06
5.02745e-06
4.77425e-06
4.86601e-06
4.94707e-06
5.28906e-06
5.18139e-06
5.36585e-06
5.09256e-06
4.44581e-06
4.81185e-06
4.51061e-06
4.76735e-06
3.33928e-06
3.00959e-06
3.06437e-06
3.31328e-06
4.33569e-06
4.56344e-06
4.61168e-06
4.26815e-06
5.94351e-06
6.04585e-06
5.87262e-06
5.93261e-06
5.76932e-06
6.00251e-06
5.68624e-06
5.69071e-06
5.39649e-06
5.6175e-06
5.48231e-06
3.93835e-06
4.10801e-06
4.16429e-06
3.86489e-06
3.20084e-06
2.97541e-06
2.91916e-06
3.23008e-06
4.07465e-06
4.396e-06
4.34381e-06
4.14513e-06
4.02887e-06
4.53293e-06
2.44957e-06
2.88879e-06
2.37127e-06
2.97522e-06
4.34645e-07
5.5075e-07
5.52455e-07
4.54667e-07
5.32175e-07
5.5126e-07
5.212e-07
5.47786e-07
1.61336e-06
1.30085e-06
1.61767e-06
1.32871e-06
2.51027e-06
2.73681e-06
2.50095e-06
2.77058e-06
1.62751e-06
1.35243e-06
1.33094e-06
1.61911e-06
1.46468e-06
2.85696e-06
2.94138e-06
8.00047e-07
6.44744e-07
8.09401e-07
6.3083e-07
6.48311e-07
5.7074e-07
6.48822e-07
5.78546e-07
1.59976e-06
1.35619e-06
1.34835e-06
1.58211e-06
2.41198e-06
2.66188e-06
2.4267e-06
2.62419e-06
1.60936e-06
1.34769e-06
1.36249e-06
1.62222e-06
7.11502e-09
6.25449e-09
8.16377e-09
1.45095e-08
5.18648e-09
6.45169e-09
5.28223e-09
5.21427e-09
7.99544e-09
5.4336e-09
8.30854e-09
6.53375e-09
6.45891e-09
8.17741e-06
7.94282e-06
1.50738e-08
1.28752e-08
4.5445e-06
1.23715e-06
4.14407e-06
4.18404e-06
1.04654e-05
2.69149e-06
1.1188e-06
3.04242e-06
2.35686e-06
2.01774e-06
2.23451e-06
2.27102e-06
4.51775e-06
7.87466e-06
3.91647e-06
3.87089e-06
4.13204e-06
4.1351e-06
6.87392e-06
6.59964e-06
2.95493e-06
2.2795e-06
2.27114e-06
2.29384e-06
2.2715e-06
2.00614e-06
5.40602e-06
3.75671e-06
3.81419e-06
6.52211e-06
3.41979e-06
3.32277e-06
2.23803e-06
2.25597e-06
1.52087e-06
2.0985e-06
2.04415e-06
5.82924e-09
5.73762e-09
7.38213e-09
7.23756e-09
6.63796e-09
7.95604e-09
6.04574e-09
6.43789e-09
5.93228e-09
6.57935e-09
9.75765e-09
1.57786e-08
1.50849e-08
1.4946e-08
6.02297e-08
6.07359e-08
6.16679e-08
9.54707e-08
6.11958e-08
5.53228e-08
5.83019e-09
5.35261e-09
5.92293e-09
6.38039e-09
5.36433e-09
5.47933e-09
5.45881e-09
5.86479e-09
5.38579e-09
5.93704e-09
5.54903e-09
6.15448e-09
5.65771e-09
6.02331e-09
8.10495e-09
7.2245e-09
8.0314e-09
8.01768e-09
7.2019e-09
4.69575e-09
5.02989e-09
6.89266e-09
7.12787e-09
6.52439e-09
6.68559e-09
6.85877e-09
6.47316e-09
5.95749e-09
6.39429e-09
6.03088e-09
6.56225e-09
6.74398e-09
6.50911e-09
6.25226e-09
6.10921e-09
6.6871e-09
7.90054e-06
6.44314e-06
6.55977e-06
7.70249e-06
8.2551e-06
8.3924e-06
7.98605e-06
6.56537e-06
6.61057e-06
8.05135e-06
1.68036e-08
1.56762e-08
1.34291e-08
1.37391e-08
3.56381e-08
1.1321e-07
4.34079e-08
9.27382e-08
6.06774e-08
1.31593e-07
5.26933e-07
3.15714e-07
3.28879e-06
4.09648e-06
4.81159e-06
1.1399e-06
6.79195e-06
1.96383e-06
3.77017e-06
6.20895e-06
4.55664e-06
5.21801e-06
3.52106e-07
3.11408e-07
3.14406e-07
4.41179e-07
4.61603e-06
6.04777e-06
6.11277e-06
4.59971e-06
4.19163e-06
4.01124e-06
4.63245e-06
6.08117e-06
6.18199e-06
4.50644e-06
8.57866e-06
6.81944e-07
1.19737e-07
1.33775e-06
1.75698e-07
8.97528e-06
2.93273e-06
7.09687e-06
2.125e-06
7.29235e-06
6.67274e-06
8.25905e-06
5.72882e-06
7.25295e-07
3.17934e-07
2.34757e-07
3.67743e-07
2.75478e-06
9.77443e-07
1.14141e-06
2.46964e-06
3.4424e-06
2.84362e-06
1.31717e-06
1.14643e-06
3.16372e-06
2.42542e-06
2.22333e-06
1.80128e-06
2.06575e-06
1.07771e-06
1.62006e-06
1.9169e-06
9.54633e-07
1.71613e-06
9.9558e-07
1.81697e-06
8.84185e-07
9.14692e-07
1.84877e-06
2.23e-06
2.21428e-06
1.76885e-06
9.56997e-07
9.11679e-07
1.75352e-06
4.21425e-06
3.90448e-06
3.81548e-06
2.64591e-06
1.54133e-06
5.17954e-06
3.52945e-06
1.33236e-06
3.26982e-06
1.39728e-06
7.40686e-06
6.39755e-06
7.63003e-06
6.24524e-06
7.28908e-06
7.33368e-06
6.03238e-06
6.19799e-06
7.10053e-06
3.97144e-06
4.00548e-06
4.28809e-06
5.28541e-06
5.42613e-06
4.19241e-06
4.31618e-06
5.62615e-06
4.40139e-06
5.49583e-06
4.52338e-06
5.98345e-06
4.58057e-06
5.87897e-06
4.08044e-06
4.0589e-06
4.50074e-06
5.69369e-06
5.81332e-06
4.42682e-06
6.9487e-06
6.70697e-06
5.57116e-06
5.75537e-06
6.45878e-06
6.78458e-06
5.98272e-06
7.02519e-06
5.80779e-06
2.14831e-06
9.86648e-07
2.3977e-06
8.50245e-07
2.61635e-06
2.08613e-06
7.63886e-07
8.71451e-07
1.85791e-06
2.29126e-06
2.2908e-06
1.97224e-06
9.56119e-07
9.25528e-07
1.95765e-06
1.95266e-06
8.97808e-07
1.96011e-06
9.1896e-07
1.90264e-06
8.88974e-07
1.88855e-06
8.78313e-07
2.28929e-06
2.29921e-06
1.93404e-06
8.91197e-07
8.84233e-07
1.93508e-06
2.07301e-06
2.30222e-06
1.53807e-06
7.05244e-07
7.53749e-07
1.3382e-06
1.58879e-06
7.94436e-07
1.80204e-06
7.16842e-07
5.78893e-06
5.32477e-06
4.48521e-06
4.7124e-06
5.04144e-06
5.41405e-06
4.99507e-06
5.68837e-06
4.7791e-06
4.05473e-06
5.21331e-06
4.16137e-06
5.06146e-06
3.69798e-06
3.62782e-06
4.0204e-06
4.82295e-06
4.98663e-06
3.90212e-06
6.16079e-06
6.12238e-06
5.51566e-06
6.37863e-06
5.32155e-06
6.03947e-06
5.05782e-06
5.77442e-06
5.2626e-06
3.69175e-06
4.29903e-06
4.48776e-06
3.54888e-06
3.48336e-06
3.56678e-06
3.73361e-06
4.74505e-06
4.56884e-06
3.86414e-06
1.04397e-06
1.22181e-06
6.84981e-07
8.11176e-07
8.1114e-07
5.52973e-07
7.11001e-07
7.84058e-07
8.63444e-07
7.83497e-07
1.94949e-06
9.61702e-07
1.97188e-06
9.96062e-07
2.21912e-06
2.19023e-06
1.95813e-06
1.03233e-06
9.99561e-07
1.92654e-06
1.27193e-06
1.10686e-06
7.44691e-07
1.29276e-06
7.20332e-07
1.06709e-06
7.50245e-07
8.9671e-07
7.58465e-07
1.88337e-06
1.07234e-06
1.05559e-06
1.82915e-06
2.12602e-06
2.16717e-06
1.88687e-06
1.03269e-06
1.05916e-06
1.92924e-06
4.41434e-06
4.94899e-06
4.8052e-06
8.49972e-06
8.10658e-06
7.97446e-06
6.51181e-06
6.61754e-06
5.39079e-06
3.98562e-06
4.08219e-06
2.55374e-06
2.63589e-06
3.88979e-06
4.69786e-06
2.47262e-06
8.8272e-06
8.77061e-06
9.03525e-06
5.55538e-06
5.44862e-06
5.66223e-06
5.76896e-06
6.36178e-06
6.48187e-06
6.60081e-06
7.35302e-06
7.45749e-06
7.24836e-06
4.77577e-06
4.67496e-06
4.57471e-06
3.24031e-06
3.33065e-06
6.74056e-09
6.04879e-09
5.51749e-09
5.89036e-09
9.22616e-09
5.91918e-09
7.89529e-09
2.74878e-08
1.17672e-08
9.88408e-09
6.4625e-09
1.35274e-08
4.45246e-09
4.45658e-09
8.9548e-10
8.46935e-06
8.37519e-06
3.45715e-09
8.49401e-09
1.67165e-08
9.03671e-09
1.34483e-05
5.14674e-06
9.65987e-07
7.78397e-08
5.12707e-06
5.01991e-06
6.0881e-06
5.15407e-09
4.32124e-09
5.17708e-09
4.9686e-09
6.4254e-09
5.53392e-09
6.42836e-09
6.29572e-09
2.60296e-09
6.86793e-09
1.29793e-09
4.45421e-09
8.95374e-10
4.49412e-09
4.48591e-09
8.77541e-10
5.27146e-09
5.06215e-09
4.33656e-09
5.22325e-09
4.99376e-09
4.40496e-09
7.70852e-09
7.65544e-09
6.43552e-09
7.91476e-09
6.73235e-09
5.60637e-09
9.57276e-09
8.44861e-09
6.49155e-09
6.36358e-09
5.53468e-09
4.47552e-09
6.47613e-09
6.29792e-09
5.58623e-09
8.06887e-06
8.09891e-06
8.14956e-06
8.03005e-06
7.98002e-06
7.89443e-06
1.61196e-08
1.9656e-08
9.81645e-09
1.01776e-08
1.68158e-08
1.20472e-08
9.6462e-09
1.17741e-08
1.1815e-06
3.8352e-06
1.2541e-06
3.79843e-06
3.66491e-06
4.19543e-06
3.31855e-06
3.23765e-06
4.14859e-06
3.6897e-06
2.25491e-06
9.72067e-06
1.55633e-06
5.49007e-06
6.993e-06
7.58807e-06
3.23345e-06
4.3445e-06
4.44754e-06
4.24312e-06
3.1388e-06
4.14573e-06
2.9645e-06
2.22229e-06
3.05386e-06
3.49905e-06
1.97336e-06
2.52721e-06
2.2524e-06
2.76312e-06
3.16326e-06
2.25507e-06
2.74036e-06
3.19298e-06
4.90867e-06
6.07789e-06
5.59342e-06
6.32146e-06
5.32063e-06
6.72208e-06
7.76896e-06
7.87192e-06
7.62798e-06
7.71455e-06
7.53814e-06
7.78307e-06
7.71738e-06
7.80571e-06
3.532e-06
3.92287e-06
3.17306e-06
3.17789e-06
3.86702e-06
3.47637e-06
4.11121e-06
3.66272e-06
3.27083e-06
4.16147e-06
3.67908e-06
3.30827e-06
6.61734e-06
6.77526e-06
6.71115e-06
6.69917e-06
6.52345e-06
6.42901e-06
4.27732e-06
4.17953e-06
2.78172e-06
3.86256e-06
3.77157e-06
3.95562e-06
2.86382e-06
4.04917e-06
2.65985e-06
2.28274e-06
2.90736e-06
2.95801e-06
2.26936e-06
2.60804e-06
2.2828e-06
2.72406e-06
3.14291e-06
2.28504e-06
2.75455e-06
3.11034e-06
1.92875e-06
2.90818e-06
2.99048e-06
2.82607e-06
1.86422e-06
2.7454e-06
5.06744e-06
5.29927e-06
5.16733e-06
5.21047e-06
4.96722e-06
4.86675e-06
3.38838e-06
3.75791e-06
3.11981e-06
3.1038e-06
3.81561e-06
3.45457e-06
6.14388e-06
6.34269e-06
6.04797e-06
6.42159e-06
6.2392e-06
6.33443e-06
3.13884e-06
3.40514e-06
2.81473e-06
2.86853e-06
3.34025e-06
3.0375e-06
3.60666e-06
9.38557e-07
1.71436e-06
1.78056e-06
1.64909e-06
8.98618e-07
1.58536e-06
2.23936e-06
2.54632e-06
2.87874e-06
2.25633e-06
2.60606e-06
2.81949e-06
1.59333e-06
2.50748e-06
2.43032e-06
2.58607e-06
1.65249e-06
2.66497e-06
2.08735e-06
2.36132e-06
2.46931e-06
2.05754e-06
2.27024e-06
2.56203e-06
4.76587e-06
5.55955e-09
6.18654e-09
4.77474e-09
4.91657e-09
5.63425e-09
5.4748e-09
6.31359e-09
7.59994e-09
6.94947e-09
1.02305e-08
9.58103e-09
6.89355e-09
7.75938e-09
6.86244e-09
6.40969e-09
6.22639e-09
6.22658e-09
6.33958e-09
5.82551e-09
6.10984e-09
6.35329e-09
6.93625e-09
2.84474e-08
1.23331e-08
1.58232e-08
8.45256e-09
7.23206e-09
1.55038e-08
1.11864e-08
2.88766e-08
5.76382e-08
1.8765e-08
5.19388e-08
5.06139e-08
1.33649e-07
3.50854e-08
6.20605e-08
2.05071e-08
1.30302e-07
6.81671e-08
6.3268e-08
3.68664e-08
1.34281e-07
7.35463e-08
8.65451e-06
8.05457e-08
3.43599e-08
1.84414e-08
3.39872e-08
1.24561e-08
9.63559e-06
1.04639e-07
5.2343e-06
5.34156e-06
5.98181e-06
5.87556e-06
5.32741e-09
5.83037e-09
5.61513e-09
5.80031e-09
5.34939e-09
5.51426e-09
6.35923e-09
5.92424e-09
6.09914e-09
5.89703e-09
6.36136e-09
6.16287e-09
9.33214e-10
4.94837e-09
1.13663e-09
4.61171e-09
9.18098e-10
4.51085e-09
5.36175e-09
5.13141e-09
4.587e-09
5.49672e-09
5.24379e-09
4.45661e-09
5.45234e-09
5.61637e-09
5.65186e-09
5.87351e-09
5.39341e-09
5.54745e-09
5.72699e-09
5.92729e-09
5.54186e-09
5.7084e-09
5.93404e-09
6.17058e-09
5.68174e-09
5.82812e-09
5.82145e-09
6.02396e-09
8.0468e-09
7.50221e-09
1.02615e-08
7.51832e-09
8.10038e-09
6.95922e-09
9.84565e-09
7.57536e-09
7.01962e-09
7.27681e-09
4.76293e-09
5.85819e-09
6.20658e-09
6.9272e-09
6.68806e-09
6.90909e-09
7.27763e-09
6.4404e-09
6.67202e-09
6.84433e-09
7.02028e-09
6.86722e-09
6.70133e-09
6.43674e-09
6.24652e-09
6.1265e-09
5.96489e-09
6.41114e-09
6.18363e-09
6.18678e-09
6.01794e-09
6.38597e-09
6.61088e-09
4.57987e-09
5.75553e-09
5.60399e-09
4.54918e-09
6.67392e-09
6.55713e-09
6.29798e-09
6.55764e-09
6.25434e-09
6.42189e-09
6.24995e-09
6.12267e-09
6.62795e-09
6.47847e-09
7.43872e-06
7.8447e-06
6.48644e-06
6.9111e-06
7.03436e-06
6.53179e-06
7.77058e-06
7.26639e-06
8.30721e-06
8.31119e-06
8.24345e-06
8.42181e-06
8.40476e-06
8.45616e-06
7.51001e-06
8.00641e-06
6.6549e-06
7.08376e-06
7.11953e-06
6.59972e-06
8.115e-06
7.53455e-06
1.52313e-08
2.22584e-08
7.93655e-09
1.51374e-08
1.70855e-08
2.85122e-08
9.38133e-09
1.45286e-08
2.67721e-08
3.82815e-08
8.6535e-08
2.03528e-08
6.91358e-08
9.29201e-08
5.17718e-08
4.60753e-08
1.30995e-07
1.19753e-07
5.55244e-08
3.4878e-08
9.06745e-08
1.16993e-07
6.30394e-07
6.73657e-07
3.66557e-07
1.8884e-07
3.51599e-07
1.04496e-06
2.84232e-06
3.82915e-06
3.14779e-06
2.29197e-06
3.81311e-06
3.54775e-06
5.62586e-06
1.48349e-06
5.93675e-06
1.57293e-06
4.29904e-06
4.2347e-06
5.62075e-06
5.86693e-06
4.30601e-06
5.14697e-06
4.74033e-06
5.92362e-06
6.00484e-07
4.3281e-07
3.18451e-07
2.4915e-07
1.28694e-07
3.09588e-07
3.43919e-07
6.62671e-07
5.13024e-06
4.62357e-06
6.0566e-06
5.53969e-06
5.60366e-06
6.12061e-06
4.60716e-06
5.12032e-06
3.67041e-06
4.10777e-06
3.06664e-06
3.2816e-06
4.15386e-06
3.5143e-06
5.1865e-06
4.59259e-06
6.20759e-06
5.54253e-06
5.63583e-06
6.13442e-06
4.60566e-06
5.04193e-06
8.94715e-06
8.67829e-06
8.56085e-06
8.31644e-06
8.55121e-06
8.64359e-06
1.02601e-06
4.54501e-07
2.28071e-07
9.74567e-08
1.31838e-06
5.7733e-07
3.24336e-07
1.00745e-07
8.19095e-06
2.69566e-06
7.93183e-06
2.54459e-06
8.15926e-06
6.79619e-06
7.2424e-06
6.35939e-06
7.89681e-06
7.69888e-06
6.20812e-06
6.3919e-06
6.20951e-07
4.1555e-07
2.97339e-07
2.45925e-07
3.65166e-07
2.89901e-07
4.59728e-07
7.04153e-07
6.02408e-06
6.1328e-06
6.83885e-06
2.11547e-06
2.64816e-06
1.05911e-06
1.39922e-06
1.61462e-06
1.05666e-06
2.56913e-06
1.85283e-06
4.66807e-06
3.55397e-06
4.55704e-06
3.66439e-06
4.7841e-06
4.90159e-06
2.18028e-06
2.95665e-06
1.23685e-06
1.89955e-06
1.67016e-06
1.23036e-06
3.04806e-06
2.46309e-06
2.34753e-06
3.04243e-06
3.29675e-06
2.25988e-06
2.79046e-06
3.54139e-06
1.25946e-06
1.7143e-06
1.63089e-06
1.57616e-06
9.05685e-07
1.29053e-06
1.53195e-06
1.45069e-06
1.81774e-06
1.33883e-06
8.65962e-07
9.67107e-07
1.77737e-06
1.20549e-06
9.8984e-07
9.48211e-07
1.33063e-06
1.81187e-06
8.99027e-07
1.05454e-06
1.03102e-06
8.95095e-07
1.85589e-06
1.4101e-06
2.21489e-06
2.74745e-06
3.26524e-06
2.21869e-06
2.79256e-06
3.21423e-06
1.303e-06
1.77657e-06
9.31229e-07
9.41278e-07
9.59422e-07
9.34589e-07
1.73507e-06
1.22861e-06
5.21063e-06
4.07349e-06
5.36575e-06
4.01038e-06
5.13163e-06
5.02033e-06
2.97592e-06
4.15787e-06
2.13134e-06
3.41793e-06
2.28442e-06
1.8013e-06
4.5177e-06
4.20878e-06
3.41347e-06
2.71614e-06
1.96425e-06
1.38224e-06
3.37184e-06
2.54463e-06
2.07497e-06
1.34108e-06
7.56167e-06
6.93366e-06
7.03884e-06
7.48381e-06
7.00476e-06
6.83566e-06
6.34633e-06
7.55604e-06
7.2063e-06
6.6786e-06
6.30037e-06
7.45604e-06
7.3569e-06
7.44786e-06
7.26584e-06
7.38513e-06
7.1741e-06
6.94396e-06
7.25492e-06
6.09191e-06
6.43283e-06
6.60278e-06
6.14031e-06
7.18081e-06
6.73147e-06
3.96266e-06
3.55149e-06
3.22428e-06
4.01683e-06
3.59681e-06
3.23039e-06
4.68481e-06
4.25595e-06
5.32143e-06
4.90644e-06
5.04586e-06
5.39224e-06
4.22642e-06
4.59259e-06
4.34637e-06
4.74609e-06
5.21487e-06
5.59631e-06
4.37314e-06
4.82711e-06
5.08551e-06
5.52772e-06
4.54389e-06
5.01298e-06
5.50832e-06
5.9659e-06
4.56474e-06
5.06516e-06
5.40468e-06
5.90124e-06
4.09748e-06
3.64803e-06
3.27611e-06
4.04493e-06
3.6141e-06
3.25765e-06
4.95567e-06
4.47699e-06
5.72143e-06
5.2517e-06
5.37059e-06
5.78799e-06
4.45295e-06
4.88641e-06
7.04648e-06
6.89745e-06
6.80431e-06
6.9899e-06
7.11993e-06
7.08238e-06
6.38239e-06
6.62297e-06
5.63707e-06
5.90794e-06
6.09658e-06
5.69099e-06
6.54415e-06
6.15378e-06
6.86737e-06
6.44793e-06
6.35534e-06
5.92152e-06
6.94375e-06
6.6684e-06
6.17606e-06
5.87052e-06
5.08141e-06
4.97915e-06
4.37577e-06
2.23758e-06
1.57314e-06
1.35525e-06
9.08567e-07
2.30399e-06
1.80419e-06
1.17176e-06
9.24127e-07
3.59199e-06
2.53169e-06
3.6809e-06
2.45672e-06
3.50324e-06
3.41608e-06
1.53547e-06
2.00015e-06
8.28209e-07
9.79769e-07
1.13637e-06
8.02077e-07
1.94122e-06
1.32549e-06
2.28671e-06
2.65746e-06
3.02741e-06
2.29675e-06
2.70242e-06
2.98385e-06
1.58048e-06
1.95667e-06
9.43005e-07
1.28176e-06
1.27421e-06
9.3676e-07
1.97365e-06
1.60783e-06
1.96775e-06
1.5793e-06
1.22906e-06
9.03574e-07
1.94546e-06
1.54444e-06
1.2375e-06
9.10246e-07
1.91425e-06
1.48584e-06
1.11382e-06
8.78814e-07
1.87899e-06
1.42777e-06
1.12747e-06
8.84141e-07
2.29841e-06
2.73438e-06
3.05091e-06
2.29182e-06
2.69602e-06
3.08863e-06
1.49572e-06
1.92099e-06
8.8897e-07
1.18641e-06
1.17708e-06
8.82649e-07
1.94905e-06
1.53952e-06
3.15816e-06
2.15203e-06
3.07423e-06
2.22153e-06
3.24352e-06
3.32901e-06
1.07977e-06
1.46126e-06
7.45646e-07
6.93338e-07
7.96036e-07
7.07057e-07
1.41296e-06
9.00686e-07
1.66766e-06
1.1018e-06
9.50532e-07
7.35574e-07
1.721e-06
1.29595e-06
8.19411e-07
7.69728e-07
5.3659e-06
5.59883e-06
5.26675e-06
5.68425e-06
5.46454e-06
5.5629e-06
5.11968e-06
5.22931e-06
4.56525e-06
4.70308e-06
4.93527e-06
4.63404e-06
5.13838e-06
4.85329e-06
5.50819e-06
5.19831e-06
5.24638e-06
4.92033e-06
5.59586e-06
5.45497e-06
5.02554e-06
4.85565e-06
4.0927e-06
4.42507e-06
4.86369e-06
5.17525e-06
4.12533e-06
4.52906e-06
4.71356e-06
5.10178e-06
3.36389e-06
3.69421e-06
3.02167e-06
3.04958e-06
3.63431e-06
3.28648e-06
4.35893e-06
3.98033e-06
4.86782e-06
4.5058e-06
4.66729e-06
4.94412e-06
3.94421e-06
4.24245e-06
5.85514e-06
6.05827e-06
5.95187e-06
5.97616e-06
5.75816e-06
5.66068e-06
6.21049e-06
5.84813e-06
5.82615e-06
5.448e-06
6.29199e-06
6.08544e-06
5.62751e-06
5.39085e-06
5.94997e-06
5.77667e-06
5.33364e-06
5.1307e-06
5.86546e-06
5.52991e-06
5.54312e-06
5.19147e-06
3.97183e-06
3.64327e-06
4.35325e-06
4.04248e-06
4.22789e-06
4.43592e-06
3.59937e-06
3.82891e-06
3.16982e-06
3.49532e-06
2.9661e-06
2.92561e-06
3.55761e-06
3.25895e-06
4.04382e-06
3.77995e-06
4.69788e-06
4.45565e-06
4.28216e-06
4.61845e-06
3.81986e-06
4.17349e-06
3.51386e-06
3.42188e-06
1.10832e-06
1.91696e-06
1.84832e-06
1.98714e-06
1.15524e-06
2.05807e-06
4.88401e-07
6.28372e-07
8.22629e-07
5.59206e-07
5.46942e-07
7.98498e-07
6.06217e-07
4.07359e-07
7.7078e-07
4.72579e-07
5.55171e-07
7.67071e-07
8.00636e-07
5.85844e-07
5.49164e-07
7.97988e-07
1.96678e-06
1.62435e-06
1.31269e-06
9.76192e-07
1.95525e-06
1.60542e-06
1.31732e-06
9.8085e-07
2.21611e-06
2.53957e-06
2.71812e-06
2.19517e-06
2.47044e-06
2.78754e-06
1.61806e-06
1.93994e-06
1.01713e-06
1.34114e-06
1.34208e-06
1.01505e-06
1.94569e-06
1.62693e-06
1.39399e-06
2.27843e-06
2.35364e-06
2.20377e-06
1.34066e-06
2.1306e-06
1.17725e-06
7.25047e-07
6.76165e-07
7.10142e-07
1.22006e-06
8.8687e-07
6.06458e-07
7.49364e-07
9.9898e-07
7.20483e-07
5.60524e-07
7.70461e-07
9.62264e-07
5.80068e-07
5.95727e-07
7.34162e-07
1.59804e-06
1.8603e-06
1.06198e-06
1.34199e-06
1.36148e-06
1.06773e-06
1.85363e-06
1.58166e-06
2.13504e-06
2.3788e-06
2.68242e-06
2.16029e-06
2.45847e-06
2.60173e-06
1.61326e-06
1.9085e-06
1.04725e-06
1.35937e-06
1.35015e-06
1.04576e-06
1.90886e-06
1.61637e-06
4.60964e-06
4.77101e-06
)
;
    }
    procBoundary2to0
    {
        type            processor;
        value           nonuniform List<scalar> 
47
(
5.30543e-09
5.94735e-09
6.3239e-09
4.28074e-09
8.04625e-10
5.1236e-09
5.1236e-09
5.1236e-09
5.30543e-09
5.30543e-09
5.30543e-09
6.66715e-09
6.66715e-09
6.66715e-09
5.59845e-09
5.94735e-09
5.94735e-09
5.59845e-09
5.59845e-09
6.6942e-09
6.3239e-09
6.3239e-09
6.6942e-09
6.6942e-09
3.42096e-09
9.56356e-10
4.17629e-09
3.23815e-09
9.56356e-10
9.56356e-10
1.35819e-09
5.00746e-09
5.07521e-09
4.1523e-09
6.07359e-09
6.41439e-09
4.3666e-09
4.3666e-09
5.75797e-09
5.45759e-09
5.40613e-09
5.67731e-09
5.79701e-09
6.24367e-09
6.53058e-09
6.0878e-09
5.96743e-09
)
;
    }
    procBoundary2to3
    {
        type            processor;
        value           nonuniform List<scalar> 
328
(
5.32087e-09
5.32087e-09
5.32087e-09
6.66847e-09
6.66847e-09
6.66847e-09
6.66847e-09
8.50326e-07
2.06906e-06
1.80824e-06
3.69911e-09
3.69911e-09
3.69911e-09
3.72875e-09
3.72875e-09
3.72875e-09
2.86434e-06
2.86402e-06
3.46246e-06
3.47493e-06
3.48583e-06
3.48377e-06
3.60312e-06
3.66938e-06
1.83565e-06
2.77751e-06
2.79905e-06
2.04363e-06
2.87548e-06
2.87011e-06
2.90453e-06
3.20764e-06
3.2708e-06
3.40371e-06
3.62105e-06
3.5557e-06
2.77683e-06
2.75356e-06
2.54219e-06
2.83404e-06
3.21408e-06
3.15064e-06
3.85114e-08
4.07248e-09
4.07248e-09
4.07248e-09
5.27493e-08
1.01001e-07
2.76668e-08
2.20817e-08
4.6878e-08
7.09651e-08
1.95981e-06
2.04069e-06
1.72879e-06
1.70258e-06
3.93306e-09
3.93306e-09
3.93306e-09
3.28672e-07
1.70978e-07
9.51424e-08
1.51524e-07
7.49767e-08
2.59046e-06
2.56206e-06
2.68712e-06
2.72183e-06
3.79961e-06
3.83034e-06
3.91598e-06
3.73738e-06
3.83911e-06
3.76543e-06
1.92196e-06
2.85124e-06
2.83483e-06
1.95233e-06
2.84906e-06
2.86353e-06
3.11275e-06
3.42788e-06
3.36468e-06
3.18264e-06
3.41358e-06
3.47712e-06
2.66598e-06
2.69428e-06
2.66104e-06
2.63093e-06
2.61487e-06
2.96149e-06
3.02661e-06
2.53872e-06
2.95758e-06
2.8917e-06
9.22214e-09
4.65689e-09
4.65689e-09
4.65689e-09
1.07965e-08
1.73184e-08
7.44887e-09
9.60682e-09
9.94432e-09
9.99176e-07
1.42916e-06
2.08438e-06
1.78146e-06
1.64992e-06
3.68148e-09
3.77505e-09
3.77505e-09
3.77505e-09
1.06499e-05
5.5425e-06
1.13013e-06
2.54545e-06
3.54417e-06
6.06336e-06
5.5425e-06
2.83614e-06
2.84504e-06
3.94548e-06
4.04583e-06
3.99651e-06
3.56748e-06
3.71959e-06
3.65217e-06
1.86363e-06
2.8189e-06
2.79901e-06
2.01416e-06
2.86785e-06
2.87723e-06
2.97425e-06
3.3251e-06
3.26214e-06
3.32728e-06
3.50859e-06
3.57324e-06
2.7271e-06
2.75205e-06
2.58519e-06
2.55162e-06
2.7624e-06
3.09079e-06
3.15469e-06
2.38119e-06
2.80868e-06
2.74111e-06
1.30529e-08
4.29247e-09
4.29247e-09
4.29247e-09
3.93607e-08
2.39804e-08
1.66028e-08
1.93912e-08
1.41111e-08
4.89824e-07
1.75737e-06
2.08186e-06
1.75493e-06
1.67643e-06
3.84074e-09
3.84074e-09
3.84074e-09
2.01306e-06
1.44026e-06
1.67759e-07
1.61066e-06
5.70773e-07
1.87571e-06
2.27529e-06
2.8044e-06
2.784e-06
3.94177e-06
4.12689e-06
4.00707e-06
3.65214e-06
3.7031e-06
3.77314e-06
1.89243e-06
2.8181e-06
2.83634e-06
1.98322e-06
2.87251e-06
2.86032e-06
3.04349e-06
3.31436e-06
3.37739e-06
3.25389e-06
3.5254e-06
3.46141e-06
2.72457e-06
2.69793e-06
2.59284e-06
2.62475e-06
2.68942e-06
3.09225e-06
3.02784e-06
2.46085e-06
2.81826e-06
2.88501e-06
6.00003e-09
5.0678e-09
4.4135e-09
4.7021e-09
6.59382e-09
9.2205e-09
1.73184e-08
1.07965e-08
3.40943e-09
3.44303e-09
3.4084e-09
3.46292e-09
3.45007e-09
3.47759e-09
3.52881e-09
5.5425e-06
1.06499e-05
6.06336e-06
2.86402e-06
2.86434e-06
2.84504e-06
2.83614e-06
3.48583e-06
3.47493e-06
3.99651e-06
4.04583e-06
3.66938e-06
3.60312e-06
3.65217e-06
3.71959e-06
2.79905e-06
2.77751e-06
2.79901e-06
2.8189e-06
2.87011e-06
2.87548e-06
2.87723e-06
2.86785e-06
3.2708e-06
3.20764e-06
3.26214e-06
3.3251e-06
3.5557e-06
3.62105e-06
3.57324e-06
3.50859e-06
2.75356e-06
2.77683e-06
2.75205e-06
2.7271e-06
2.54219e-06
2.55162e-06
2.58519e-06
3.15064e-06
3.21408e-06
3.15469e-06
3.09079e-06
2.74111e-06
2.80868e-06
3.83764e-09
3.81524e-09
4.10213e-09
4.07641e-09
1.01001e-07
5.27493e-08
2.39804e-08
3.93607e-08
3.64234e-09
3.70354e-09
3.58606e-09
3.556e-09
1.70978e-07
3.28672e-07
1.44026e-06
2.01306e-06
2.56206e-06
2.59046e-06
2.27529e-06
1.87571e-06
2.72183e-06
2.68712e-06
2.784e-06
2.8044e-06
3.91598e-06
3.83034e-06
4.00707e-06
4.12689e-06
3.76543e-06
3.83911e-06
3.77314e-06
3.7031e-06
2.83483e-06
2.85124e-06
2.83634e-06
2.8181e-06
2.86353e-06
2.84906e-06
2.86032e-06
2.87251e-06
3.36468e-06
3.42788e-06
3.37739e-06
3.31436e-06
3.47712e-06
3.41358e-06
3.46141e-06
3.5254e-06
2.69428e-06
2.66598e-06
2.69793e-06
2.72457e-06
2.63093e-06
2.66104e-06
2.62475e-06
2.59284e-06
3.02661e-06
2.96149e-06
3.02784e-06
3.09225e-06
2.8917e-06
2.95758e-06
2.88501e-06
2.81826e-06
)
;
    }
    procBoundary2to6
    {
        type            processor;
        value           nonuniform List<scalar> 
65
(
1.55487e-06
1.50047e-06
3.96602e-06
4.07241e-06
3.35432e-06
3.01528e-06
3.09168e-06
2.66006e-06
7.2921e-07
3.3146e-07
3.09168e-06
3.09168e-06
1.83932e-06
1.0172e-06
3.58082e-06
3.27544e-06
1.2908e-06
1.17716e-06
2.31305e-06
3.58082e-06
2.2301e-06
1.2908e-06
5.59602e-07
3.58082e-06
3.58082e-06
3.58082e-06
4.66992e-06
4.5715e-06
3.83029e-06
1.94178e-06
2.71995e-06
2.40474e-06
1.54505e-06
2.75421e-06
3.25291e-06
2.98445e-06
8.15831e-07
2.40648e-06
1.98706e-06
2.24422e-06
4.86831e-06
4.20833e-06
3.96429e-06
3.48375e-06
3.74863e-06
8.31088e-07
5.35244e-07
5.39181e-07
4.32013e-07
1.03484e-06
1.34648e-06
1.81859e-06
1.53313e-06
4.53812e-06
4.3031e-06
4.20833e-06
4.64708e-06
4.84719e-06
1.17716e-06
1.54505e-06
4.63696e-06
3.5782e-06
4.56602e-06
1.54505e-06
2.46833e-06
)
;
    }
    procBoundary2to7
    {
        type            processor;
        value           nonuniform List<scalar> 8(1.62279e-06 2.50665e-06 2.29974e-06 2.66018e-06 2.7286e-06 2.50665e-06 2.7286e-06 2.66018e-06);
    }
}


// ************************************************************************* //
