/*--------------------------------*- C++ -*----------------------------------*\
| =========                 |                                                 |
| \\      /  F ield         | OpenFOAM: The Open Source CFD Toolbox           |
|  \\    /   O peration     | Version:  2012                                  |
|   \\  /    A nd           | Website:  www.openfoam.com                      |
|    \\/     M anipulation  |                                                 |
\*---------------------------------------------------------------------------*/
FoamFile
{
    version     2.0;
    format      ascii;
    class       volScalarField;
    location    "0.106/solid";
    object      sigmaMid;
}
// * * * * * * * * * * * * * * * * * * * * * * * * * * * * * * * * * * * * * //

dimensions      [1 -1 -2 0 0 0 0];


internalField   nonuniform List<scalar> 
3125
(
-169.927
5091.81
-143.224
67458.1
4207.36
4790
-208.288
-150.984
-169.97
-196.624
-208.399
-400.558
-186.309
-184.769
-7450.43
20509.1
7616.12
64283.2
2433.18
-35075.2
-2351.24
82249.1
5076.78
4823.02
-384.92
-6966.78
-7375.03
-103.402
7621.54
7055.99
2420.03
-1276.38
-2048.88
2409.32
116.484
-6884.53
-73.4879
-6038.41
5990.08
7018.27
2159.6
-1177.77
2392.65
-394.753
4160.53
134.133
5922.93
2127.32
-258.564
-228.444
-313.029
-675.377
-914.737
5042.37
479.741
4853.96
277.013
4522.65
4574.24
-217.897
-232.695
-168.909
-169.476
-218.945
-224.943
-264.525
-208.825
-241.824
-233.604
-209.051
-238.95
-6639.71
-656.404
-1466.14
-319.079
523.354
-1049.98
-2582.88
-10857.3
37673.7
416.942
-2267.96
-8574.96
-7999.31
-3847.03
1919.89
174.884
50721.1
2666.1
-2515.07
7199.64
7019.53
7313.38
2024.83
7796.95
-7742.93
21155.8
7298.04
7540.47
-4971.2
7986.08
2559.57
40135.8
6884.3
4988.85
4964.91
-6851.44
-262.374
-6949.82
-7173.25
-8340.46
-8532.08
-8636.1
-7231.53
-8582.16
-230.289
-6950.72
-6948.95
7407.32
7383.65
7285.19
2438.81
7115.21
-1546.21
7121.17
7274.56
7495.91
-1635.43
7318.28
2427.61
6898.55
7067.3
48.4677
-6728.28
-6875.1
-8259.59
-6581.19
-7953.57
26.932
-6945.84
-6901.91
-7372.03
-6461.46
-7827.21
6531.22
6593.45
2295.8
6072.88
6463.82
7057.11
-856.534
6807.14
2319.86
6829.84
6570.69
6287.4
-743.214
6699.29
-221.232
-203.245
-266.002
-259.346
-352.438
-25.8511
5125.8
7.21299
-73.8871
46.8601
32185.6
12723.5
4853.3
4342.41
4701.05
-176.61
-232.551
0.805905
-163.396
-9.11495
-25.5906
-169.92
-23.9104
-177.642
-179.184
-233.763
-204.689
-236.942
-232.99
-208.626
-233.635
897.206
-430.221
1593.2
-239.063
-131.163
-236.468
-54668.9
5857.55
8316.92
9720.15
-11427.7
-7982
-7524.18
-8008.54
8418.28
-68743.9
63192.9
44920.6
-10601.9
7596.12
6187.14
924.469
2365.1
-635.313
-16327.2
-14028.6
-5169.6
22.0824
-2827.82
-268.541
11032.9
82356.5
23179
5040.83
4874.12
1226.19
-347.563
947.732
-7041.61
-7643.24
-7707.12
-7935.84
-7333.72
-7920.78
-155.744
1023.91
1113.8
7532
7204.78
-681.378
2435.37
911.843
-1369.96
957.46
878.407
244.151
-1865.35
398.95
2414.07
623.057
-840.906
90.5258
931.165
1056.74
-7571.03
-6791.94
-7488
-37.742
1117.04
1021.84
-6750.78
-6189.08
-6905.18
6236.26
6832.01
2219.35
37.967
-1122.61
1036.97
-1074.22
1116.81
2370.13
-910.54
481.739
1571.29
-512.667
1501.95
1013.19
-1193.42
-187.763
-193.536
-243.018
-241.553
-226
-211.5
-233.181
-216.876
-289.437
-420.182
-374.964
-473.37
-726.535
-611.694
-794.992
-757.621
-663.767
5135.11
-83.4864
284.555
75.2243
14230.6
3972.65
498.744
1850.8
4396.48
4666
-200.441
-242.001
-166.23
-19.308
-12.3423
-169.97
-21.1253
-23.2436
-183.915
-181.218
-201.517
-220.484
-203.103
-207.731
-222.438
-205.129
-257.84
-251.148
-253.08
-207.501
-236.822
-237.202
-245.141
-249.009
-250.634
-242.725
-234.879
-243.714
-208.895
-235.698
-234.552
-236.643
-246.992
-245.144
-5365.7
-5949.51
-4882.56
-293.687
4025.11
761.165
-4765.83
-1570.08
-4147.14
-293.093
-437.656
-377.75
-149.341
-410.686
-466.946
-873.656
-1073.89
-805.911
-12561.5
-1693.92
3110.73
21426
-9298.46
18223.5
23520.9
26284.9
3212.42
17502.5
-1154.03
-3918.78
24682.9
19930.1
-2110.03
2240
1988.73
-8452.27
-8100.63
-8373.63
-8001.94
-8100.63
-8385.37
-7087.84
-6689.01
-8434.98
6440.15
4819.72
40395.9
12499.2
-1918.51
-4476.33
62696.4
33144.7
4361.33
34684.9
1915.51
2361.44
27359.4
32958.6
-2630.67
1489.27
-1569.39
7525.99
11109.4
4837.31
7403.61
4875.02
2410.39
94.0155
1040.56
7119.35
5038.42
4558.07
-10683.4
-2552.71
-2625.5
4257.24
14239.1
7062.46
6916.44
15232.9
9975.86
7631.64
7641
7830.02
-3720.63
-1335.23
-775.989
7427.9
8039.57
7706.68
14428.9
3212.67
11451.4
59310.6
19346.3
21609.1
4022.92
16268.4
15233.2
5022.32
4906.29
-5536.23
-6930.87
-5614.56
-316.243
990.944
1118.1
-6944.31
-5628.04
-5629.43
-7110.62
-7811.74
-7763.18
-8112.33
-8411.94
-8183.81
-8301.93
-8475.77
-8247.25
-8427.09
-8652.65
-8421.31
-7282.84
-7855.01
-7889.53
-8621.97
-8351.07
-8389.06
-186.41
1108.01
1017.5
-5556.1
-6950.74
-5578.65
-5614.51
-6949.71
-5598.08
7518.33
7240.46
4843.27
7215.72
4811.04
2425.12
852.809
-722.258
7165.97
4768.55
4791.03
-1459.1
715.475
798.525
3951.29
7177.21
4082.06
4513.32
7227.62
4262.92
6898.43
7419.89
6015.72
-1735.32
625.633
524.331
7368.63
4861.84
5349.74
2427.63
-776.85
745.317
4664.08
6959.96
4696.46
4747.51
7015.62
4723.52
71.2037
1089.95
982.12
-5253.62
-6789.08
-5301.47
-5389.5
-6836.13
-5345.47
-8032.13
-8168.94
-7941.2
-6691.67
-7289.97
-7394.92
-8067.05
-7726.62
-7840.03
-11.8646
1009.87
1111.66
-5529.27
-6936.85
-5499.35
-5428.35
-6921.65
-5464.99
-7151.28
-7537.55
-7314.81
-6331.14
-7174.14
-7045.55
-7689.42
-7602.52
-7465.34
6304.3
6786.85
2248.1
-1054.67
180.317
4155.51
6214.96
4248.11
4405.91
6345.42
4330.94
3855.43
6984.58
3785.73
-966.723
1274.92
1196.5
6901.21
3698.05
3735.02
2350.16
331.605
-983.71
4626.39
6753.02
4582.66
4471.93
6666.77
4531.27
3611.47
6441.43
3629.71
-627.602
1352.29
1428.45
6578.06
3669.94
3648.25
-116.775
-164.434
-170.134
-107.573
-165.079
-116.587
-107.76
5092.29
-70.3816
-81.9026
-130.792
-133.116
-88.0775
-111.951
-68.4909
-6744.71
57306.9
46180.2
22051
15810.4
10415.9
13548.6
4249.3
4762.03
-98.9323
-86.3446
-136.087
-156.209
-91.3487
-144.521
-92.2796
-116.16
-164.337
-107.455
-170.043
-116.437
-164.589
-107.32
3781.53
4100.4
-1224.48
-412.964
4105.81
-1166.91
3838.01
7623.22
44080.6
-2513.58
2990.08
-89.8385
2400.57
2943.12
-68.4814
-2566.3
34838.3
3300.95
98463.5
64152.2
50235.4
22076
89678.5
5061.57
4830.18
3824.54
4077.8
-1226.05
-382.876
3805.03
4053.71
-1290.69
3588.04
-115.795
3725.7
-1474.22
3732.99
-1436.52
3592.96
7574.5
7105.21
-2603.42
2902.04
-73.7442
2432.28
-2539.85
2936.33
-124.519
-2687.9
2400.96
2677.36
-456.396
2645.6
-420.196
-2720.28
2996.55
111.133
3116.89
-1524.74
3147.07
-1505.71
2972.53
3526.76
-71.3056
3691.22
-1448.31
3652.26
3546.79
-1493.09
6072.65
6940.47
-2559.02
2171.07
2248.69
-745.67
2246.46
-724.62
-2559.44
-2726.16
2389.05
2610.95
-458.645
-2686.44
2633.93
-510.426
3066.58
-1497.7
2904.57
2180.46
-737.485
-2511.61
5053.06
-138.156
-4.41462
835.93
254.531
314.23
-432.507
25.7522
4892.53
498.503
-1316.72
-936.769
164.918
-209.612
1124.63
370.89
4481.74
4593.98
-111.061
-168.633
-160.513
-103.557
-112.101
-160.049
-102.485
-114.082
-169.829
-161.722
-104.472
-113.231
-162.726
-105.296
3849.37
113.859
4283.37
-638.126
4025.56
2662.68
-239.626
659.966
-626.205
3867.46
1963.74
4889.22
4678.09
1065.58
7321.41
6800.94
-2514.74
2391.25
3159.89
-91.319
3284.35
-216.028
-2287.84
-2220.62
2383.57
3847.7
-284.746
4606.4
15.868
-2723.47
4990.26
4943.25
3751.89
-275.143
3944.85
-1392.58
3945.29
3769.4
-1344.67
3723.06
-227.404
3908.18
-1368.76
3878.47
3729.21
-1423.05
7444.96
7317.09
-2631.89
2423.19
2819.38
-257.739
2778.67
-219.101
-2675.62
-2698.14
2431.61
2749.86
-259.042
2783.19
-315.338
-2646.49
3242.29
47.0051
3415.9
-1495.14
3366.16
3277.34
-1531.44
3342.46
17.6494
3459.24
-1520.31
3477.74
3334.02
-1490.67
6441.95
6654.45
-2670.53
2282.52
2426.64
-630.06
2436.1
-671.189
-2649.59
-2672.7
2322.15
2492.44
-628.031
2475.74
-600.68
-2689.24
-278.759
-172.311
-150.081
-278.822
-95.3074
-358.602
-256.105
-151.256
-81.3284
-376.108
-396.518
-117.319
579.309
-1206.99
351.248
-1397.02
-612.305
57.7769
503.647
-1242.86
-686.463
20.8271
96.7106
-619.369
-116.983
-170.167
-165.371
-107.904
-53.785
-63.571
-25.2801
-54.4108
-63.4776
-25.1422
-63.517
5106.4
-10.1406
-35.7975
16.3494
-20.2683
-25.8144
-70.9501
-116.473
-37.1962
-27.042
-119.263
-18.986
-61.7508
0.310146
28.5836
4.65507
25.0078
-18.3026
132684
10610.3
29842
-21894.5
2632.59
-95323.6
1.4234
13924.3
-1574.32
11390.1
-583.971
3520.75
7508.25
-487.806
5524.99
4298.21
4725.04
-184.652
-198.216
-176.11
-176.932
-175.775
-184.449
-198.944
-185.688
-197.737
-274.118
-289.562
-249.499
-192.356
-192.702
-249.158
-249.116
-274.558
-289.942
-274.363
-289.811
-31.43
-40.7782
-2.49849
-26.6949
-45.6436
-102.253
-161.773
-152.931
-97.9472
-150.294
-105.317
-95.1093
-34.4083
-5.3599
-51.2476
-37.4305
-48.4909
-52.7028
-63.334
-24.4551
-54.1568
-62.7219
-115.689
-170.137
-163.842
-106.714
-164.453
-115.027
-107.088
-51.6199
-23.743
-61.8323
-51.508
-62.1736
-186.091
-202.492
-188.795
-199.658
-177.708
-177.301
-186.659
-198.626
-185.52
-200.206
-177.808
-179.646
-298.979
-264.552
-316.647
-248.031
-197.772
-170.617
-166.247
-275.617
-263.256
-178.422
-182.417
-228.904
-202.512
-354.031
-330.166
-216.08
-275.439
-291.375
-291.181
-274.937
-249.291
-192.111
-249.673
-192.557
-274.489
-290.52
-275.067
-290.369
-249.924
-191.989
-192.299
-249.46
6341.37
7280.3
3827.63
-395.901
4157.68
-1076.99
4114.69
-1121.04
3726.7
7321.91
6145.86
146.409
-833.059
180.689
-612.237
-302.411
-141.159
-151.021
-129.127
-12.1508
-80.7099
-125.388
-294.475
-415.452
-95.8167
-92.3748
-479.006
32266.6
55342.8
66011.4
149836
44856.1
21404.2
22850.2
22602.7
62912.3
8467.51
-1417.52
-1172.75
3815.76
-1050.64
-1627.38
-1317.26
-1566.07
4198.96
-1499.66
7998.99
-895.945
129070
106098
106413
125107
-8090.29
-11085.4
29812.5
83145.2
26571.4
91120.9
49242.4
85788.5
49982.8
-16211.1
237972
-75853.7
7590.28
23254
-2836.05
-4277.06
-2544.62
2419.92
2986.92
-78.6635
3046.15
-109.812
-2467.81
-4325.71
-2948.44
-21437.7
-22209.5
-25241.4
-17953.6
-31551.2
-39809.7
-30353.1
-32916.4
-18881
-14216.2
-14586.3
-24229.5
-11192.6
-12203.2
-12003.3
-11215
-12612.2
-12413.6
-10057.7
-10912
-10160.7
-10943
-13570.8
-13938.4
-806.23
8129.33
9362.64
-377.404
29048.7
-669.252
40163.5
1168
-3547.47
66690.6
29143
5041.43
4858.02
7256.65
5985.73
3791.2
-356.948
4028.39
-1333.98
4025.55
-1278.3
3819.26
6043.45
7300.42
6915.91
44.2252
4159.86
-1128.51
-117.295
-1212.31
-1294.67
-183.568
4091.57
-1025.63
6781.28
114.184
4370.81
-1561.68
-436.106
7565.57
-1702.57
-776.217
7743.54
-607.083
4344.78
-1582.12
-616.936
-1685.62
5686.77
6849.08
3634.42
-149.146
3799.5
-1418.92
3763.95
-1465.17
3646.8
6746.01
5604.99
7564.94
7139.92
-4409.51
-3140.49
-2578.44
2418.7
2891.29
-164.209
2852.36
-125.115
-2628.07
-3052.04
-4367.61
-8974.5
-9025.85
-8648.36
-9352.6
-10277
-10442.2
-10464.7
-10298.2
-8742.65
-9407.43
-9063.65
-9083.52
-8853.84
-9722.85
-9521.73
-9105.11
-11646.1
-11720.5
-9497.23
-10076.9
-9306.56
-10180.4
-11138.3
-11145.8
-3496.52
-4614.75
-2722.52
2416.07
2682.24
-367.187
2712.32
-416.963
-2675.53
-4642.22
-3553.21
4830.42
5770.69
3060.28
90.3173
3247.6
-1507.22
3188.9
-1535.57
3104.86
5597.49
4675.95
3949.59
-840.28
233.597
6503.49
-1126.79
-57.746
-3.56185
-1044.65
6642.06
177.27
4022.63
-933.552
6514.91
5426.75
3478.04
-45.6645
3599.67
-1504.85
3610.28
-1468.55
3476.49
5521.57
6631.21
5722.92
466.926
-460.51
3480.76
257.147
-624.548
-687.766
219.959
3366.6
-388.043
5544.96
493.264
6139.14
6894.98
-3706.66
-4606.13
-2606.86
2201.09
2311.84
-696.396
2313.32
-731.895
-2593.35
-4560.1
-3693.37
-8930.76
-9491.29
-9187.58
-9224.4
-10425.6
-10256.1
-9145.8
-9140.7
-8841.85
-9453.32
-10234.1
-10398.5
-4676.68
-3640.23
-2692.68
2368.15
2589.22
-554.369
2565.69
-517.8
-2718.56
-3599.59
-4663.89
-9335.77
-9183.05
-9408.93
-9116.97
-9828.92
-9961.22
-9085.06
-9334
-9292.01
-9116.41
-10086.7
-9933.43
4518.66
-176.065
-237.58
-228.858
-192.984
-194.654
-178.264
-171.429
-213.315
-206.809
-199.709
-218.875
-185.173
-295.05
-182.644
-294.288
-187.323
-133.553
-415.788
-410.019
-140.097
-130.198
-393.266
-124.151
-393.682
-308.436
-204.11
-196.443
-312.333
-209.336
-252.283
-205.323
-254.439
-249.99
-237.043
-229.657
-255.927
-236.382
-213.039
-233.495
-216.538
-221.155
-272.621
-267.631
-228.882
368.284
-1242.57
379.651
-1258.68
-678.355
20.226
21.705
-692.523
-646.639
21.2413
-641.663
11.8618
396.737
-1368.97
-1344.7
433.634
-3248.44
1456.97
1968.63
-2678.6
5202.32
-7548.99
-3021.37
1775.3
5490.73
-5761.67
4134.34
-7326.6
-2815.75
1560.21
1526.12
-2790.18
4638.27
-7215.71
4729.27
-7023.74
-3083.36
1679.37
1635.08
-3116.84
4305.93
-6236.14
4423.91
-6373.09
5135.34
65.8687
-56.6504
-143.074
-30.3485
-62.0315
39.6377
46.7919
77.9747
188.509
177.511
223.724
66.0128
77.2474
12.6323
118.153
39.3275
54.9011
6856.26
704.752
-155.436
12587.7
-1505.69
-3293.08
-4944.04
880.966
91.5719
276.235
746.951
320.133
215.876
177.747
1051.24
966.451
396.875
521.008
4430.96
4634.62
-215.676
-212.082
-228.656
-237.208
-235.712
-230.238
-229.476
-236.713
-214.827
-212.953
-211.472
-216.278
-270.421
-275.485
-259.196
-253.96
-252.519
-260.47
-259.624
-253.241
-270.377
-275.972
-275.583
-271.248
-109.625
-167.142
-156.244
-99.7104
-107.405
-158.067
-101.347
-44.2385
-58.4589
-16.622
-46.7234
-56.85
-42.1217
-53.4668
-14.1204
-40.307
-55.2739
-114.628
-169.998
-163.528
-106.357
-114.68
-163.521
-105.893
-49.066
-59.6404
-21.4566
-48.7966
-60.2354
-49.4463
-61.3415
-21.9836
-50.6659
-60.7052
-191.508
-200.907
-187.167
-205.22
-179.393
-186.598
-187.238
-209.908
-196.893
-201.129
-181.869
-179.067
-216.881
-216.401
-213.283
-220.042
-231.62
-236.526
-229.471
-238.552
-217.682
-212.365
-214.281
-215.66
-230.509
-240.75
-233.681
-237.841
-222.882
-214.395
-219.287
-218.053
-231.704
-247.668
-241.176
-238.968
-218.141
-224.222
-227.459
-214.711
-236.476
-238.975
-231.561
-243.431
-320.437
-245.561
-317.874
-238.925
-160.223
-419.63
-153.16
-417.955
-322.977
-219.074
-322.079
-226.198
-176.976
-383.077
-186.514
-396.733
-267.333
-303.016
-285.451
-284.043
-253.032
-188.793
-189.956
-248.295
-242.78
-186.652
-255.986
-185.799
-280.531
-290.864
-297.863
-274.369
-263.208
-295.115
-293.922
-268.968
-275.854
-253.797
-270.936
-260.821
-251.931
-285.852
-244.958
-288.985
-283.645
-276.834
-286.596
-271.739
-271.897
-277.783
-277.17
-272.83
-261.226
-253.399
-260.117
-255.029
-271.775
-276.329
-276.623
-271.287
-260.929
-256.702
-254.433
-262.615
-275.926
-292.106
-275.985
-292.526
-250
-191.062
-190.734
-251.282
-250.19
-191.306
-250.107
-192.34
-276.059
-294.708
-277.77
-292.249
-274.915
-278.233
-272.78
-279.319
-262.434
-263.491
-255.747
-269.232
-265.107
-255.449
-259.258
-261.923
-273.304
-282.056
-278.478
-278.498
6931.83
-1880.14
576.634
3727.83
41.6472
7043.9
4054.72
-1353.14
-926.461
3512.73
-586.063
7549.45
4270.79
255.793
-1274.64
6470.33
7110.71
7020.1
3482.72
-462.917
4137.76
-898.695
3834.34
4206.33
-945.136
8472.23
6559.41
2055.1
1441.75
7985.7
-3623.09
3408.97
-185.237
11309.6
-3787.97
-2384.18
8603.66
250.928
1822.61
10729.8
-5263.08
4050.92
191.297
361.612
-1125.8
344.012
-1263.12
-687.532
10.4825
-695.746
8.59895
437.963
-1398.8
415.613
-1364.24
-633.399
-33.7982
-585.304
-20.6956
-1203.69
908.08
709.115
-1867.9
-141.025
1017.12
-713.073
867.509
-292.68
-139.361
162.376
16.899
1759.75
-4344.76
2772.89
-2342.5
-2978.39
1384.71
1456.86
-2639.57
4751.95
-7567.94
4752.7
-7452.97
-3155.98
1651.8
-3261.59
1662.31
4338.03
-6482.48
4042.96
-7151.36
37482.8
-45511.4
-404.309
23029.2
-19373.4
14974.9
-14528.5
10583.3
14594.2
-14394.2
41232.7
-62574.9
34166.2
19486.2
27965.1
24026.6
-16401.7
6626.26
28780.4
26792.2
-7711.3
6685.04
-8557.82
15888.6
29289.4
60303.5
114903
37534.7
65869
90223.4
40081.7
75134.4
108610
70584
117187
33287.7
29976.6
19571.3
37050.4
20685
647.571
10827
17083.4
-2396.12
-4219.44
16282.1
-2309.31
9095.18
41369.8
23728.5
24271
34479.6
24724
-20471.7
29332.4
-40108.8
-17067.8
12372.7
12283.3
-18461.2
-16224
11805.5
11038.6
-14210.6
29832.4
-42072.3
-35451.9
29012.7
-977.569
3570.82
8161.78
-1251.8
3957.97
-1263.32
-416.919
7383.71
7895.1
-995.196
-830.986
3450.19
-698.948
7672.91
4015.04
-1363.49
2562.09
-320.826
9372.66
-2749.61
1746.9
-6023.91
-2958.56
-503.425
11584.8
-5393.83
-250.37
1940.1
-2700.62
9101.93
29.018
2193.73
11507.8
-3994.61
3408.38
-1212.51
1874.51
323.083
-2561.08
8906.54
2749.02
-768.705
-5057.98
11465.8
29114.5
13651
17979.6
10904.7
20916
15509.4
15259
10688.5
13097.3
6679.96
15079.9
7958.85
-40474.8
-22479.2
22234.2
5671.38
-1108.3
3537.56
-1902.12
-14896.2
31447.4
42012.2
-7104.79
-6056.04
8260.63
4651.41
-12233.8
38591.5
78865
152427
36343.9
84121.4
128624
35274
77804.2
123823
41055.4
78246.5
127031
44087.5
15177.5
46095.1
29998.9
-2927.33
17414.1
11388
1243.9
-137.844
10779.9
17492.9
-7672.32
38383.7
28398.7
43762.2
22606.1
29932.2
-48021.1
31205.3
-49191.8
-19127.7
12683.4
12759.7
-19120.1
-19004.1
11469.1
12058.9
-17508.6
31803
-44971.2
30296.2
-44304.1
7465.05
8272.47
-1312.51
-2098.29
-2651.47
-8.55968
-8045.54
-1163.83
579.87
-4120.44
-4145.54
811.825
-8137.99
-1039.15
-172.007
-2645.97
-2143.54
-1412.62
-4202.61
-2617.82
-2412.76
2254.43
3119.42
-146.684
-2507.25
3007.68
-119.459
-2597.59
-4152.14
40.6471
-2692.21
-1190.51
-2187.02
-3967.26
1001.92
-519.397
-8763.22
-8434.72
-912.991
-4186.17
923.957
-873.736
-2221.35
-2468.61
10.6602
-22069.2
-23050
-24302.2
-21248.5
-24232.4
-21803.3
-19519.4
-18313
-19756.8
-18134.2
-27301.8
-31124.3
-7815.53
-11537.5
-6039.28
-6900.84
4660.56
13742.9
-312.374
7974.39
2547.64
-4067.28
1120.75
-8469.87
-5922.94
-5327.36
-1734.65
-2815.79
-11295.4
-13417.1
-13000
-11079.7
567.108
-5892.68
-925.132
-10361
-11855.9
-11305.7
-11811.2
-10043.8
2493.64
-8490.78
973.728
-3191.33
-6722.16
-6529
-6584.41
-7776.46
203.665
-5159.6
-8100.53
-1507.26
-1372.16
-8228.24
-5245.91
539.848
-7578.38
-5796.47
-5721.48
-6309
-12977.3
-13547
-12716.1
-13992.5
-17814.9
-19142.3
-14920.7
-16445.7
-15645.9
-15617
-15959.2
-15270.2
-8327.96
-7750.7
-7431.91
-7776.61
-804.317
-8951.21
-5336.96
1062.9
862.705
-5366.68
-8523.85
-1224.7
-8579.33
-9530.56
-9423.7
-9346.82
-3491.23
-5065.52
-2583.86
3375.25
16636.5
-1728.93
-3547.88
7069.64
-924.426
-4190.12
-2134.48
6033.59
-1824.37
2997.12
1476.12
12297.7
29362.8
11396.6
40267.7
-2659.78
1974.89
2367.27
-1720.92
24255.2
67081.8
22941.7
55146.7
1872.39
-700.795
890.848
309.409
-10454.6
-681.574
-4409.94
-1.26958
-1354.13
-2923.55
-1036.27
-3441.86
-817.204
2233.46
2941.52
-7877.6
5009.03
4914.59
4544.42
132.325
-830.857
6100.25
-1456.35
4279.19
366.099
6786.1
6243.74
-977.654
156.243
4492.07
523.915
6612.94
-1437.23
4337.5
5935.16
7193.51
3790.23
-310.733
3999.1
-1314.03
3785.68
3972.99
-1370.57
7121.95
5879.81
5989.8
-735.424
4543.12
137.928
717.104
6355.55
4301.44
-1272.09
-1364.39
4334.79
634.762
6478.01
4505.56
154.756
-666.625
5889.3
4220.61
-1221.07
7039.66
-35.1962
-1468.92
-326.025
7166.68
-113.123
-1319.63
4272.09
-250.604
-1381.53
-984.75
4035.4
6574.79
273.793
3933.97
-796.137
594.918
6151.22
6280.1
532.836
4012.11
-898.209
344.739
6438.03
3966.17
-883.477
198.691
6701.04
4103.03
-1089.17
6537.35
385.927
4146.96
-1112.23
-1190.89
4156.98
6829.46
115.248
4079.78
-1003.99
6410.94
464.508
-210.41
7231.3
4244.91
-1449.89
7119.24
-97.1423
4173.3
-1381.01
-1463.35
4197.44
7413.33
-389.219
4227.85
-1368.73
76.4815
6937.48
7425.62
-306.894
4354.63
-1501.24
-407.01
-1553.35
4316.05
-1413.29
7294.28
-205.061
-1628.33
-500.728
-1383.31
4238.58
-77.8095
7089.82
4195.72
-1209.54
298.165
6660.81
6793.46
202.3
-1302.71
4229.19
25.2898
6955.88
-1291.82
4206.68
6949.26
5756.76
3680.86
-196.887
3833.68
-1444.33
3690.63
3840.64
-1399.43
5821.58
7038.56
5579.82
-523.045
203.128
4320.95
946.794
5864.57
4027.45
-857.991
-957.648
4104.51
5991.27
899.786
4240
219.22
-484.916
5469.78
4391.9
189.417
-565.396
5685.03
-1166.3
4244.38
787.643
6238.93
5788.39
-612.85
4454.63
172.348
845.458
6116.1
4180.55
-1060.86
7462.11
7286.77
-407.545
-2595.77
-2148.03
-1572.31
-4074.71
409.983
-7911.17
-1260.95
-1493.52
-2141.19
-2617.21
-288.129
-7790.35
-1355.15
-4033.33
233.871
-3221.6
-4455.59
-2661.49
2433.72
2815.68
-164.345
-2602.05
2851.38
-218.409
-4500.04
-3301.17
-1652.24
-2144.08
-521.25
-2570.64
-7537.24
-1538.1
-95.1784
-3933.25
-3984.03
72.0651
-7662.43
-1446.68
-635.057
-2546.67
-2142.14
-1731.89
-8562.61
-9316.55
-8892.7
-8981.05
-10548.3
-10411.4
-8836.18
-8976.95
-9301.49
-8508.88
-10341.4
-10492.3
-6598.37
-5623.2
-5808.72
-6643.21
-2479.95
-4642.93
-7005.3
-2740.92
-2479.53
-7146.6
-2077.33
-4683.37
-6522.48
-6030.37
-5856.02
-6816.15
-6772.78
-5582.01
-5399.82
-6382.06
-2104.02
-7419.31
-1313.4
-4790.09
-6195.36
-5190.12
-5374.45
-6899.59
-1680.82
-4734.7
-2272.96
-7285.81
-7287.33
-5139.43
-5006.44
-5987.34
-1616.48
-7951.88
-81.3197
-5071.3
-6087.38
-5233.59
-5345.04
-7419.03
-363.188
-4996.37
-7822.19
-1726.88
-8903.75
-9197.88
-8609.46
-9461.36
-10542.8
-10651.8
-8510.66
-9339.25
-8830.82
-9033.66
-10837.4
-10765.4
-5981.29
-4954.97
-7156.58
-5117.39
-967.647
-4858.08
-7551.65
-1961.39
-1840.52
-7685.86
-4923.15
-653.764
-7028.48
-5208.05
-6055.03
-5034.36
-4580.24
-3438.73
-2668.89
2418.15
2748.94
-362.086
-2707.2
2713.73
-323.448
-3371.25
-4543.16
-1947.2
-2121.43
-2457.47
-970.165
-7007.89
-1884.44
-752.739
-3726.75
-3780.31
-580.529
-1797.73
-7144.35
-1074.44
-2428.42
-2112.88
-2013.98
-862.408
-2488.99
-2129.22
-1877.09
-3882.18
-254.082
-7410.71
-1629.18
-1806.2
-2135.67
-750.121
-2517.94
-7276.75
-1714.53
-417.619
-3832.42
5940.82
4967.35
3183.46
65.8722
3291.43
-1533.85
3166.18
3316.19
-1508.06
5096.26
6097.59
4560.68
-312.411
239.411
3529.01
1108.39
4692.52
3184.16
-236.055
-285.449
3301.91
1109.92
4857.64
3398.88
229.377
-298.283
4407.22
3648.04
246.281
-328.852
4709.81
-418.319
3536.63
1093.04
5176.01
4850.05
-346.454
249.675
3762.5
1106.17
5018.92
-349.155
3423.6
468.457
6161.19
3809.16
-689.477
6015.03
654.193
3852.36
-698.368
-783.108
3887.8
6303.66
407.616
3761.25
-599.46
5877.53
709.956
6361.6
294.848
3863.28
-759.194
100.283
-890.051
-968.574
50.8862
3775.89
-669.037
345.144
6205.5
-597.254
3717.54
522.902
6020.47
3571.25
-424.287
791.972
5586.07
5729.96
753.649
3670.79
-506.819
571.902
5864.09
3625.02
-510.907
5326.8
6384.33
3398.88
-9.05837
3558.6
-1479.73
3424.28
3514.86
-1518.63
6246.55
5214.01
4065.65
238.47
-421.472
5236.96
-760.627
3937.45
988.02
5738.48
5355.44
-452.917
229.356
4156.82
1022.94
5600.13
3845.94
-666.285
5114.15
-393.054
243.73
3971.42
1076.17
5319.6
-495.423
3648.74
3869.22
247.853
4985.55
-368.934
-580.121
3749.02
5463.95
1053.07
-286.548
3308.48
5388.26
675.073
3122.29
-142.577
885.751
4938.49
5106.66
878.503
-203.313
3240.98
699.642
5210.25
3194.91
-222.868
3591.34
-520.31
5884.85
424.617
-818.131
144.105
181.331
-749.456
6046.93
390.414
3685.9
-594.615
645.529
5549.48
-353.689
3424.42
5431.94
830.374
-346.529
3464.42
3355.99
-271.318
855.351
5272.17
-430.281
3524.39
612.088
5712.62
6378.5
6706.71
-4638.63
-3714.55
-2629.47
2256.46
2378.85
-697.738
-2637.51
2370.31
-673.233
-3708.59
-4664.68
-2343.52
-1987.11
-2160.47
-1712.74
-5784.68
-2774.35
-2667.9
-3345
-3371.68
-2361.31
-5951.29
-2608.03
-1788.15
-2114.47
-1962.21
-2369.95
-1632.82
-2204.84
-2010.88
-2314.25
-3457.52
-1788.73
-6272.3
-2349.34
-2278.23
-2033.73
-2247.78
-1549.01
-6113.3
-2467.21
-3410.36
-2067.86
-6799.78
-6447.27
-6293.89
-7217.97
-3040.69
-6862.07
-2887.94
-4619.35
-7028.02
-6079.96
-6249.15
-6571.47
-3274.82
-4632.62
-3373.47
-6717.69
-9285.62
-9227.37
-9004.74
-9510.59
-10156.8
-10317.1
-9062.14
-9520.49
-9246.88
-9329.86
-10368
-10198.3
-7387.56
-6480.68
-7007.15
-6630.84
-3981.21
-4831.99
-6411.32
-4012.37
-3697.34
-6565.08
-3645.42
-4696.66
-7184.16
-6780.15
-6648.74
-7524.3
-3670.31
-4682.99
-2713.64
2343.19
2523.74
-555.71
-2680.81
2540.79
-600.088
-4678.55
-3696.4
-1275.68
-2360.58
-2086.32
-2132.55
-3670.66
-925.589
-6870.28
-1972.58
-2076.09
-2099.44
-2394.92
-1177.55
-6724.59
-2055.7
-1112.5
-3620.12
-2186.04
-2070.7
-2324.6
-1370.38
-6426.28
-2241.29
-3511.9
-1542.46
-1461.58
-2287.74
-2235.86
-2053.46
-3564.04
-1315.92
-2145.95
-6578.23
-7761.15
-6997
-7097.49
-7505.28
-4971.98
-5668.58
-5842.32
-4933.78
-4756.53
-5965.25
-5479.9
-4780.95
-7545.77
-7140.82
-7060.71
-7777.34
-9121.79
-9470.08
-9353.82
-9221.94
-10256.7
-10098.6
-9350.45
-9246.49
-9103.95
-9504.67
-10027.1
-10175.6
-7431.16
-7016.47
-7713.94
-6912.49
-4293.41
-6260.75
-5029.96
-4282.59
-4552.04
-5261.26
-6107.31
-4544.17
-7634.49
-6790.64
-7322.83
-6914.55
3050.81
1102.35
-288.159
3264.51
4620.47
-708.602
1355.86
-5990.4
-690.146
4800.69
-4494.05
4792.95
-4204.52
852.642
-745.593
-732.102
-5676.36
4500.5
87930.8
28368.6
40302
38249.9
44079.4
103562
53622.3
-3906.5
677.565
-679.402
5099.44
576.622
-3893.84
4166.01
-4044.01
4109.25
960.388
644.502
737.14
5091.58
-4006
35067.1
89403.3
51122.2
88132.4
47294.4
39247.5
85656.1
12734.4
8323.36
21764.2
30811
32440.8
534.961
18361.4
4800.57
-628.071
-4653.01
921.253
4664.07
-667.789
-6114.91
4673.14
-6143.46
1150.83
-635.3
-587.675
-4737.24
4795.19
4505.15
-624.618
1118.89
-5722.34
-566.883
4579.45
-4618.01
4632.96
-4675.63
-553.842
1024.57
-617.048
4555.51
-5822.88
-3731.99
546.835
4219.82
923.196
-3753.53
652.938
5113.01
-3600.49
5118.37
-704.758
635.754
526.471
4249.4
-3592.07
-3217.62
529.308
-878.642
5044.35
431.541
-3253.57
4294.49
-3288.27
4303.58
453.716
682.538
550.972
-3245.9
5077.12
3836.61
-755.621
1036.84
-4779.99
-710.411
3856.5
-4027.88
3975.47
-4115.1
-687.11
962.592
-738.253
3952.93
-4904.15
4517.2
-577.248
-4559.07
1026
4451.62
-638.823
-5615.54
4387.61
-5507.26
-650.271
1118.4
-594.751
4450.62
-4492.5
-2869.4
280.545
-1158.38
4481.8
208.145
-2879.93
3911.47
-2944.03
3994.75
240.709
102.646
312.978
-2924.02
4590.26
-3223.75
411.538
4276.75
549.881
-3183.51
501.888
5008.96
-3152.53
4961.77
473.168
-950.333
383.241
-3185.9
4253.42
-730.45
-3939.39
3715.04
176.502
4895.66
438.706
-2781.96
983.98
-3201.57
3295.2
197.044
4151.83
-4949.92
-659.217
1956.35
4791.13
-3792.09
-602.201
4498.8
2916.04
1513.98
11123
6244.26
213.664
4912.46
19426.3
8258.33
30119.2
22587.3
29437.8
19911.6
15251.7
-4296.59
1496.36
1607.45
3975.66
1190.67
5054.55
-4096.48
-4052.69
5048.17
827.606
-666.036
-4146.41
803.569
3920.25
-4081.81
2201.79
3159.26
4952.22
4712.55
-4626.51
4045.47
-3456.23
8082.93
14703
11287.9
-931.701
7807.17
7696.66
4654.12
-603.147
-6068.36
1110.15
-4771.13
4755.07
-545.765
4778.89
-4771.09
-558.527
973.545
4672.15
-6120.32
-615.592
4721.76
-539.802
-4753.3
1007.64
4630.43
-5997.71
-603.971
4595.32
-5914.5
-607.12
1114.32
4682.77
-4718.77
-546.612
-3393.11
611.775
-750.857
5118.62
502.902
4289.78
-3414.55
-3490.59
4273.45
515.89
885.483
-3478.6
623.661
5122.93
-3363.14
491.845
801.827
4299.97
594.148
-3328.6
5113.2
-3284.13
5097.21
573.139
-811.83
-3319.82
472.098
4306.47
4193.99
-644.771
-4276.06
1000.14
-5151.59
4153.76
-699.947
4057.97
-5027.68
-716.951
1082.25
4091.87
-4193.21
-668.048
4240.32
-680.453
-5272.29
1105.4
4288.06
-4349.35
-628.392
4373.02
-4424
-608.773
1020.66
4320.38
-5391.27
-667.033
-3059.08
303.231
254.567
4126.74
380.483
4771.66
-3031
-2983.09
4685.15
347.454
-1095.04
-3000.34
269.872
4068.13
-3079.08
414.349
-1022.88
4842.12
329.972
-3104.23
4179.51
-3150.14
4220.23
358.388
401.987
-3115.07
442.96
4908.28
)
;

boundaryField
{
    left
    {
        type            calculated;
        value           nonuniform List<scalar> 
290
(
-156.302
53757.4
-119.229
-131.387
-156.32
-210.131
-183.999
-210.178
98015.4
-21950.3
61439.8
-159.654
60619.9
683.751
-229.551
-244.7
-275.954
-553.478
-76.3273
146.454
458.98
-153.553
-154.124
-221.981
-227.146
-209.547
-242.397
-237.966
-252.79
-244.132
-208.262
-237.096
-220.978
20346.5
35500.4
451.951
-631.513
-287.119
43575.5
-3500.5
1466.94
-148.67
-2374.37
33626.6
-197.985
-209.427
-235.433
-289.852
-183.612
-16.9075
6057.23
5357.6
41.074
104.276
-49.2095
-146.051
8.90472
32.0774
-16.6431
-14.9759
-155.579
-178.438
-179.963
-210.14
-241.589
-241.11
-226.513
-236.387
-198.311
-240.762
-177.42
-4749.32
70662.4
-100.353
-204.108
-216.016
54393.1
24534.5
16838.1
43842.5
32794.6
8457.76
-187.393
-191.667
-232.15
-215.502
-212.049
-229.321
-220.367
-235.92
-333.008
-299.076
-253.108
-424.2
-448.248
-581.759
-162.615
-395.052
-409.515
785.939
2794.71
2746.54
-39.0868
155.352
507.742
-9.78231
1.43636
-149.152
-155.588
-14.2641
-11.8281
-223.408
-205.176
-203.687
-209.228
-207.028
-225.147
-181.874
-184.297
-242.739
-242.199
-210.068
-240.678
-249.545
-250.8
-247.526
-248.396
-239.162
-246.83
-249.356
-247.508
-251.661
-251.213
-245.318
-205.007
-240.927
-242.675
-246.861
-202.651
7377.08
49668.8
-17.0326
-382.18
-71.9486
-665.684
-629.807
-605.565
-267.04
-319.571
-352.351
45002.2
45866
52649.7
-3493.28
3906.15
4545.15
16730.6
2930.84
-1647.14
-415.765
3091.13
3035.1
3827.36
3810.27
-1288.39
22596.1
35848.1
41628.2
-156.739
-109.265
-109.03
21207.8
4940.25
17610.7
-53.7263
-40.2672
-110.062
-136.863
-65.7813
-59.6413
-108.883
-108.759
-156.185
109283
102439
83609.1
194.264
232.267
-1953.25
21.2388
100.707
309.662
-102.994
-100.5
-152.531
-155.099
-106.108
-104.764
-109.484
-156.797
-15.77
-51.6323
-51.5708
-51.5822
-16.0054
4355.02
10948.7
3112.32
10374.8
2040.92
2475.15
17317.8
53.2386
0.387868
-7.38449
34.8182
11.5563
72.9322
-84.7687
-27.7659
5.64107
-83.979
-72.9742
-143.559
19.3942
-21.0502
-28.3201
-12.1796
-15.7416
27.4415
-15.1833
-50.8405
-51.3695
-49.786
-50.2634
-14.459
-156.23
-108.499
-107.991
-19054.5
-12842.2
-38187.9
113771
1169.58
329.181
351.673
1264.98
525.288
1619.39
-2101.67
718.494
-1070.31
16.8157
94.8854
-28.0872
234.631
101.816
52.6591
266.041
125.184
334.538
-6.42989
-42.1993
-44.7402
-34.2749
-38.8033
-2.7554
-151.078
-96.9611
-91.3888
-107.532
-107.056
-155.283
-12.6193
-48.4815
-49.189
-46.589
-47.6545
-12.0092
14478.2
20555
-1573
1006.57
65533.4
79833.9
38661.1
48584.6
78761.9
90885.3
76799.5
)
;
    }
    bottom
    {
        type            calculated;
        value           nonuniform List<scalar> 0();
    }
    interface
    {
        type            calculated;
        value           nonuniform List<scalar> 
2123
(
637.741
500.232
581.55
2608.75
49287.1
635.278
582.262
2628.94
2600.71
2299.34
2591.62
496.552
2278.2
743.768
826.869
540.653
546.323
1741.06
1956.89
610.601
607.885
2662.51
2660.63
2461.13
2482.37
-33.4446
672.086
-2.06181
22.1447
130.057
407.375
4849.62
511.864
560.542
-6.17263
-13.6588
-32.8083
-29.399
2475.53
347.791
616.774
585.831
2655.06
2626.48
2371.46
2543.3
689.182
289.254
49.8083
2820.89
516.353
2045.2
514.761
556.875
-23.5521
-16.6425
-25.7322
-28.2022
2435.84
11349.4
616.447
587.649
2661.26
2635.37
2394.74
2530.44
-151.335
-203.699
-204.449
-150.539
639.655
-102.547
-173.443
-118.92
-159.422
319.085
21826.8
424.191
5776.11
423.319
498.43
566.072
-131.257
-180.031
-123.383
-187.215
-151.027
-203.536
-150.502
-204.215
-724.572
-8.07102
-13.7329
-705.344
2568.98
8723.61
-707.46
-6.98542
-16.5681
-693.867
29332
72077.6
618.205
575.706
-699.645
-5.97238
-696.648
-638.747
-626.593
2634.78
2603.84
-698.882
-7.22288
-690.113
-727.103
-720.411
-631.09
-38.3349
-623.908
-632.505
3.40573
-9.15525
-621.244
2318.67
2569.2
-784.028
-777.192
-739.134
-724.674
-85.5744
-623.288
-780.635
710.713
-131.834
455.746
284.3
-356.477
761.09
152.947
-306.683
-151.789
-275.123
522.653
542.855
-145.512
-200.878
-146.272
-201.279
-148.994
-202.13
-147.551
-202.765
-771.609
-776.946
-755.003
79.5309
-651.861
2213.52
1138.8
-731.11
-25.8551
-739.182
-762.827
-744.133
605.087
591.844
-665.801
-650.204
-653.338
-7.56039
-647.157
2657.79
2644.81
-704.393
-40.6177
-696.013
-710.244
-698.125
-626.343
-616.942
-625.753
-615.958
2432.24
2492.23
-766.104
-107.616
-123.741
-753.055
-757.719
-750.286
-222.872
-176.964
-216.876
-170.474
-46.7639
-356.489
-68.2785
-365.31
-151.885
-205.165
-72.0384
-31.8623
-31.509
645.857
-24.3255
3.51383
-100.042
-99.6738
-157.68
-48.8948
-18.0428
8.57611
15413.2
5815.11
-1912.57
-11500.6
42.0059
190.453
161.295
7147.65
494.819
558.968
-182.341
-183.042
-182.729
-182.587
-282.655
-249.094
-249.227
-282.514
-48.155
-7.69751
-135.526
-194.664
-193.219
-138.238
-51.4676
-9.80354
-71.1928
-30.0164
-150.959
-203.658
-204.337
-149.869
-70.4742
-28.5169
-184.825
-184.711
-184.108
-185.004
-286.457
-223.574
-248.339
-248.704
-283.194
-249.697
-283.31
-249.409
-731.394
-731.814
-86.1656
-227.597
-134.945
-299.939
-560.809
-517.866
-530.576
-546.837
-908.829
15332.2
-591.894
2536.63
177.841
-640.075
-712.894
-17.7956
-27.6174
-702.13
-24053.5
-27181.6
-30333.3
-17630
-10196.8
-10402.1
-10239.3
-11888.6
7779.57
-639.478
60858.6
614.492
573.58
-611.733
-692.318
-673.126
-397.441
-366.199
-372.119
-390.327
-494.205
-477.631
-506.106
-467.478
-642.237
-1.75965
-12.6309
-632.933
2643.78
2611.19
-638.041
-699.104
-23.7109
-27.2664
-687.418
-7832.31
-8375.21
-9131.2
-8483.57
-8855.45
-10088.4
-8458
-8964.79
-724.039
-706.811
-674.233
-633.035
-617.208
-527.383
-369.624
-350.461
-345.238
-375.21
-533.316
-629.533
-12.0436
-616.63
-325.079
-297.143
-299.776
-322.141
2339.97
2554.59
-717.278
-781.117
-128.758
-146.513
-763.725
-727.203
-8622.21
-9156.66
-7986.35
-8439.59
-742.969
-92.2633
-734.697
-678.484
-8173.69
-8362.7
-8690.9
-9022.53
-525.813
-188.83
-194.653
-189.633
-195.786
-249.525
-212.901
-208.996
-257.378
-223.803
-237.867
-228.888
-232.509
-118.845
-385.368
-379.316
-109.475
-565.035
689.234
-521.306
496.93
-618.204
327.179
-623.08
331.021
699.841
36.1794
-158.748
-79.3181
-56.6075
35.189
164.927
241.428
74.9927
99.5641
803.603
-80.9582
6094.93
-27.0025
-219.432
175.25
791.67
239.655
216.107
1115.05
514.108
543.476
-215.414
-225.809
-225.284
-216.192
-265.644
-258.986
-257.806
-266.483
-143.826
-197.932
-140.9
-199.426
-62.8118
-19.9074
-60.5159
-17.3621
-149.989
-203.277
-149.566
-204.08
-67.8634
-25.064
-68.5268
-25.5385
-69.3908
-187.783
-187.922
-187.679
-187.781
-218.666
-227.072
-217.587
-228.529
-221.277
-231.257
-221.805
-230.917
-282.757
-229.008
-283.377
-235.575
-280.551
-251.972
-246.264
-287.438
-267.652
-269.424
-261.096
-275.324
-267.601
-259.97
-267.328
-260.202
-285.356
-249.543
-251.13
-283.801
-270.427
-263.025
-263.26
-269.935
-705.973
-684.544
-703.138
-688.145
-761.096
20.3458
-738.123
-755.534
-776.506
-755.011
-775.473
-66.0075
-465.035
-54.0895
-421.695
-579.886
-474.785
-172.482
167.975
-625.811
585.33
-635.344
529.606
381.098
-3648.63
-650.846
15142.1
-665.738
-636.712
-635.99
-668.1
9653.42
5103.55
2078.36
12358.3
-704.136
-1364.22
-691.281
77.9379
-625.717
-626.1
-643.945
-608.875
-613.92
-600.238
-585.494
-629.577
-675.776
-712.325
-692.262
-694.453
9154.53
8841.12
85.627
-610.057
-588.452
612.604
-444.538
-590.349
11524.1
4833.63
5821.02
13484.9
-207.772
-712.776
-1011.12
-753.845
2250.77
3885.06
-644.399
-636.707
-637.134
-643.338
-723.384
-706.991
-649.732
-638.133
-628.719
-629.593
-637.041
-22098.3
-21575.9
-19653.7
-26138.7
-511.602
-502.088
-528.368
-487.426
-9304.21
-552.572
-6747.61
-542.741
-3717.98
-582.594
-583.768
-2334.52
-13363
-15989.9
-14028
-13737.3
-3916.95
-577.661
-578.056
-5775.85
-741.795
-683.685
-6.24404
6002
9727.34
376.254
19034.4
-603.158
-603.195
-615.196
-593.482
603.174
585.668
-638.697
-647.498
-654.044
-631.823
-601.359
-670.666
0.26309
-665.143
-609.856
-590.435
-601.996
-598.745
-418.13
-400.184
-426.297
-392.714
-456.4
-468.987
-476.338
-449.269
-475.984
-503.612
-484.483
-494.978
-552.796
-585.63
-566.873
-570.557
-461.59
-427.177
-452.846
-434.264
-519.975
-527.607
-538.703
-509.614
-650.657
-636.278
-576.051
-551.134
-534.079
-540.546
-544.88
-566.878
-566.402
-575.432
-557.415
2654.98
2638.22
-645.275
-640.236
-646.121
-639.522
-702.365
-689.792
-647.805
-651.18
-647.222
-645.027
-653.205
-8362.27
-9149.83
-7721.85
-8335.72
-4371.79
-1307.82
-822.775
-3698.69
-2981.5
-594.793
-3714.1
-596.26
-1958.86
-583.991
-3010.92
-583.981
-7822.39
-8442.93
-8393.33
-9367.53
-3158.48
-589.173
-588.293
-2315.1
-713.164
-704.212
-56.204
-673.02
-669.056
-665.955
-676.128
-663.635
-655.379
-661.855
-657.158
-524.749
-627.082
-617.18
-505.532
-488.464
-489.954
-503.999
-507.327
-496.128
-509.942
-492.88
-426.925
-453.281
-432.891
-447.246
-354.434
-326.027
-329.445
-350.226
-413.47
-430.336
-434.888
-409.068
-626.351
-615
-527.427
-528.144
-522.299
-534.095
-516.189
-519.634
-503.229
-516.279
-506.802
-387.739
-408.729
-411.463
-384.937
-334.084
-313.052
-308.968
-338.318
-394.94
-421.253
-417.524
-398.906
2411.24
2507.48
-769.26
-125.684
-760.931
-129.734
-713.823
-704.15
-702.573
-715.627
-707.671
-696.346
-706.265
-697.43
-4337.27
-1910.86
-4982.08
-2393.4
-8113.84
-8471.31
-8716.77
-9164.61
-5481.6
-3267.09
-2792.52
-4856.77
-692.182
-755.406
-737.512
-687.626
-677.472
-685.385
-679.541
-696.442
-689.782
-699.024
-687.422
-6100.3
-4413.75
-3989.63
-5498.98
-8744.8
-9121.95
-8180.2
-8450.86
-5242.24
-3481.44
-3931.58
-5855.17
-206.957
-268.551
-548.045
-168.731
-201.675
-290.516
-204.004
-201.997
-278.707
-181.755
-299.997
-292.266
-290.603
-682.898
-649.394
-565.785
-203.876
35980.6
-17749.3
-599.569
-555.469
60623.2
-630.12
-211.462
-640.391
-20279.4
-3606.66
-9508.32
-8789.45
-566.228
-638.192
-421.839
-402.894
-500.86
-540.085
-555.799
-546.249
-636.524
-6699.94
-7657.45
-7706.87
-7459.9
-662.224
-523.57
-381.446
-397.488
-540.616
-345.6
-338.558
-7828.24
-6928.03
-688.559
-7330.97
-7949.18
-221.605
-208.266
-214.069
-308.419
-275.193
-235.776
-229.064
-242.948
-215.797
-254.64
-554.867
-176.855
-175.733
-602.047
44.9281
-641.228
32.9756
-669.156
106.541
-650.625
-236.928
-209.116
-250.39
-270.245
-205.436
-209.709
-211.703
-237.496
-209.527
-239.636
-213.357
-244.522
-217.045
-240.763
-259.283
-309.639
-247.414
-305.204
-296.818
-192.06
-190.104
-292.432
-279.936
-256.221
-266.435
-272.574
-272.665
-251.119
-270.492
-253.126
-291.755
-295.591
-272.193
-257.659
-254.027
-275.974
-617.352
-649.787
-689.167
-582.594
-694.136
799.748
-631.754
73.4513
-711.108
-676.637
-606.252
-181.929
-608.269
-166.236
142.293
-631.844
310.702
-668.433
109.205
-641.64
-693.473
1547.88
6369.67
-691.218
40957.6
-1271.23
51873.2
-19323.6
11834.6
4288.85
-78.4905
15698.6
-729.281
1175.95
1437.29
-836.027
-623.279
-628.241
-668.985
-579.985
-617.938
-668.317
-642.34
-740.206
-690.065
-693.878
4182.59
-800.49
-297.402
23440.9
1256.86
59921.4
-10763.6
51169.3
-11805.2
21207.4
5383.53
3991.05
20172.3
-837.887
1298.64
2485.78
-839.782
-561.626
-616.7
-611.782
-565.047
-641.634
-562.452
-598.534
-613.018
-555.078
-20261.2
-15714.4
-12210.4
-475.998
-525.31
-452.204
-14739.2
-573.865
-10800.6
-540.664
-6910.86
-596.565
-592.553
-5156
-11272.8
-13517.8
-7211.71
-579.411
-593.242
-10166.5
-596.726
-655.042
-495.185
14140.8
-538.296
50517.3
-511.923
-591.049
-549.849
-553.495
-538.989
-631.121
-567.347
-596.828
-582.062
-527.38
-556.058
-581.948
-505.799
-429.222
-452.106
-444.72
-479.514
-495.087
-426.806
-452.406
-523.372
-474.666
-503.126
-524.073
-609.68
-563.237
-573.912
-490.236
-460.862
-512.617
-533.213
-560.176
-483.525
-561.214
-475.29
-503.302
-517.472
-463.19
-481.604
-545.412
-497.781
-525.871
-567.391
-614.584
-562.496
-618.876
-640.227
-568.629
-626.825
-619.533
-576.791
-7481.24
-6543.43
-5328.89
-622.986
-615.8
-5181.99
-4756.79
-607.096
-4935.44
-613.858
-4407.22
-595.254
-5272.79
-598.625
-6666.32
-7416.1
-4791.63
-605.692
-599.381
-4416.74
-658.783
-650.339
-590.619
-646.415
-638.197
-600.987
-588.133
-628.261
-578.477
-636.095
-526.361
-431.343
-456.981
-458.527
-432.176
-433.928
-467.029
-436.801
-461.546
-404.771
-472.477
-420.355
-459.607
-376.335
-363.484
-399.533
-444.577
-454.26
-387.098
-530.466
-448.049
-496.301
-456.722
-484.624
-444.045
-471.06
-438.605
-479.185
-370.145
-427.841
-431.273
-363.461
-349.127
-359.577
-373.648
-440.788
-434.228
-383.038
-714.075
-706.113
-638.322
-1337.4
-671.584
-645.153
-635.92
-665.371
-628.336
-670.203
-5580.36
-625.013
-5762.65
-990.609
-7131.39
-7945.47
-6145.5
-2292.44
-633.878
-5901.17
-703.212
-614.37
-648.672
-604.263
-656.138
-617.199
-664.044
-626.295
-658.075
-6635.09
-3903.96
-2742.92
-6260.75
-7988.95
-7270.81
-6132.14
-1813.2
-3243.97
-6440.04
-454.455
-430.136
-32.334
59463.8
14564.7
-16.0137
0.505032
-9.1529
-21.7656
-64.9033
-69.7601
-142.224
-146.724
-68.8134
-31.2002
-145.977
30.3232
24.5608
1175.65
-14.1595
-27.8561
-10.6263
-17.1124
-3.42154
56.4597
19.2167
4.36952
-5.40088
4.02987
-34.7301
-36.7105
-51.0738
-104.258
-109.154
-184.976
-236.222
-255.627
-187.301
-196.594
-264.638
-522.901
-107.855
-145.714
-483.012
-346.621
-131.842
-195.202
-195.5
-72.1562
5.39503
-10.636
-36.7653
-142.341
-103.757
14.3968
21472.5
375.415
1906.97
123.852
-28.3452
-41.6545
-4.61143
-200.429
-184.363
-201.041
-183.408
-289.852
-249.628
-289.628
-283.328
-42.1992
-176.348
-54.8595
-195.017
-71.9626
-194.861
-195.243
-70.0741
-203.452
-185.871
-184.462
-202.511
-183.611
-186.241
-270.991
-297.491
-168.983
-240.42
-239.12
-186.541
-258.154
-285.52
-290.981
-284.381
-249.417
-195.376
-290.796
-283.159
-250.171
-898.974
-670.859
-918.84
-661.264
-888.72
-877.324
-385.989
-93.7999
-161.742
-188.402
-184.454
-117.825
-343.902
-194.488
-654.632
35675.9
-9337.43
43049.6
-579.386
-582.625
-505.451
-550.607
-567.36
-535.121
-602.526
41541
-394.031
-169.311
-112.92
-185.615
-642.288
-866.964
-869.397
-866.039
-640.18
-867.388
-25215.6
-16062.8
-29298.3
-31552.2
-9125.22
-17551.8
-9818.62
-11511.3
-10799.3
-8284.15
-9141.41
-11732.8
6365.51
12082.2
1760.9
30085.5
27418.4
65166
-3.63709
-14.3496
-845.794
-620.542
-838.734
-630.36
-855.623
-868.126
-403.632
-415.464
-361.329
-378.606
-408.278
-385.417
-512.745
-481.259
-492.683
-525.337
-520.943
-454.3
-779.137
-554.568
-784.087
-549.525
-776.127
-776.859
-54.1666
-69.0269
-638.333
-855.872
-856.238
-857.758
-638.047
-862.593
-8415.66
-7562.03
-9141.67
-8344.97
-6812.92
-7911.38
-6945.22
-8044.21
-9524.41
-8115.6
-9391.07
-9634.79
-666.745
-881.031
-878.816
-886.547
-670.652
-893.325
-758.409
-527.459
-757.291
-526.19
-759.145
-764.615
-363.222
-386.728
-356.23
-339.136
-392.451
-379.887
-763.676
-536.262
-763.745
-540.691
-768.722
-772.519
-326.443
-343.707
-294.585
-302.084
-340.557
-318.946
-88.8136
-721.371
-939.681
-937.161
-944.453
-724.504
-950.698
-7033.67
-8056.98
-8408.03
-7746.84
-8555.71
-9162.6
-685.878
-901.499
-906.52
-898.362
-681.989
-898.5
-7977.92
-8730.2
-8936.08
-7329.13
-8138.88
-8412.91
-764.22
-204.859
-209.179
-189.458
-201.765
-214.19
-188.685
-243.517
-220.566
-289.758
-218.288
-203.052
-284.073
-227.626
-267.979
-216.728
-235.548
-232.472
-248.535
-221.631
-223.325
-244.43
-242.108
-117.984
-579.875
-178.731
-436.552
-353.24
-180.054
-588.366
-93.726
159.906
-595.226
-834.301
156.582
348.755
-795.038
43.9979
-608.821
394.512
-658.398
64.8594
-633.657
311.887
-656.728
16.7923
812.786
-333.918
-111.986
-59.3872
15.2433
9576.25
77.1935
-27.2687
-32.6857
-5.40881
-18.2314
-208.185
-236.753
-226.003
-235.959
-208.704
-216.618
-269.968
-250.437
-259.174
-249.602
-269.577
-266.863
-65.0774
-189.11
-58.0196
-194.077
-67.0067
-194.345
-206.218
-186.751
-191.417
-206.677
-191.286
-186.765
-211.341
-218.966
-226.581
-238.043
-210.092
-217.037
-228.795
-239.089
-213.959
-220.59
-233.616
-241.88
-214.345
-224.565
-230.391
-241.773
-258.527
-284.4
-227.608
-322.385
-252.171
-276.372
-232.563
-307.304
-287.367
-289.862
-193.091
-249.17
-250.892
-296.586
-283.899
-277.514
-269.96
-261.334
-264.126
-273.277
-254.742
-277.648
-270.943
-271.424
-268.466
-259.658
-251.464
-270.917
-267.304
-261.106
-252.576
-283.728
-293.631
-193.838
-251.982
-249.46
-195.256
-292.025
-286.917
-268.489
-274.292
-255.1
-266.135
-261.316
-255.232
-272.391
-272.936
-719.266
-606.453
-658.367
-675.743
-717.107
-677.067
-593.793
-680.305
-710.988
-953.778
-933.904
-961.364
-526.918
-987.916
-740.927
-648.209
-746.834
-793.617
-740.349
-724.59
-659.703
344.805
-606.506
-23.2305
-430.62
-171.271
-611.04
-93.9315
-407.56
-178.74
139.363
-619.398
348.035
-50.3173
416.288
-581.051
177.728
-619.946
378.212
-667.447
209.978
-635.95
859.65
-652.521
1757.34
2539.15
3270.78
-674.567
1359.77
4849.6
-407.339
2923.71
-644.283
-631.164
-688.195
-673.998
43573.3
-17064.1
46754.2
-8405.82
8073.1
12984.7
3905.84
4537.66
1354.65
1442.23
17606.8
12730.4
2788.22
-778.204
1233.5
-709.825
-676.392
1188.91
-798.994
-743.211
-641.091
-606.958
-637.946
-616.486
-657.836
-655.986
-590.994
-597.806
-597.791
-633.598
-620.039
-568.862
-650.409
-648.617
-660.721
-657.587
-724.577
-729.342
-678.041
-703.946
-675.264
-712
7316.38
14639.6
4927.8
4675.77
906.05
1256.23
-679.884
3526.89
1466.96
-457.775
11573.7
-4665.84
-667.991
-65.2416
54189.2
-7374.18
56527.5
-17299.5
16738.7
20980.3
5215.24
6311.27
1646.68
5455.62
15720.9
13835.6
1988.79
-843.057
1611.09
-1655.18
-681.068
1662.47
-861.695
-750.845
-30.1514
-33.6371
-49.7552
-641.265
-565.706
-613.699
-641.164
-634.196
-615.264
-563.886
-647.787
-873.571
-644.511
-868.386
-646.017
-883.306
-903.422
-642.678
-561.167
-607.028
-622.462
-634.743
-608.05
-558.636
-633.702
-19458.5
-25332.6
-19687
-16327.6
-17095
-29247
-4466.61
-7256.51
-509.734
-468.595
-518.224
-525.16
-475.75
-462.64
-13726.5
-7802.91
-564.568
-561.931
-12202.7
-6957.57
-533.732
-551.333
-2943
-6000.12
-594.558
-583.994
-581.05
-595.596
-5913.31
-3220.15
-11223.4
-11736.1
-16841.7
-13306.8
-16049.6
-13497.4
-4502.33
-8323.36
-587.567
-570.237
-582.075
-588.607
-8945.03
-5230.11
-899.318
-632.171
-838.821
-648.126
-931.281
-939.882
-562.611
3951.99
3959.21
27145.6
-558.807
-532.395
19419.5
38923.3
-532.307
-581.946
-620.535
-577.805
-541.622
-629.905
-574.533
-566.892
-9.09659
-2.39106
-10.1591
-547.654
-632.452
-658.511
-620.695
-559.367
-664.254
-624.963
-604.8
-596.118
-819.917
-829.543
-814.713
-589.161
-810.25
-617.811
-521.647
-562.742
-584.762
-610.296
-574.445
-512.822
-593.79
-436.113
-410.555
-409.204
-444.375
-434.349
-385.114
-462.131
-439.091
-483.1
-465.148
-481.481
-490.14
-431.603
-444.991
-459.05
-469.92
-510.404
-516.71
-467.407
-491.954
-489.468
-508.282
-535.55
-542.036
-598.126
-597.928
-549.094
-580.538
-560.704
-582.908
-479.85
-472.016
-416.501
-470.417
-442.22
-445.892
-529.861
-502.819
-540.446
-519.688
-547.586
-551.598
-492.61
-501.115
-566.551
-791.179
-788.36
-796.278
-571.368
-805.51
-555.621
-473.206
-506.297
-532.506
-545.404
-513.301
-467.632
-543.836
-487.211
-563.454
-573.739
-539.382
-493.413
-582.553
-553.499
-530.644
-27.0949
-41.3176
-51.6333
-566.349
-648.775
-639.061
-616.606
-566
-644.935
-642.866
-616.314
-857.375
-642.926
-858.957
-645.536
-861.409
-866.182
-649.071
-572.644
-623.482
-651.654
-643.339
-622.106
-574.232
-657.98
-6600.97
-7764.38
-8357.19
-7422.82
-8346.55
-9126.59
-3342.56
-4970.45
-620.646
-1394.3
-685.173
-618.441
-5549.39
-4686.32
-5120.85
-4041.49
-592.293
-609.769
-4564.81
-2627.75
-598.244
-611.356
-4925.13
-3007.25
-582.68
-596.906
-4656.53
-2023.15
-585.302
-596.789
-7493.96
-8545.26
-9219.14
-6549.48
-7731.55
-8626.07
-2075.22
-4350.96
-603.158
-591.403
-585.846
-601.864
-4815.18
-3407.5
-870.252
-656.417
-874.769
-653.512
-868.156
-869.245
-670.537
-595.241
-643.267
-673.357
-663.809
-640.881
-598.054
-680.871
-585.52
-668.391
-653.339
-630.993
-582.774
-659.593
-661.56
-632.796
-755.064
-525.659
-757.007
-526.327
-756.08
-760.218
-505.765
-434.55
-456.161
-490.524
-490.805
-458.039
-432.767
-506.29
-435.246
-508.647
-498.716
-465.426
-436.501
-512.928
-493.564
-461.962
-409.5
-423.09
-457.953
-468.132
-415.392
-438.179
-443.983
-462.368
-358.138
-372.085
-321.088
-334.573
-367.816
-344.975
-417.768
-395.541
-446.493
-427.816
-438.549
-450.909
-390.79
-406.16
-758.081
-530.266
-761.456
-528.785
-758.59
-760.699
-451.334
-527.572
-526.257
-492.954
-455.735
-537.594
-515.237
-486.86
-443.618
-522.321
-503.071
-472.576
-440.624
-516.648
-509.912
-476.774
-389.835
-368.385
-427.659
-408.122
-412.916
-429.947
-365.07
-384.173
-329.79
-352.322
-317.026
-305.145
-356.407
-341.067
-393.285
-376.196
-438.428
-423.708
-416.218
-434.959
-380.233
-402.007
-92.7584
-108.095
-711.783
-928.602
-933.442
-926.581
-708.96
-927.165
-712.571
-641.759
-1109.77
-706.845
-702.002
-791.145
-643.627
-718.861
-634.563
-711.023
-695.242
-667.006
-631.91
-704.828
-700.568
-668.352
-5966.31
-5245.38
-1878.5
-627.569
-5390.76
-4028.36
-2380.47
-629.298
-7892.98
-8676.21
-9148.26
-7210.32
-8157
-8458.93
-4612.65
-5755.72
-1220.4
-3162.14
-2858
-1690.45
-6305.84
-5681.96
-696.524
-912.909
-910.563
-917.791
-700.042
-923.974
-611.811
-692.376
-675.79
-650.991
-608.501
-683.474
-683.673
-653.266
-621.311
-694.295
-693.357
-661.732
-623.847
-703.082
-685.864
-660.07
-5386.89
-6212.9
-3091.64
-4182.96
-4194.91
-3604.17
-6694.92
-6176.48
-7309.58
-8186.56
-8467.97
-7976.82
-8740.97
-9076.35
-5993.89
-6554.24
-2805.43
-3621.67
-3757.94
-2313.4
-6031.06
-5064.04
-488.819
-504.573
)
;
    }
    procBoundary2to0
    {
        type            processor;
        value           nonuniform List<scalar> 
47
(
-208.223
-217.276
-232.026
-170.126
-26.1008
-175.987
-175.987
-175.987
-208.223
-208.223
-208.223
-232.232
-232.232
-232.232
-199.814
-217.276
-217.276
-199.814
-199.814
-241.42
-232.026
-232.026
-241.42
-241.42
-116.924
-53.4582
-165.209
-107.994
-53.4582
-53.4582
-63.8605
-184.046
-197.455
-175.767
-274.092
-289.517
-193.165
-193.165
-249.129
-214.515
-210.92
-228.093
-235.396
-269.519
-275.096
-258.366
-251.888
)
;
    }
    procBoundary2to3
    {
        type            processor;
        value           nonuniform List<scalar> 
328
(
-174.599
-174.599
-174.599
-203.93
-203.93
-203.93
-203.93
-24123.2
-9085.25
-8407.79
-142.51
-142.51
-142.51
-143.398
-143.398
-143.398
7396.45
3497.64
-55297.9
-50678.8
-37604.5
-4198.3
-14095.9
-13745.5
-8476.63
6395.96
3577.57
-8930.75
3650.48
7149.73
-3724.02
-12411.3
-11824
-3923.64
-12907.4
-13394.7
3539.65
6293.04
3151.76
-3695.52
-11832
-12396.1
-476.668
-151.441
-151.441
-151.441
-1338.36
1205.31
-170.856
-1084.41
374.873
-519.048
-13227.7
-9909.81
-8140.39
-8027.54
-148.56
-148.56
-148.56
4829.02
-6416.97
-1996.15
1802.63
-4772.71
17962.5
-13893.6
-1934.58
11589.9
-12193.6
-23916.2
-26910.4
-7940.07
-20680.7
-19558.4
-8643.27
3648.89
6681.13
-8699.32
6772.4
3667.05
-3757.05
-11842.2
-12475.7
-3757.94
-12551.1
-11919.2
5950.12
3417.62
3359.3
5826.97
-3569.14
-12275.5
-11791
-3512.72
-11742.4
-12199.1
-192.684
-162.583
-162.583
-162.583
-406.008
24.6881
-165.143
-212.696
-81.5579
14978.2
-17789.5
-9267.59
-8331.13
-7753.14
-141.908
-144.649
-144.649
-144.649
243238
26088.3
16132.7
-43567.8
-13739.1
35229.1
26088.3
3069.83
7885.65
-26191.5
-39607.7
-36743.4
-4752.73
-15057.8
-15196.6
-8536.2
3604.35
6491.16
-8837.12
6992.85
3679.32
-3742.08
-11813.5
-12420.3
-3810.16
-12957.7
-12388.5
6183.64
3507.55
3226.26
5557.69
-3660
-12370.9
-11829.8
-3383.92
-11584.9
-11983.9
-181.681
-155.701
-155.701
-155.701
342.967
-593.255
-289.065
15.2884
-433.805
3480.26
2410.3
-9852.08
-8243.8
-7899.11
-146.343
-146.343
-146.343
-55140.7
23363
-4483.99
-18338.1
8410.28
5118.39
46919.1
8921.23
1584.01
-18538.5
-35981.8
-30968.5
-5928.59
-16886
-17174.7
-8592.06
6589.28
3625.49
-8760.51
3681.01
6874.23
-3752
-12439.8
-11812.5
-3767.49
-12083.9
-12696.3
3466.8
6071.67
5694.47
3298.1
-3616.12
-11819.4
-12328.9
-3450.45
-12101.7
-11671.7
-110.46
-181.358
-150.858
-122.373
-257.198
-73.8264
24.6881
-406.008
-119.394
-121.026
-119.424
-121.064
-120.937
-121.028
-123.118
26088.3
243238
35229.1
3497.64
7396.45
7885.65
3069.83
-37604.5
-50678.8
-36743.4
-39607.7
-13745.5
-14095.9
-15196.6
-15057.8
3577.57
6395.96
6491.16
3604.35
7149.73
3650.48
3679.32
6992.85
-11824
-12411.3
-12420.3
-11813.5
-13394.7
-12907.4
-12388.5
-12957.7
6293.04
3539.65
3507.55
6183.64
3151.76
5557.69
3226.26
-12396.1
-11832
-11829.8
-12370.9
-11983.9
-11584.9
-131.084
-125.386
-125.06
-138.566
1205.31
-1338.36
-593.255
342.967
-123.84
-128.17
-124.227
-122.999
-6416.97
4829.02
23363
-55140.7
-13893.6
17962.5
46919.1
5118.39
11589.9
-1934.58
1584.01
8921.23
-26910.4
-23916.2
-30968.5
-35981.8
-19558.4
-20680.7
-17174.7
-16886
6681.13
3648.89
3625.49
6589.28
3667.05
6772.4
6874.23
3681.01
-12475.7
-11842.2
-11812.5
-12439.8
-11919.2
-12551.1
-12696.3
-12083.9
3417.62
5950.12
6071.67
3466.8
5826.97
3359.3
3298.1
5694.47
-11791
-12275.5
-12328.9
-11819.4
-12199.1
-11742.4
-11671.7
-12101.7
)
;
    }
    procBoundary2to6
    {
        type            processor;
        value           nonuniform List<scalar> 
65
(
-5880.34
-275.446
4098.51
128.83
5811.06
2103.49
-6644.89
-7194.14
5915.57
6114.83
-6644.89
-6644.89
-6585.76
1638.98
-5197.85
907.223
4052.64
3817.35
-46.4721
-5197.85
-6976.47
4052.64
3593.4
-5197.85
-5197.85
-5197.85
2858.19
3008.98
-1523.93
-2514.36
2173.58
-773.942
-2793.68
272.647
516.588
3253.9
-3668.14
-9692.71
-9028.14
-9035.76
5408.14
895.131
2992.38
3068.77
717.115
-2956.25
-5620.19
-1933.91
-1866.54
-5794.01
-5127.77
-7092.67
-7554.62
-186.913
4526.34
895.131
4248.56
219.005
3817.35
-2793.68
3726.89
-777.3
-4647.57
-2793.68
242.059
)
;
    }
    procBoundary2to7
    {
        type            processor;
        value           nonuniform List<scalar> 8(-7592.17 5397.03 -3311.6 -11836.9 -11468.8 5397.03 -11468.8 -11836.9);
    }
}


// ************************************************************************* //
