/*--------------------------------*- C++ -*----------------------------------*\
| =========                 |                                                 |
| \\      /  F ield         | OpenFOAM: The Open Source CFD Toolbox           |
|  \\    /   O peration     | Version:  2012                                  |
|   \\  /    A nd           | Website:  www.openfoam.com                      |
|    \\/     M anipulation  |                                                 |
\*---------------------------------------------------------------------------*/
FoamFile
{
    version     2.0;
    format      ascii;
    class       volScalarField;
    location    "0.107/solid";
    object      sigmaMid;
}
// * * * * * * * * * * * * * * * * * * * * * * * * * * * * * * * * * * * * * //

dimensions      [1 -1 -2 0 0 0 0];


internalField   nonuniform List<scalar> 
3125
(
-7312.45
-5397.77
-3627.62
-1664.61
-663.101
2164.97
-5638.21
-7131.68
1695.17
2138.52
1592.29
693.45
-1836.2
-3376.44
-386.965
546.941
-582.106
-522.164
-493.327
-573.331
-1103.23
-3560.09
-1350.1
-1423.74
-2801.74
-4647.66
-2469.82
-1526.62
-1436.34
-2092.18
-4391.88
-2422.73
-1053.91
-1104.03
-1394.98
-1229.22
-1168.67
-1210.67
-1125.76
-989.096
-1084.71
-1135.85
-602.076
-2.31364
-1349.68
-1668.38
-6323.67
-2848.32
-3168.32
-3517.5
-6537.86
-3213.04
-1542.37
-1652.46
-616.739
-728.448
1943.07
-211.983
-92.5075
-7.83391
2005.4
-78.0441
-848.45
-742.316
-1037.08
-966.813
-232.469
1242.56
-392.27
-861.038
-953.308
-596.356
1110.09
-416.258
-1341.83
-1281.5
-2439.48
-1429.12
-1695.83
-2046.09
-2660.11
-1737.46
-1220.15
-1274.51
-1043.54
-1086.07
-17.7902
-952.513
-817.867
-621.978
117.485
-794.5
-1097.59
-1088.48
-933.272
-1020.84
-966.415
-709.383
-999.571
-1094.04
-1036.64
-867.056
-715.713
-990.294
19791.7
-539.826
5532.86
6547.88
-1066.12
-5150.4
-1072.39
12483.3
10927.1
-1221.82
-3880.04
-1235.73
-804.772
-976.641
-1295.15
-1499.5
-1264.44
485.923
-129.538
-1099.2
-746.986
-1130.23
-11385.6
2609.76
19436.5
18317.7
-5872.59
-995.592
-979.077
-632.93
-6941.99
-673.96
12986.7
14444.2
-11309.7
-11046.7
1785.65
1401.26
1600.31
2497.68
2104.5
2318.07
-9416.34
-9910.99
-6002.16
-6709.62
1290.37
1483.67
1090.23
-9239.24
-8669.12
179.262
834.878
374.543
5199.38
4196.51
-2024.38
-1275.12
-1300.76
-1266.81
-3129.84
-1247.78
719.326
1483.74
-5765.39
-5042.95
-274.832
-788.653
-658.519
85.0251
402.588
-99.231
-2445.87
-3032.74
-818.336
-623.569
-441.551
-828.956
-843.255
-581.911
-939.983
-2264.88
-1774.96
-885.627
-621.139
-1022.46
10469
-1277.61
8204.75
6887.78
3460.49
-1379.42
4165.05
5103.56
-1391.14
4400.18
-1441.14
-2659.84
-1426.96
-4899.46
-1135.91
-1136.24
-2612.23
-1424.24
-1443.97
8759.22
10395
6938.97
-1485.06
6262.22
5337.02
-1472.54
6033.83
-1391.7
-2232.36
-1422.04
-4134.6
-1193.51
-1184.58
-2279.97
-1437.9
-1411.29
-806.004
-973.18
-812.136
-956.485
-967.988
-884.699
-1013.71
-985.484
-1264.55
-1294.26
-1223.58
-1351.81
-1236.3
-1275.28
-1261.75
-1168.54
-1216.94
-705.441
-298.677
-16.8895
-1179.4
-437.112
-823.323
-1168.48
-553.354
-1100.82
-950.175
-1002.77
-1036.28
-1233.09
-1152.24
-1016.1
-1152.99
-1054.87
-8342.79
1764.2
10276.8
-1725.26
9687.78
16692
17927.4
-1715.85
8872.79
9487.97
-6101.58
-878.31
-902.42
-1419.9
-2986.59
-1425.66
-1399.39
-3032.66
-1400.9
-1312.77
-3388.43
-1329.34
-6743.47
-795.76
-761.838
-3344.65
-1370.83
-1361.06
16262.2
14912.7
7160.69
-1586.06
7816.02
8665.76
-1602.88
8031.03
-8284.37
-665.395
-8084.37
-10608.2
-10948.3
-679.053
-7760.83
-8010.35
1868.21
1904.84
1712.4
900.735
-155.713
1061.31
1283.4
-138.541
1128.79
1701.41
-32.3851
1562.09
2059.01
2017.58
2205.85
-41.6042
1349.47
1497.47
-10483.4
-10065.3
-6905.5
-804.201
-7257.83
-7669.41
-788.011
-7367.36
-7615.96
-6943.14
-4516.07
-1009.44
-5007.48
-5639.62
-997.851
-5168.84
831.436
-297.615
667.628
1364.09
778.909
981.931
-319.662
431.532
598.374
-7836.92
-8469.8
-6779.92
-903.741
-6377.31
-5793.26
-914.701
-6236.59
-32.1973
-518.212
130.771
973.776
673.875
474.906
-492.225
362.913
196.962
3227.98
-1313.73
2537.14
2924.08
3873.71
-1305.43
1659.98
2312.73
-2223.56
-1298.18
-1274.47
-1266.06
-1538.08
-1302.84
-1338.29
-1577.1
-1301.98
-1399.12
-1909.28
-1365.2
-2890.21
-1265.52
-1286.2
-1864.84
-1335.47
-1369.86
2624.03
1758.03
142.191
-1242.96
669.687
1452.08
-1252.75
857.339
-4350.89
-1066.07
-3852.08
-4109.2
-4807.61
-1070.43
-3208.3
-3688.97
-152.524
-437.177
-590.774
-795.941
-901.23
-687.368
-510.593
-881.41
-640.385
-96.3249
-698.719
-251.343
257.382
-359.063
-186.281
-723.194
-456.529
-311.612
-3887.16
-3241.74
-2055.55
-1098.01
-2463.83
-3054.2
-1094.66
-2607.83
-1177.53
-912.043
-681.03
-884.311
-894.119
-1156
-937.725
-961.593
-833.842
-995.774
-912.172
-651.334
-1036.11
-979.918
-1001.73
-976.694
-938.236
-1281.89
-1636.64
-1929.07
-1081.09
-1585.33
-1231.64
-1073.01
-1486.7
-923.269
-869.899
-899.423
-792.46
-1052.86
-1030.51
-925.356
-984.808
-940.102
17988.5
18318.2
5519.4
5935.67
11765.2
11361.4
-396.316
-511.851
318.515
165.938
-1173.48
-1044.39
17658.5
17323.1
12165.2
12560.6
-1297.52
-1419.32
-2604.47
-2554.79
-2743.11
-2774.05
-2648.48
-2690.25
5111.68
4700.06
490.06
668.921
-2718.16
-2681.03
-1742.53
-1852.59
-691.335
-491.08
-472.808
-438.594
-499.069
-1635.77
-1524.08
-565.916
-686.994
-1000.45
-495.524
-743.962
-650.932
-574.373
5921.95
-854.861
4022.12
4216.35
6158.32
2149.09
-1768.8
-3602.52
2662.03
2741.21
-1766.69
2100.35
8449.78
8030.67
1308.67
-1360.78
419.123
501.755
1436.43
993.888
2192.14
-1412.5
911.648
2068.38
1068.48
-1731.93
1333.68
-2755.04
1256.47
1134.4
-1723.09
741.374
789.628
-2517.36
-1659.33
867.414
676.046
-1671.91
8873.55
9288.97
3163.6
1703.66
-1513.39
1613.2
3045
1078.77
2316.7
-1447.23
1167.61
2440.7
206.698
-1545.6
-2139.1
195.179
266.734
-1561.71
141.75
540.66
713.752
-2374.94
-1647.13
637.547
608.721
-1633.53
-547.821
-585.211
-1084.52
-891.083
-664.995
-768.744
-978.906
-941.666
-1059.81
-1080.99
-943.51
-1077.55
-859.425
-1262.67
-810.628
-1359.42
-851.657
-823.144
-1244
-987.477
-990.787
-1200.01
-1135.7
-981.126
-997.991
-1155.8
-472.92
-415.619
-606.938
-721.17
-1201.39
-765.624
-689.387
-937.13
-1031.85
-1141.21
-919.244
-994.238
-812.388
-991.483
-855.457
-753.297
-809.201
-837.054
-788.787
-1002.96
-994.243
-1102.06
-1112.76
-994.646
-1003.73
-1087.07
-5043.22
-584.93
-1217.97
-5047.59
-1185.82
-1619.02
1406.7
3.4403
552.301
1444.94
606.276
-1630.36
5691.08
3834.08
-1577.37
3654.38
5468.26
15221.9
15585.8
2702.34
-1684.69
4329.97
2843.6
4492.93
1257.61
-1738.93
1412.11
-2894.67
1196.5
1490.55
-1746.52
1559.56
1959.47
-1773.4
-3122.94
1618.15
1882.79
-1769.87
1998.68
-1771.98
2585.58
-3474.16
2051.83
2508.79
-1773.45
1730.31
2038.86
-3257.17
-1774.52
2117.07
1674.52
-1776.27
14856
14481.1
3282.45
1799.31
-1555.92
1898.92
3402.85
2568.94
4179.8
-1634.18
2447.67
4039.17
-5035.87
-1246.93
-631.806
-5025.54
-1273.38
-2050
-1958.71
-1405.18
-710.643
-4903.4
-4930.71
-1386.42
-1659.2
699.474
-191.783
-187.346
748.919
-147.855
-1655.32
-1674.32
107.005
1030.36
-106.066
986.042
-1675.86
62.593
-1645.69
1368.02
498.793
-14.1768
-1639.74
1330.01
447.611
-1670.45
152.635
-64.4095
1076.04
1120.7
200.69
-1673.41
-2139.85
-2219.99
-4562.55
-831.383
-1493.18
-4615.07
-1487.93
-1421.11
-4872.5
-756.966
-4837.23
-1437.32
-2826.17
-2829.28
-3323.42
-1026.57
-1393.75
-3416.15
-1407.67
-1476.16
-3939.5
-975.362
-3856.24
-1466.7
-1638.52
649.497
-253.02
-226.127
601.09
-1649
-261.974
-1584.21
-461.042
-367.096
292.638
344.576
-429.587
-1572.88
-2823.37
-2810.65
-4505.27
-874.783
-1498.93
-4443.85
-1500.54
-1482.72
-4020.03
-939.605
-4096.16
-1489.94
-1458.45
-118.088
-569.815
-670.21
-67.2686
-645.507
-1442.07
-1542.41
-491.296
-440.868
241.345
190.518
-518.244
-1558.51
1181.95
340.624
-1331.4
263.028
1056.25
2449.79
2790.81
-181.095
-1290.28
321.619
-109.218
439.78
-732.808
-1279.18
-765.469
-1464.22
-776.607
-718.481
-1296.44
-477.317
-398.828
-1396.68
-1654.97
-419.307
-456.091
-1379.58
9.04527
-1529.95
123.725
-1999.67
74.7995
52.8974
-1512.93
-303.665
-338.813
-1778.91
-1413.3
-278.14
-362.085
-1429.97
2135.18
1830.73
-518.535
-667.546
-1227.73
-610.492
-424.628
-247.836
207.2
-1266.88
-310.91
94.7466
-3228.98
-1377.7
-1050.47
-3132.75
-1359.76
-2391.72
-2453.81
-1253.29
-1079.48
-2556.65
-2650.71
-1270.04
-1144.56
-803.769
-935.631
-902.458
-771.053
-894.129
-1125.74
-1244.69
-830.848
-542.2
-838.945
-583.529
-1266.33
-843.901
-1402.29
-168.415
-691.132
-647.171
-1422.46
-217.293
-709.434
-1304.02
-816.788
-770.631
-498.19
-453.314
-798.842
-1285.09
-2337.83
-2265.92
-1836.27
-1095.65
-1093.55
-1919.44
-1116.98
-1233.86
-2463.2
-1089.73
-2368.63
-1217.21
-801.885
-725.854
-1030.54
-795.449
-559.841
-889.529
-646.134
-902.206
-1219.29
-998.676
-1166.03
-876.894
-1084.68
-833.623
-978.339
-906.746
-861.267
-1102.12
-908.416
-988.324
-906.436
-1003.12
-956.568
-950.345
-910.053
-967.551
-900.174
-983.045
-1753.87
-1090.41
-1071.48
-1673.93
-1050.63
-927.139
-1275.12
-1050.67
-1332.24
-947.64
-679.301
-868.841
-768.979
-667.061
-749.414
-679.862
-670.31
-918.46
-896.879
-977.223
-956.938
-952.067
-881.796
-944.554
25532.3
20139.3
25794.7
1779.64
2876.57
2986.75
1959.23
6766.33
6353.68
10597.3
5873.85
11204.9
12398.1
6214.35
11807.8
1183.08
1290.11
1020.44
1296.21
918.128
1141.79
1125.46
1071.51
10539.9
10954.8
19077.2
11972.5
18575.8
17532.8
11454.5
18063.9
240.273
300.547
261.124
360.814
485.849
394.225
426.251
353.943
-607.965
-528.855
-687.783
-889.837
-785.464
-896.526
-962.743
-852.297
-595.406
-597.819
-666.8
-551.638
-721.802
-604.375
-644.568
-663.288
-114.447
24.6026
1584.43
267.748
1214.33
544.796
62.1131
871.241
-589.732
-674.925
-748.398
-556.922
-735.687
-592.872
-655.739
-769.232
-948.348
-5779.28
-5699.21
-561.324
-839.641
-881.306
-580.489
-1308.47
-882.398
-816.65
-1213.47
-4188.64
-4201.82
-4395.64
-4394.73
-5523.35
-5585.53
-5388.27
-5342.2
-10682.3
-11456.5
-10737.6
-2683.83
4005.61
3533.18
-2443.6
25261.1
19072.8
24975.4
16641.2
16987.1
18700.5
24371
24683.4
1125
1456.81
1285.32
1458.81
1389.12
1633.22
1622.97
1221.73
1895.05
2768.61
1713.83
2688.69
1644.25
2503.58
2570.93
1821.61
13340.1
12955.4
19569.4
13481.8
20042
20951.6
13968.2
20507
-10623.2
-11227.7
-10559.3
-1647.81
-1539.54
-11142.2
-10417.8
-10494
-2321.02
2306.16
1924.16
-2123.07
-2177.41
2111.86
2507.46
-2380.8
-2418.13
3321.03
3784.28
-2654.95
-2619.16
3562.38
3112.34
-2387.82
-2434.8
-2501.16
-9085.1
-9588.82
-9228.01
-9493.84
-9754.68
-9365.74
-803.897
-541.11
-529.869
-775.951
-580.91
-754.33
-743.784
-556.529
-4007.01
-3982.46
-3777.36
-3810.07
-2587.8
-2624.31
-2814.62
-2783.82
-831.13
-930.218
-905.354
-789.092
-769.764
-608.221
-637.419
-782.222
-1274.15
-1289.88
-1430.95
-1413.99
-2439.07
-2395.59
-2210.25
-2258.77
-2803.97
-2797.83
-6178.71
-6242.62
-6387.33
-6790.19
-6479.41
-6591.76
-2064.57
1737.47
-2255.83
2108.49
-2187.15
1914.77
1557.62
-2000.6
-2752.01
-2729.45
-8937.13
-9055.94
-8782.22
-8457.83
-8867.58
-8625.53
-1718.41
862.096
583.923
-1567.85
-1644.31
728.97
1022.9
-1800.02
10000.4
4862.63
9390.26
3903.61
4302.24
4530.91
8190.59
8795.19
-585.216
-491.527
-517.597
-532
-423.766
-459.1
-416.983
-503.135
243.305
137.695
121.826
179.367
11.2745
66.5473
21.688
121.216
1077.9
875.513
1991.91
965.108
2411.28
3320.34
1222.72
2864.67
-5969.29
-5523.7
-5751.34
-2596.89
-2651.56
-5285.68
-5322.25
-5541.22
-1079.25
-168.329
-314.539
-981.481
-1049.17
-237.096
-69.4002
-1151.07
-1491.38
440.907
705.395
-1633.04
-1550.14
554.603
307.701
-1412.65
-2034.67
-1959.99
-2773.04
-2636.07
-2986.84
-3410.49
-2834.57
-3201.48
-936.324
-859.055
-872.523
-948.163
-684.868
-706.136
-759.969
-821.885
-1161.06
-1144.62
-1032.05
-1042.16
-491.786
-466.076
-490.884
-616.695
-556.081
-585.309
-257.003
-605.584
-361.954
-631.2
-765.029
-546.001
-921.846
-385.538
-1005.87
-265.212
-943.202
-350.346
-440.052
-860.971
-1286.75
-1424.65
-2562.89
-2093.29
-2350.47
-1946.42
-1930.34
-2149.57
-794.814
-795.484
-903.685
-746.113
-989.06
-701.574
-743.893
-413.49
-520.774
-554.458
-418.526
-571.884
-424.346
-497.937
-633.335
10382.3
10660.8
10607.1
7189.04
7607.29
14748.3
7650.84
14172.3
12996.2
7226.76
13585.2
3231.41
3694.86
3461.3
-1370.48
661.812
1690.65
582.209
1564.58
3930.76
3922.13
3691.77
4843.64
4868.99
4613.58
-1401.85
744.173
1817.55
828.302
1943.79
4635.1
4153.25
4383.23
1004.65
-2707.59
1099.31
-1703.69
940.758
1178.67
-1714.31
698.81
839.149
841.426
814.373
961.214
969.864
808.11
986.846
808.311
-2565.25
1022.25
-1693.78
875.482
946.002
-1682.84
10128.6
9709.71
15326.6
9309.34
15887.8
16998
9855.18
16447.9
6657.82
6714.67
6435.61
-1499.45
1428.22
2805.52
1521.32
2926.14
6490
5986.61
6211.89
5073.84
5570.05
5303.51
-1460.5
1340.83
2685.31
1254.91
2563.51
5802.49
5761.05
5532.31
273.736
-2185.43
413.55
-1591.44
339.803
341.725
-1576.3
726.913
667.072
582.61
697.31
471.81
562.618
604.634
527.676
474.961
-2327.39
487.767
-1605.52
562.395
408.592
-1620.28
-622.646
-633.345
-555.499
-881.906
-684.859
-861.419
-936.837
-795.405
-1079.14
-838.661
-991.526
-924.632
-885.426
-1047.84
-848.887
-1028.68
-949.141
-1081.86
-1075.49
-1007.47
-936.096
-1054.7
-1047.33
-915.302
-1077.4
-932.718
-1078.7
-965.559
-1098.45
-1080.28
-894.288
-1326.53
-918.202
-1211.03
-928.718
-887.042
-1228.24
-788.594
-683.131
-738.231
-702.429
-707.948
-673.532
-768.733
-643.068
-973.519
-1230.8
-944.92
-1192.99
-954.862
-965.295
-1174.92
-221.263
-325.811
-381.68
-588.32
-202.147
268.972
-452.999
19.0121
-163.541
-168.636
-310.475
-1191.86
-850.744
-833.969
-803.741
-764.996
-308.914
-572.559
-447.005
-948.42
-746.588
-873.595
-1156.28
-879.739
-896.397
-900.783
-949.607
-657.865
-685.862
-786.787
-898.172
-896.567
-931.067
-946.985
-895.144
-937.729
-890.692
-753.122
-694.85
-803.752
-702.862
-772.198
-772.531
-731.121
-695.259
-988.976
-1058.89
-966.3
-1010.32
-984.166
-972.63
-1050.78
-990.766
-656.541
-617.944
-930.023
-702.47
-1059.49
-1134.87
-753.154
-4784.38
-4793.23
-4589.94
-4592.78
-4996.47
-4969.23
-5152.89
-5195.48
-7226.76
-8399.04
-7253.61
10159.6
10082.1
9937.65
-1709.71
3305.29
5043.92
3476.81
5251.67
9885.99
9496.66
9716.62
16295.8
15942.9
22996.1
17114.5
23364.9
24051.7
17526.2
23714.7
-1701.3
3144.08
4849.1
2991.03
4665.5
8621.26
9080.43
8840.74
9278.16
9284.89
9058.49
1577.02
1992.7
1964.59
1403.03
1316.27
1793.88
1484.31
1812.27
1320.47
-2941.16
1646.48
-1757.84
1381.86
1569.38
-1751.96
1501.08
-3077.99
1725.3
-1761.98
1441.96
1805.53
-1766.81
1946.11
-3431.71
2350.83
-1775.98
2428.56
1894.87
-1775.89
1489.52
2140.14
2181.6
1661.26
1746.32
2375.11
1568.32
2320.74
1786.89
-3300.93
2273.55
-1777.01
2195.78
1841.58
-1776.37
13727.3
14105.9
22618.9
15821.9
22219.7
21390
15372.5
21811.8
6878.82
7380.58
7098.91
-1571.94
2102.51
3646.61
2001.07
3523.77
7599.11
7536.81
7318.05
8405.7
8456.46
8189.95
-1618.65
2211.63
3772.7
2328.84
3902.85
8244.06
7754.84
7971.17
-7197.58
-8220.9
-7164.12
-646.48
-4996.94
-1323.83
-5012.5
-1298.74
-8154.99
-7085.56
-7126.76
-1756.82
-1861.44
-10067.7
-10729.5
-10165.4
-10339.5
-10842.8
-10254.8
-693.885
-4977.92
-1347.03
-4956.2
-1366.79
-6878.16
-7848.72
-6937.06
-7040.26
-7931.25
-6990.26
-2275.21
2502.3
2920.6
-2489.84
-2437.65
2709.79
-2228.04
2303.54
-1665.06
-172.443
844.985
-67.0093
798.35
-1669.99
-108.235
-1672.91
-121.055
892.466
-25.231
940.247
-1672.39
17.4745
-1652.66
-22.2901
1247.46
345.543
1288.79
396.93
-1659.95
-2537.9
3130.36
2702.13
-2316.69
-2354.59
2904.25
-2580.44
3345.04
-1668.72
-52.0709
1205.98
295.91
1164.36
248.139
-1664.99
-2369.88
-2299.68
-9966.07
-10349.7
-9853.77
-9620.14
-10211.2
-9740.18
-6248.41
-7027.18
-6342.67
-816.224
-4714.46
-1471.5
-4666.1
-1481.66
-7144.49
-6517.13
-6431.68
-6814.7
-7572.9
-6747.08
-770.986
-4758.26
-1461.56
-4798.5
-1450.57
-7471.59
-6597.68
-6673.98
-524.511
-745.441
-761.034
-522.719
-739.132
-532.511
-546.881
-737.646
-3374.86
-3406.47
-3602.54
-3579.95
-3211.29
-3170.7
-2969.08
-3015.44
-857.813
-731.199
-767.922
-873.82
-694.582
-833.853
-811.301
-662.281
-1740.13
-1705.71
-1547.71
-1588.87
-1872.25
-1901.99
-2071.12
-2039.69
-2819.03
-2829.09
-7566.47
-7395.5
-7377.94
-6987.97
-7171.15
-7182.94
-4265.95
-4681.43
-4408.26
-1015.54
-3598.17
-1435.01
-3507.43
-1421.42
-4844.93
-4687.59
-4548
-5222.16
-5484.76
-5092.53
-985.532
-3685.98
-1447.18
-3772.32
-1456.77
-5326.77
-4824.03
-4958.35
-1629.72
-273.774
498.553
-332.235
550.069
-1621.44
-298.207
-2040.72
1544.03
1211.82
-1865.53
-1934.97
1379.86
-2114.74
1725.84
-1597.52
-342.613
447.578
-366.682
397.625
-1610.47
-399.675
-2778.74
-2799.5
-7753.91
-8050.91
-7932.11
-8288.93
-8263.6
-8113.01
-6150.06
-6649.36
-6047.17
-886.672
-4314.12
-1499.23
-4379.6
-1501.56
-6515.42
-5828.68
-5939.47
-5349.58
-5943.17
-5473.92
-926.396
-4244.65
-1499.04
-4171.26
-1495.18
-6090.88
-5714.25
-5595.08
-1477.4
-542.978
34.4971
-599.393
-15.7381
-622.433
-1495.85
-1794.85
1044.44
1363.67
-1961.68
-1882.76
1187.65
-1719.62
882.274
-1527.57
-465.448
86.3878
-573.782
138.671
-545.937
-1512.34
3003.7
2995.29
2776.56
-1323.36
107.064
804.942
185.562
930.22
2765.51
2329.15
2551.55
3522.76
3146.23
5891.9
3235.18
6454.2
7606.16
3551.68
7023.1
-1297.77
32.9469
681.907
-38.6104
560.856
1472.64
1872.48
1681.19
2109.97
2090.42
1893.38
-218.659
-291.747
-244.094
-313.897
-408.554
-330.654
-325.103
-378.731
-685.67
-1501.6
-619.279
-1329.34
-633.044
-668.248
-1312.88
-529.79
-1615.98
-565.336
-1346.13
-581.044
-509.318
-1363.91
-54.266
-1954.31
-83.7548
-1479.9
-16.4977
-119.005
-1496.76
-207.045
-148.193
-193.313
-111.256
5.85025
-86.1628
-101.617
-41.9286
-243.178
-1821.94
-149.973
-1463.39
-214.922
-181.727
-1446.5
1315.7
1559.22
5355.78
2327.09
4819.3
3808.66
2040.64
4307.49
-7.74341
310.9
157.608
-1237.99
-499.201
-226.472
-554.866
-327.524
487.545
506.951
329.181
1270.2
1248
1071.91
-1260.48
-436.546
-121.296
-373.463
-14.1733
1051.11
691.112
879.184
-4122.48
-4183.42
-3977.55
-1056.72
-2940.08
-1324.94
-3036.29
-1341.65
-4017.41
-3688.47
-3832.45
-2556
-2508.55
-4464.62
-4338.93
-4677.64
-5106.58
-4571.91
-4889.46
-1074.25
-2843.7
-1306.87
-2746.93
-1287.95
-3123.81
-3365.76
-3262.71
-3545.68
-3525.5
-3402.52
-1190.72
-45.2427
155.28
-1305.1
-1228.78
35.0575
-1118.32
-146.68
-1164.81
-918.051
-702.102
-879.388
-736.728
-1187.6
-889.235
-1225.79
-859.511
-663.867
-870.292
-623.343
-1208.25
-859.022
-1383.11
-672.684
-314.799
-749.279
-266.698
-728.554
-1363.71
-1386.97
280.423
62.8057
-1262.73
-1337.8
177.92
-1466.28
411.467
-1324.01
-746.727
-362.614
-767.005
-408.169
-782.708
-1343.75
-2124.51
-2204.86
-4255.49
-3666.38
-4038.24
-3620.84
-3452.6
-3829.76
-2096.57
-2186.97
-2214.85
-1094.88
-2096.42
-1157.85
-2006.65
-1138.42
-2324.05
-2462.22
-2336.58
-2987.01
-2902.34
-2852.29
-1090.75
-2185.69
-1180.24
-2275.63
-1197.56
-2752.71
-2589.48
-2718.69
-891.321
-924.437
-950.216
-882.021
-890.736
-889.076
-902.002
-830.267
-860.226
-810.869
-917.416
-939.967
-714.451
-766.242
-730.711
-627.153
-605.029
-647.047
-1116.63
-1084.55
-975.55
-733.599
-991.434
-839.271
-983.266
-711.578
-883.84
-847.004
-1001
-765.764
-959.985
-723.206
-846.217
-1023.4
-984.962
-1276.98
-1087.51
-1212.36
-967.413
-1062.27
-807.068
-1109.58
-841.623
-1017.44
-1090.39
-1144.15
-1063.84
-988.611
-905.902
-914.922
-885.65
-1042.61
-910.836
-823.955
-487.087
-516.66
-755.842
-810.578
-487.775
-881.129
-426.605
-1006.74
-1004.27
-925.464
-914.89
-940.122
-1023.77
-913.722
-1190.06
-1088.7
-1264.89
-1387.94
-1411.08
-1760.82
-1507.58
-1578.81
-1982.52
-1808.26
-1873.65
-1085.1
-1525.88
-1005.14
-1597.51
-1030.97
-1692.9
-1671.82
-1769.25
-1346.9
-1309.1
-1419.49
-1061.55
-1458.4
-985.768
-1392.74
-970.507
-1394.1
-1582.24
-1497.55
-762.298
-821.548
-856.931
-797.147
-809.317
-760.398
-805.392
-704.775
-526.459
-507.482
-764.307
-686.109
-575.584
-622.57
-527.109
-888.53
-952.788
-909.21
-835.088
-934.573
-859.134
-853.024
-715.993
-814.273
-1017.42
-703.578
-809.985
-791.404
-904.965
-715.513
-603.856
-669.021
-777.436
-1031.15
-932.432
-850.032
-828.51
-869.135
-791.085
-640.653
-890.626
-823.59
-674.905
-674.982
-774.609
-651.132
-1022.56
-167.461
-563.052
2476.93
-560.242
-1020.48
2517.82
-1080.1
-859.859
1374.71
-1035.81
-1108.76
-535.825
1324.37
-1111.73
1179.66
-1102.89
-576.964
-888.821
1232.09
-1078.55
-1123.41
-803.852
-1252.93
284.086
-1052.54
-1093.62
339.315
-1092.93
489.228
-1204.09
-1029.54
-765.49
434.288
-1116.56
-1126.09
-1203.11
-813.254
-1269.96
-1138.61
-1067.37
-846.169
-1134.1
-920.274
-1287.52
-1090.15
-1200.54
-896.168
-1112.61
-984.036
-954.638
-1021.65
-947.961
-1083.65
-913.916
-916.92
-871.299
-1004.47
-1010.96
-1015.52
-809.612
-938.09
-956.522
-677.421
176.139
2640.83
-1749.62
-0.586389
-668.385
-1765.42
-1108.59
-497.525
1466.7
-1024.74
-1077.63
-826.695
1515.73
-1075.8
1654.28
-795.194
-950.924
-456.015
-1102.14
1606.19
-1036.5
-595.75
2404.4
-608.693
-1043.3
-208.312
2363.61
-1061.35
2247.48
-699.016
-250.747
-629.313
2288.8
-1046.67
-889.89
-234.373
1444.91
-1797.92
-384.515
-856.243
-1824.56
-837.398
-1834.22
-333.046
1557.65
-182.518
-874.074
-1809.35
-697.182
-46.9561
-1789.7
2465.16
-714.608
125.915
-1773.14
-744.828
-1791.17
2352.38
77.5241
-94.7737
-1809.52
-727.931
-867.954
-431.033
1245.76
-1809.14
-289.09
-910.302
-1780.42
-922.971
-1757.98
1135.89
-339.459
-479.13
-1788.39
-885.102
-977.152
-651.656
227.307
-1545.23
-755.365
-937.094
-1579.22
-928.456
-1622.05
325.496
-707.294
-604.128
-1588.66
-976.122
-1145.06
-1049.89
-753.209
-1298.94
-1122.75
-1194.04
-714.113
-1123.72
-603.508
-1187.17
-1275.1
-1023.16
-1138.21
-645.998
-1101.87
-1077.91
191.604
-1235.72
-1123.99
-835.653
136.081
-1127.69
-7.42408
-1277.78
-872.502
-1098.9
46.6112
-1101.27
-975.107
-984.581
-756.366
-1165.95
-1041.83
-946.668
-1194.88
-946.67
-1244.24
-1012.01
-695.56
-957.213
-986.014
-1214.23
-937.181
-796.569
-1533.7
37.6845
-985.122
-703.737
-1498.36
-985.998
-1450.97
-53.0466
-747.355
-838.905
-1485.72
-945.598
-935.77
-1060.85
-871.247
-1147.77
-1016.53
-970.967
-1117.88
-958.564
-1074.46
-918.517
-1035
-1078.95
-1101.48
-933.357
-688.324
-869.868
-906.588
-961.308
-751.386
-781.493
-803.397
1857.45
-1699.79
-1284.13
2281.43
2336.26
-1698.98
1817.55
937.886
-1694.76
1276.63
-1425.19
1210.6
995.642
-1684.69
880.509
1073.14
-1443.63
-1668.76
1142.52
822.106
-1680.47
-1115.43
-655.954
882.604
-1166.67
937.186
-1083.02
-946.902
-1083.53
1086.01
-918.672
-1105.67
-1110.7
1032.42
-615.209
644.015
-1630.96
793.395
-1442.25
865.5
583.209
-1644.66
703.339
1005.02
-1663.44
-1426.44
763.461
934.992
-1651.03
154.852
-1530.72
-1411.55
226.624
298.976
-1547.75
93.2512
215.327
439.254
-1401.63
-1574.3
369.586
277.672
-1558.26
-1088.4
-976.825
787.805
-1161.78
-1114.71
732.775
-691.078
-1118.02
583.799
-729.564
-1216.11
-1086.94
638.911
-1002.45
461.23
-1623.21
723.495
-1418.8
522.66
653.359
-1608.83
400.203
511.379
-1584.06
-1430.57
338.753
582.266
-1599.77
-843.24
-1278.49
-803.301
-1245.45
-842.916
-810.07
-1260.82
-875.661
-914.74
-1242.13
-1229.15
-881.488
-907.606
-1246.4
-1098.94
-1111.89
-1011.2
-1258.06
-1003.15
-1079.15
-1175.4
-1105.87
-960.131
-1194.77
-1252.91
-1118.19
-976.235
-1099.22
-959.222
-1158.05
-993.975
-1189.15
-980.159
-969.564
-1178.31
-948.118
-942.362
-1214.35
-1197.13
-930.31
-963.791
-1195.72
-857.75
-946.89
-946.212
-974.921
-906.124
-902.509
-916.255
-1054.45
-1151.52
-1026.37
-1207.12
-1062.86
-1027.28
-1092.33
-1013.3
-1012.17
-1086.87
-1187.82
-1015.07
-1027.48
-1083.19
-970.067
-1136.69
-999.549
-1125.58
-973.823
-1000.02
-1110.39
-957.914
-975.557
-1035.04
-1098.22
-938.167
-994.32
-1075.94
-2035.49
1587.62
1799.28
-1837.15
-1833.84
1627.93
-2035.59
-1069.93
-730.757
1918.66
-850.985
1873.53
-1092.51
-374.182
-1099.6
1742.06
-415.315
-930.458
-1071.62
1788.46
-762.26
1105.43
-1697.4
1343.4
-1434.69
1409.45
1050.2
-1706.46
1159.67
1537.47
-1411.95
-1714.43
1473.18
1213.56
-1707.06
1367.38
-1723.25
1783.76
-1387.47
1723.66
1417.96
-1718.34
1316.94
1600.32
-1413.84
-1713.96
1663.02
1265.16
-1720.39
1734.81
-1708.43
2232.09
-1305.06
2177.77
1778.18
-1708.56
1692.89
2069.65
-1338.15
-1714.55
2125.7
1649.98
-1716.06
-1085.81
-334.164
2001.74
-821.917
-1064.51
2045.11
-696.084
-1056.91
2169.47
-663.235
-736.508
-1073.39
2126.67
-292.079
1513.34
-1719.87
1842.7
-1381.64
1465.38
1902.04
-1723.56
1559.72
2016.04
-1720.65
-1351.54
1605.98
1958.15
-1718.43
-798.256
-237.599
1865.54
-1840.16
-78.854
-1817.98
-830.097
-850.384
-1815.68
-129.497
1753.6
-820.992
-286.086
-1839.73
-1924.92
813.942
946.848
-1824.31
-1837.15
865.325
-1909.21
-1939.32
-1850.48
1015.57
969.368
-1842.22
920.124
-1951.3
-1986.69
1170.72
1240.46
-1867.42
1124.48
-1864.6
-1994.81
-1975.03
-1855.18
1172.46
1023.26
1072.16
-1862.63
-1963.48
-2033.4
1541.83
-1847.96
1664.1
-1852.62
-2034.79
1501.44
-2029.76
-1860.22
1600.07
1410.55
-1859.46
1453.84
-2026.67
-801.758
-26.0577
2056.16
-1814.49
-190.92
-777.741
-1834.43
-752.688
-1823.98
-141.435
2169.35
-776.395
26.4502
-1805.64
-2010.93
1221.98
1391.11
-1867.56
1268.36
-2002.93
-1870.67
-2017.2
-1866.63
1362.33
1456.65
1318.5
-2022.12
-1866.84
-1877.3
758.149
784.037
-1815.92
-1803.86
707.271
-1893.39
-1857.78
-1774.57
714.975
597.85
-1791.22
650.827
-1838.56
-946.844
-445.869
826.547
-1701.61
-574.476
-1733.14
-907.219
-894.205
-1762.3
-525.009
934.847
-938.533
-394.013
-1731.87
-1777.74
375.899
480.361
-1709
430.525
-1729.93
-1754.99
-1799.06
-1761.8
540.855
549.13
488.29
-1818.68
-1745.03
-1585.18
-65.058
15.7668
-1539.8
-1566.43
-11.7712
-1558.32
-1610.7
-1609
81.0514
97.0195
-1587.38
44.5579
-1635.48
-912.971
-618.952
625.765
-1699.8
-501.235
-959.982
-1666.7
-966.223
-1628.66
-551.324
523.603
-924.263
-664.533
-1662.45
-1710.34
318.15
313.519
-1692.14
265.368
-1732.62
-1673.19
-1685.06
-1630.74
154.205
245.729
208.383
-1660.78
-1653.43
-1118.16
-1159.8
-362.55
-1270.37
-410.757
-1136.05
-966.262
-1139.71
-531.566
-997.301
-1300.85
-1117.59
-486.106
-1173.41
-723.415
-1292.03
-755.753
-1283.24
-704.986
-766.479
-1308.96
-681.009
-602.517
-1283.55
-1340.07
-653.892
-633.672
-1323.07
-484.102
-1400.07
-371.857
-1318.57
-429.737
-431.263
-1383.52
-534.463
-545.514
-1320.23
-1352.86
-488.629
-584.684
-1370.27
-29.3896
-1519.33
157.08
-1378.56
88.4006
31.096
-1502.17
-89.1743
-50.3469
-1384.98
-1472.3
18.3299
-149.769
-1489.83
-1135.6
-937.952
-282.179
-1293.12
-1110.7
-231.914
-1138.5
-1108.79
-94.8917
-1120.52
-1257.6
-1128.69
-147.66
-904.328
-321.195
-1412.72
-309.614
-1354.26
-376.787
-245.47
-1430.13
-266.153
-116.492
-1460.15
-1349.96
-208.211
-181.712
-1442.99
-947.874
-948.916
-479.509
-1341.6
-884.422
-1309.15
-990.272
-986.558
-1261.27
-919.838
-551.249
-951.298
-984.657
-1293.24
-1161.63
-798.805
-764.403
-1149.39
-1176.29
-764.046
-1134.36
-1186.18
-1223.72
-723.042
-689.436
-1200.84
-726.64
-1211.57
-1290.85
-518.561
-551.652
-1321.29
-561.377
-1298.57
-1315.89
-1264.6
-1249.25
-602.5
-647.397
-605.667
-1274.78
-1238.7
-1504.94
-120.036
-1517.54
-143.815
-1493.89
-1530.65
-170.585
-1476.5
-1442.08
-205.749
-274.954
-1468.63
-224.529
-1449.12
-987.576
-840.073
-314.866
-1356.87
-916.72
-950.604
-1389.49
-945.731
-1436.97
-877.036
-231.871
-990.343
-796.757
-1403.64
-1370.02
-471.36
-413.314
-1345.54
-424.305
-1342.95
-1372.1
-1395.31
-1419.17
-327.127
-356.791
-374.547
-1421.94
-1394.49
-1085.61
-831.918
-860.252
-1126.35
-1103.18
-861.072
-1107.31
-1059.6
-1056.6
-891.57
-910.505
-1079.37
-888.053
-1034.65
-922.19
-1064.82
-1025.98
-992.015
-1083.27
-1019
-907.621
-919.334
-1059.04
-1085.48
-996.468
-946.809
-1056.14
-1033.09
-969.841
-968.78
-969.136
-970.691
-960.394
-995.151
-945.161
-991.126
-1036.24
-932.291
-952.813
-947.83
-1013.26
-1014.93
-722.555
-810.73
-850.575
-880.479
-763.866
-829.723
-772.437
-875.097
-1065.65
-1051.09
-974.039
-1052.61
-891.369
-944.362
-845.267
-884.733
-1041.21
-1047.05
-847.356
-1012.38
-921.62
-892.498
-971.768
-978.483
-949.685
-966.86
-919.96
-922.183
-858.295
-852.911
-928.309
-968.655
-951.918
-822.129
-891.061
)
;

boundaryField
{
    left
    {
        type            calculated;
        value           nonuniform List<scalar> 0();
    }
    bottom
    {
        type            calculated;
        value           nonuniform List<scalar> 0();
    }
    interface
    {
        type            calculated;
        value           nonuniform List<scalar> 
2171
(
-142.186
-136.166
-127.64
-132.729
-1041.78
-996.239
-944.857
-875.119
13096.1
1604.01
2857.48
7682.05
6530.42
-832.253
-542.764
-770.871
-895.417
-905.549
-178.731
-341.087
12832.6
12003.1
8053.8
9134.21
-352.517
-388.031
-532.907
-497.093
-709.841
-679.037
-544.374
-579.496
1189.3
-40.6148
-890.696
-865.312
-719.107
-747.589
-825.912
-812.971
-493.49
-479.159
-692.961
-827.74
-829.154
-167.904
4928.75
4516.72
3274.1
-759.566
-713.759
-651.876
-700.252
4926.3
6136.7
1342.72
566.405
-516.104
301.179
-875.194
-806.416
-884.782
-579.068
-824.065
-931.502
-864.315
-888.323
-903.81
-954.288
-966.208
-947.888
-962.349
-871.341
-393.879
4758.16
4216.53
10797.9
11713.4
3422.44
4027.1
10479.3
9480.35
1592.09
2316.91
3212.35
2547.92
-405.189
-440.755
-436.442
-399.802
-488.732
-452.345
-448.46
-485.128
-583.904
-548.413
-500.476
-536.857
-635.877
-668.744
-756.998
-726.647
-684.611
-717.052
-624.919
-590.679
-595.001
-629.747
-674.314
-640.564
-772.306
-816.327
-810.976
-439.91
-869.529
-828.153
-822.289
-856.819
-950.938
-923.591
-879.814
-916.065
-765.642
-793.814
-780.965
-755.848
-826.144
-801.305
-787.786
-808.168
-869.318
-855.894
-831.977
-852.499
-794.425
-728.599
-757.277
-506.172
-726.761
-831.064
-766.585
-806.368
-825.816
-869.39
-871.48
-846.722
-865.818
-704.177
3809.9
8858.5
-523.846
-215.962
-567.467
-406.807
3473.3
-577.51
-681.421
-137.375
-444.045
-685.328
-140.899
-137.815
-140.143
3042.76
727.817
955.22
-373.875
-377.807
-368.365
-383.001
6188.6
-779.526
-761.607
-746.143
-661.479
-674.646
-577.615
-567.589
-579.842
-566.113
-641.747
-659.562
-645.767
-655.577
6528.83
-558.533
-550.279
-647.266
-660.156
-631.875
-747.95
-768.558
-754.516
-761.914
-681.22
-673.196
-686.346
-668.639
-695.026
-743.789
-1107.67
-719.099
-656.704
-689.302
-920.14
-954.856
-940.056
-947.436
-950.723
-937.503
-925.862
-925.172
-936.382
-915.08
-979.665
-950.756
-954.996
-936.421
-973.49
-671.075
-1000.91
-777.593
-628.722
-676.844
-797.121
-610.466
-879.628
-910.313
-890.179
-900.322
-422.998
-423.792
-411.274
-450.686
-453.732
-443.101
-461.141
2781.99
497.457
264.343
11624.1
-435.594
844.29
-541.006
-555.104
-553.815
-542.256
-482.705
-470.834
-472.363
-481.888
-400.116
-387.166
-391.86
-396.069
-450.019
-459.523
-448.134
-461.153
-545.188
-537.332
-522.939
-447.798
553.985
-434.446
-434.766
-303.332
-511.631
-515.54
-499.075
-607.416
-616.065
-605.837
-617.19
-559.561
-546.164
-550.22
-555.911
-480.571
-464.053
-471.157
-473.827
-530.253
-535.857
-525.26
-540.583
-315.818
-607.173
-598.427
-522.795
-527.143
-532.154
-772.116
-752.631
-689.209
-703.939
-697.294
-635.103
-625.601
-626.365
-634.711
-679.111
-690.477
-681.03
-688.06
-618.111
-608.802
-679.723
-693.664
-668.392
-742.508
-756.17
-748.084
-750.2
-704.145
-699.069
-707.3
-696.43
-793.469
-775.262
1212.09
-868.306
-891.468
-926.086
-942.919
-932.934
-936.337
-882.726
-881.29
-872.602
-892.099
-787.051
-781.823
-774.814
-794.531
-848.969
-870.137
-857.735
-861.383
-975.488
-946.33
-938.039
-879.707
-903.174
-780.623
-760.675
-767.445
-637.13
-812.048
-836.643
-804.059
-822.675
-836.731
-834.586
-824.17
-808.032
-814.044
-804.017
-818.292
-763.523
-763.462
-757.128
-770.399
-793.783
-808.916
-802.705
-799.519
-875.461
-846.104
-817.736
-842.441
-659.373
-622.333
-1048.98
-605.752
-545.531
-578.57
-795.589
-830.258
-777.87
-823.287
-836.867
-824.421
-835.861
-794.753
-795.506
-807.809
-782.184
-875.827
-846.482
-812.25
-848.018
-543.291
-876.156
-689.864
-517.641
-558.749
-693.419
-499.234
-747.699
-779.904
-760.373
-767.477
8250.72
13353.8
-379.188
-385.599
2203.27
2021.19
3070.88
2439.64
-523.069
-532.986
7873.83
6072.9
7303.65
5416.41
6919.72
-655.553
-666.49
-644.187
-527.423
-678.256
-644.188
-725.379
-727.165
-806.939
-716.574
-835.894
-900.782
-844.527
-902.96
-563.393
-239.132
-539.053
-243.771
-615.727
-301.211
-328.551
-457.921
8194.78
12563
12748.7
12286.3
7977.33
-496.378
-486.588
-395.654
-391.606
6273.9
8420.69
6823.74
8780.47
-312.357
-363.79
-375.429
-346.655
-559.831
-566.585
-553.448
-478.206
-362.149
-489.549
-520.281
-454.247
-508.616
-537.951
-665.095
-698.942
-634.528
-688.887
-575.778
-571.943
-581.145
-439.695
-500.983
-555.621
-535.36
-567.124
-632.914
-637.226
1908.42
776.589
366.091
1014.69
-797.462
-685.942
-221.3
-830.49
-882.28
-806.6
-875.067
-674.587
-728.266
-737.539
-702.418
-660.781
-659.833
-660.476
-641.876
-640.511
-645.031
-670.236
-780.372
-821.378
-767.899
-817.641
-222.998
-173.918
-599.286
-473.974
-369.342
-571.869
-668.738
-656.647
-654.307
-658.826
-651.175
-783.011
-829.118
-783.659
-828.952
-468.917
-155.166
-587.287
-196.784
-493.413
-170.001
-584.993
-422.816
-190.819
-406.878
-198.655
-467.498
4556.52
5096.65
5166.56
4170.53
4104.87
3352.15
3690.92
-858.625
-743.384
-718.398
-734.122
-729.952
-811.764
-753.45
-669.608
-704.432
-719.769
-688.845
-683.695
-798.585
-590.176
-605.81
-603.26
-592.735
-572.6
-583.286
-628.45
-619.06
-616.017
-632.205
4432.33
5334.25
5181.32
5737.37
89.6263
1088.22
-590.856
-601.091
829.417
-679.078
-740.189
-241.38
-604.663
-615.299
30.6826
-693.493
-734.663
-727.342
-740.786
-721.701
-602.788
-694.572
-713.814
-699.786
-708.385
-637.338
-817.9
-859.155
-754.748
-834.93
-775.123
-1111.69
-668.514
-800.176
-830.498
-755.383
-778.826
-928.161
-1026.72
-917.556
-842.189
-877.665
-889.871
-969.952
-941.279
-951.725
-941.414
-951.754
-794.157
-933.578
-949.397
-939.028
-944.554
-718.132
-828.667
-895.658
-843.987
-902.003
-1053.41
-961.602
-958.618
-991.284
-961.903
-1066.07
-1048.11
-953.704
-955.894
-987.855
-962.517
-1059.86
-734.29
-796.143
-745.083
-784.706
-752.009
-729.109
-854.226
-832.92
-864.571
-821.826
-500.478
-381.81
4327.66
4582.99
-225.648
1974.34
22.1832
4402.51
3614.87
7559.35
11110.6
7887.6
11415.6
-399.389
1698.46
2603.6
3630.16
3369.59
3831.16
-453.263
-528.951
-517.583
-517.571
-529.664
-493.946
-505.732
-505.946
-493.601
-409.837
-416.149
-406.089
-419.606
-430.735
-438.702
-439.227
-426.648
-436.727
-429.69
7430.76
10153.9
6988.7
9820.94
383.253
1838.83
-497.766
-502.705
2080
1246.59
2341.17
2996.94
-485.28
-339.573
-471.462
2775.24
1525.57
-511.619
-417.222
-468.52
-467.186
-428.628
-545.571
-394.328
-423.417
-358.309
-411.368
-480.054
-478.258
-487.933
-593.533
-476.3
-556.841
-464.611
-529.931
-525.252
-536.175
-597.876
-586.189
-588.691
-595.778
-569.221
-576.057
-579.128
-565.72
-490.354
-494.255
-483.792
-500.531
-511.546
-519.087
-504.382
-520.064
-504.597
-514.658
-510.514
-406.367
-460.258
-442.339
-472.416
-686.333
-571.861
-572.888
-566.277
-560.594
-650.572
-604.896
-512.89
-561.467
-555.362
-543.084
-524.692
-639.358
-591.633
-646.477
-624.104
-657.241
-854.335
-746.56
-743.416
-726.314
-733.885
-737.271
-823.568
-783.942
-695.877
-733.915
-717.374
-706.119
-814.466
-643.946
-653.67
-653.16
-643.902
-600.84
-670.428
-662.827
-662.017
-671.598
-451.204
-580.581
-612.94
-546.619
-601.661
-696.932
-606.949
-650.795
-639.694
-627.996
-617.961
-729.851
-774.174
-662.925
-661.373
-649.656
-652.222
-740.176
-734.985
-732.286
-740.081
-727.747
-613.555
-711.908
-724.184
-715.563
-720.173
-871.058
-787.945
-816.248
-836.81
-800.604
-914.434
2152.85
-155.701
-796.522
718.574
-775.072
-829.208
-849.996
-841.65
-968.949
-854.742
-925.934
-843.215
-762.073
-754.726
-770.571
-919.276
-921.049
-911.688
-929.383
-892.677
-912.292
-902.841
-902.278
-799.804
-820.532
-807.284
-812.898
-736.12
-745.741
-725.439
-837.116
-833.174
-845.461
-825.241
-437.17
-834.428
-797.192
-844.962
-1051.5
-941.01
-922.011
-947.989
-930.738
-935.066
-1021.63
-978.672
-893.472
-913.243
-939.225
-901.53
-902.922
-1014.91
-862.321
-775.665
-806.355
-784.61
-784.05
-888.952
-735.717
-772.146
-711.006
-764.067
-813.74
-791.557
-797.483
-921.328
-817.391
-895.809
-810.51
-658.844
-820.924
-829.901
-818.504
-832.397
-811.756
-826.701
-815.762
-822.031
-769.819
-784.382
-777.158
-776.636
-654.704
-657.227
-788.157
-790.656
-796.751
-782.595
-742.976
-794.653
-762.608
-800.971
-962.935
-864.177
-864.003
-836.991
-839.494
-862.076
-948.305
-926.447
-840.008
-860.142
-833.311
-845.1
-945.62
-753.119
-778.594
-696.208
-755.576
-668.491
-1021.48
-587.986
-711.34
-681.531
-639.944
-692.849
-821.092
-916.476
-817.466
-755.937
-721.356
-750.888
-790.828
-859.597
-820.626
-830.508
-817.287
-833.329
-623.542
-611.168
-631.925
-804.727
-824.96
-812.064
-817.607
-684.937
-762.725
-814.517
-781.602
-821.579
-961.726
-872.629
-875.252
-843.443
-870.37
-962.891
-936.559
-853.768
-869.653
-838.017
-831.476
-863.691
-955.119
-609.739
-670.714
-624.016
-656.76
-580.931
-599.706
-560.525
-722.999
-705.701
-735.901
-692.302
13805.6
-709.685
13547.1
9179.44
-226.462
-395.6
-701.405
-702.545
11331.5
-495.265
-484.014
911.154
-645.391
-666.237
-436.479
4826.01
-542.213
-565.121
-672.676
-643.659
-606.024
-789.659
-788.005
-529.111
-653.213
-447.479
-530.31
-531.734
-510.22
-451.316
-462.514
-589.998
-579.369
-534.576
-546.362
-516.114
-534.664
-510.635
-441.265
-454.644
10122.6
-257.891
-591.379
-577.729
-521.445
-535.738
-538.345
-559.019
-656.456
-629.696
-592.346
-598.189
-614.533
-611.407
-761.597
-747.645
-663.765
-686.94
-598.113
-604.243
-614.243
-613.617
-594.814
-603.904
-633.814
-627.364
2477.26
-787.664
-772.839
-680.998
-706.272
-604.388
-631.478
-636.167
-634.813
-637.157
-763.16
-761.762
-512.139
-638.813
-593.428
-576.631
-377.19
-460.224
-627.755
-611.397
-684.905
-393.739
-482.461
-600.943
-573.457
7540.86
-609.23
-634.747
-762.58
-784.088
-750.361
-683.349
-487.99
-504.258
-483.197
-467.157
-567.446
-576.068
-564.027
-550.52
12474.7
-484.941
-503.585
-479.044
-460.537
10430.7
-269.459
-561.539
-573.329
-557.131
-540.87
-350.395
-591.375
-566.204
-598.667
-621.775
-607.015
-600.161
-608.057
-610.677
-725.276
-742.907
-719.113
-694.465
-611.523
-606.714
-612.908
-612.917
-527.31
-617.296
-607.041
-619.551
-625.298
-748.151
-767.479
-741.093
-714.71
49.6768
-613.734
-640.148
-637.453
-640.443
-637.743
-664.087
-738.704
-757.771
-727.427
-666.296
-541.801
-568.498
-529.979
-481.272
-617.85
-574.87
-603.752
-562.356
-506.06
14061.4
4146.94
8533.15
-529.617
-713.27
-206.388
13284.7
9497.11
-237.018
-385.248
-558.729
-418.148
3137.88
-679.113
-586.977
-680.1
-165.511
-503.25
-685.853
-150.478
-165.9
-165.982
3302.04
5848.41
-762.018
-674.604
-687.234
6866.61
-562.53
-570.142
-642.638
-678.931
-740.351
-902.981
-940.5
-712.213
-984.279
-944.595
-977.778
-408.645
2518.16
11911.9
-422.477
1134.06
11034.4
-528.6
-458.88
260.815
-443.093
-444.016
-292.444
-501.232
-327.745
-593.514
-586.307
-536.012
-506.444
-760.36
-742.585
-711.733
-473.921
-626.647
-617.63
-680.686
-788.106
-806.021
1518.36
-854.347
-875.343
616.171
-964.494
-890.73
-913.94
-787.051
-630.854
-827.059
-652.146
-870.021
-842.077
-846.825
-822.077
-645.362
-628.182
-814.848
-676.77
-875.724
-845.838
-854.497
-821.567
8298.94
-430.497
-350.604
-482.891
-357.235
-475.788
4486.96
2495.51
2785.35
-522.779
-667.959
-657.824
-533.732
-515.188
-549.188
-511.596
-636.515
-502.927
-648.038
-542.479
-556.829
8204.89
5862
5643.21
-645.141
-771.344
-784.636
-634.461
-635.08
-662.357
-652.58
-657.407
-808.195
-669.399
-796.285
-576.613
-628.255
-689.798
-808.675
-830.163
-962.148
-963.477
-829.104
-805.689
-790.835
-826.726
-961.958
-825.618
-964.83
-806.46
-789.607
-718.25
-840.27
-843.392
-647.196
-818.537
-778.146
-664.765
-691.345
-557.493
-608.985
-612.553
-711.34
-636.972
-709.592
-524.6
-523.575
-516.671
-454.451
-458.326
-586.054
-582.086
-538.131
-541.723
-289.431
-509.344
-466.046
-431.318
-562.502
-439.423
-554.866
8130.52
13018.9
8058.29
-471.703
-593.579
-478.905
-463.266
-605.171
-506.14
-525.907
-482.206
-626.008
-492.704
-615.597
-517.669
-402.996
-377.319
-512.617
-505.892
-384.716
-444.808
-368.874
-490.73
-363.774
-499.165
-409.163
-449.954
9812.3
6466.02
6649.45
-323.443
-247.96
-334.844
-540.576
-664.651
-548.773
-534.387
-673.521
-586.196
-581.292
-547.83
-688.24
-554.543
-681.371
-485.066
-461.849
-594.022
-587.075
-492.197
-469.514
-525.56
-472.944
-530.337
-454.11
-570.732
-447.256
-579.759
-373.846
-477.534
-465.94
-544.582
-551.184
-646.316
-637.802
-594.361
-595.868
-613.225
-612.047
-756.367
-752.859
-671.291
-678.54
-600.058
-602.337
-614.06
-613.216
-548.506
-654.806
-644.654
-572.974
-714.783
-708.89
-578.964
-597.373
-566.672
-695.182
-561.025
-703.038
-586.683
-600.387
-429.56
-512.227
-523.683
-628.737
-631.419
-769.875
-776.682
-627.347
-631.056
-626.356
-628.674
-636.66
-787.148
-640.755
-782.21
1610.73
2805.47
1312.67
-790.606
-807.227
-939.276
-785.138
-801.719
-947.844
-801.893
-783.141
-814.927
-958.719
-820.044
-953.144
-778.506
-696.452
-702.491
-852.517
-841.718
-713.663
-676.862
-689.349
-690.438
-819.503
-680.779
-831.79
-706.282
-697.546
-479.929
-823.489
-815.794
-683.741
-596.861
-693.223
-677.491
-830.006
-661.901
-677.544
-832.628
-632.898
-634.454
-678.985
-832.51
-677.371
-832.688
-652.536
-804.235
-800.542
-648.074
-655.742
-635.136
-635.844
-648.419
-791.736
-645.157
-797.379
-674.805
-776.897
-772.612
-763.954
-762.558
-553.048
-601.338
-588.99
-582.208
-398.817
-433.317
-589.548
-569.228
-639.012
-672.626
-818.713
-823.952
-666.797
-623.224
-674.547
-830.832
-677.623
-829.417
-645.596
-617.384
-688.316
-783.994
-784.777
-498.526
-675.933
-645.318
-507.307
-530.549
-407.377
-448.077
-165.216
-228.638
-198.587
4781.85
-370.309
-409.155
-401.565
-378.645
5506.8
3902.92
3629.57
-844.914
-731.876
-747.393
-831.619
-772.571
-702.395
-785.245
-577.181
-608.173
-596.768
-589.565
-565.036
-573.836
-585.477
-553.451
-561.693
-554.435
-678.995
-552.714
-544.863
-691.726
-591.112
-566.224
-714.629
-703.283
-578.045
-581.539
-614.201
-619.975
-601.929
-632.345
-626.958
-656.544
-644.397
-640.035
7204.67
4688.09
4937.77
-209.528
-576.186
-584.421
-508.793
-726.64
-617.746
-627.948
-712.956
-717.147
-717.628
-730.599
-704.375
-730.089
-755.279
-742.877
-743.304
-613.414
-611.356
-759.867
-623.801
-623.163
-748.686
-593.685
-617.199
-599.416
-725.786
-589.515
-738.221
-625.504
-678.236
-705.591
-691.545
-693.234
-665.36
-668.656
-652.808
-681.267
-662.866
-801.875
-781.023
-793.138
-796.257
-901.947
-1018.74
-873.627
-907.416
-985.083
-917.054
-919.567
-920.522
-916.527
-916.02
-917.523
-920.552
-913.105
-799.82
-823.41
-958.452
-805.349
-829.718
-953.181
-782.556
-771.941
-818.889
-931.953
-943.723
-807.347
-779.32
-908.9
-916.649
-914.021
-911.465
-901.06
-890.547
-902.581
-889.528
-715.006
-836.872
-841.658
-1064.83
-956.335
-986.095
-1062.4
-1053.17
-952.841
-986.333
-1065.49
-699.551
-759.721
-705.898
-754.757
-622.897
-584.526
-622.293
-565.737
-752.387
-847.629
-695.103
-718.177
-875.08
-771.156
-734.232
-775.103
-917.02
-796.655
-897.819
-712.063
-828.972
-798.147
-794.722
-831
-854.879
-876.094
-875.256
-856.179
-492.768
-497.964
-477.353
-471.48
-569.94
-572.442
-558.891
-553.9
-491.329
-448.004
-489.131
-479.958
-458.256
4092.72
2248.94
3855.82
12195.8
7678.2
7787.31
-410.307
1418.86
2862.77
3116.74
-461.488
-443.659
-583.903
-453.344
-574.965
-490.351
-446.906
-470.005
-496.655
-434.327
-556.517
-566.516
-426.791
-518.178
-529.448
-540.673
-507.021
-529.804
-562.932
-551.804
-541.754
-484.659
-519.158
-508.91
-495.929
-473.814
-488.605
-498.881
-463.497
-404.145
-441.63
-433.438
-413.372
-394.858
-416.943
-425.178
-386.857
-422.271
-399.536
-520.882
-392.959
-530.724
-472.487
-416.724
-465.306
-408.523
-548.028
-417.433
-539.766
-432.115
-450.579
-422.962
-459.943
-442.437
-479.067
-452.863
-469.606
10734
7292.18
7144.91
673.605
-509.738
-514.894
960.63
2072.06
-37.6642
1799.9
-526.344
-454.698
-454.854
-536.943
-280.857
-381.861
-369.933
-489.412
-584.108
-572.262
-520.395
-657.181
-542.656
-527.408
-650.643
-564.898
-568.773
-513.147
-635.208
-643.855
-506.695
-587.762
-601.589
-609.911
-579.564
-596.525
-626.468
-618.07
-606.131
-560.776
-593.224
-584.774
-570.564
-551.541
-568.269
-576.691
-543.058
-486.216
-524.34
-515.52
-496.204
-476.648
-498.054
-506.868
-467.805
-483.939
-602.032
-477.191
-611.443
-551.09
-498.944
-545.194
-491.926
-627.489
-499.53
-620.136
-514.442
-533.039
-505.644
-541.911
-523.795
-559.671
-533.884
-550.784
-339.841
-418.16
-430.277
-677.132
-582.173
-575.598
-665.845
-619.792
-547.814
-630.57
-581.886
-573.556
-605.797
-612.974
-604.512
-601.964
-609.068
-609.427
-731.476
-736.481
-710.065
-702.456
-610.099
-607.604
-612.415
-612.55
-517.88
-602.339
-613.243
-846.208
-750.967
-837.228
-797.568
-721.786
-706.763
-806.464
-630.903
-657.044
-649.294
-639.985
-622.367
-634.147
-641.829
-614.619
-595.461
-590.327
-721.309
-585.125
-729.228
-613.333
-606.475
-591.808
-609.557
-596.632
-742.189
-736.103
-602.197
-655.466
-664.287
-648.121
-671.726
-663.366
-686.687
-679.102
-672.126
-462.615
-569.079
-557.787
-711.332
-637.818
-721.269
-765.333
-669.998
-658.218
-754.813
-715.026
-719.25
-725.493
-708.844
-721.633
-737.963
-731.486
-729.223
-617.872
-617.578
-764.492
-622.362
-759.571
-621.08
-610.846
-622.228
-622.9
-612.243
-748.086
-607.703
-754.895
-693.835
-712.941
-701.856
-706.226
-686.405
-693.317
-679.667
-699.967
-889.987
-801.462
-820.126
-901.423
1833.01
131.424
423.066
-862.474
-956.208
-945.055
-784.57
-932.001
-777.712
-792.809
-923.73
-755.022
-761.065
-774.522
-906.119
-916.468
-766.695
-896.204
-894.214
-902.258
-888.513
-902.882
-913.891
-908.287
-908.909
-870.57
-886.547
-877.504
-880.143
-860.851
-858.225
-868.668
-850.596
-780.351
-802.76
-790.975
-792.937
-768.085
-767.322
-779.733
-755.808
-734.323
-863.298
-725.045
-875.678
-732.116
-716.541
-723.323
-745.854
-896.666
-756.316
-886.026
-816.616
-814.286
-804.914
-826.253
-828.207
-848.241
-839.952
-837.187
328
-706.259
-784.472
-1042.6
-956.818
-1037.69
-995.973
-925.232
-1003.87
-874.738
-795.749
-775.432
-881.835
-622.321
-727.686
-719.363
-819.661
-914.572
-908.055
-660.177
-674.896
-828.922
-675.617
-827.384
-639.145
-659.232
-660.864
-637.888
-672.451
-823.123
-826.768
-671.136
-792.536
-790.66
-792.337
-791.21
-793.647
-793.931
-792.92
-795.465
-784.642
-788.849
-785.809
-788.754
-781.223
-780.468
-783.634
-778.176
-746.926
-759.044
-753.555
-753.621
-740.849
-743.208
-748.561
-735.474
-651.92
-662.157
-808.042
-659.633
-813.51
-638.973
-650.922
-638.001
-666.003
-820.48
-668.27
-817.094
-763.536
-763.432
-758.969
-768.186
-768.292
-777.062
-773.996
-772.294
-659.89
-749.698
-756.462
-959.259
-867.065
-957.919
-936.895
-852.44
-826.832
-940.516
-746.582
-753.322
-711.811
-691.601
-551.672
-560.92
-517.009
-500.613
-628.552
-738.148
-719.463
-697.539
-679.417
-798.815
-906.821
-784.241
-875.645
-790.624
-783.259
-787.217
-787.596
-793.163
-792.701
-790.778
-795.305
-655.681
-811.801
-640.994
-663.849
-804.371
-585.666
-595.455
-648.381
-780.099
-793.211
-634.603
-774.084
-776.954
-782.312
-768.9
-764.048
-746.189
-758.52
-752.148
-680.35
-771.731
-777.274
-967.82
-874.343
-844.093
-963.298
-944.022
-864.58
-956.839
-576.292
-625.908
-581.513
-625.244
-502.981
-470.826
-506.478
-455.785
-582.52
-701.885
-531.622
-551.817
-726.607
-547.738
-529.275
-603.924
-765.086
-623.788
-747.645
-693.086
-659.604
-661.82
-688.838
-717.457
-731.184
-737.71
-712.007
-1014.22
-596.157
-766.444
-858.18
-636.808
-667.746
-442.851
-468.405
-446.858
-474.528
)
;
    }
    procBoundary7to2
    {
        type            processor;
        value           nonuniform List<scalar> 8(-3097.81 -3097.81 3846.74 3846.74 3846.74 6051.15 4190.01 4344.3);
    }
    procBoundary7to3
    {
        type            processor;
        value           nonuniform List<scalar> 
49
(
-7482.57
2182.02
18642.7
-910.978
-609.343
4413.17
6396.36
2196.97
-3644.22
2817.97
-1762.32
-568.132
-5048
-1154.53
-1608.06
8.74319
1483.04
661.763
20478.4
26043.9
2022.17
3066.28
-1413.11
-1413.11
-5969.8
-11521.2
-10786.5
-2462.09
4230.02
10846.5
10829.2
-8449.46
-7273.85
-1001.3
-468.393
-125.098
2586.1
-633.095
2753.88
222.796
-1719.78
1894.21
-1248.16
2382.17
-1689.1
-2034
1861.93
-1819.68
1672.87
)
;
    }
    procBoundary7to6
    {
        type            processor;
        value           nonuniform List<scalar> 
328
(
-2721.48
-2119.07
-1301.63
-2788.8
-2788.8
-2788.8
-3081.88
-3081.88
-3081.88
2566.62
2566.62
2566.62
3705.79
3705.79
3705.79
-2721.48
-2721.48
-2119.07
-2119.07
2384.7
2384.7
2384.7
1064.1
1064.1
1064.1
-1381.89
-1381.89
-1381.89
-2022.18
-2022.18
-2022.18
-243.865
-243.865
-243.865
878.243
878.243
878.243
-1301.63
-1301.63
-433.877
-363.385
-363.385
-363.385
-382.774
-2487.13
-2399.44
-1095.15
-1017.85
-2952.92
-2952.92
-2952.92
-2995.25
-2995.25
-2995.25
3085.18
3085.18
3085.18
3247.93
3247.93
3247.93
-2487.13
-2487.13
-2399.44
-2399.44
1823.95
1823.95
1823.95
1632.89
1632.89
1632.89
-1639.66
-1639.66
-1639.66
-1732.29
-1732.29
-1732.29
185.44
185.44
185.44
347.936
347.936
347.936
-1095.15
-1095.15
-1017.85
-1017.85
-640.112
-640.112
-640.112
-672.188
-672.188
-672.188
-2647.46
-2214.28
-1226.73
-2848.93
-2848.93
-2848.93
-3058.52
-3058.52
-3058.52
2744.11
2744.11
2744.11
3558.22
3558.22
3558.22
-2647.46
-2647.46
-2214.28
-2214.28
2199.99
2199.99
2199.99
1252.14
1252.14
1252.14
-1462.77
-1462.77
-1462.77
-1923.01
-1923.01
-1923.01
-111.771
-111.771
-111.771
695.721
695.721
695.721
-1226.73
-1226.73
-631.746
-992.035
-663.385
-696.757
-822.468
-996.207
-470.756
-470.756
-470.756
-450.841
-736.192
-644.573
-975.632
-483.137
-501.109
-2569.74
-2307.22
-1153.55
-992.035
-2903.68
-2903.68
-2903.68
-3029.42
-3029.42
-3029.42
2916.8
2916.8
2916.8
3405.65
3405.65
3405.65
-2569.74
-2569.74
-2307.22
-2307.22
2012.6
2012.6
2012.6
1440.94
1440.94
1440.94
-1548.46
-1548.46
-1548.46
-1826.48
-1826.48
-1826.48
30.2156
30.2156
30.2156
517.741
517.741
517.741
-1153.55
-1153.55
-992.035
-992.035
-559.613
-559.613
-559.613
-736.192
-736.192
-736.192
-644.573
-975.632
-386.751
3692.43
3625.96
3916.64
4000.65
5745.21
5913.65
5582.65
5438.97
2155.84
2276.05
2514.39
2380.34
4064.98
3908.1
3639.56
3783.73
3334.18
3387.54
3093.94
3049.28
1451.66
1449.48
1697.33
1709.82
2050.96
1937.11
1727.13
1831.88
645.162
720.612
888.894
796.987
-189.683
-164.56
-12.0012
-22.2837
1211.63
1206.12
970.72
984.052
-275.697
-252.316
-157.252
-203.98
566.446
498.816
359.207
417.63
-307.462
-333.65
-443.207
-432.123
-728.05
-526.384
-663.385
-696.757
-331.57
-347.969
-408.216
-408.983
-499.865
-410.872
-483.137
-501.109
4519.6
4622.31
4306.31
4220.64
4940.46
4820.55
5126.36
5262.64
2999.4
2859.71
2621.29
2748.28
3111.84
3255.85
3520.84
3368.54
2517.26
2487.35
2765.44
2805.39
2220.02
2237.03
1971.53
1958.08
1328.96
1428.61
1630.86
1520.22
1235.35
1147.37
969.658
1052.92
350.592
333.227
141.743
164.791
536.177
545.693
757.092
754.239
43.0762
-7.56942
-104.093
-64.8753
102.247
161.922
287.192
219.487
-623.004
-636.913
-537.896
-539.748
-710.153
-677.157
-709.749
-788.019
-497.967
-532.456
-468.156
-465.438
-563.448
-513.015
-523.496
-614.313
-822.468
-996.207
-459.339
)
;
    }
}


// ************************************************************************* //
