/*--------------------------------*- C++ -*----------------------------------*\
| =========                 |                                                 |
| \\      /  F ield         | OpenFOAM: The Open Source CFD Toolbox           |
|  \\    /   O peration     | Version:  2012                                  |
|   \\  /    A nd           | Website:  www.openfoam.com                      |
|    \\/     M anipulation  |                                                 |
\*---------------------------------------------------------------------------*/
FoamFile
{
    version     2.0;
    format      ascii;
    class       volScalarField;
    location    "0.104/solid";
    object      sigmaMin;
}
// * * * * * * * * * * * * * * * * * * * * * * * * * * * * * * * * * * * * * //

dimensions      [1 -1 -2 0 0 0 0];


internalField   nonuniform List<scalar> 
3124
(
-433.016
20.673
-32.6943
-483.902
-347.153
-340.133
8.08975
-667.489
-1374.57
-192.61
-510.481
-45.9841
-644.014
-582.109
-237.183
-1421.05
-545.934
-429.955
-340.55
-346.644
-425.365
-429.832
-424.508
8.07199
-377.169
-73.9158
-489.933
-353.854
-810.1
-1156.43
-365.071
-646.784
-618.134
-573.344
-467.433
-1647.82
-595.708
-540.008
-476.469
-481.977
-475.422
-475.043
23.9918
-0.0724729
-22.7719
-497.726
-334.639
-3.29245
-331.742
-79.9334
-357.729
-354.49
-338.536
-338.494
-128.321
5.45228
-262.488
-535.239
-529.021
-953.607
-344.239
-576.664
-1219
-1551.15
-958.101
-1395.95
-555.577
-843.489
-1513.06
-1452.25
-17.1986
-439.956
-273.385
-756.32
-602.599
-533.695
-268.576
-495.289
-509.663
-611.007
-651.212
-472.538
-575.286
-451.1
-720.525
-562.693
-499.647
-1442.1
-1545.85
-1016.67
-634.161
-1621.66
-1026.72
-804.896
-1625.19
-1500.63
-1595.63
-796.733
-813.052
-631.891
-433.878
-537.093
-496.073
-526.541
-430.578
-518.273
-532.648
-343.624
-344.132
-492.702
-484.345
-505.006
-428.123
-509.44
-516.219
-428.874
-511.019
-504.061
-423.391
-503.734
-476.074
-423.588
-504.759
-95.7205
-162.168
-530.573
-529.728
-513.052
-503.251
-408.084
-409.86
-406.988
-406.397
34.615
22.8231
36.0005
0.792352
36.0908
30.0898
9.54096
-46.7727
-67.8555
-45.1641
27.842
-108.175
-286.534
-87.4715
-161.509
-405.697
-87.8309
-349.193
-53.8059
-54.8399
-49.9416
-339.698
-48.6865
-338.901
-46.5471
63.5365
-46.7141
28.7497
-6.64384
31.3443
-51.0338
-203.354
-970.313
-656.562
-745.303
-702.397
-132.723
-336.317
-86.8842
-301.561
-30.2358
-352.991
-173.518
-198.581
-554.986
-393.017
-555.238
-97.586
2.37941
-132.672
132.075
-143.868
-137.849
-652.515
-586.123
-640.195
-356.756
-284.24
-373.923
-248.306
-441.369
-108.44
-371.846
-632.631
-492.904
-581.689
-428.778
-432.047
-430.364
-521.621
-520.852
-49.9299
-342.146
-49.5739
-53.7741
-345.948
-51.6188
-426.549
-423.713
-518.744
-426.4
-519.74
-522.441
-429.768
-522.782
-517.85
-424.026
-517.2
-411.16
-424.54
-519.783
66.6205
87.4521
7.96204
60.4641
67.2969
-33.2886
129.689
-26.2318
280.75
-225.978
43.9294
-202.632
13.5088
59.9282
-27.3862
-141.765
43.5441
24.6667
-84.3428
-807.346
-1093.97
-480.659
-598.993
-658.894
-799.68
-860.982
-606.976
-321.294
-397.374
-485.772
-514.214
-601.959
-509.4
-533.841
-528.724
-582.476
-618.737
-582.354
-560.298
-603.639
-572.547
-1201.99
-727.825
-1154.43
-560.383
-567.97
-541.129
-506.597
-518.717
-551.546
-537.915
-544.991
-414.355
-411.947
-448.042
-478.293
-449.985
-454.187
-480.148
-452.035
-446.929
-475.102
-446.545
-406.362
-406.179
-474.962
-446.44
-446.37
47.3993
23.9459
17.717
56.3332
61.4345
24.1002
12.1317
37.6572
21.1263
-3.32921
2.68996
46.0822
22.7229
13.0087
53.5343
106.801
-1.84081
7.54807
45.4992
66.6744
11.0186
456.588
-519.214
118.02
-1941.95
-1931.46
-32.5743
-500.897
-1124.7
-44.1546
-1066.48
11.8685
-27.2312
-12.4393
14.8711
36.3447
-78.9634
-11.7051
-152.478
-23.6076
-3545.04
-698.065
-476.026
-1093.09
-200.316
21.9153
69.7118
23.0374
-393.079
54.0222
-379.385
2.01329
-385.773
-64.3342
-80.3855
-350.159
-62.0399
-55.7883
-339.457
-48.7137
-48.4432
-338.905
-48.4718
-46.9101
-322.805
-528.027
-979.32
-102.708
-200.753
-298.567
-183.772
-167.244
-460.376
53.0808
26.9312
1.1255
-11.9582
24.7223
15.4817
-20.2414
-742.442
-248.157
-285.691
-124.846
-532.687
13.3492
-173.149
-477.079
-390.801
33.8126
-1318.25
-1167.49
-951.772
-1539.62
-499.388
-851.655
-565.406
-896.534
-609.784
-492.551
-573.305
-532.2
-635.705
-704.305
-1267.35
-2957.6
-1030.97
-1074.67
-300.7
-404.539
-503.983
-1010.35
-567.496
-548.378
-1042.83
-1149.52
-536.357
-652.873
-986.557
-1182.46
-654.557
-1105.73
-479.11
-1220.02
-693.941
-1214.32
-676.243
-1119.13
-1296.54
-1341.67
-1520.51
-1433.84
-1436.87
-1343.53
-1429.12
-1407.92
-1365.39
-1368.5
-119.568
-32.6159
-11.1481
-58.3766
14.75
-29.4905
-103.535
-209.669
-361.67
-443.598
-423.645
-433.228
-357.671
-287.365
-185.916
-209.992
-146.221
-372.556
-37.1065
-448.195
-223.163
-310.05
-321.8
-364.71
-713.409
-331.474
-360.056
-296.901
-276.445
-675.726
-353.365
-562.436
-771.405
-481.217
-690.697
96.7865
1516.39
-1200.6
-46.7667
374.672
-204.991
-729.936
-297.841
-868.895
-283.819
-415.986
-832.951
-1564.77
-7829.2
-521.113
-580.679
-672.214
-681.552
-576.184
-646.321
-606.082
-551.334
-647.511
-668.426
-647.049
-656.475
-562.486
-513.771
-599.845
-625.004
-552.555
-623.157
-402.935
-410.347
-440.898
-486.236
-437.721
-461.569
-422.859
-405.53
-510.006
-446.59
-218.135
-398.66
-390.856
-535.98
-499.993
-527.269
-452.243
-1156.32
-545.743
-1195.34
-740.339
-1156.56
-1191.11
-750.675
-1148.49
-593.336
-1209.01
-747.448
-1146.28
-1192.2
-755.587
-386.735
-411.88
-1312.41
-1452.29
-1307.48
-1302.71
-1420.34
-1508.5
-1399.79
-1347.45
-1296.29
-1442.25
-1549.14
-1410.27
-403.737
-430.18
-403.604
-816.342
-430.596
-413.626
-440.146
-424.247
-819.138
-433.917
-653.043
-593.958
-607.732
-451.994
-513.804
-533.682
-557.028
-536.015
-559.385
-468.601
-441.684
-470.174
-501.827
-475.863
-511.476
-511.901
-487.674
-430.51
-515.53
-519.353
-536.049
-522.09
-537.047
-536.272
-527.88
-538.118
-342.673
-51.3189
-49.8323
-345.522
-51.322
-51.3165
-417.108
-420.374
-466.737
-490.056
-463.657
-456.924
-487.214
-460.263
-529.449
-506.217
-530.417
-427.331
-521.87
-520.819
-507.781
-533.049
-531.704
-535.801
-514.651
-535.507
-429.479
-522.414
-522.618
-512.802
-533.836
-534.577
-528.557
-503.38
-527.796
-423.661
-517.101
-516.942
-503.245
-528.089
-527.618
-407.372
-409.069
-479.955
-451.488
-447.47
-477.961
-449.398
-424.077
-517.73
-518.641
-507.914
-531.592
-528.968
-506.081
-530.02
-371.375
-370.394
-481.041
-457.646
-402.32
-454.135
-344.318
-263.42
-337.498
-348.093
-244.653
-338.728
-261.511
-245.539
-254.115
-237.807
-329.332
-340.415
-253.393
-330.062
-237.963
-455.595
-397.89
-509.299
-530.518
-424.885
-528.847
-425.544
-540.433
-596.284
-647.72
-596.33
-574.184
-539.712
-596.851
-255.069
-238.075
-329.823
-341.493
-253.535
-331.085
-238.75
-261.172
-336.59
-244.1
-346.843
-260.964
-337.205
-243.997
-788.332
-781.532
-471.77
-502.61
-467.173
-669.889
-777.231
-758.511
-608.216
-613.451
-781.598
-613.937
-754.873
-531.592
-856.561
-508.232
-60.6424
-285.443
-363.294
-351.624
-258.197
-279.044
-357.151
-263.583
-271.871
-352.873
-347.276
-254.559
-274.673
-345.688
-252.183
-252.772
-339.237
-327.608
-236.217
-251.508
-328.737
-236.793
-252.302
-339.06
-327.52
-236.082
-251.299
-328.443
-236.38
-156.622
-136.489
-919.982
-904.783
-842.519
-741.304
-532.951
-519.147
-833.267
-787.6
-531.37
-868.318
-514.51
-814.897
-566.861
-791.363
-533.383
-881.456
-1007.68
-962.434
-992.262
-985.169
-256.806
-210.759
-202.535
-120.418
-582.685
-560.167
-479.1
-557.086
-547.459
-579.227
-578.547
-315.927
-402.196
-670.147
-600.742
-642.037
-482.477
-540.923
-533.782
-552.006
-496.736
-545.156
-526.201
-517.745
-578.552
-868.147
-517.345
-765.099
-547.727
-869.399
-771.138
-556.688
-908.026
-610.203
-816.387
-593.217
-910.864
-830.228
-614.274
-177.574
-892.186
-907.951
-915.257
-1035.14
-992.188
-208.978
-233.518
-291.934
-314.767
-257.226
-343.798
-332.925
-240.725
-256.693
-333.571
-240.748
-258.658
-345.037
-333.625
-241.122
-257.062
-334.813
-241.824
-21.9806
-51.466
27.7259
6.16235
-46.5431
94.9855
-547.51
-531.843
-503.146
-567.677
-455.62
-474.773
-477.383
-444.772
-516.22
-563.303
-544.393
-539.966
-481.72
-530.772
-498.19
-518.768
-469.835
-452.501
-445.251
-482.659
-520.312
-524.464
-502.101
-531.335
-413.083
-422.336
-409.445
-425.794
-356.965
-359.084
-360.686
-358.642
-408.316
-423.346
-411.604
-420.674
-406.556
-422.082
-419.229
-409.515
-357.575
-356.475
-355.49
-357.336
-410.031
-419.732
-407.873
-422.238
31.5238
26.2353
30.6441
33.0357
35.6021
30.6377
32.9407
19.9395
-21.5703
42.5817
7.48961
18.3855
40.6416
-9.94169
29.4535
22.9267
35.6855
45.6387
30.6904
25.8202
35.0771
24.0889
29.9096
7.49038
9.83195
26.5332
36.5349
-0.554039
-123.664
-132.363
-265.107
-153.86
-182.793
-71.0225
-257.001
-62.8088
-189.986
-72.4164
-39.8112
-36.044
-107.754
-48.9082
-104.253
-476.102
-77.0502
-106.623
-14.0133
-258.517
-258.576
-164.944
-227.065
-126.054
-199.715
-199.84
-346.628
-428.227
-400.406
-298.98
-422.865
-322.838
-319.084
-147.603
-104.33
-160.266
-128.03
-177.118
-264.268
-348.89
-340.01
-246.895
-339.975
-264.631
-246.298
-82.2661
-111.644
-53.2979
-81.588
-112.161
-82.5323
-113.631
-53.382
-83.4318
-112.714
-75.0646
-105.518
-48.7727
-75.3628
-105.323
-254.249
-340.305
-329.011
-237.109
-329.935
-252.659
-237.749
-74.4694
-48.092
-104.27
-73.586
-104.861
-327.89
-235.637
-250.886
-71.0079
-101.961
-70.8068
-57.7476
-43.2668
-119.599
-18.335
-165.79
-56.3511
-30.6594
-9.47315
-34.6591
37.3019
-26.6472
5.89586
23.424
-54.8831
10.1909
70.2683
19.0211
40.771
16.2888
27.6562
56.3284
-53.0827
-169.043
-149.507
-31.3331
-159.672
-10.5604
-78.0379
-766.261
-1335.81
-877.359
-831.585
-789.889
-787.518
-782.691
-138.906
-25.7794
-200.557
-171.946
-158.66
-140.703
-165.815
-225.687
-204.987
-163.121
-454.904
-192.51
-222.532
-228.064
-85.9288
7.4198
-71.2023
-70.3448
-67.5519
-143.827
-89.3739
-287.465
-204.229
-393.016
-319.66
-317.244
-196.02
-281.213
-274.263
-259.023
-254.805
-218.659
-299.546
-478.593
-547.372
-551.176
-479.038
-548.981
-498.289
-454.285
-317.024
-317.342
-394.218
-373.627
-345.595
-240.657
-182.841
-386.252
-446.337
-64.565
-427.41
-288.6
-73.8791
-66.1262
-80.3835
-43.116
-39.4865
-68.4359
-18.9202
-56.8342
-84.4458
27.1281
-90.5179
2.47707
13.5127
-195.024
-205.162
-249.375
-45.5609
-161.919
-138.068
-34.4218
-236.87
-677.917
-634.627
-694.177
-602.002
-597.491
-512.527
-541.754
-644.255
-645.296
-544.609
-539.867
-577.39
-622.21
-707.712
-686.585
-654.987
-264.714
-212.413
-420.002
-145.096
-272.741
-188.976
-305.722
-364.636
-412.128
-442.493
-363.26
-363.926
-388.523
-383.518
-269.782
-228.825
-111.79
-182.328
-185.643
-300.785
-273.758
-564.383
-615.059
-605.186
-584.621
-604.41
-511.382
-464.043
-581.302
-533.052
-414.184
-455.176
-542.529
-652.723
-647.839
-610.939
-677.821
-435.901
-443.266
-423.384
-453.642
-372.792
-382.053
-382.764
-374.756
-421.566
-449.996
-435.228
-438.933
-529.84
-538.623
-506.217
-559.983
-476.134
-365.88
-370.562
-490.429
-490.644
-371.648
-368.326
-474.438
-508.495
-560.14
-529.817
-540.685
-75.3693
-105.614
-48.9526
-75.2568
-105.71
-255.639
-342.145
-331.431
-239.089
-331.852
-254.836
-239.13
-75.0889
-48.6265
-105.645
-74.8204
-105.673
-80.4529
-111.154
-52.334
-81.3295
-110.535
-260.979
-346.624
-335.815
-242.706
-336.716
-259.125
-243.52
-79.3571
-51.3575
-108.831
-78.2263
-109.687
-419.259
-443.465
-430.428
-433.949
-379.72
-372.17
-433.183
-436.607
-421.584
-446.75
-369.569
-377.086
-520.975
-546.29
-551.562
-515.014
-479.292
-360.373
-362.721
-482.461
-483.689
-362.913
-362.589
-479.848
-514.718
-550.167
-519.799
-545.467
-512.65
-559.421
-544.517
-528.576
-490.307
-368.301
-477.585
-366.012
-529.686
-542.78
-510.721
-559.939
-479.02
-365.008
-368.748
-489.569
-513.586
-548.235
-544.374
-517.416
-481.29
-360.817
-360.614
-478.672
-478.154
-359.575
-361.515
-480.448
-518.511
-544.961
-514.272
-548.85
-424.046
-411.593
-360.391
-549.03
-517.63
-359.406
-360.883
-480.754
82.5057
-40.2082
12.5787
177.263
129.565
-39.7471
7.34618
75.0293
77.4799
51.6877
80.8015
55.4474
107.711
65.925
99.9285
85.2894
151.368
31.3461
106.756
110.921
17.181
-7.35764
-3.31273
20.4338
-21.361
-20.8322
18.2969
-19.0272
-16.9849
-206.222
65.7419
239.342
158.791
47.1888
125.255
32.6899
60.8245
3.63617
36.1159
90.5407
-42.3418
37.7758
-37.6898
19.3835
-60.7872
-34.2692
-127.451
-222.902
6.08045
-71.2018
-267.979
-0.896591
2.68133
26.2368
-8.86802
23.2895
22.2025
-18.7425
24.1584
33.7775
53.5304
46.2145
44.0026
36.9223
45.839
3.69763
31.2259
50.9099
0.00723787
39.3802
-15.4998
25.3119
-705.059
-495.076
-468.917
-824.607
-607.102
-467.982
-786.253
-519.314
-360.202
-438.423
-591.368
-553.748
-413.43
-422.773
-471.764
-574.14
-564.559
-510.559
-628.188
-280.495
-414.616
-507.822
-637.896
-475.619
-618.743
-391.472
-608.06
-560.801
-597.686
-577.727
-605.329
-640.707
-626.127
-619.908
-582.673
-595.946
-572.168
-601.805
-628.777
-617.958
-596.934
-646.373
-553.739
-594.752
-532.39
-605.821
-612.988
-533.291
-502.723
-628.473
-618.983
-471.34
-617.857
-511.333
-565.219
-639.864
-618.534
-592.05
-533.397
-550.566
-524.974
-553.969
-595.834
-599.779
-587.128
-609.995
-569.285
-555.512
-562.087
-563.198
-556.076
-577.601
-571.358
-565.921
-532.053
-522.894
-503.175
-549.662
-466.147
-450.535
-489.755
-468.144
-509.141
-523.873
-530.959
-502.351
-558.598
-537.121
-539.475
-560.368
-540.861
-546.551
-535.673
-547.991
-559.826
-547.169
-547.715
-555.594
-543.588
-543.748
-543.744
-546.053
-410.735
-428.754
-416.215
-423.797
-365.939
-362.267
-359.944
-363.507
-419.098
-425.694
-431.203
-413.248
-456.609
-448.158
-452.723
-451.931
-470.529
-484.82
-475.096
-480.131
-450.211
-450.522
-446.964
-453.787
-477.378
-481.56
-471.696
-487.491
-453.267
-455.628
-449.733
-459.595
-482.481
-483.902
-474.948
-492.011
-461.598
-451.931
-458.293
-454.889
-473.042
-490.234
-480.155
-482.688
-449.047
-448.787
-445.388
-452.854
-473.962
-479.275
-469.802
-483.858
-452.849
-446.206
-449.288
-449.127
-469.232
-483.754
-473.464
-479.256
-408.524
-419.367
-406.775
-421.358
-355.711
-356.85
-356.451
-355.76
-407.239
-421.097
-419.394
-409.229
-452.098
-445.403
-449.301
-448.174
-469.906
-482.578
-479.626
-472.889
-472.846
-479.534
-469.34
-483.048
-449.291
-448.318
-445.926
-451.544
44.9599
59.8386
43.2516
40.6221
41.8344
42.1032
58.5537
57.1942
50.5144
40.6386
72.1527
57.5438
53.5353
61.3809
39.979
32.3554
16.057
24.9485
35.4547
49.2287
19.653
24.7007
42.0831
20.8808
31.9068
27.2525
18.7707
26.1014
13.4801
17.1851
3.51322
1.20864
1.96053
13.1887
17.3392
24.15
41.9475
18.2562
29.5026
15.4195
32.6688
27.5581
17.4416
12.9594
30.3984
10.2173
21.9885
6.88728
27.9474
44.5334
61.0333
58.1523
47.5736
62.7295
47.0164
49.5443
50.6937
57.1865
75.1322
93.3299
41.9461
63.5597
56.2681
53.4366
48.4493
45.2227
41.364
38.6668
45.9901
51.263
57.6302
59.5518
75.1802
54.9097
68.7918
55.5391
59.7866
382.964
101.211
306.478
318.58
270.557
247.59
404.238
178.136
314.579
219.017
56.5665
105.311
408.542
102.628
-711.257
-189.127
-2718.16
-3135.72
-675.22
-1670.97
-1398.21
-1592.47
-1267.72
-1694.89
-819.693
-3571.56
-1690.21
-4084.76
-1640.74
-4941.94
-2167.52
-2076.9
-546.475
194.458
-1076.65
-447.949
-314.045
-888.852
-292.732
-140.072
15.9076
-355.779
-142.752
-300.103
-192.646
-766.183
-1304.25
-646.955
-869.867
-703.342
-1111.02
-678.27
-753.945
-1087.21
-1071
-576.234
-834.628
-1288.42
-25.6614
108.405
-106.704
-22.5277
-27.8154
32.1984
9.69586
4.76869
9.63826
-5.23786
-16.4265
7.30192
-10.2125
7.09334
25.4253
46.0619
9.10018
40.6181
23.8646
5.89368
28.7488
-41.4733
-152.464
-42.1248
5.37629
-59.3212
2.50015
-21.7237
-435.401
-319.516
-523.647
-221.181
-463.024
-804.823
-251.624
-321.698
-1605.56
-2685.94
-4149.81
-968.806
-2007.79
-1229.36
-502.126
-264.695
-1027.7
-965.778
-897.795
-700.175
-391.536
-494.612
-1005.94
-440.057
-1969.81
-497.683
-1692.58
-138.292
23.0851
-53.3468
86.9247
-163.109
7.84126
-50.4218
25.9367
48.735
52.0937
48.4466
52.6892
69.2688
35.7322
31.1739
-139.397
-47.6683
-298.516
-446.759
-362.733
-61.6003
-71.8066
-294.711
-373.099
-379.889
-283.195
-307.437
-367.949
-271.992
-103.64
-127.425
-66.9688
-99.2975
-132.172
-110.036
-148.293
-71.7723
-120.486
-139.173
-269.555
-351.518
-341.657
-248.241
-266.401
-343.427
-250.114
-91.3314
-123.584
-58.8862
-95.096
-120.303
-87.9981
-115.271
-56.5712
-85.4728
-117.511
-253.42
-339.62
-328.715
-236.861
-252.355
-329.207
-237.043
-73.8003
-103.952
-47.8721
-73.6264
-104.162
-73.7297
-104.006
-47.5451
-73.1874
-104.14
-252.573
-339.3
-327.912
-235.804
-251.129
-328.693
-236.344
-72.9648
-103.708
-47.225
-73.2849
-103.447
-72.2869
-102.312
-46.52
-71.2729
-102.964
-360.119
-161.061
48.2366
-248.106
-337.478
79.9053
-220.298
-87.1093
-19.2866
-17.9693
-217.478
-263.473
-361.507
-198.393
-637.47
90.5583
-70.048
-874.963
-48.6892
-858.845
-76.2747
-88.1918
-404.311
-137.443
-571.905
-201.644
-291.384
-133.8
-318.479
-235.032
-8.71597
-4.3258
24.3262
-75.9459
-35.94
39.8655
-44.3492
20.3842
11.0325
13.5826
9.58759
15.7527
37.1187
13.7857
30.8327
65.7942
22.9012
20.8407
28.43
26.05
50.3636
3.37719
17.0743
17.9926
-7.0088
50.7169
-21.7179
0.531681
-104.96
-789.847
-26.112
-115.826
-602.745
-83.9863
-160.074
-193.852
-227.705
-318.926
-279.281
-266.749
-460.802
-175.316
-189.169
-331.705
-289.983
-344.896
-291.316
-531.864
-224.316
-128.108
19.1681
-64.6017
-66.6686
-372.187
-109.851
-126.386
57.2662
-2213.72
11.2525
-658.637
-302.16
-647.955
-192.421
-567.513
-443.234
251.13
-138.035
0.67743
-237.443
-373.6
-633.542
-390.055
-1189.85
-1148.68
-1306.53
-982.498
-1277.69
-489.367
-876.435
-768.553
-1184.05
-618.4
-1281.56
-1206.52
-904.701
-531.24
-397.1
-796.576
-1048.24
-656.599
-892.483
-632.247
-644.599
-561.712
-691.687
-893.101
-1792.6
-603.28
-1002.34
184.812
-1736.89
-2024.32
-678.216
-766.298
-822.223
-793.162
-739.935
-729.397
-732.853
-571.107
-494.694
-531.454
-516.847
-578.128
-516.432
-522.858
-584.015
-633.19
-534.164
-553.987
-623.475
-632.188
-525.819
-1455.02
-1590.3
-1796.14
1715.94
-775.816
-401.792
-901.755
-662.862
-402.063
-860.78
-637.19
-539.547
-403.56
-546.565
-285.665
-447.371
-254.399
-480.987
-601.749
-472.048
-905.789
-540.989
-510.895
-342.704
-571.165
-532.056
-688.886
-588.807
-496.739
-660.013
-545.152
-494.119
-841.18
-511.97
-766.826
-503.428
-845.34
-773.42
-527.048
-853.906
-491.135
-781.122
-521.508
-848.397
-780.106
-510.215
-1131.68
-1335.91
-1335.29
-1179.92
-1289.97
-989.605
-951.648
-1339.79
-1332.98
-1179.04
-1167.32
-1295.92
-1551.79
-1528.59
-1556.14
-1545.25
-1455.5
-1421.8
-1498.36
-1533.37
-958.864
-971.692
-1203.16
-1372.38
-1340.66
-1199.49
-1360.47
-1340.49
-1192.74
-1371.38
-1197.05
-1360.22
-66.8982
-31.0721
-94.736
-98.3362
-62.5293
-32.6154
-94.4169
3.64415
0.115996
-10.4798
-10.9717
-3.51382
-1.50711
-16.0783
-21.4281
26.2979
-31.0557
17.0169
-21.7741
-26.3178
3.40472
-32.5678
-69.8178
-17.8343
-39.4376
-28.4061
-28.6808
-47.1082
-295.823
-283.54
-263.056
-252.156
-251.289
-330.339
-293.137
-416.279
-447.329
-460.339
-401.247
-453.189
-392.136
-424.303
-386.829
-343.43
-456.909
-448.457
-437.015
-381.158
-388.006
-353.76
-264.421
-361.104
-388.771
-327.983
-338.913
-377.149
-218.964
-149.042
-264.936
-191.686
-223.609
-176.757
-233.825
-257.375
-267.296
-158.263
-363.579
-209.012
-299.655
-241.164
-154.894
-104.103
-74.0292
-94.152
-130.785
-164.757
-120.308
-324.381
-340.167
-435.369
-399.405
-384.838
-305.052
-338.959
-155.444
-182.625
-45.6212
-231.097
-11.5952
-316.658
-116.118
-219.811
33.9054
-6.45484
150.24
-187.227
-327.195
-213.865
14.8395
81.1282
3.66743
349.888
380.814
-11.0513
-288.128
-937.666
-318.705
-916.29
-8.02342
295.987
368.557
-52.2058
-270.994
-874.891
-266.624
-901.67
-86.8792
-85.2929
59.1462
-238.56
-322.048
122.176
-199.393
192.326
-34.0651
99.4524
195.061
-180.206
-289.797
-164.331
94.1843
229.084
-79.2712
280.369
204.045
-14.5792
-280.832
-704.429
-288.138
-759.277
-67.1601
44.5185
-126.219
100.794
-275.935
-849.197
-269.617
-811.428
-538.566
-563.912
-565.907
-510.579
-521.132
-550.325
-535.975
-618.746
-583.497
-712.548
-667.591
-602.638
-510.303
-453.821
-582.064
-432.594
-515.21
-521.532
-358.455
-718.986
-512.634
-448.89
-655.198
-867.69
-1955.91
-5033.68
-1927.21
1190.98
-714.028
2596.74
-1490.28
-307.507
-757.666
-581.954
-589.557
-487.348
-658.729
-529.179
-332.162
-343.917
-272.163
-265.752
-337.432
-500.733
-355.55
-90.4073
-800.03
-175.096
-676.043
-616.918
-234.507
-438.949
-293.757
-347.979
-402.785
-603.599
-340.643
-323.323
-565.829
-298.132
-195.751
-446.645
-277.769
-283.12
-823.35
-1168.96
-773.674
-566.462
-886.808
-717.048
-757.63
-1062.44
-1306.35
-2489.33
-957.573
-1686.66
-880.223
-937.426
-1168.4
-1833.92
-1660.94
-5436.98
-1730.72
-1459.36
-1345.42
-897.394
-536.047
-653.757
-418.655
-540.683
-614.511
-804.322
-628.588
-525.045
-590.49
-569.74
-551.501
-570.069
-758.878
-665.561
-1124.79
52.0187
-835.519
-702.61
-424.512
-1095.06
-583.667
-605.993
-394.423
-658.194
-559.939
-573.801
-549.313
-542.408
-611.356
-558.961
-345.118
-665.572
-664.65
-425.295
-407.993
-703.49
-734.745
-224.766
-579.342
-562.133
-527.236
-537.831
-549.102
-539.597
-587.246
-685.018
-642.642
-695.083
-640.966
-648.065
-666.825
-639.827
-683.405
-677.067
-632.719
-666.662
-640.227
-654.034
-710.568
-659.925
-696.48
-538.221
-661.217
-647.931
-579.572
-597.917
-428.198
-509.537
-310.505
-508.138
-532.002
-625.989
-520.692
-582.435
-460.483
-597.604
-410.433
-602.514
-665.542
-661.293
-593.547
-626.986
-527.679
-625.145
-524.794
-607.397
-652.113
-600.077
-660.558
-618.448
-475.584
-606.949
-510.762
-411.074
-414.808
-390.169
-436.523
-402.227
-397.9
-398.438
-325.805
-417.039
-290.435
-377.877
-329.011
-399.94
-491.899
-655.105
-688.603
446.755
-752.54
-729.843
-298.047
-237.801
-190.969
-326.071
-576.518
-229.614
-35.3991
-566.246
-429.949
-397.607
-475.933
-423.472
-306.135
-385.727
-372.141
-420.1
-415.287
-373.247
-627.462
-390.104
-597.027
-500.113
-480.57
-506.823
-502.028
-527.359
-449.69
-464.913
-354.466
-516.059
-590.392
-242.87
-878.527
-524.224
-793.776
-589.253
-881.59
-782.052
-572.807
-903.245
-601.38
-804.032
-599.986
-898.192
-816.765
-610.615
-245.475
44.495
-57.7483
-371.293
-972.273
-373.5
-973.271
184.98
202.582
-111.866
-1147.59
-1287.6
-1608.11
-930.956
-916.179
-1147.8
-1303.36
-1279.32
-1146.02
-1273.94
-1258.95
-1149.45
-1298.73
-1144.24
-1266.03
-1500.18
-1512.53
-1493.8
-1512.43
-970.731
-975.767
-1193.05
-1324.58
-1327.43
-1180.52
-1290.96
-1276.26
-1152.65
-1315.15
-1165.98
-1263.37
-1572.11
-1597.6
-1559.14
-1524.16
-268.88
-243.46
-105.539
-265.455
-397.405
25.2051
-273.087
-87.117
12.4612
-116.841
-15.3754
-308.428
-409.669
-290.034
-137.685
1.80742
-111.416
149.343
152.028
-110.992
-369.841
-945.774
-355.571
-953.158
-110.092
177.399
-84.2041
155.774
-372.084
-960.887
-373.952
-955.883
-311.32
-324.283
-167.118
-285.233
35.7872
-411.703
-139.172
-308.795
-4.8166
-180.502
-25.7411
-319.25
-431.808
-321.082
-172.596
-28.482
-110.442
163.991
171.388
-111.427
-373.792
-970.605
-376.155
-967.44
-112.484
170.414
-112.78
174.522
-373.499
-962.679
-372.147
-965.877
-607.962
-621.638
-612.795
-614.996
-657.254
-623.708
-637.799
-637.012
-599.121
-596.128
-587.355
-605.353
-670.686
-655.053
-686.138
-646.197
-535.58
-553.393
-512.879
-563.944
-465.305
-375.113
-385.471
-487.899
-500.534
-409.452
-485.549
-386.857
-491.295
-550.398
-525.163
-523.995
-562.117
-559.434
-561.09
-565.954
-528.199
-546.504
-533.986
-544.389
-557.703
-556.683
-559.859
-556.779
-528.403
-553.415
-529.039
-545.761
-435.122
-460.506
-440.65
-455.708
-404.258
-420.555
-461.074
-491.496
-470.303
-481.348
-385.578
-385.971
-487.41
-469.356
-480.815
-476.338
-486.551
-509.094
-494.616
-500.376
-505.756
-500.75
-492.39
-514.936
-469.604
-476.541
-464.191
-481.335
-490.766
-489.795
-483.516
-497.68
-530.593
-526.305
-525.186
-536.808
-517.67
-515.555
-519.819
-511.02
-504.673
-524.294
-515.119
-512.225
-503.749
-559.223
-529.876
-535.13
-489.137
-377.03
-372.003
-466.87
-472.026
-368.916
-490.201
-374.846
-528.352
-527.259
-496.551
-555.614
-546.613
-539.487
-560.994
-527.201
-515.399
-526.115
-509.638
-532.807
-536.62
-513.655
-530.242
-518.993
-526.154
-560.11
-539.88
-544.643
-528.158
-562.356
-539.13
-549.19
-547.037
-526.616
-526.056
-543.124
-549.062
-532.601
-525.133
-560.98
-525.003
-536.664
-520.349
-542.49
-257.196
-343.492
-332.103
-239.552
-255.355
-333.174
-240.366
-76.9779
-107.649
-50.0714
-77.444
-107.311
-76.2272
-106.035
-49.3223
-75.2952
-106.721
-259.131
-345.596
-335.096
-242.201
-258.525
-335.576
-242.207
-77.7318
-107.882
-50.4719
-77.5032
-108.07
-77.5336
-108.275
-50.254
-77.5584
-108.137
-426.183
-430.991
-416.837
-439.008
-364.016
-369.503
-414.512
-434.644
-422.774
-427.843
-372.993
-367.025
-462.979
-469.824
-459.08
-473.856
-496.804
-491.299
-483.512
-505.7
-477.354
-461.798
-473.312
-465.711
-481.004
-502.689
-493.317
-489.557
-469.29
-456.231
-465.505
-460.234
-476.65
-494.701
-485.455
-485.681
-457.241
-461.617
-464.684
-453.717
-489.191
-487.776
-478.692
-498.735
-531.557
-543.374
-549.511
-525.115
-509.652
-505.502
-500.108
-515.415
-517.026
-500.846
-507.315
-510.237
-524.723
-548.301
-542.783
-530.301
-515.396
-553.609
-522.808
-546.512
-486.529
-364.642
-363.659
-480.78
-480.379
-362.234
-485.039
-365.108
-524.718
-547.061
-555.086
-515.894
-525.974
-551.704
-533.462
-543.78
-520.967
-503.442
-511.909
-512.486
-511.472
-509.711
-501.955
-518.94
-535.49
-544.629
-553.576
-526.976
-526.41
-558.759
-542.65
-541.755
-530.804
-507.625
-514.039
-523.454
-543.358
-541.344
-559.675
-526.061
-513.863
-520.67
-506.357
-528.748
-527.287
-545.669
-513.984
-557.526
-480.627
-363.597
-366.654
-487.845
-488.76
-366.742
-479.939
-365.57
-515.24
-556.845
-526.317
-546.078
-538.933
-543.211
-526.597
-556.881
-512.68
-514.406
-504.318
-523.261
-525.816
-505.306
-517.252
-513.36
-526.462
-555.389
-537.534
-543.591
-523.645
-546.081
-541.646
-527.817
-513.881
-499.639
-504.246
-509.586
-508.869
-503.488
-498.93
-513.1
-528.824
-542.466
-546.911
-524.542
-516.547
-544.804
-513.784
-547.304
-478.359
-358.92
-360.069
-479.704
-479.834
-359.887
-478.111
-360.41
-514.41
-547.351
-544.994
-516.689
-527.517
-542.013
-523.568
-545.196
-509.316
-503.372
-499.74
-513.378
-512.957
-498.972
-503.038
-508.59
-524.411
-545.638
-542.546
-528.105
-409.457
-424.912
-412.016
-421.921
-357.421
-357.128
-409.937
-420.334
-408.824
-422.37
-358.098
-359.569
-450.228
-453.986
-484.288
-474.128
-451.85
-451.793
-448.247
-455.829
-474.259
-480.358
-470.85
-484.111
-453.129
-447.043
-449.933
-449.564
-472.179
-486.513
-476.367
-482.265
-516.171
-548.942
-517.342
-547.099
-479.93
-358.962
-359.973
-479.037
-479.818
-359.508
-480.299
-360.392
-516.964
-545.941
-515.338
-547.882
-546.734
-528.358
-503.86
-513.535
-526.794
-547.153
-544.709
-529.446
-514.005
-500.839
-510.883
-504.474
-528.628
-543.747
-525.755
-546.201
-512.112
-505.963
-502.057
-515.126
-45.7975
54.9005
-494.285
-57.4877
-332.509
-987.899
-1236.12
-628.551
-1149.65
-1198.44
-913.125
-1066.34
-1534.25
-1481.14
-1459.06
107.871
145.922
-567.069
14.1854
-389.528
-112.206
42.2182
-978.221
-483.762
-782.345
-685.352
-135.251
-1384.48
-1405.34
-1542.58
-1493.19
-1377.53
-1489.28
-1408.12
-1319.78
-1375.09
-1197.35
-1487.13
-1208.19
-1321.04
-1446.81
-755.266
171.366
-1505.57
17.7408
-550.359
-1303.71
-35.3428
-1432.18
-1428.29
-1480.15
-1553.2
-1429.66
-1472.61
-1436.79
-1442.3
-1514.2
-1471.1
-1583.88
-1452.89
-1488.92
-1454.49
-66.4084
-541.901
-158.944
-740.121
-99.6521
-163.678
-601.512
-1379.24
-1419.05
-1241.43
-1479.98
-1267.79
-1409.94
-1623.79
-1946.53
-896.991
-1206.06
-583.14
-1130.98
-1428.57
-2043.09
-1645.17
-1618.14
-1442.07
-1525.94
-1629.65
-1545.51
-1626.41
-1656.36
-1538.3
-1629
-1442.31
-1636.17
-1641.27
-1551.1
-1579.16
-1525.93
-1452.16
-1357.39
-1527.46
-1516.46
-1479.31
-1577.28
-1528.55
-1389.91
-1601.53
-1553.69
-1494.9
-1628.87
-136.711
-486.736
-2318.12
-994.224
-1830.12
-1028.18
-399.858
-534.337
-394.012
-3711.59
672.734
-1205.62
-639.952
-1258.39
-1687.61
-1549.47
-1674.42
-1581.4
-1599.09
-1506.34
-1409.34
-1601.37
-1587.68
-1486.43
-1574.6
-1483.86
-1401.99
-1592.15
-1581.27
-1474.41
-1582.48
-1642.38
-1673.1
-1432.54
-1536.89
-1653.07
-1658.53
-1522.8
-1620.49
-1490.07
-1419.36
-1608.87
-1633.31
-1507.77
-1601.14
)
;

boundaryField
{
    left
    {
        type            calculated;
        value           nonuniform List<scalar> 
598
(
-459.033
-90.1245
18.4282
-347.304
-479.392
-340.646
-503.374
-129.86
-628.028
-287.052
-583.257
1.99604
-251.848
-595.117
-341.061
-346.832
-426.51
-421.605
-548.089
-426.757
-420.756
-951.749
-34.3329
20.3805
-575.653
-627.593
-385.619
-406.439
-491.86
-486.337
-607.313
-550.587
-485.245
-484.799
-234.922
-1176.99
-14.3254
-35.1112
-809.379
37.2004
-11.2523
-0.30121
-354.195
-357.501
-339.159
-339.188
-533.299
-507.002
-544.239
-508.974
-552.224
-343.738
-525.862
-454.877
-665.148
-582.739
-499.301
-4.23171
-270.96
-187.494
-444.797
-300.232
-35.1836
-411.128
-524.08
-344
-344.5
-502.63
-494.241
-425.245
-524.615
-529.873
-518.531
-523.018
-424.455
-431.957
-552.149
-647.259
-531.98
-546.692
-428.496
-536.681
-506.064
-419.59
-517.111
-517.534
-518.039
-419.729
-485.741
-300.38
-530.465
-532.569
-414.979
-413.203
-518.319
-509.125
-412.094
-411.476
-58.0318
-70.0257
-18.1523
24.7266
36.3961
34.4296
-349.199
-52.6938
-52.5746
-124.078
-56.0561
-404.743
-339.473
-51.3451
-51.8423
-51.5491
-340.179
-554.733
-410.28
-165.584
-31.5865
-284.966
-220.355
-313.899
-372.073
-366.477
-673.17
-661.957
-595.789
12.9875
-87.0234
-57.7197
-316.671
-221.277
-134.142
-710.566
-637.63
-342.536
-51.7596
-51.8031
-52.7296
-52.1928
-346.171
-431.615
-428.742
-426.318
-538.945
-538.741
-534.563
-535.596
-422.619
-494.032
-602.629
-653.39
-538.064
-537.527
-427.431
-437.515
-433.952
-420.248
-532.935
-533.624
-535.011
-420.356
-415.766
-152.744
-199.098
1.8998
-27.8789
-89.5352
-155.581
-0.300519
28.1426
-531.494
-520.042
-605.733
-569.638
-559.624
-587.325
-586.433
-626.83
-522.916
-514.212
-428.8
-419.442
-417.023
-489.964
-458.058
-460.256
-454.104
-456.029
-488.122
-579.81
-549.109
-567.923
-543.613
-551.59
-562.81
-522.631
-510.628
-484.86
-452.527
-452.958
-452.416
-452.349
-484.703
-411.266
-411.431
-1244.08
-435.487
-779.813
-386.506
-0.644534
-33.0573
-40.7057
-194.452
9.55055
11.2475
-112.275
-117.375
-401.177
28.5199
31.4672
30.2016
10.5935
17.6709
13.8423
21.8185
17.1353
-0.0413785
-53.8145
-52.8159
-350.094
-384.986
-56.5034
-54.0287
-51.6732
-51.4327
-339.49
-339.948
-51.4858
-51.6973
-935.385
-520.459
-567.247
-1506.3
-505.582
27.8179
-564.303
-2179.3
-328.707
-400.017
-830.021
-552.825
-586.879
-558.948
-615.864
-535.164
-421.244
-387.75
-408.538
-508.749
-437.386
-469.309
-407.369
-409.946
-480.084
-659.95
-670.689
-682.292
-564.871
-632.941
-632.255
-571.067
-619.218
-539.026
-47.904
-58.915
15.7236
-285.767
-179.041
-159.221
-120.181
-138.497
-199.066
-433.516
-318.452
-372.924
-191.999
-263.262
-392.452
-58.837
-151.914
-97.9737
-631.5
-704.603
-518.832
-653.614
-500.99
-592.922
-685.028
-559.49
-52.2146
-51.8444
-343.059
-345.761
-52.1623
-52.1538
-499.92
-469.722
-472.874
-463.029
-466.343
-497.074
-425.451
-422.208
-538.457
-538.732
-425.848
-526.391
-546.338
-545.542
-547.702
-547.279
-528.241
-519.764
-542.03
-541.009
-544.682
-543.328
-521.324
-423.617
-536.719
-537.813
-532.169
-553.724
-451.422
-572.872
-574.773
-550.246
-667.245
-622.772
-609.819
-535.825
-549.167
-548.047
-549.186
-550.285
-541.507
-428.003
-536.213
-532.934
-474.638
-447.674
-522.024
-494.357
-517.877
-476.398
-482.274
-511.924
-532.77
-532.65
-419.862
-516.68
-539.1
-539.477
-540.066
-539.309
-516.842
-520.756
-542.446
-540.248
-541.171
-519.205
-420.095
-534.105
-533.326
-412.359
-413.901
-487.404
-455.097
-453.36
-456.947
-489.13
-348.15
-274.58
-273.496
-388.428
-364.556
-453.755
-267.261
-267.552
-340.842
-524.903
-435.462
-409.118
-580.435
-572.188
-582.365
-341.891
-268.404
-267.496
-273.086
-273.138
-346.97
-607.836
-610.39
-2490.58
-281.95
-280.025
-352.605
-362.803
-290.302
-285.266
-265.858
-266.407
-339.627
-339.76
-266.594
-265.933
-604.174
-621.499
-588.411
-440.314
-531.189
-660.195
-530.11
-555.978
-542.307
-270.102
-270.27
-344.112
-345.291
-271.382
-270.458
-409.261
-275.614
-275.256
-348.92
-52.068
-136.462
-136.733
-135.228
-136.005
-52.134
-78.5521
-196.921
-220.855
-169.635
-182.385
-61.9058
-426.235
-342.852
-323.934
-265.875
-128.664
-51.1411
-130.831
-130.596
-129.844
-130.688
-50.8899
-340.722
-267.563
-266.764
-489.417
-460.639
-542.815
-312.879
-353.86
-428.068
-244.559
-297.225
-237.233
-268.693
-268.914
-342.535
-51.0578
-131.359
-130.953
-130.668
-131.226
-51.1816
-52.0284
-134.785
-134.86
-133.425
-134.364
-51.6766
-346.768
-272.976
-272.028
-484.691
-314.413
-151.521
-656.354
-161.476
-32.4096
-11.9582
-2994.16
-3839.57
-2194.17
-3041.17
-1106.65
-2044.68
-2244.81
-53.0307
-141.494
-143.396
-137.984
-139.736
-52.499
-351.343
-278.504
-276.732
-309.132
-298.487
-372.871
-54.4078
-154.827
-161.504
-146.256
-149.719
-53.9095
-51.0212
-129.786
-129.482
-128.87
-129.677
-50.8441
-339.85
-266.63
-265.989
-266.558
-266.993
-340.112
-50.8461
-130.254
-129.663
-129.6
-130.107
-51.0371
-813.717
-731.125
-777.971
-512.863
-614.043
-651.389
-572.686
-564.933
-526.247
-836.826
-921.668
-604.636
-1532.07
-973.255
-1208.91
-317.335
-419.441
-425.308
-60.7155
-271.397
-312.207
-757.694
-455.339
-907.625
-51.525
-132.469
-132.344
-131.283
-132.196
-51.2465
-343.797
-270.122
-269.126
-271.628
-271.807
-345.834
-51.4885
-133.286
-132.997
-132.549
-133.133
-51.5825
-468.405
-477.057
-1330.17
-671.649
-282.669
-236.03
-570.597
-137.305
-374.06
-60.3824
-486.844
-1148
-794.522
-1255.44
-630.628
-906.028
)
;
    }
    bottom
    {
        type            calculated;
        value           nonuniform List<scalar> 
85
(
-531.161
29.6834
-1294.33
14.3636
-1343.59
9.3058
-946.388
-765.871
-415.206
29.9356
-1000.84
-898.985
-1174.64
-606.095
-765.396
-170.598
-613.669
-821.328
-808.217
-830.372
-1365.57
-1080.39
-1063.6
-71.3183
-12.8364
30.6759
-48.9738
-241.722
-95.2045
45.62
28.9225
-1.60214
43.0542
-684.989
-721.28
-341.542
-733.087
-121.491
-357.92
-830.937
-838.704
-48.715
-5.31084
-16.7599
11.6443
3.88496
-28.141
-149.706
-90.4816
-168.415
-32.7148
-53.3253
-119.318
-23.4847
-14.2118
-73.7109
-20.442
3.7604
12.9286
19.9514
-1167.64
-1201.04
-1041.44
-1086.14
-1306.9
-1326.87
-1254.24
-1277.25
-240.434
-252.453
-252.428
-913.455
-918.504
-745.138
-636.693
-1362.93
-1363.07
-1353.36
-1356.4
-1339.02
-1350.34
-1360.89
-1362.23
-1359.07
-1359.89
)
;
    }
    interface
    {
        type            calculated;
        value           nonuniform List<scalar> 
1905
(
-347.865
-446.063
-444.727
-336.045
-328.911
-502.731
-502.293
-471.682
-567.293
-80.3369
-38.984
35.603
26.8208
32.1872
19.5284
7.03377
89.7047
-115.494
-241.657
-140.618
-67.8036
-48.1787
-48.8227
-45.5138
-44.5719
-42.9816
91.4839
21.8791
31.7393
-124.716
-1030.92
-690.754
-124.041
-334.831
-7.43908
-313.871
-177.295
-373.27
-517.593
-78.0747
190.766
-118.898
-389.81
-247.529
-447.103
-95.2757
-45.495
-45.2295
-48.2416
-46.6834
93.6038
64.6112
71.08
125.628
-27.3205
283.985
244.642
37.5401
18.1953
132.347
46.2343
19.4934
-450.973
49.8215
57.2941
65.6118
15.086
40.6663
-3.55742
45.5688
18.4663
55.94
99.3064
49.4004
66.1825
304.827
113.992
-2107.34
63.3998
84.1377
-1053.87
16.9097
-12.8689
32.692
-50.2692
-94.9529
-430.628
-897.82
140.307
104.394
53.3675
-307.704
-54.5442
-64.2634
-53.3156
-49.3796
-44.6336
-44.3839
-44.4555
-43.2703
-313.263
-88.8377
76.6629
0.160567
23.6863
20.9074
-1247.6
-935.769
-488.515
-523.983
-557.974
-475.261
-437.772
-105.923
-14.2457
28.1826
-16.5744
-218.499
-433.873
-417.443
-343.326
-183.303
-356.728
-20.1782
-430.318
-767.839
-461.319
-712.082
-57.5545
281.151
-736.098
-845.969
-236.31
-840.685
-519.106
-503.085
-513.043
-331.005
-424.639
-450.068
-475.18
-392.356
-133.802
-359.806
-492.789
-515.735
-550.24
-46.5366
-45.4231
-46.5082
-46.4948
-369.016
-568.152
-400.639
-526.271
-257.912
-412.373
-415.378
-254.897
-247.505
-406.075
-245.898
-406.903
-450.086
-589.263
-418.68
-614.733
-524.035
-577.201
-551.446
-530.838
-248.537
-406.16
-245.909
-408.758
-255.074
-412.911
-254.183
-413.206
-424.537
-283.878
-418.94
-276.425
-425.117
-268.008
-418.06
-270.921
-416.873
-246.094
-404.237
-243.899
-405.858
-245.619
-404.18
-243.616
-405.891
-162.847
-809.332
-487.109
-463.776
-522
-513.301
-512.537
-568.275
-581.884
-552.051
-560.268
-561.683
-514.769
-486.849
-515.747
-515.098
-486.468
-560.465
-250.682
-410.023
-249.288
-410.593
-252.361
-410.075
-249.672
-412.758
-33.3985
-63.9693
-41.2691
24.8748
-0.771085
-526.884
-480.031
-485.324
-524.323
-492.039
-456.031
-469.772
-483.201
-404.822
-370.481
-370.854
-404.565
-402.822
-368.654
-368.507
-402.26
25.232
32.2105
31.48
45.8244
28.978
45.2635
22.0633
45.1005
36.284
29.463
26.1654
40.0203
-143.677
-195.188
-190.17
-293.854
-45.8229
-76.6923
-432.107
-68.5796
-244.684
-176.942
-102.348
-346.508
-465.433
-498.599
-321.689
-157.669
-81.4231
-258.926
-415.498
-415.495
-258.652
-87.0839
-47.701
-87.3427
-47.6762
-79.3601
-44.5067
-248.119
-405.793
-407.85
-245.208
-78.5624
-43.9471
-405.425
-243.359
-74.7898
-22.1284
36.3364
-10.1124
40.4439
4.4287
25.043
67.0367
44.1343
56.9915
-83.8732
-1.81923
-2.35881
-1126.6
-902.707
-965.119
6.01148
-187.514
-159.478
-103.021
-504.015
-197.673
45.4497
-73.738
-124.547
-169.047
-376.707
-154.575
-284.989
-234.652
-232.698
-467.849
-622.381
-619.871
-484.595
-327.377
-296.823
-149.514
-315.808
-31.42
-129.247
-15.9272
-15.9166
-75.3656
29.3818
-2.97467
-200.955
-35.4647
-24.4212
-648.904
-619.616
-596.468
-676.715
-422.98
-66.3902
-278.092
-396.006
-465.663
-391.491
-226.842
-84.0407
-334.599
-614.127
-559.656
-549.877
-619.387
-422.801
-389.284
-386.224
-426.719
-529.734
-473.25
-466.151
-539.077
-79.656
-44.6449
-79.8603
-249.373
-408.87
-409.761
-247.387
-79.2645
-44.3633
-85.2505
-47.0697
-86.4315
-255.257
-412.154
-414.777
-252.147
-83.8891
-46.3294
-422.542
-385.442
-420.025
-386.698
-533.392
-468.439
-467.297
-535.004
-540.313
-468.349
-533.216
-473.661
-533.085
-465.771
-466.677
-531.63
84.0864
89.5988
110.472
64.4815
42.3781
115.584
-7.27736
18.5153
5.46096
-25.6512
65.7887
199.08
136.779
21.8014
19.6017
71.1052
30.9136
70.8027
25.4857
-8.1028
30.6145
24.4225
30.443
45.618
43.4446
38.8371
41.2383
46.562
-461.884
-520.805
-518.214
-486.171
-543.32
-592.546
-610.597
-596.543
-609.614
-569.815
-581.038
-567.738
-590.084
-551.236
-560.697
-548.346
-561.114
-527.711
-479.67
-491.023
-519.139
-548.671
-545.013
-545.938
-546.807
-409.489
-374.995
-374.811
-408.707
-453.312
-465.747
-454.675
-464.732
-459.455
-467.902
-457.269
-470.784
-452.804
-462.162
-451.279
-464.447
-401.728
-367.995
-367.808
-402.01
-450.87
-463.202
-462.463
-452.116
63.1578
42.0561
63.8584
47.8065
82.8788
62.6301
29.4027
27.2448
50.5412
45.0339
22.8754
23.1326
2.45535
-0.409518
2.50276
44.1277
18.2061
18.6554
13.845
8.15469
9.721
65.3255
58.2849
59.6737
77.0277
98.3626
59.2448
52.645
39.9309
43.2886
60.7311
70.948
68.4795
366.97
408.288
310.462
314.139
322.564
247.721
384.999
275.614
210.368
393.98
2099.71
-919.645
-1090.49
-1215.83
-4255.62
-3587.55
215.394
-1032.97
-236.524
72.4186
-361.415
-190.873
-1205.29
-702.251
-706.722
-743.057
-816.022
127.429
-92.6649
49.4708
-6.49241
-11.5947
-10.7946
45.7625
8.55187
10.3616
-137.876
10.4362
17.4021
-317.248
-395.554
-691.208
-2737.13
-3898.93
-1999.4
-218.18
-999.708
-514.872
-824.142
-1948.81
-1520.1
87.4953
-164.62
36.4797
77.3685
33.1767
40.1067
-25.0493
-314.194
1.87163
-294.004
-448.932
-306.935
-432.924
-110.412
-55.8748
-105.781
-117.472
-58.5786
-265.471
-414.836
-260.996
-417.944
-96.9679
-51.1943
-93.2066
-49.6745
-90.7222
-247.242
-405.714
-244.865
-407.038
-77.9352
-43.8593
-78.0161
-77.7328
-43.5573
-77.4299
-246.326
-405.416
-243.614
-406.928
-76.9971
-43.3925
-77.6378
-76.1344
-42.8203
11.1394
100.186
-0.980199
-31.4587
-243.013
-114.559
9.29544
33.8825
40.4091
10.6826
12.1091
36.3223
63.1092
18.808
49.2401
23.8871
22.3725
48.3468
29.3003
-39.7997
-115.305
-130.356
-245.523
-226.637
-223.887
-1447.95
-1288.47
-813.407
-1207.89
-1531.63
-1192.65
-1262.36
-1284.37
-1459.73
-1194.79
-796.843
-794.211
-718.66
-542.326
-506.484
-580.328
-622.678
-533.227
-612.418
-1341.1
-1546.27
-977.986
-914.236
-657.568
-674.543
-611.321
-731.082
-467.724
-440.565
-1478.12
-1319.18
-1291.71
-855.706
-1331.95
-1474.38
-1297.52
-1522.21
-1428.02
-1464.42
-833.317
-1490.48
-1340.88
-1340.3
-1493.65
-1355.83
-9.57968
-94.1885
-27.347
-4.49889
-14.0257
-11.6769
41.2246
20.1179
10.6694
-57.226
-16.6803
-31.3494
-278.518
-265.898
-323.902
-456.12
-403.257
-397.949
-343.698
-446.668
-380.828
-257.391
-389.688
-335.169
-155.486
-250.809
-216.595
-146.333
-361.462
-226.144
-90.1113
-34.0297
-141.712
-331.704
-431.176
-301.705
6.48695
63.8045
47.5719
-241.585
39.8477
272.018
333.739
-235.831
174.296
243.879
-21.3126
-249.429
-75.5574
-237.643
-512.084
-610.842
-495.585
-604.503
-605.007
-694.449
-505.143
-562.613
-435.619
-334.049
-740.188
-503.881
-2946.05
-1720.21
-649.758
-746.126
-753.46
-579.581
-651.175
-608.56
-746.944
-699.063
-820.925
-711.104
-427.634
-364.488
-493.604
-1073.5
-1035.16
-862.447
-803.777
-1018.78
-927.7
-909.155
-1300.36
-1578.88
-1792.62
-1195.35
-1300.99
-1185.76
-1458.62
-1789.26
-1668.1
-1250.62
-1609.6
-1095.15
-906.576
-867.483
-1067.11
-722.738
-552.808
-498.165
-713.537
-544.63
-686.441
-708.765
-513.949
-536.558
-716.854
-550.358
-520.664
-685.021
-555.669
-661.6
-681.799
-508.137
-538.008
-544.897
-652.077
-667.233
-653.935
-670.769
-602.713
-489.901
-561.127
-533.178
-620.405
-598.648
-628.619
-586.793
-406.498
-448.072
-381.498
-382.933
-421.282
-328.023
-450.614
-391.617
-457.167
-215.067
-265.347
-358.619
-409.616
-389.223
-453.013
-309.924
-501.004
-382.847
-546.31
-450.198
-504.951
-458.202
-501.801
-497.169
-557.258
70.2006
-62.495
-327.386
-1394
-1290.07
-838.072
-1385.13
-1282.41
-1266.94
-1375.33
-1481.78
-1490.4
-1457.37
-1324.76
-1278.77
-1383.95
-1559.52
-1580.38
-1540.8
47.6348
37.3375
-99.6926
130.048
133.644
-324.675
-97.5465
157.796
-326.418
70.4127
28.3923
-96.7731
-330.594
-94.8708
-330.421
-631.712
-622.382
-623.483
-631.225
-522.179
-469.437
-465.977
-526.236
-535.893
-531.707
-540.759
-527.237
-434.281
-413.517
-446.801
-396.051
-475.927
-490.54
-487.277
-479.81
-500.25
-513.692
-504.729
-511.675
-535.726
-463.468
-472.745
-522.883
-521.669
-525.992
-518.071
-530.438
-538.048
-525.342
-526.291
-535.418
-251.131
-408.922
-247.961
-411.657
-81.4669
-45.4796
-80.4951
-44.8766
-252.988
-412.547
-251.369
-413.263
-82.216
-45.766
-82.2992
-81.9481
-45.5561
-413.674
-380.362
-415.26
-379.566
-472.645
-478.584
-468.266
-483.351
-461.743
-475.727
-465.143
-472.958
-516.119
-511.709
-508.281
-519.296
-537.637
-468.9
-470.825
-534.86
-522.067
-511.644
-514.489
-518.892
-528.632
-514.819
-520.196
-522.55
-535.022
-472.626
-469.268
-539.528
-519.338
-518.198
-512.869
-524.757
-516.98
-507.716
-509.106
-515.358
-531.387
-465.751
-465.289
-532.148
-514.525
-509.441
-506.655
-516.99
-404.529
-369.722
-403.384
-370.169
-454.768
-463.643
-452.801
-466.424
-533.465
-466.175
-466.502
-532.669
-518.317
-509.614
-517.152
-510.756
-33.3397
29.0501
98.0493
131.253
115.472
108.581
158.925
-207.29
-225.847
-845.551
-872.155
-243.594
-194.281
-155.073
-183.184
-791.3
-809.899
-909.969
-213.212
-279.529
-554.454
-551.754
-511.859
-555.719
-431.563
-427.135
-425.208
-427.462
-667.065
-518.418
-666.075
-583.198
-697.861
-456.987
-445.64
-555.658
-373.771
-545.881
-440.132
-450.178
-552.091
-368.238
-547.586
-549.036
-557.153
-372.94
-546.272
-367.347
-549.517
-431.412
-550.255
-367.26
-548.781
-571.393
-578.963
-619.673
-572.507
-629.786
-570.282
-566.544
-574.447
-616.263
-528.183
-623.649
-574.447
-561.482
-535.231
-519.861
-546.501
-531.296
-556.517
-535.972
-429.81
-436.357
-445.346
-481.011
-440.063
-486.797
-443.22
-490.105
-449.21
-483.45
-438.702
-482.278
-440.439
-479.692
-426.831
-426.253
-440.504
-480.508
-482.04
-439.161
-536.31
-3306.56
-1867.73
185.036
-1024.9
-384.842
-242.596
-309.906
-342.7
12.3629
-489.043
-184.144
-1214.93
-606.005
-575.517
-156.053
321.563
-702.32
-639.357
-98.2868
-520.514
-632.254
147.223
-927.307
-1377.36
-6658.36
-616.042
-588.054
-615.436
-653.081
-636.838
-648.68
-654.136
-627.493
-503.276
-621.385
-574.963
-633.312
-523.567
-453.228
-583.193
-490.774
-744.931
-870.728
-265.773
-716.953
-734.311
-301.782
143.406
-744.104
148.93
-735.434
-582.379
-642.659
-570.854
-680.502
-570.862
-412.804
-528.398
-569.193
-530.145
-560.127
-522.933
-455.805
-502.456
-474.23
-495.996
-512.112
-460.379
-473.476
-533.189
-520.286
-507.049
-541.969
-382.617
-376.407
-546.501
-542.631
-506.417
-522.368
-531.595
-530.374
-536.492
-536.029
-516.778
-444.123
-434.789
-453.958
-502.22
-463.917
-491.186
-457.627
-487.325
-447.885
-496.831
-535.083
-494.468
-500.13
-530.033
-549.019
-372.037
-555.081
-531.773
-503.042
-496.774
-537.83
-533.227
-513.256
-541.668
-503.076
-556.64
-371.567
-373.928
-550.553
-540.845
-499.927
-509.013
-533.474
-529.012
-495.912
-493.282
-532.041
-548.109
-366.712
-547.119
-531.047
-493.915
-495.741
-529.638
-428.807
-426.906
-445.145
-486.414
-442.242
-481.905
-439.922
-483.367
-549.456
-367.297
-548.32
-533.523
-499.793
-532.305
-495.659
-530.969
-496.957
-158.035
-430.755
-716.972
178.126
-150.841
-731.807
-851.725
-856.464
-48.0686
-209.276
-100.919
-128.588
52.0485
-25.5835
-1437.04
39.922
-1328.59
-275.849
-272.321
-817.465
-890.392
-231.6
-104.19
-89.2809
-299.295
-148.723
-117.775
22.9587
-11.7681
-23.4959
101.984
153.581
86.9717
-89.6166
-3.0171
78.0007
133.229
118.873
-523.613
-556.295
-481.542
-481.01
-560.048
-521.715
-494.21
-513.899
-483.491
-463.912
-509.651
-522.976
-407.582
-428.18
-370.464
-373.138
-428.701
-403.664
-402.003
-426.808
-370.281
-368.428
-425.816
-403.814
-211.346
-511.643
-424.204
-137.569
-86.6902
-378.05
-88.5168
-79.9623
-368.353
-368.379
-369.053
-77.8808
-368.788
-74.7919
-541.985
-545.439
-379.893
-653.951
-660.886
-591.716
-603.975
-540.708
-689.583
-650.456
-561.332
-640.277
-473.777
-610.269
-501.346
-456.658
-641.399
-675.208
-428.804
-448.12
-387.241
-390.112
-452.602
-422.171
-538.626
-544.212
-377.196
-466.964
-473.12
-376.029
-555.647
-531.549
-370.151
-370.342
-370.453
-79.2529
-375.244
-375.838
-82.9563
-447.13
-417.153
-389.478
-443.408
-425.401
-382.977
-536.822
-547.865
-466.852
-469.506
-549.847
-533.267
-556.662
-534.532
-474.014
-373.852
-547.904
-540.652
-468.684
-531.726
-548.237
-467.802
-465.26
-545.937
-534.609
-407.285
-372.901
-534.749
-467.039
-165.749
40.5732
47.2626
-525.784
-544.899
-538.784
-491.496
-558.305
-560.777
-580.378
-589.609
-597.706
-634.635
-582.853
-585.01
-608.742
-629.637
-564.721
-578.689
-569.074
-588.853
-569.129
-563.592
-599.188
-605.53
-532.074
-541.644
-598.78
-583.811
-531.014
-588.512
-547.23
-585.12
-524.097
-541.583
-456.882
-490.766
-540.969
-494.061
-548.517
-554.203
-537.945
-537.321
-548.351
-543.774
-553.988
-534.615
-406.633
-433.678
-378.26
-372.924
-432.191
-412.363
-441.543
-457.651
-463.133
-483.927
-442.021
-452.304
-469.154
-481.883
-447.233
-454.912
-472.196
-485.213
-445.253
-461.602
-466.312
-488.318
-440.475
-450.64
-463.99
-480.04
-438.924
-453.011
-462.211
-482.182
-403.105
-425.258
-369.595
-368.932
-426.127
-402.717
-452.685
-438.771
-481.355
-462.469
-464.356
-479.984
-439.499
-451.654
226.495
74.1158
414.614
401.886
-192.555
4.0339
-349.741
-2613.38
-1666.39
-1102.96
-2046.98
-3234.95
-4594.19
-2222.12
-4345.67
-99.9397
-851.235
-356.31
-382.177
-128.777
-101.236
-367.445
-366.712
-367.709
-75.2886
-152.679
-115.439
-451.058
21.7728
-164.6
40.1463
-15.362
-18.997
-175.642
-139.01
-426.471
-158.582
218.549
-240.212
-197.22
-398.902
-129.281
-25.7279
-218.379
-274.03
-1417.65
-1247.3
-814.546
-561.695
-977.057
-1256.85
-1610.06
-1344.36
-1728.47
-1268.55
-1377.12
-1503.94
-1359.22
-1652.76
-1376.6
-1322.01
-1725.53
-1444.97
-833.442
-1446.41
-1525.52
-1849.3
-1446.75
-1843
-1457.59
-1504.44
-1517.65
-1838.58
-1440.32
-1457.77
-1802.26
-1771.15
-1433.31
-1405.57
-1805.28
-1404.16
-1498.69
-1710.29
-1393.87
-1698
-1391.38
-839.942
-1507.53
-1356.68
-1507.51
174.981
252.021
13.6322
112.015
-180.512
-12.5403
36.4167
91.6418
346.374
46.6816
-279.589
-676.011
-9.4383
-221.863
-667.606
88.5789
244.427
275.527
-91.8819
76.3658
179.893
6.07698
-245.58
-570.336
-121.239
-235.272
-598.388
-7082.49
1385.39
3212.93
-299.272
-2591.23
-1768.09
-2459.78
1300.96
-964.457
-1211.57
-2652.03
-1427.23
-6055.87
-1402.7
-457.881
-490.952
-646.891
-528.129
-582.802
-501.305
-542.614
-592.799
-561.908
-787.623
-595.36
-691.081
-718.073
-611.693
-599.45
-622.554
-623.893
-664.187
-712.659
-601.09
-656.583
-649.165
-651.598
-652.829
-657.99
-644.684
-671.433
-656.33
-613.426
-617.484
-449.916
-566.57
-526.274
-554.252
-475.743
-630.556
-612.357
-603.667
-560.237
-636.99
-625.41
-568.743
-547.201
-492.463
-455.551
-450.011
-457.858
-422.339
-429.741
-596.185
-596.698
-556.876
-545.778
-454.349
-524.337
163.757
179.388
-330.288
-745.847
-89.3237
-1594.52
-1449.54
-1877.57
-824.725
-1381.62
-1278.32
-1374.68
-1270.7
-1478.52
-1731.76
-1405.85
-1396.2
-1752.23
-1741.01
-1428.2
-1765.39
-1411.35
-1494.2
-878.191
-1417.46
-1296.01
-1383.29
-1272.1
-1816.87
-1401.33
-1416.29
-1780.68
-1834.25
-1438.81
-1859.69
-1427.52
-1511.52
15.304
27.7846
150.047
-243.856
-117.313
-136.124
-97.7622
-312.541
-725.033
137.883
-80.2827
-331.53
-728.327
1.74762
-161.25
5.8173
-310.66
-165.881
-94.5795
-331.647
-740.638
153.258
-96.9775
-330.086
-739.438
-584.603
-633.615
-601.685
-669.242
-582.724
-601.68
-629.153
-679.213
-553.352
-535.379
-390.165
-459.179
-493.262
-395.146
-538.059
-515.416
-567.639
-535.961
-534.136
-525.649
-568.422
-540.954
-532.411
-520.925
-467.823
-427.252
-429.78
-477.919
-467.066
-391.16
-486.824
-464.734
-505.633
-481.922
-498.296
-500.177
-467.751
-471.341
-486.6
-484.984
-532.981
-518.786
-495.148
-526.869
-496.225
-522.489
-526.907
-554.06
-379.007
-470.239
-464.535
-380.881
-538.755
-529.769
-533.632
-531.19
-516.243
-515.711
-530.183
-510.4
-541.569
-520.069
-542.303
-524.014
-534.16
-525.992
-528.309
-533.323
-521.442
-532.214
-82.2448
-370.126
-372.528
-79.7827
-373.493
-82.2265
-436.656
-419.922
-378.133
-439.733
-411.553
-384.494
-460.847
-464.944
-486.118
-493.557
-457.215
-475.88
-475.887
-499.581
-450.404
-469.382
-470.345
-493.131
-452.93
-459.735
-480.228
-488.978
-520.474
-530.847
-497.422
-508.843
-513.012
-495.318
-532.735
-516.589
-534.529
-553.118
-371.528
-472.259
-468.009
-549.288
-539.519
-517.065
-536.445
-498.147
-516.691
-509.475
-501.573
-532.126
-524.012
-541.195
-520.113
-524.082
-504.592
-532.596
-529.311
-513.875
-511.433
-540.576
-549.11
-373.91
-469.584
-473.106
-555.106
-535.935
-527.11
-531.354
-505.552
-512.752
-520.665
-501.417
-538.214
-519.661
-514.146
-531.501
-493.457
-510.455
-506.327
-495.87
-528.729
-518.345
-533.069
-546.11
-367.672
-465.906
-466.074
-368.189
-546.952
-532.548
-516.47
-529.302
-494.98
-508.376
-508.763
-493.494
-530.006
-516.123
-428.671
-405.378
-369.809
-427.189
-403.18
-371.699
-457.305
-468.89
-442.417
-454.219
-463.598
-481.677
-440.293
-452.577
-465.733
-484.073
-534.267
-548.847
-466.4
-466.851
-368.186
-547.178
-533.418
-519.515
-512.361
-532.34
-517.58
-510.385
-495.103
-530.089
-518.145
-510.057
-497.709
-209.364
-315.583
)
;
    }
    procBoundary0to1
    {
        type            processor;
        value           nonuniform List<scalar> 
224
(
-453.548
-690.064
-948.96
-403.315
-403.315
-403.315
-416.244
-416.244
-416.244
-678.293
-1282.95
-486.541
-660.121
-647.626
-1318.02
-327.301
-327.301
-327.301
-325.223
-325.223
-325.223
-805.395
-1053.45
-725.519
-725.519
-417.829
-417.829
-417.829
-1570.41
-407.717
-407.717
-407.717
-313.563
-313.563
-313.563
-811.441
-1169.04
-1442.91
-1291.06
-1356.47
-1282.59
-647.292
-647.292
-2103.54
-430.506
-1555.57
-1554.92
-1134.78
-1664.96
-978.711
-978.711
-978.711
-1339.72
-1442.51
-1541.28
-1495.56
-1743.8
-1755.25
-1351.53
-1539.33
-1535.67
-1463.67
-1717.26
-1697.45
-366.629
-366.629
-366.629
-316.227
-316.227
-316.227
-399.404
-399.404
-399.404
-428.303
-428.303
-428.303
-486.541
-660.121
-660.121
-1434.05
-1434.05
-1434.05
-1434.05
-1434.05
-1434.05
-329.764
-329.764
-329.764
-322.43
-322.43
-322.43
-414.844
-414.844
-414.844
-432.143
-432.143
-432.143
-311.221
-311.221
-311.221
-1467.18
-2785.79
-1359.73
-1282
-545.726
-545.726
-545.726
-2453.23
-1114.56
540.71
1017.53
-4044.95
-1528.96
-1589.55
-1590.94
-1367.57
-874.077
-874.077
-874.077
-874.077
-583.479
-583.479
-1365.8
-1569.62
-1548.74
-1411.44
-1613.25
-1653.29
-339.174
-339.174
-339.174
-319.319
-319.319
-319.319
-569.965
-651.03
-516.951
-561.428
-571.916
-948.96
-690.064
-948.96
-948.96
-349.297
-365.291
-362.07
-354.918
-390.337
-377.13
-412.993
-409.539
-296.972
-295.331
-295.34
-299.395
-291.917
-296.341
-292.576
-289.772
-436.502
-409.265
-370.086
-379.723
-392.113
-365.202
-407.469
-416.036
-280.786
-284.62
-280.743
-279.664
-1114.56
-2072.65
-2453.23
-430.506
-2103.54
-4044.95
1017.53
-1554.92
-1555.57
-1589.55
-1528.96
-1664.96
-1134.78
-1367.57
-1590.94
595.399
-716.557
-875.2
-561.428
-416.411
-1743.8
-1535.67
-1539.33
-1548.74
-1569.62
-1697.45
-1717.26
-1653.29
-1613.25
-321.206
-343.882
-308.295
-300.464
-286.124
-284.326
-285.903
-290.776
-568.44
-1137.93
-1191.27
-1437.68
-1364.96
-1433.83
-1341.06
-1177.87
-1381.08
-1294.63
-1385.31
-1457.05
-1394.22
-1428.01
-1496.21
-1411.07
)
;
    }
    procBoundary0to2
    {
        type            processor;
        value           nonuniform List<scalar> 
47
(
-424.954
-482.335
-510.469
-339.22
-45.4788
-413.843
-413.769
-426.765
-339.22
-328.472
-480.989
-521.209
-517.938
-549.59
-454.01
-478.191
-488.148
-457.549
-453.73
-533.785
-517.23
-507.77
-531.087
-548.08
-251.972
-251.972
-328.472
-235.836
-71.0101
-101.955
-101.955
-413.769
-426.765
-361.271
-517.938
-549.59
-360.122
-480.989
-480.989
-457.549
-453.73
-478.191
-488.148
-531.087
-548.08
-517.23
-507.77
)
;
    }
    procBoundary0to3
    {
        type            processor;
        value           nonuniform List<scalar> 
43
(
-307.716
-307.716
-307.716
-306.676
-306.676
-306.676
-306.058
-306.058
-306.058
-306.917
-306.917
-306.917
-309.299
-309.299
-309.299
-306.035
-306.035
-306.035
-310.325
-310.325
-305.834
-305.834
-305.834
-308.341
-308.341
-308.341
-276.756
-277.052
-277.029
-280.018
-274.872
-277.207
-274.8
-275.626
-279.242
-274.303
-276.431
-274.32
-275.932
-275.852
-276.515
-275.992
-278.761
)
;
    }
    procBoundary0to4
    {
        type            processor;
        value           nonuniform List<scalar> 
58
(
-448.889
-1452.07
-1452.07
-1452.07
-1651.43
-1015.61
-1015.61
-1015.61
-1015.61
-1015.61
-802.078
-1627.66
-1620.54
-1683.92
-1697.73
-1154.51
-1204.28
-853.78
-749.671
-1317.28
-1149.07
-724.763
-853.78
-520.332
-371.723
-232.008
-371.723
-407.862
-371.723
64.2431
-105.672
-1317.28
-1458.5
-853.78
-749.671
-520.332
-155.404
-882.449
-36.0436
-232.008
64.2431
214.602
-105.672
-368.785
-974.643
-105.672
-105.672
-1149.07
-1294.57
-1620.54
-1461.31
-1539.33
-1458.5
-1697.73
-1483.07
-1683.92
-1697.73
-1557.87
)
;
    }
}


// ************************************************************************* //
