/*--------------------------------*- C++ -*----------------------------------*\
| =========                 |                                                 |
| \\      /  F ield         | OpenFOAM: The Open Source CFD Toolbox           |
|  \\    /   O peration     | Version:  2012                                  |
|   \\  /    A nd           | Website:  www.openfoam.com                      |
|    \\/     M anipulation  |                                                 |
\*---------------------------------------------------------------------------*/
FoamFile
{
    version     2.0;
    format      ascii;
    class       volScalarField;
    location    "0.106/solid";
    object      sigmaEq;
}
// * * * * * * * * * * * * * * * * * * * * * * * * * * * * * * * * * * * * * //

dimensions      [1 -1 -2 0 0 0 0];


internalField   nonuniform List<scalar> 
3125
(
73025.4
60043.4
45977.4
22912.4
3230.91
103488
61743.8
71779.5
71665.6
99742.9
67478.8
38692.2
25665.4
43655.5
12790.3
34859.1
3119.72
3423.84
10565.3
3468.33
130150
120869
47785.8
62045.6
75950
54490.8
60620.8
80907.7
64251
45357.8
52475.4
58584.4
3276.57
9977.08
19656.4
14654.2
10821.3
20482.2
11249.8
3449.42
11920.3
9602.01
171016
153019
126933
105477
66398.4
78293.8
95773
117946
67823.3
98420.5
83462.4
102574
167051
139621
84037
98283.4
121680
149488
88064.2
125104
109324
135761
55139.5
77472.4
95038.2
54904.9
73193.8
105649
80857.5
50617.4
50757.5
70217.7
45910.6
33810
33709.2
20973.3
30784
43611
36294.2
32281.8
21864.6
32220.3
52171.2
33245.3
21011
16598.9
29339.5
48016.9
24208
31450.4
16339.4
30832.6
2126.55
4670.97
15085.5
5493.4
6622.7
14638.9
5563.03
2523.96
4259.47
5689.82
196793
78925
62304.6
72334.1
56516
58273.9
53063.4
118455
106095
39705.9
48217.2
42988.6
1635.1
3090.19
20320.2
20156.4
16718.1
19003.5
13945.3
3422.68
6151.4
5731.75
200265
108493
191861
177276
63362.3
57733.9
61332
77410
70507.3
73170.8
122686
135698
195244
180362
75829.4
72440.4
79112.5
106247
95922
99401.4
124264
137704
61302.2
71825.8
70265.9
63281
63745.1
119884
107061
39582.9
42632.9
45288.1
59107.5
49976.4
28384.4
21509.5
25041.7
38588.4
41271.1
35281
20865.7
26986.7
57944.1
48343.2
15282.8
15125.6
18848
37762.8
31154.1
32468
17780.4
24152.9
5385.91
2747.17
1296.71
1553.1
13986.6
8613.62
10814.9
15858.1
10719.3
3144.74
2628.95
3075.1
177184
88272.1
86687.7
75818.5
57571.7
53653.5
66327.5
78893.9
55687.9
69374.9
60506.2
69148.3
56293.7
56416.2
48541.9
51892.9
66960.3
50908.3
54912.9
90442.8
102091
106909
73505.1
95975
82191.2
71126.7
92442.2
40763.5
50812
44485.4
50390.6
47403.3
44108.6
52698.7
49592
45751.1
7179.55
3988.23
2260.13
5141.73
3796.85
8222.19
6279.76
4794.89
20223.8
15797.8
16576
17391.6
11857.4
15512.5
14542.4
11687.5
15357.9
8380.8
12433.3
19562.2
16444.2
14892.1
9461.47
15130.4
13456.4
3449.38
4945.12
5607.13
9194.79
10638.6
6954.17
6046.39
10464.8
6808.52
194476
119455
172715
117501
159532
158362
172488
114436
142509
155215
64916.7
66391.2
62609.2
61963.2
85556.8
66418.9
72692.9
88053.4
67963.9
86426.3
109371
81102
69186.9
67741
71741
106582
74335.1
79357.5
153737
140135
110663
91391.2
122236
138361
94121.3
126195
189699
155217
175515
161005
175469
151297
156996
170840
79957.4
88094.6
81325.7
78752.6
108177
86219.1
96324.9
111521
88719
116881
138957
109124
92027.3
90330.7
97155.9
135472
98862.4
106563
156261
142277
121617
120517
134596
152446
124296
139003
86846.8
75478.5
60225.1
64396.1
70553.7
85250.2
67590.1
74133.2
76307.9
85475.7
69038
59084.7
55313.5
61627.7
82353.2
59653.9
66667.2
90767
102898
117377
94808.3
104940
89076.9
91263
100894
42237.3
58734.5
48531.7
46661.8
53272.7
47230.2
61537.3
57378.4
50688.9
54784.9
40506.8
46827.9
38919.4
47089.9
38783.3
37185.9
44313.3
31074.8
29652.1
26206.5
21434.3
25045.1
25059.9
29869.8
26441.1
26263.7
39531.1
38565.2
35887
38811.4
30794.1
34158.2
36951.7
31071.3
34676.8
36361.8
29200.3
21247.7
26148.2
26708.8
34951.2
27624.1
28666.1
56924.5
43646.4
47474.9
36700.3
45305.2
40938.7
35991.1
44480.8
18028.8
24462.9
20174.3
15479.7
21608
19499.1
25617.7
23429.6
20944.2
40223.2
40551.5
34400.8
27596.4
25972.1
30793.2
38182.2
27273.3
32554.2
34006.3
26474.5
17325.2
22012.7
23604.9
33331.7
24087.3
25896.6
4387.32
2056.92
1550.74
1968.61
1596.75
4283.84
2512.46
2083.01
14253.4
11011.9
10881.6
6928.68
7114.82
9844.17
9808.24
7033.7
9857.79
5417.63
9221.55
15434.7
10134.3
10399.7
5266.33
8836.06
8939.95
3012.75
2523.86
2972.68
3280.34
6259.34
3813.09
3215.9
6160.04
3702.39
234375
240291
71209.8
75246.7
140059
134975
326.794
495.651
17677.9
15536
224539
230335
228487
222634
145202
150405
218782
213064
138024
143028
67525.1
71341.5
133085
128206
67256.9
63397.9
19943.2
22329.9
63794.9
60152.8
19288.3
21537.9
2877.39
3718.37
3232.73
374.761
462.219
17151.4
15125.6
3435.56
3416.53
2822.4
3716.2
2914.43
3185.67
3655.4
145604
133406
118483
121362
149256
99835.6
110079
123825
107048
109530
112686
97766.4
101245
96711.5
51693.8
49700
48993.2
50618.7
53890.8
60915.5
68092.9
59885.2
59129.8
65604.4
66830.5
70627.4
71385.8
73646.1
69639.7
68288.4
68607.7
59801.8
59763.6
62695
57160.8
61343.6
58439.7
58987.5
105851
110534
89762.8
76458.3
78397
74382.9
86884.5
62734.2
70629.7
66498.9
64585.4
73216.6
49138.1
43614.6
47140
47819.2
49260.5
45209.9
47821.8
55750.8
58205.9
56586.4
55365.7
56673.5
57088.1
53601.2
4343.05
3337.62
3223.11
3421.58
4090.85
4519.03
3475.37
12257.1
10020.4
8721.25
10840.2
8731.96
23338.1
19770.9
24040.2
18358.8
22637.3
24757.2
18508.7
16131.1
14113.7
12051.2
11070
15544.1
14677.2
12294.6
5505.84
6821.38
21065.6
23637.1
19120.4
22214.7
19602
13680.4
11330.7
12534.2
15107.3
12661.2
5042.17
3463.76
3346.37
4241
4789.69
3388.54
4336.73
11779.3
12683.2
8394.92
9853.08
11261.6
13221.8
8643.26
178885
174991
185878
183138
190031
172882
140771
156562
178332
143980
182236
169255
141989
115650
123751
112859
138410
188331
193942
97066.1
108422
117771
99583.2
121108
71285.7
72682.9
73168.1
80676.3
69776
74985
74772
79243.9
86674.5
88008.8
93163.1
80928.6
84626.5
85719.9
93758.6
107503
104613
115056
95742.8
102220
104958
84411.9
88766.1
101106
90333.6
90901.7
82653.1
92691.1
182762
177243
92688.3
78572.9
86060.5
80728.7
95661
94595.6
114477
99712.8
92169.3
111226
174645
181725
163096
170419
177571
179676
185124
152677
143497
145415
149534
156816
114245
91049.9
101556
115796
94030.6
119656
110596
132604
143051
112336
118275
109241
136284
139134
161971
137571
174423
145966
165617
134378
170508
143643
146973
128545
115446
118572
150896
139966
174277
168930
113343
113028
119924
117252
123968
148544
141316
131919
137240
144420
95992.3
91683.7
56524.8
58167.2
59581.9
59682.7
63011.6
84723.2
79864
74131.4
76365
80985.5
103333
88093.7
91820.8
111951
85161.8
106957
108125
85501.7
85678.1
76209.5
68170.8
70924.1
89346.4
82010.3
100378
104837
109467
102003
115902
105626
111902
88500.9
83411.2
84286
87006
92319.1
58564.9
47537.2
53271.8
57806.8
49966.1
61119
55395.8
75117.4
82044.5
67281.4
65453.5
62771.3
78447
78546.6
49542.4
47389.4
44071.6
45803.3
47436.5
42246.3
45521.3
36656.1
35432.7
35780.5
38142.8
37610.9
27587.2
21045.1
25444.2
22309.7
26178.3
26845
22332.3
34506.7
35191.4
30336.8
29313.1
35862.1
33805.4
28965.9
45190.8
42046.5
46389.3
41897.5
46504.2
44970.5
40503.8
38560.2
36579
33809.5
31727.1
37968.6
37217
33137.8
39071.6
36005.9
22559.4
25061.3
23268.4
26490.3
24085
35181.4
33991.1
30657.6
33712.2
32241.5
53429.4
56213.9
49264.7
50399.9
52910.3
40248.7
43327.5
34597.1
35735.4
33728.9
36318.3
37454.9
16127.8
16306.7
18190.6
14878.6
17780.7
16857.8
14234.4
27163.9
30960.8
28042.1
27297.7
26167
29654.3
28365.9
49220.4
45157.6
54552.7
45471.4
52278.7
42827.2
51359.8
34882.9
33643.5
33629.8
29979.5
31979
36409.4
32229.4
37268.5
34388.5
16149.2
18135.4
15179.2
18016.9
17233
31825.3
31219.4
28499.4
28792.8
29143
4351.04
3336.97
1862.74
1604.86
2146.71
1505.89
2214.97
3115.78
4165.38
3869.01
3403.35
2699.74
10798.3
14902.2
13650.6
13017.2
13566
12455.1
11280.6
4647.82
3982.34
7616.33
6888.66
7856.16
4766.84
3926.5
5506.07
6792.56
14381.2
13036.6
13244.2
12715.3
11433.6
3737.06
5039.73
6551.9
6030.76
4572.4
2755.54
2677.36
1981.33
2510.37
2109.06
2507.25
2791.18
3024.89
3391.79
4811.77
5969.18
5089.94
2982.65
3390.44
219069
201757
224534
103378
106986
105970
103557
83588
79372.8
67965.4
65573.7
71719.4
79470.5
68918.5
75555.6
83407
85071
84170.2
84827.6
81407
81668.6
82050.2
80538.8
125000
129952
131862
114279
127152
117907
110157
122499
62475.5
60639.3
61730.4
61080.8
64534.2
65314.9
64326.5
65860.1
1225.93
827.921
676.427
1846.77
888.344
1945.25
2349.01
1339.07
28288
28735
30058
27057
26488.6
23557.3
25241.7
24726.6
11641.4
13520.4
18179.4
17229.8
16186.6
12553.5
15541.9
14309.6
5538.4
3478.22
5190.14
3824.85
7839.79
9206.71
7352.92
9791.25
112799
119708
122787
91159.7
93302.7
96474.7
94384
112297
110629
108305
110056
84858.5
88190.7
93011.7
89693.4
119018
115891
111908
115074
209869
205315
215227
142492
130374
131699
140151
213633
186963
208228
211040
216815
182101
197518
202855
86823.5
87865.8
86167.9
87971.4
88781.7
90729
90764.8
89336.1
101809
104218
101720
105111
99971.1
103092
102342
99955.1
160983
155664
136626
126971
141444
151235
131309
146314
204544
190252
199254
201756
207388
185290
188786
194000
99669.2
91436.5
93414.3
96860.6
102656
98658.3
96747
105424
135195
127434
126016
137605
132575
121497
123007
130094
153218
148092
129639
128695
134294
143768
133176
139003
90000.2
87803.1
84327.1
86570.7
61652
63998
67930.9
65578.7
83271.9
79932.5
74927.7
78266.4
44576.8
47654.8
52699.8
49545.6
30510.7
32596.8
36392.7
34244.6
60036.1
57699.7
53734
56060.6
11358.9
13273.4
16668.7
14550.5
42703.7
39714.8
34986.9
37872.3
79232.6
75244.1
63772.7
64735
67350.4
74747.1
68243.9
71008
90999.5
88078
93834.8
86048.1
87951.9
80592.5
82670.7
85091.8
118652
123394
125040
115555
120495
111591
111280
116011
52703.6
47815.4
49928.5
49968
55649
55289.8
53152.6
58437.7
64290.3
55986.1
60700.5
55958.5
59628
52941.4
53779.7
57195.2
33694.3
30658.9
31931.5
32312.8
35593
35942.6
34321.8
37347.2
57544.4
58092.3
59008
56903.5
55501.1
53143.5
54426.8
53967.7
27461.1
24835.5
20285.4
22817.1
22504.5
27273.6
24857.9
24834
60271.7
54663.4
56852.1
53143
56601.7
51463
50271.2
53518
14009.6
12263.9
13593
12303.1
15910.8
17165.8
15677.4
17810.9
44424.9
44671.5
42601.3
47088.2
41632.5
37537
39553.2
39050.9
26362.7
23896.7
18449.1
19803.8
20559.7
25093.5
21928.6
22773.8
28891.7
26863.4
23333.4
25291.8
3224.65
5083.32
9174.69
7274.02
10252.1
8561.71
6213.84
7653.67
4205.04
4050.36
3415.25
3773.46
1155.21
751.343
711.675
1156.18
643.459
1151.1
1234.77
736.509
9148.76
10417.3
10631.2
9273.98
7739.91
6764.93
7693.46
6519.93
11426.9
13216.2
16441.8
14037.7
14537.8
11064.6
12324.4
12744.8
3505.52
3273.77
2492.17
3518.86
2647.28
3700.06
3348.3
4118.1
4141.77
4010.29
4088.68
4102.37
3414.13
3809.98
3852.15
161722
181688
165819
87880.9
92255.6
95869.5
82997.2
91660.5
83459.5
79373.5
87523.8
54406.3
60425.3
56939.3
51659.3
53948.5
58433.2
52274.5
56138.5
63345.7
62179.5
59531.4
73342.9
75659.1
70466.5
57765.8
55646.4
60774.8
57374.3
63163.8
72486.8
64885.7
67647.8
65389.1
71376.9
66233.4
64660.2
63964
67920.1
66616.5
75504.1
75006.8
74444.9
75645.3
77536.9
78900
78507
78386.9
61174.5
64808.1
64576.6
62738.7
62562.2
62945.9
60848.9
120108
115284
100145
94262.7
104490
113371
98144.8
108898
98322.4
103211
95014.5
75927.9
70352.1
81271.6
72345.8
84053
99565.3
88554.1
91757.9
76274.9
85550.1
79263.2
68789.4
68393.7
78537.1
66469.6
75851.1
88966.8
85402.6
82305.3
50453.8
48961.3
52180.8
48482.8
50716.8
51771.7
46835.3
71226.2
72282.4
72379.2
71520.3
69174.8
67963.1
67932.7
68844.2
54420.2
54625.5
53659.9
50158.9
55159.9
53092
51865.8
1791.17
2488.15
5547.41
6045.25
4490.9
2693.49
4978.69
3540.72
2770.34
2442.38
2913.24
4121.36
6733.46
5132.75
5501.17
4135.07
2966.5
4374.56
3467.77
9036.58
7028.08
7793.9
7484.84
8056.93
6263
9437.18
7474.13
5883
5440.4
6591.51
21907.6
17068.3
19809.8
16000.6
20468.5
21223.3
17248.5
19570.8
16915.9
17877.7
18557.8
21235.5
21837.4
22974.1
20162.9
17581
13291.6
18393.4
14763.3
19028.7
16969.5
13527.7
9892.41
8284.65
6713.78
9655.19
7996.23
10913.5
11002.1
9393.83
20161
17943.9
18631.3
17771.7
19372.8
16758.2
20790
18165.8
16386.8
15707.5
17147.4
10308.9
10747.3
11611.6
13824.9
17952.7
15370.5
16528.5
14004.3
12075.7
14304.9
12940.9
6220.85
3970.12
7112.21
5137.7
5852.4
7546.64
4104.55
14599.3
15399.9
16263
13777
13068.8
10729.3
11416.2
12351
10349.3
7207.96
8458.88
6272.21
9852.38
8931.96
7448.17
102370
100410
97465.2
99498.5
103198
105091
107653
105832
102275
99006.5
94410.6
97711.5
103459
106698
110966
107765
185829
199276
190347
157660
168284
153635
120606
107412
131370
110112
134870
163889
145700
149648
205299
199598
176533
163029
181720
192215
167738
186949
111409
104758
127909
102148
124487
130307
146703
134093
141791
150939
137921
93637.7
95816.5
96140.4
93970.9
91725.8
93526.4
91282.4
93350.3
72817.4
83098.2
78724.5
79049.6
74378.3
76835.6
76895.5
77592.4
90589.6
80651
81238.8
75968.4
82619.2
83462.7
91811.5
112197
97559.6
99955.2
99868.2
89901.7
102440
96100.3
98608.9
98144.1
95875.9
97972.7
100314
98092.5
100925
86203.8
103827
95297.6
97501.9
93078.4
88034.5
95081.5
166350
171770
171384
149156
166279
156203
144622
161218
101681
114470
105091
88704.5
85172.9
101749
82928.2
98681.3
118328
112058
108550
126566
134259
122869
96895.5
87459.8
104862
89791.4
108021
130204
115615
119219
181331
184946
176851
159150
162013
169261
166208
173415
180217
167956
172392
196167
190619
168328
165788
173378
183608
170610
178470
147389
157834
165109
153674
160961
150451
161580
154788
163541
166195
159151
113979
108808
107044
116646
111091
101952
108369
103797
117905
104855
100057
127420
97033.9
121573
123533
128924
114888
103100
131316
106162
125247
135222
158318
142455
128022
162668
131196
166589
154658
122090
112004
113690
119480
124853
118423
127398
116827
147319
132001
124861
158745
121710
154820
150990
158400
163636
163321
151558
158359
148582
146896
153445
116861
125901
120939
116760
125165
132108
121194
128031
130228
129206
125054
146141
147929
141860
128097
129164
136200
133189
140305
143448
133393
137610
77066.8
79372.1
83023.7
80744.5
75628.9
73299.1
69465.3
71813.9
64775.1
68074.5
73193.7
69870.7
62937.3
59672.4
54584.3
57803.6
44158.8
41926
38052.1
40250.6
45837.8
48109.3
52080.9
49778.4
24417.5
21941.7
18089.9
20396.7
26066
28694.5
33191.2
30427.9
83302.5
87451.1
90434
82990.6
86402.9
78558.6
79200.1
82441.8
58103.3
63597.8
61345.9
61254.3
66185.7
70046.1
62903.9
66501.8
67041.8
68029.2
64655.1
82126.6
81482.8
78514.8
70836
69524.1
73642.9
72917.1
77290.4
77776.7
71465.9
74960.8
99725.9
88632
79377.4
100536
82255.9
96137
104319
76090.9
69575
71714.1
73221.3
79157.6
77207.2
82025.6
75095.9
89021.9
79263.2
76529.9
96778.8
73711.1
92568.1
93047.7
113977
109370
94532.4
94750.3
98698.2
107229
98793.9
102929
112822
113183
108824
98387.8
98056.4
103979
101821
107927
109037
100959
104869
85791.5
92961.3
89508.5
87754.2
94329.6
100060
90645
96172.5
96900.2
97093.3
93275.7
61786
55979.3
54961.3
67906.8
52441.8
64487.4
65055.3
67305.1
66211.2
64060.6
70159.2
64269.8
58576
61439.3
60729.7
71723.8
64387.6
57523.5
71374.9
60128
74889.5
68369.1
51930.9
52065.5
49513.3
42269.9
42688.6
43369.8
44235.1
45378.9
49412.7
44856.2
47155.1
52379.5
48899.8
41022.7
41559.2
44070
50450.5
44283.2
47213.5
37090.8
41161.4
41405.1
39645.3
39484.5
36246.1
39492.2
38311
42614.9
41869
40433.7
42988.5
43311.6
41801.4
44673.3
41021.4
38046.3
39297.2
39618.8
28986.4
23668.7
29636.3
24944.2
30380.1
28242
23633.6
33142.2
27865.6
31026.2
26266.9
31763.3
32418
27609
43872.1
40214.4
42149.2
37486.9
43556
42547.4
38982.6
48321.6
45581.9
47025.6
46683.2
50336.1
50728.7
51924.9
49363.9
39893.4
35365.7
40752.7
36016.9
39358.4
41224
34567.3
30197.2
33045.6
38070.2
33888.2
35217.5
29817.5
31502.1
32466.4
21738.4
23001.3
23365.9
24697.4
29363.3
27238.3
27924.5
25643.9
24821.7
26774.2
25044
34239.4
32786.4
32288.8
29127.8
30806.3
28870.3
32256.2
30537.5
30693.7
28559.8
30397.8
54927.8
53698.2
51822.1
46422.2
44550.4
46506.8
47439.8
49673.5
50548.1
45831
48789.9
49776.4
46502.4
38152.6
39482.4
41046.6
47106.6
42350.5
44029.1
38300.5
41731
43413
38985.7
40394.4
34763.4
38737.7
37410.7
42945.4
41568.2
40138.1
24270.8
25333.5
23581
26498.8
21989.7
19462.2
19913.6
21094
18131.7
19861.1
20933.8
21150.8
19323.4
20242.4
18949.3
24762.5
25326.8
22611.9
23457
24356.8
22454.7
25863.2
46221.8
42982
38322.2
45167.8
40548.5
48230.6
43285.5
31302.7
27991.3
29849.3
28938.4
33877.4
34600.1
36357
32656.9
37612.4
35874.2
36151.2
42174.6
34036.1
39254
40414.2
28935.3
31609.5
35348.7
31402.1
32638.4
27510.7
28891.6
30024.3
16780.8
19318.3
18696.9
20027.4
22048.3
21681.6
19983.9
19400.7
21412.3
22823.8
20711.8
32198.9
30761.2
29719.7
26249.8
24206.5
24067.5
26454.6
26555.2
28283.1
25032
27330.7
16700.3
18485.3
21814.7
19937.7
15315.4
13597.2
10591.3
12275.7
3221.96
4004.4
5538.81
4392.8
3151.59
2802.12
3052.4
3008.82
1738.67
2463.12
4353.37
3479.37
3361.18
1755.19
2700.11
2492.51
1784.82
1243.76
1382.92
1618.55
1756.75
2230.48
1499.38
2180.09
1299.3
1705.34
1406.98
4314.71
3425.47
3495.48
3150.77
2199.47
2313.39
2749.44
2454.13
2692.41
2194.07
2790
9270.88
12291.6
11093.5
8209.22
12296.2
7879.57
9675.73
3890.29
3588.49
3934.52
3440.42
4553.15
5494.11
5436.03
4829.44
5553.98
8676.68
9954.62
6891.66
8877.14
6635.28
5739.64
9756.26
8210.93
5462.53
6568.97
6688.82
9490.22
7836.54
8030.23
14964.2
13648.5
13249.1
11533.7
9706.72
8217.86
11156.3
9756.33
11970
10138.9
11640.7
5247.87
6372.45
6297.56
7641.26
8364.82
6829.77
7138.58
5608.09
7596.78
8743.15
7462.34
2635.91
2026.36
2726.7
2462.17
2179.66
2436.9
2611.49
3229.17
3126.88
3111.9
3257.76
3378.29
3288.06
3581.2
3036.73
2798.36
3987.05
3457.27
2555.82
4252.66
2719.68
2667.73
4803.1
3286.03
3128.65
3185.04
4087.49
3399.51
3450.48
3062.8
2931.56
3847.83
5166.58
3471.35
3489.39
4225.49
5258.12
3450.94
4310.53
3003.78
2850.75
2388.67
3348.94
3244.49
2255.83
3075.84
87079.4
74561.7
80370.9
81773.8
74712.8
87475.5
82759.8
71054.1
54420.2
66209.6
55378.7
71261.3
54451.7
65207.7
69151.8
63208.2
54182.6
52381
52374.4
64239.5
68845.6
54536.6
39929.3
40787.2
49732.4
40243.7
53660.3
50971.8
56406.2
53373.1
41909.8
42285
42040.2
52169.4
57192.4
26013.4
20447.9
26177.3
19127.6
27523.8
19430
24684.6
24344.6
21677.7
17923.1
16984.4
18061.9
23177.9
22803.8
5314.33
3367
3489.21
4068.62
3407.47
3901.18
5207.2
7157.7
8292.47
4514.03
5776.07
4569.59
6791.39
8832.49
141413
95911.1
110794
145211
96763
139226
147992
73296.2
56537.1
67148.7
58897
73178.3
56491.9
68129.3
75202.2
69998.2
58595.5
60144.1
58648
75236.7
69037.2
85870.6
72228.7
80886.4
76006.9
85506.1
72129.7
79924.6
83921.2
78104.4
74533.5
69758.4
69810.9
79052.1
84233.1
97074.9
64784.2
74667
97466.7
65807.8
94485.7
100488
100319
106620
69620.5
76864.9
68613.2
102883
103608
133942
92871.8
142309
103947
136196
91994.2
139483
130871
133673
101699
88074
88981
136537
128559
88618.9
62028.2
68064.9
94343.4
60997.5
91233.4
91317.2
85371.8
85177.9
65915.5
57253.6
58295.5
88195.7
82745.4
50883.6
36245.9
41461.1
49637.9
37281.1
48402.6
52400.5
53897.7
58128.6
43346.9
40570.1
39531.8
55291.7
56437.1
30715.2
21846.6
27674.9
22692.9
29241
22802.5
29159.9
32448.1
32102.1
25120.2
23874
24239.2
33877.6
30634.9
50823.7
38185.2
48492.6
37499.6
51788.9
37791.8
47215.5
48977.8
44625.9
36378
35625.5
36096.6
45940.3
47917.7
13884.1
14590.9
16322.7
12833.6
15517
12377.7
14498.9
15804.2
18180.6
17734.1
17555.3
16795.1
17493.9
16318.2
43057
34097.2
46830.8
35953.1
45471.3
33074.1
44151.8
40225.1
38860.3
34203
30019
31033.3
41439.6
37893.3
9374.5
13444.1
12882.6
11226.8
12533.4
10674.4
9778.91
7912.15
7208.55
11831.9
10609.9
11510.6
8411.11
6848.85
3337.07
2893.85
2502.85
3312.94
2586.25
3058.6
3044.18
91384.9
98669.6
90111.5
84964.3
86229.1
100898
89742.5
64965.2
65142.2
66087.8
59091.3
65019.9
66183
63430.5
63759.9
62883
57669.7
60081
63958.4
62557.1
61739.3
64642.9
48262.4
59015.1
49633.9
60110.4
64149.3
48330.6
66537.8
62207.5
50347.7
50788.2
66938.4
61144
50319.5
58978
53687.7
58518.1
52220.3
59628.6
57787.3
55247.3
60166.8
61810.4
58444
53568
61361.9
60718.1
56835.9
49355.5
41958.4
41989.6
49199.1
50419.1
43356.5
48122.9
50578.1
52809.3
43242
46210.4
51619.2
51796.3
44777.3
61655.3
46322.1
57938.5
46317.5
62244.9
56806.6
46198.7
59771.8
54528.9
44126.9
45191.5
59079.9
55698.2
44309.4
55400.3
52147.9
57406.7
48304.1
56594.3
56269.8
50633.2
54206.6
53974.4
47665.2
47014.3
53003.7
55135.4
49137.5
23918.5
19970.9
26046
19011.7
24562.8
25362.6
18738.5
22469.8
21583.2
17790.8
16278.9
23075
21010.9
17505.9
18034.2
12045.3
15682.9
13079.6
17171.6
16492.5
13211.9
19617.6
20169.1
15650.3
14296
21165.8
18672.1
14521.4
16611.7
11380.4
15605.4
12910.8
17099.5
15141.5
12603.4
18079.4
20090.4
15053.4
14135.7
19547.9
18592.8
13828.5
6497.64
8259.76
4426.71
5374.54
6761.28
7907.52
4271.64
13405.3
10757.2
14189.1
9406.78
14937.7
12714.7
9550.75
11908.4
9780.77
7049.58
8188.33
10372.7
11248.9
8275.14
12210.7
10161.2
14120.4
9238.89
13670.7
12638.2
8945.3
10766.6
9718.17
6545.71
8021.89
9330.59
11177.6
7740.14
164792
130132
122057
153427
156512
133033
161429
79018.7
62925.4
73642.8
65141.1
72706.6
78890.1
62961.2
77105.4
70887.6
60785.8
63828.1
77152
71834.7
60738.6
68646.9
66885.8
67138.1
63418.1
68200.3
67410.4
68652.7
69895.4
70315.1
64920.5
72276.5
69249.8
71164.1
70453.6
75065.8
79869.8
74594.9
71101.9
73504.3
76412.6
77930.1
73747.4
71367.1
69506.4
74133.4
72439.4
72445.4
76014.1
86567.1
96464
83747.2
84636.3
82529
88140.7
94292
85030.6
80176.9
82840
90026.8
81352.3
83520.3
92141.6
80623
65177.5
74508.8
69028.3
80819.2
75444.9
65163.5
82549.3
77240.2
67457.9
70416.9
82291.5
76301.4
67442.3
79175.2
81844.5
75676.6
75974.5
77781.4
76788.5
83843.4
80593.9
79037.1
87934.8
77667.6
82044.6
77895.2
85877.8
111840
77323.5
85817
118767
76350.4
115797
114319
108633
109723
72469.5
83590.2
106112
73463.4
112715
109809
84926.2
81233.3
101974
105233
87653.4
106349
113278
111774
83710
93158.3
108518
90395.7
116747
127157
104349
93772.4
124797
101529
121565
130620
123688
115052
91251.1
95932.9
98725.9
118299
120220
154659
127241
150297
114283
147177
158048
124350
151254
140857
111714
118594
144011
121471
147840
119926
80247.7
92618.6
121821
81203.1
117500
124760
123073
130688
85089.1
94861.4
125448
84159
127782
137532
107177
101431
128044
110019
134082
131254
140978
137662
115729
103982
112867
144412
134478
99447.6
82222.3
73859.3
98694.9
95442.7
79535.6
102891
96012.4
88936.6
71447.5
74234.2
92172.6
76874.6
92593.6
73658.2
49939.2
57409
72995.8
50988.8
75974
71034.2
76874.2
82069
54611.2
59492
79507.7
53567.6
79064
82435.1
63940.2
61972.6
76077.8
66473.2
79256.3
79094.3
85801.8
85688.7
71621.6
64299.5
69032
89186.4
82476.4
56574.7
44918.2
44302.7
51574.5
54500.3
47162.7
53522.4
59677
60497.6
46392.8
51773.5
57489.8
49447
62821.4
65239.1
47433.4
51222.6
69939.5
46386.5
67848.2
66994.9
62100.1
61086
42913.4
49228.8
59521.2
43959.9
63981.8
72487.8
61441
55112.6
72899.9
58970.2
75774.4
69766
69229.3
63561.8
54135.7
52893.2
56536.7
66008.8
66638
38794.5
29632.8
37835.4
28516.8
36422.3
40089.7
28912.4
37014.2
33555.8
26592.8
27360.7
35643.5
35000.2
27398.6
28225.2
21206.8
27516.1
22643.2
28982.8
26801.1
22447.3
29638.5
31880.2
23855.1
24942.9
30434.9
31045.5
23693.9
35178.8
30000.9
37507.1
28671.2
36119.1
36532.2
28726.3
33816.7
33305.4
27464.5
26197.4
34722.4
32437.3
27457.7
45626.6
40574.6
47969.9
38314.3
46715
46878.9
39208
44366.3
44167.2
37092
36516.3
45453
43090
37853.5
43122.6
31187.3
39227.8
31917.7
41901
40612.1
31826.3
44937
43310.4
33980.1
33048.3
46080.5
41959.9
33425.2
39196.4
31283.7
38869.3
32270.1
37873.2
40223.9
32575.7
40505.3
42871.9
35190.9
33474.7
41805.1
41550.9
33878.5
23757.7
22620.9
22980.9
26619.8
21649.5
24419.4
25756.4
21463.4
20193.8
19147.7
21561.8
19611
20103.7
22232.5
15575.3
15932
16765.6
13222.2
14977.1
17310.6
13749.6
17512.1
18812.5
18101.5
20252.2
16850.2
18750
19551.6
26246.4
26863.5
24002.8
27600.6
25120.1
25282.2
28655.1
23922.5
20883.8
22449.9
21815.1
23438
23031.6
21691.5
47565.7
42719.3
48676
38235.3
45844.3
50515.4
40562.6
44669.8
40323.2
36302.2
36394.2
43046.7
38455.4
41835.5
30337
24300.4
27543.7
28963
25288
28211.6
31305.3
32933.5
36256.4
28092.1
29137.4
35171
27093.5
33787.3
33711.6
28661.1
28988.6
30011.9
30515.9
31146.9
32481
36352.1
37640.4
34383.5
30741.8
32422.3
39059.6
35036.1
10439.7
14616.2
13075.5
11566
10038.5
13359.9
12033.9
8972.46
7359.06
11954.3
11027.6
8626.93
12164.5
7642.06
4022.18
7086.23
7997.88
3802.36
7980.45
4404.67
3569.17
4880.29
6109.8
9695.67
8901.96
5661.79
8801.63
5189.67
4575.8
6997.2
7938.26
3835.8
7935.03
4454.97
3903.11
5429.96
6225.32
9944.8
8876.43
8915.55
6455.32
5258.62
2835.01
2926.68
2417.58
2860.82
3042.79
2308.36
2761.32
2961.49
6335.01
5416.42
3348.37
5436.99
3082.08
3054.76
2808.52
2835.62
3901.32
4598.59
2939.69
4747.61
2881.02
3076.47
6098.17
5310.45
3385.22
5231.1
3407.2
3099.83
2877.56
2888.94
3600
4488.55
4397.77
2777.24
2939.37
)
;

boundaryField
{
    left
    {
        type            calculated;
        value           nonuniform List<scalar> 0();
    }
    bottom
    {
        type            calculated;
        value           nonuniform List<scalar> 0();
    }
    interface
    {
        type            calculated;
        value           nonuniform List<scalar> 
2171
(
3104.26
2985.9
3388.16
3435.3
3186.94
3352.66
2112.11
2511.21
191854
60657.3
70359.1
115137
103109
1592.22
1413.52
2991.38
18813.7
13883.7
3284.1
207581
187001
172667
119259
131952
202468
187283
129613
143498
63919.2
74975.8
125077
111771
57567.1
48745.2
20621.1
26547.2
60384.8
50264.5
17939.1
24678.7
1281.88
461.968
950.244
15909.1
10498
3127.12
173623
84264.2
73732.3
56401.3
64920.1
77160.8
67886.8
87906.5
99216.5
104525
93832.1
80375.9
90381.1
7186.81
3931.27
2225.43
2069.35
3715.98
8205.19
4739.86
8391.46
12401.7
19414.3
14827.5
9444.82
13411.3
3317.91
199094
169211
156209
154118
167968
139451
151957
149589
136286
108199
119540
135373
123424
194256
179874
167465
182280
161056
175129
162596
148213
124957
138224
156424
142722
90704.5
78806.3
61811.1
72481.1
87631.6
76174.3
94798.8
107442
120617
107869
91569.8
103715
53691.6
45956.4
38070.5
45958.1
36585.7
43512.9
35602.1
28686.7
21063.2
26393.1
34413.7
28299.3
58397.6
48614.8
37960.2
47057
36706.5
45512.1
35109.4
27135.8
17329.9
23847.8
33946.6
26226.3
3911.32
1516.6
1530.26
271.728
1132.88
3890.09
1668.99
4969.85
8927.98
15369.9
10156.3
4883.13
8650.49
2995.61
70036.7
137676
248.427
228771
68975.8
136029
66166.5
65144.8
19352.8
3722.16
359.837
17155.1
3386.76
3717.79
3638.92
143197
117967
120832
99450.4
106873
109351
97395.1
99497.3
50993.7
48881
50498.5
60739.6
67010.4
66684
71282.3
69540.1
68132
59697.7
59685.4
61262.1
58342.5
104023
88219
76186.1
62547.6
69490
64387.5
49078.5
47762.5
49201.5
47766
55666.5
58130.9
56601.4
56997.5
4497.25
3036.54
3153.2
3857.56
4068.57
4514.36
12250.5
9993.76
23320.5
24014.5
22613.3
24738.1
16121.7
14099.6
15528.5
14669.4
20978.7
23611.9
22192.5
13672.7
11304.4
5018.35
3358.64
4000.38
4160.6
4746.95
4069.62
4250.04
11773.8
12670.3
11249.3
13215.4
181613
187079
191248
173872
178942
182857
170232
139624
115147
112371
185320
96665.4
115737
71108.3
73060.5
69609.3
74873.2
79007.4
86536.8
80679.1
84493.1
93414.9
104441
95385.2
102053
84136.2
88624
90755.3
82390.7
91087.4
78287.2
80429
94209.7
112494
177336
182911
183378
153735
147798
157894
114961
116195
120071
111291
133420
143552
137119
139622
162920
175022
166580
171096
144514
147487
151423
140819
177903
115282
120799
149582
143649
145435
57383
60015.2
85356.2
81211.3
81590.3
103984
112335
107629
108493
86036.5
85948.6
89633.6
82520.9
111344
116752
89162.1
84827.5
93008.2
58904.1
57942.3
61271.2
55710.1
75579.3
82298.2
78683.7
79032.9
48892.9
47284.7
41687.6
36594.1
35441.5
27564.8
25416.8
26157.6
26815.8
34476
35151.9
35829.6
33767.5
45141.9
46334.9
46452
44918.1
38523.8
36537.7
37925.5
37182.6
22453.9
25032.8
26458.2
35124.5
33689.4
54218.1
56618.7
53287.1
40929.3
34810.1
34047.9
37694.4
16101.9
14762.6
16755.7
14189
27241.8
30948.8
29754.3
28338.1
49486
54671.4
52568.6
51461.9
35029.3
33647.4
36429.4
32352.3
16022.7
15202.2
32012
31475.6
4100.13
867.245
1857.65
2087.83
2012.84
2128.49
2991.61
3837.52
2579.51
10717.7
12887.5
12392.1
11137.1
4505.74
3782.88
4566.77
3786.87
14210.9
13246.9
3618.28
4699.96
2669.13
2664.14
2484.23
2231.32
2363.27
2779.16
2546.13
2920.51
3202.2
2813.33
3263.8
210791
196742
103938
104095
64957.6
63818.6
75877.7
67054.3
83805.7
81793.9
122848
126000
111070
112585
107060
62684.1
61282.2
64763.7
565.19
632.751
1624.89
2068.43
2195.8
28310.7
11733.5
17932.3
17089.1
12579.9
15444.4
5534.11
2794.43
3795.13
3117.1
7838.18
217525
212721
143635
205462
182184
207792
177406
189697
87263.5
89228.2
102343
102275
130590
123436
144696
127668
212084
197379
192317
195953
100531
97712.7
103548
136281
156519
135011
134196
149632
138825
80988.8
66292.6
67529.2
77806.2
71215.8
91809.8
94652.5
88724.2
121313
130242
120590
116273
116154
53184.9
50455.9
61476
54550.6
51609.4
51531
33728.5
57718.3
27230.9
19927.3
22512.8
26528.2
24488.6
62615.6
56929.9
53555.8
52098.3
14139.8
12448.4
16092.8
44865.8
47520.8
42017.5
26630
18564.9
20078.3
25558.8
22324.8
2490.48
4183.32
1004.67
592.971
744.003
328.892
980.536
505.899
9259.79
10726.9
7803.07
16456.7
13989.6
10833.8
12185.6
3425.32
3256.65
3201.19
3519.12
3436.72
3713.81
3247.42
4090.63
4119.39
4047.35
4037.3
4073.88
158383
178072
86382.1
91495.3
80686.5
79671.3
77175.4
53344.9
59177
53811.4
57574.3
62018.2
60897.6
71754.9
74007.9
55500.2
59861
57218.6
70917.5
63528.2
65251.9
66141.4
63835.8
67824.4
75832.7
74761.7
61062.8
64488.3
62442.4
62861.2
95578.7
91613.5
108236
95383
96115.4
100906
70118.6
79900.7
97341.6
86577.5
74609.1
83652.8
68172.6
77224.2
86987.4
83503.8
50390.1
52117
50655.5
51703.4
71513.7
54341.7
53593.5
55090.7
53018.7
1846.46
5782.16
6041.23
2871.47
4953.97
2563.81
2725.52
2289.06
6726.43
5073.18
5493.22
2849.59
4290.84
9000.32
7004.39
8050.77
6217.07
5847.53
5375.78
21891.7
19789.2
20454.2
21201
19575.8
17569.9
18374.5
19016.1
16952.2
10013.4
6936.3
9660.19
11009.2
10992.9
20013.9
17827.7
19356.3
16711.2
16299
15630
10271.9
10726.4
17938.7
15332.3
12044.7
14243.8
6211.41
7095.03
5828.4
7540.31
14602.3
13071.1
10344.4
8445.14
9839.91
8927.04
190272
203951
154377
164838
106952
129141
109638
160504
142592
169238
158691
184520
163308
104314
125727
127453
143576
138744
147746
94123.6
72628.9
78604.3
74178.2
76719.7
77368.3
80526.4
75756.4
82490.4
91481.4
97400.5
99704.9
89585.5
96622.7
96378.2
85914.9
95142.8
92927.8
87731.9
164233
145106
149504
140672
99398.4
111928
84845
99979.5
115709
109553
123780
131342
87117.6
103038
89434.8
127360
113037
185713
189439
164581
170395
184645
172143
174949
172370
190645
177308
160359
166226
162058
154344
165718
167659
170409
114945
117630
112036
118642
127865
122331
123963
129721
131776
126024
135695
159253
163232
167166
155577
123110
120480
125884
148206
159297
155360
151894
169797
157764
154605
152969
120050
129339
127281
133056
133762
132676
149954
151824
131337
137171
141298
147257
136952
94219.8
86672.9
81799.9
82705.9
59584.3
65297.2
67253.8
70565.3
66992.2
68854.8
69842.4
84380.7
83751.1
70662.5
74190.8
79931.8
73389.7
100354
100872
96741.9
104671
76768.5
89580.1
97098.9
93149.9
93351.2
116540
98499.7
98955.4
111734
103170
115913
116321
99740.9
104750
108724
112071
103747
88154.2
95565.3
95948.3
100804
99613.6
99776.7
62149.5
68092.9
64656.5
65443.4
67935.3
72161.5
71577.9
75109.4
68781.8
50940.9
51047.5
42604.1
42863.5
48469.1
44069.9
51601.9
39489.4
40618.8
48386.5
43248.3
41083
40943.4
39572.7
35704.7
38827.6
41893.3
41137.2
43068.7
44756.5
41085.6
28962.4
29603.7
30354.6
28211.1
33113.2
30991.8
31736
32381.9
43826.1
42100.7
43505.6
42504.1
48425.8
46784.1
50459.6
39855
40706.2
39313.6
41183.2
36706.7
33214
28927.9
30910.3
21560.2
22777.1
29323.8
27063
27888.8
24553.2
26483.6
33754
32308.4
30762.8
28666.7
32208.2
30273.1
28224.7
56299.5
55059.2
45133.2
46828.1
51798.2
46878.8
39330.1
40903.3
48767.3
43935.8
42246.6
43706.6
40660.9
35397.8
39556.6
43888
42492.1
24532.4
18125.1
21077.7
20255.7
18861.3
24818.3
23398.8
22488.6
25819.9
46463.4
45236.9
48316.2
43502.8
31595.4
29242.9
37782
42227.2
39290.2
40607.6
36373.7
32353.5
28107.4
29695.4
16723.3
19398.4
22071.8
21770
19467
21570.7
22998.8
32735.7
31277.6
24284.7
24179.4
28704.8
25291.4
3976.46
2983.39
1515.81
2188.65
333.882
1772.23
396.334
1507.81
2145.9
2102.3
686.544
1272.21
3897.58
3025.47
1948.89
2218.33
2345.58
2292.57
1796.09
9173.37
8038.95
7766.65
9518.81
3894.06
3452.76
4597.81
5416.95
6709.05
6508.82
5546.49
9576.98
5079.71
6162.27
9200.09
7481.4
14839.7
13518
9425.58
8163.08
11781
9842.53
4831.62
6012.04
8057.52
6756.56
5518.01
7266.9
8404.74
2584.65
2358.36
2330.01
2564.88
3222.15
3242.57
3361.37
2718.24
2438.21
2576.99
2609.77
230918
17656.4
225081
142744
222956
141062
19875.6
5666.53
179816
98157
102643
38585.1
37860.5
5259.08
106441
82169.8
84952.6
81317.4
60424.8
65249.5
1218.33
28719.8
23513.4
3365.54
9197.72
113914
121008
91971.1
96988.4
112964
109362
85870.2
93471.5
119571
113151
130098
87469.8
90592.7
104035
102577
158305
205740
91159.2
98766.3
127627
121217
90446.9
85038.1
62051.1
68166.9
83680.8
75844.2
45175.5
52922
30595.3
36421.8
60206.5
54036.7
11547.4
16634
42857.2
35476.8
88162.7
80321.1
47570.2
55316.8
55102.3
30591.3
35922.1
58041.8
52971.5
54197.2
12054.3
17124.9
44681.5
37302.7
28897.3
23376.9
3096.85
9165.1
10166.4
6318.44
4115.12
3368.85
10355.8
6554.15
11284.9
4048.6
3393.52
74701.7
78799.9
118038
72200.5
67703.3
16889.8
21826.1
15392.6
10713.2
102943
98367.9
104182
108279
102776
95509.3
104635
111499
202110
95663.3
93087.1
98129.9
100145
163604
200083
108942
101672
111722
118585
161786
77673.9
83401.9
75934.9
69967.8
65589.6
73546.3
63225.6
55292.2
44223.6
38194.3
46053.4
52194.2
24440.6
18372.5
26449.2
33279.1
85161.1
69310.7
77271.1
66256.1
58320.9
43283.9
37948.4
45449
50690.6
29908.2
50734.3
25310.6
19247.5
27767.3
34594
29278.4
16721
21810.2
15309.3
10606.7
3258.45
5414.91
3041.51
3069.13
1543.16
3395.13
5411.32
3052.96
3184.92
236791
73994.5
132669
376.959
15558.1
234621
219280
147873
217178
146155
72893.4
131059
62386.6
22212.4
61404
21665.2
2579.65
455.938
15076.2
3153.28
2856.76
3067.73
146808
95047.9
53139.2
58964.1
64579.1
108624
74123.9
85398.5
72019.8
3473.94
3356.29
10834.4
8701.75
6977.07
19530.8
15097.7
12633.5
185903
136090
190871
99167.8
119024
174361
94004
91798.1
109296
173071
178740
188899
151967
172479
119252
124868
139521
93746.9
60611.5
63473.4
77643.9
107204
107440
112726
88491.4
45705.7
46836.6
44892.4
38075.6
37233.2
35587.1
23959
33659.8
31974.9
51120.5
44098.6
36702.5
34895.5
17938.8
17277.2
28988.7
29304.2
3092.06
1009.39
3096.76
6560.86
12504.6
11417
5693.53
4466.33
216154
105781
86919.1
81774.3
87326.6
82746.8
78040.3
68518.2
72159.4
69084.3
63311.2
64346
68763.2
84584.9
84454
70965
66317
71185.3
65313
80911.5
81941.1
127726
121467
116995
56356.9
53446.9
52236.5
66098.6
57158.5
61672.6
64089.8
54508.3
49789.7
53616.6
51035.9
747.143
814.508
1383.88
26503.7
24342.9
21673
23174.3
22798.5
30081.7
27002
26006.2
26175.1
27520.8
24680.7
24741.4
25228.6
13581.8
16041.4
14256.4
7138.62
8289.97
6781.17
9794.04
8829.2
5165.29
7340.3
5257.02
3858.96
3643.46
5164.61
123346
93784.1
95240.8
111717
110702
88626.3
90749
117164
115617
222995
131908
141263
141330
146285
139032
149099
200168
213516
194913
75099.1
70099.8
89800.6
75143.6
69139.4
86591.5
87843.9
73212.2
67253.6
73082.1
68235.3
90346.8
100519
83780.7
78148.6
79086.7
84096.2
104581
85727.7
80898.5
85355.6
79948.4
100481
102166
153061
135236
139939
206674
211438
201296
100152
107460
106328
102810
104412
93510.3
96468.1
97003.9
98223.2
94321.9
101280
133661
130791
134681
137581
131154
128372
125738
138720
123185
133752
143386
136113
140525
151309
139833
144707
88564.8
86983.8
64200.9
66028.4
80897.9
78647.4
47842.8
50198.3
32612.9
34355.1
58049.9
56200.6
13212.6
14784.3
40259
37992.3
76898.8
70049.6
73887.9
85303.4
85834.8
88888.6
82588.6
85773.5
88459.2
95087.1
91163.2
92024.4
85859.1
82744.9
126152
125527
120870
56184.5
53759
58551.3
55679.3
56372.4
49946.8
58968.2
52902.8
50819.7
49970.8
48267
52767.3
58076.4
58697.6
54761
35639.5
32435.5
32106.9
37395.2
33871.9
30636.5
31964.9
32295
30711.3
27673
29231.2
29160.6
34239.7
55654.4
48958.6
44663.6
45984.5
47884.8
59188.4
56710.8
50785.8
48546.7
51765.1
47263
54115.7
54382.8
24665.7
22025.8
24226.8
59023.2
57753.8
55516.7
15684.3
18182.3
17978.2
17421.9
16292.9
13542.3
15466.1
13809.9
12765.7
12259.1
14455.4
40160.8
39085.2
41696.7
39445.3
37763.1
42361.8
39555.2
42924.7
47142.6
45407.1
44430
24092.1
20785.3
23116.6
26925.2
25291
5059.91
7276.12
8707.24
7546
4003.88
3756.71
669.401
540.632
627.293
7833.02
7067.74
8289.31
6734.48
9064.63
9257.71
11142.1
10597.6
9671.3
6597.55
7620.95
13117.8
14462.1
12587.1
3309.61
2842.93
2999.82
3831.78
3037.21
3954.04
3788
3226.26
3686.04
3454.06
162427
91077.6
84807
86055.8
89450.6
90675.3
87481.4
83539.3
55805.4
52146.1
55334
58323.6
68955.3
62194.8
66213.7
63688.6
62900.4
63973.2
62492.4
64886.9
66095.4
65031.2
66097
77881.9
66462.6
62310.7
78865.5
66878.4
61242.8
75554.5
64590.4
59107.7
60208.5
64080.5
78058.6
60113.5
61830.1
61303.1
60739.1
58929.5
58540.8
59651
57743.2
113296
99730.7
103950
92883.3
72099.7
82624.6
89704
77519.4
66260.2
74596.5
80483.6
50551.1
52829.6
51637.6
51767.5
49330.2
49214.1
50436.2
48099
69442.9
59732.5
54605.3
68191.5
59024.2
55781.2
72677.9
71238.1
61593.5
58029.7
62198.8
56891.9
68770.7
54172.9
53995.5
52972.6
55157.8
55363.5
57429.9
56554.1
56292.3
2591.06
4722.76
3753.47
2767.61
4054.46
3358.09
7752.69
9431.42
7438.17
6541.85
22456.9
21574.7
23066
20999.2
23904.4
26036.4
24553.1
25347.7
21244.3
19614.3
20165.4
22983.3
21164.8
18668
17882.7
18548.7
18034
15680.5
17169
16490.4
20128.7
18070.2
20082.9
19537.5
18586.3
16604.1
15601.7
17094.5
15135.3
8427.48
8190.17
9545.39
18510.6
20770.7
18108.1
17050.6
11570.7
16516.8
13972.3
12891.2
6484.14
8259.03
6756.64
7900.32
5128.33
4079.21
5228.14
4181.82
11908
9779.24
11418.2
10368.1
11248.4
16266.2
13757.1
13403.5
14187.9
14937.8
12713.6
12345.4
10762.7
9718.19
9325.95
11177.5
12206.5
14118.2
13665.7
12637.1
101355
100042
105692
106853
100145
98192.4
107216
108975
194845
165773
154492
157598
162397
150408
132595
146480
196468
174288
179382
101718
122354
131173
134937
92212
77003.5
70984.1
77041.8
71929.1
95681
94476.8
91750
93205
78901.7
73726.9
72794.7
78778.4
69783.2
70300.4
69241.7
71041.8
68544
67141
68198.1
67316.3
73603.7
71345.4
72409.6
72312.8
74910.8
74547.1
73466.2
76245.3
84782.7
80073.9
81235.5
83287
86305
83603
82399.8
87863.5
98488.1
82418.9
77294.3
82160.7
76363.3
97982.8
98629.1
100428
80502.1
74585.3
80695.4
75515.6
80388.3
78945.7
81825.1
77816.4
78982.7
75619.4
77601.9
76720.2
168957
159274
154364
102733
82614.6
96968.2
106117
120151
106144
116571
181170
168819
174567
176647
194468
180141
185373
156154
158758
163196
108559
110572
109299
105940
113600
106762
103917
111665
119696
116690
114243
114006
112604
109320
117496
110518
102730
106017
107036
124478
115898
119172
120990
127965
125711
122454
131447
152180
141859
145035
148751
155599
151354
148211
159003
122890
131695
125368
128755
113837
128452
116546
119849
122755
117321
125729
141856
138652
145307
135444
138395
128972
134927
132208
167106
164689
159625
124223
123252
128955
128432
145590
135418
141257
79714.5
81403.9
73853.8
72084.7
68395.6
70736.1
60434
58059
42103.3
40295.4
48197
50035.5
22273.9
20389.8
28749.5
30863.5
89414.1
90007.9
85867
62936.8
63902.8
66356.5
80658.6
74126.3
77866.8
76994.8
96632.5
89594.4
92859.8
93189.9
100090
99431.2
96149.8
103555
79880.2
76721.6
82710.1
79440
79668.6
71768.3
73898.3
82750.9
74828.3
73592.1
73547.3
76561.4
70885.1
86351.2
86325.5
89759.9
83083.2
82961.5
76632.7
79841.4
79595.7
111837
102848
107259
111815
103572
107759
91978.8
92197.9
96888.9
95852.9
60030.2
60923
57884.5
63199.8
56903.7
51915.8
54871.6
53825.9
64849.7
62035.4
61528.7
59378.6
64459.8
63801
70787.9
62022.4
60765.3
65093.8
70472.7
67782.5
67491.9
69657.8
64010.2
66411.8
67117.1
72940.3
73432.5
76251.8
70267.6
48592.3
44144.2
44826.7
46302.5
48198.1
42364
45329.7
39065.9
37711.8
39773.8
37006.9
33562.1
39359.4
35627.6
35010.8
41686.9
39594.8
38775.1
37852.9
36434.9
40079.9
29621.2
31872.1
30425.7
31027.7
28208.6
27506.3
28973.5
26785.3
33798
33298
34716.5
32419
35159.8
37504.3
36114.2
36512.9
44345
44174
45462.4
43069.2
45604.7
47983.4
46726
46856
44909.2
43344.9
46064.8
41988.5
46993.1
52052.9
49211.8
43110.4
39247.8
41877.4
40637.8
40485.3
42876.9
41784.8
41553.4
39176.7
38867.9
37853.6
40224.7
32694.2
34017.2
31424.7
23153.9
25494.4
24793.8
31855.7
30303.6
30015.4
53084.3
48091.6
50022.5
49944.4
47367.8
42382.2
45527.7
39435.6
38145.6
40975.4
22196.8
21393.8
20214.6
19489
22281.1
23362.1
26747.4
20134.3
21062.2
23634.7
26718.4
24488.2
25688.8
17490.8
18828.9
16841.9
19550.8
15534.6
13172.4
14949.9
13688.8
23965
20920.3
23094
21711.6
26310.9
27711.6
25365.5
28742.4
44900.3
40558.9
43311.6
42040.9
47820.3
48993.9
46132.3
50794.7
34226.4
32806.2
36459.9
35105.7
33958.7
29835.2
36695.2
32428
30271
29082.5
28086.3
31455.4
36509.6
37853
39241.3
35219.9
33845.9
30144.9
31257.1
32642
32034
33516.7
30760.5
18712.7
19955.3
20803.9
30160.3
26591.2
26691.9
27679.4
18479.1
19967.5
13612.9
12270.2
3875.76
4459.89
2825.62
2937.12
2238.11
3011.92
2192.1
530.547
1182.16
827.561
3083.52
2475.11
2393.14
8859.18
7237.39
8523.44
7512.89
10343.3
11498.9
9950.27
11955.6
4774.11
5959.59
5468.11
5582.64
5027.15
3847.57
4619.51
3951.53
3645.79
4243.85
3483.13
5279.12
6093.06
6313.71
5115.47
4422.12
3698.2
4311.69
3754.44
8002.36
6321.29
7695.27
13060.6
10909.1
9720.35
11396.2
5897.53
6811.89
7086.93
2785.92
2897.14
3004.8
2717.39
2913.86
3067.26
3160.46
2811.68
2788.87
2767.78
3567.92
2914.23
2793.76
2968.36
2990.9
2909.92
3211.69
3033.54
2938.61
2797.87
2846.34
2721.09
2874.67
2970.03
3267.11
3275.65
3005.91
3352.18
3884.15
4000.35
2835.85
3343.57
3064.46
257.878
254.574
368.294
339.32
)
;
    }
    procBoundary7to2
    {
        type            processor;
        value           nonuniform List<scalar> 8(71125.5 71125.5 69562.5 69562.5 69562.5 126817 111417 110404);
    }
    procBoundary7to3
    {
        type            processor;
        value           nonuniform List<scalar> 
49
(
74246.3
107154
246248
236171
136701
124293
152949
101950
126816
112062
115327
178975
187405
194183
176502
160115
147197
186136
206758
230033
105215
108743
114399
114399
123350
210396
220621
144962
134573
186230
169955
204099
194882
89075.9
81939.2
77063.8
83686.3
144402
113040
99828.7
150854
93067.5
92016.3
87512.3
103165
168146
124637
159610
135935
)
;
    }
    procBoundary7to6
    {
        type            processor;
        value           nonuniform List<scalar> 
328
(
57912.4
43379.4
21027.7
59701.9
59701.9
59701.9
69969
69969
69969
51201
51201
51201
67521.1
67521.1
67521.1
57912.4
57912.4
43379.4
43379.4
48643.1
48643.1
48643.1
30416.9
30416.9
30416.9
23617.9
23617.9
23617.9
41055.7
41055.7
41055.7
12822.1
12822.1
12822.1
27913.4
27913.4
27913.4
21027.7
21027.7
2998
11104.8
11104.8
11104.8
3361.47
52091.8
50008.5
13327.2
10803.5
64588.2
64588.2
64588.2
66054.4
66054.4
66054.4
58588.8
58588.8
58588.8
60930.5
60930.5
60930.5
52091.8
52091.8
50008.5
50008.5
40809.3
40809.3
40809.3
38181.3
38181.3
38181.3
31297.3
31297.3
31297.3
33798.8
33798.8
33798.8
18665.7
18665.7
18665.7
20838.8
20838.8
20838.8
13327.2
13327.2
10803.5
10803.5
6502.91
6502.91
6502.91
5078.46
5078.46
5078.46
56046.8
45648.3
18442.1
61411.2
61411.2
61411.2
68743.1
68743.1
68743.1
53717.5
53717.5
53717.5
65399.7
65399.7
65399.7
56046.8
56046.8
45648.3
45648.3
46051.7
46051.7
46051.7
32972.3
32972.3
32972.3
26198.4
26198.4
26198.4
38681.9
38681.9
38681.9
14653.5
14653.5
14653.5
25474.2
25474.2
25474.2
18442.1
18442.1
5128.6
8289.53
7129.97
9090.91
3670.57
2894.14
9491.9
9491.9
9491.9
2585.68
3754.48
3215
2735.56
3743.02
3349.37
54104.5
47860.9
15869.6
8289.53
63040.5
63040.5
63040.5
67438.8
67438.8
67438.8
56182.8
56182.8
56182.8
63202.7
63202.7
63202.7
54104.5
54104.5
47860.9
47860.9
43437.2
43437.2
43437.2
35565
35565
35565
28762
28762
28762
36261.9
36261.9
36261.9
16602.2
16602.2
16602.2
23112.3
23112.3
23112.3
15869.6
15869.6
8289.53
8289.53
7965.06
7965.06
7965.06
3754.48
3754.48
3754.48
3215
2735.56
3708.24
100957
100120
103990
104707
124043
123940
121149
121112
81516.3
79765.7
84128.9
85809.7
107166
108291
104973
103753
96117.3
97075.2
93079.3
92002.8
67364.7
65759.1
70231.2
71770.5
75286.2
77103.1
72586.7
70712
44507.1
42529.6
47181.2
49178.8
33214.3
31374.8
35385.2
37235.5
61287.5
62948.3
58548.2
56830.2
12383.2
11111
14147
15570.6
37960.7
39906.6
35408.1
33507.7
27488.8
29315.9
25559.5
23760.7
4873.16
2907
7129.97
9090.91
8445.56
9544.37
7100.97
6202.08
3982.79
4160.18
3743.02
3349.37
111314
111762
108311
107726
115058
114744
118010
118188
92459
93966.1
89962.3
88367.7
97808.7
96392.6
100159
101481
84769.2
83487.6
87785.7
88967.5
79114.1
80487
76154.7
74692.7
63318.4
61359.5
66059.9
67986.3
56627.1
58610.2
53888.6
51893.2
43740.5
45559
41354.1
39512.4
49838.4
48043
52410.4
54173.9
21168.7
22834.8
19065.8
17513.9
26839.3
25076.3
29200.4
31042.9
18532.5
16845
20202.8
21954.7
13657.7
15297
12215.6
10601.8
3675.56
3318.66
4454.86
5114.4
2903.77
2906.52
2859.94
3152.91
3670.57
2894.14
2719.85
)
;
    }
}


// ************************************************************************* //
