/*--------------------------------*- C++ -*----------------------------------*\
| =========                 |                                                 |
| \\      /  F ield         | OpenFOAM: The Open Source CFD Toolbox           |
|  \\    /   O peration     | Version:  2012                                  |
|   \\  /    A nd           | Website:  www.openfoam.com                      |
|    \\/     M anipulation  |                                                 |
\*---------------------------------------------------------------------------*/
FoamFile
{
    version     2.0;
    format      ascii;
    class       volScalarField;
    location    "0.107/solid";
    object      sigmaMin;
}
// * * * * * * * * * * * * * * * * * * * * * * * * * * * * * * * * * * * * * //

dimensions      [1 -1 -2 0 0 0 0];


internalField   nonuniform List<scalar> 
3125
(
-1412.16
-1384.91
-1309.3
-1301.12
-1242.58
-1231.01
-1110.8
-1070.94
-1346.44
-1334.44
-1278.86
-1270.73
-1187.38
-1170.22
-1432.74
-991.885
-1576.66
-470.534
-1003.76
-439.954
-981.644
-1550.93
-1367.8
-1532.52
-483.183
-967.595
-405.865
-1317.29
-919.234
-399.011
-925.199
-388.795
-913.233
-1293.61
-398.227
-907.16
-371.103
-1252.88
-867.254
-361.896
-875.21
-348.2
-858.324
-1217.96
-360.794
-848.301
-296.071
-1133.55
-768.038
-288.452
-783.839
-575.333
-744.625
-981.705
-308.659
-719.087
-788.593
-1545.06
-788.842
-777.923
-1517.62
-1505.66
-432.466
-1357.72
-947.352
-423.322
-955.464
-1483.75
-1506.84
-766.488
-772.652
-407.287
-1324.98
-939.927
-423.948
-932.09
-747.247
-753.432
-1447.43
-1461.2
-1474.62
-1463.78
-764.347
-756.415
-744.897
-737.972
-1442.53
-1432.34
-388.014
-1286.44
-895.518
-381.505
-901.347
-1417.27
-1429.04
-728.548
-735.37
-372.184
-1262.13
-889.235
-380.639
-882.463
-704.927
-714.444
-1380.11
-1395.73
-1412.94
-1400.31
-725.799
-717.682
-700.974
-689.41
-1374.18
-346.691
-1203.42
-824.937
-329.135
-837.156
-671.926
-684.65
-300.027
-1152.28
-811.798
-326.758
-798.081
-655.879
-653.278
-666.879
-656.759
-658.72
-736.083
-631.364
-794.964
-824.08
-980.231
-786.979
-1141.63
-439.613
-721.223
-1192.13
-1129.84
-460.441
-712.059
-1173.25
-1123.02
-712.196
-1183.25
-1092.82
-1131.24
-459.664
-683.377
-690.071
-1135.86
-1088.47
-1103.57
-473.684
-706.648
-1157.92
-1111.42
-702
-1145.47
-1042.12
-1088.93
-401.657
-643.091
-1044.28
-641.782
-1085.58
-1037.58
-402.341
-636.355
-1078.87
-1035.31
-638.189
-1081.69
-1023.86
-1065.21
-392.434
-625.469
-627.4
-1067.06
-1022.05
-1028.18
-393.887
-632.644
-1074.6
-1030.72
-631.177
-1070.55
-987.875
-1035.42
-366.753
-600.66
-990.732
-599.078
-1031.25
-982.378
-366.562
-592.307
-1023.37
-979.431
-594.746
-1026.67
-962.737
-1002.79
-354.602
-576.596
-579.721
-1007.32
-958.736
-969.604
-354.923
-587.286
-1018.44
-973.347
-585.11
-1013.2
-879.477
-929.034
-277.489
-521.943
-889.35
-515.83
-916.583
-867.301
-279.195
-499.074
-885.784
-853.566
-506.376
-901.285
-775.926
-774.51
-436.562
-501.129
-461.001
-805.242
-749.61
-810.485
-387.041
-483.681
-866.501
-834.61
-472.981
-841.558
-375.138
-401.506
-786.206
-399.099
-376.624
-373.298
-787.465
-409.103
-1310.74
-1578.21
-1404.97
-1431.71
-1605.01
-1443.41
-1288.18
-1299.39
-353.706
-368.691
-399.043
-787.644
-396.933
-380.55
-375.294
-382.198
-782.491
-388.283
-1244.07
-1249.73
-1503.68
-1390.77
-1371.68
-1365.62
-1501.71
-1366.58
-1275.2
-1255.94
-1077.48
-1126.97
-422.553
-673.228
-1080.39
-1122.83
-670.507
-1070.72
-426.595
-1112.15
-663.281
-1117.07
-665.192
-1067.28
-1240.28
-1235.88
-1493.86
-1343.36
-1352.82
-1363.21
-1502.91
-1358.43
-1223.92
-1229.8
-346.609
-340.368
-364.352
-767.997
-365.279
-336.068
-339.084
-373.063
-770.389
-369.892
-1051.28
-413.861
-1092.03
-647.795
-1049.06
-1094.4
-650.632
-1057.06
-417.688
-1105.16
-658.547
-1060.78
-1099.19
-656.247
-320.855
-318.58
-342.987
-749.359
-344.334
-314.022
-317.583
-348.836
-751.618
-347.001
-1200.37
-1196.04
-1452.28
-1308.13
-1312.93
-1320.98
-1457.31
-1316.31
-1189.23
-1192.39
-1202.97
-1205.74
-1337.53
-1468.55
-1329.24
-1217.95
-1209.32
-1323.41
-1465.23
-1325.92
-323.263
-329.686
-361.32
-762.489
-359.287
-335.479
-332.328
-352.625
-759.287
-355.162
-305.133
-309.427
-340.52
-743.061
-338.832
-312.956
-310.871
-334.491
-740.442
-336.164
-1175.16
-1177.06
-1438.32
-1304.61
-1299.15
-1293.68
-1434.87
-1296.36
-1185.48
-1179.93
-1015.95
-1062.28
-384.795
-621.987
-1018.03
-1059.04
-620.92
-1011.78
-384.749
-1053.26
-615.78
-1055.57
-617.613
-1009.72
-1172.59
-1168.36
-1421.08
-1280.01
-1283.75
-1291.21
-1425.25
-1286.66
-1162.82
-1165.2
-303.729
-302.181
-326.605
-731.038
-328.119
-297.416
-301.205
-331.977
-733.502
-330.38
-998.023
-375.939
-1039.28
-604.758
-995.704
-1041.79
-606.869
-1002.74
-376.568
-1049.54
-612.105
-1005.28
-1045.65
-610.703
-287.223
-284.851
-308.228
-708.364
-310.376
-278.798
-283.644
-315.219
-711.793
-313.16
-1144.95
-1139.67
-1385.22
-1246.27
-1251.3
-1261.04
-1390.67
-1255.22
-1132.02
-1135.45
-1148.41
-1150.97
-1276.81
-1408.54
-1271.5
-1159.45
-1154.36
-1264.4
-1404.15
-1268.2
-288.589
-292.988
-324.177
-723.608
-322.388
-296.212
-294.17
-317.914
-720.636
-319.776
-266.589
-272.522
-305.066
-697.717
-302.606
-277.197
-273.856
-296.493
-693.475
-299.176
-1110.76
-1115.67
-1367.79
-1241.92
-1234.63
-1222.8
-1360.6
-1229.45
-1127.55
-1120.95
-946.219
-996.553
-338.476
-570.298
-951.194
-989.876
-567.287
-937.848
-338.29
-975.814
-556.597
-982.165
-560.662
-932.369
-1105.09
-1096.74
-1192.48
-1201.55
-1217.35
-1208.05
-1082.37
-1089.6
-264.648
-260.024
-282.85
-676.128
-285.895
-251.459
-258.616
-292.689
-680.87
-289.776
-907.087
-313.867
-939.552
-531.379
-899.352
-948.685
-536.765
-916.695
-314.202
-967.809
-548.813
-923.463
-958.939
-544.534
-231.703
-224.632
-274.23
-652.542
-268.231
-223.646
-226.787
-266.787
-653.006
-266.614
-1033.38
-1016.13
-1093.3
-1114.12
-1143.41
-1126.63
-981.28
-1002.24
-1042.72
-1054.29
-1185.42
-1173.43
-1075.17
-1063.68
-1152.29
-1164.79
-233.644
-241.899
-278.646
-663.54
-275.758
-249.199
-242.842
-269.648
-659.399
-272.015
-478.396
-293.741
-288.537
-671.364
-318.737
-228.814
-259.947
-476.816
-694.132
-381.812
-885.808
-902.415
-1077.21
-1045.86
-973.308
-1014.42
-964.646
-934.46
-818.304
-800.795
-825.95
-622.823
-759.205
-841.846
-749.404
-1023.31
-901.339
-949.286
-771.212
-825.353
-793.644
-981.655
-831.709
-801.859
-854.915
-869.998
-827.979
-813.265
-937.591
-885.811
-740.15
-555.622
-827.921
-736.293
-867.993
-869.489
-627.894
-830.673
-804.795
-851.768
-451.866
-525.771
-751.431
-843.382
-463.86
-521.493
-743.161
-840.119
-517.044
-742.854
-807.894
-707.076
-444.045
-490.102
-492.791
-710.456
-806.418
-834.667
-478.96
-520.552
-739.632
-839.852
-521.094
-738.87
-766.043
-669.579
-401.195
-453.539
-767.857
-451.697
-668.93
-1320.01
-1381.5
-1316.67
-1385.52
-1324.78
-1393.61
-1327.56
-1390.16
-759.304
-397.264
-446.824
-661.232
-758.803
-446.355
-662.346
-747.078
-649.887
-387.094
-436.721
-436.301
-650.876
-746.983
-1308.54
-1376.61
-1311.78
-1372.53
-1304.11
-1366.28
-1368.73
-1301.55
-754.574
-393.613
-444.75
-659.043
-756.698
-443.082
-658.25
-720.602
-627.573
-366.831
-416.734
-722.657
-415.042
-626.854
-712.079
-361.036
-408.371
-617.379
-711.253
-408.051
-618.496
-695.152
-601.246
-348.316
-394.44
-394.363
-602.611
-693.626
-706.105
-356.001
-405.466
-614.634
-708.612
-403.662
-613.745
-627.191
-539.758
-286.671
-340.522
-633.953
-335.897
-536.299
-602.914
-278.647
-313.204
-496.053
-590.265
-315.031
-502.147
-557.577
-662.454
-528.617
-572.535
-512.502
-613.652
-614.204
-569.948
-326.513
-316.169
-485.936
-585.725
-324.644
-477.316
-167.116
-176.359
-168.77
-879.438
-887.195
-885.449
-151.328
-160.059
-189.337
-192.815
-847.794
-848.746
-890.898
-881.505
-797.744
-701.913
-425.018
-482.823
-800.509
-699.541
-478.666
-788.875
-421.674
-689.312
-472.111
-690.472
-471.213
-787.54
-843.248
-836.839
-830.483
-829.631
-142.749
-136.868
-134.838
-134.496
-770.58
-406.518
-671.785
-456.458
-770.283
-673.153
-456.522
-1340.54
-1409.77
-1345.31
-1403.63
-782.177
-418.692
-686.11
-469.524
-785.064
-685.077
-468.036
-1334.81
-1396.76
-1332.12
-1399.01
-119.056
-117.815
-114.316
-114.915
-809.997
-804.945
-800.362
-798.58
-811.042
-809.034
-828.926
-821.818
-121.463
-124.227
-136.033
-136.184
-105.889
-107.265
-113.616
-113.373
-787.848
-785.366
-798.776
-793.101
-743.496
-648.261
-384.022
-434.781
-745.191
-647.766
-433.237
-1290.23
-1352.14
-1355.43
-1287.2
-1294.62
-1362.91
-1297.41
-1359.49
-737.122
-379.688
-640.658
-428.614
-641.686
-428.199
-736.815
-786.885
-782.145
-778.003
-775.887
-104.53
-104.228
-100.06
-100.914
-725.242
-370.542
-629.61
-418.962
-724.854
-630.724
-418.653
-1279.14
-1347.8
-1282.48
-1343.72
-732.831
-376.33
-638.719
-426.617
-734.815
-638.061
-424.991
-91.1187
-90.7135
-84.7611
-86.2102
-764.515
-759.321
-752.251
-750.994
-765.875
-763.835
-776.686
-771.409
-92.6504
-93.7891
-98.8899
-98.5996
-74.2244
-76.4549
-82.9896
-82.1927
-734.195
-733.933
-750.719
-744.922
-687.211
-597.571
-341.157
-390.588
-690.358
-596.32
-388.447
-673.049
-330.749
-579.258
-375.403
-581.064
-375.861
-670.307
-732.262
-725.666
-709.274
-710.674
-71.8953
-70.2521
-59.4341
-63.1553
-643.61
-304.064
-547.038
-347.507
-638.336
-549.905
-349.249
-662.039
-319.778
-574.152
-370.189
-666.325
-572.234
-367.306
-37.3699
-28.6972
-95.7361
-84.6982
-668.426
-657.589
-612.771
-623.321
-672.158
-676.523
-706.648
-698.567
-37.1692
-44.6652
-56.4167
-52.6623
-431.463
-371.078
-119.751
-135.315
-719.831
-687.54
-606.921
-589.268
-744.569
-703.739
-696.095
-633.095
-648.626
-759.629
-712.414
-901.093
-900.816
-882.594
-865.698
-940.323
-976.597
-919.091
-969.534
-846.636
-684.201
-847.115
-823.78
-779.529
-795.114
-859.527
-748.528
-787.087
-503.99
-596.781
-979.588
-953.457
-935.483
-715.775
-835.423
-976.481
-928.029
-882.551
-734.731
-850.473
-844.875
-444.818
-516.859
-743.678
-843.675
-512.363
-740.49
-842.441
-463.864
-511.53
-739.738
-844.837
-515.093
-743.65
-813.257
-449.572
-507.049
-721.306
-817.813
-499.558
-715.638
-830.784
-476.099
-514.49
-727.884
-826.39
-518.031
-733.797
-764.688
-401.398
-451.58
-666.267
-764.146
-449.885
-666.609
-760.816
-399.429
-449.523
-664.194
-762.477
-447.492
-663.561
-748.602
-389.37
-440.264
-652.993
-750.179
-437.617
-651.827
-753.017
-393.649
-442.436
-654.933
-752.362
-441.372
-655.881
-719.068
-366.996
-414.639
-623.743
-718.158
-413.246
-624.341
-713.916
-363.036
-412.05
-621.143
-715.912
-409.848
-620.286
-697.361
-350.325
-399.128
-606.298
-699.883
-396.889
-605.239
-704.166
-355.811
-402.508
-609.72
-702.701
-401.329
-610.573
-624.59
-283.341
-328.714
-524.641
-616.259
-330.242
-528.18
-603.606
-270.513
-321.778
-514.511
-612.949
-318.533
-511.272
-523.135
-472.034
-414.137
-534.098
-542.847
-465.275
-580.543
-569.412
-355.2
-379.642
-504.314
-546.284
-346.996
-480.482
-151.177
-158.846
-51.9539
-377.971
-243.046
45.062
-40.5904
64.3927
-232.669
-368.571
-228.082
-32.9314
61.2166
-105.003
190.057
195.294
-106.407
-364.448
-955.523
-364.496
-956.184
-103.272
181.774
194.682
-105.044
-365.57
-956.395
-367.199
-955.975
-164.612
-169.547
-41.9805
-237.999
-366.718
55.0336
-230.845
63.6547
-49.7645
-42.079
65.1841
-228.035
-364.012
-228.041
-41.465
65.3636
-113.164
200.232
202.393
-108.89
-118.74
-368.985
-955.46
-367.808
-953.882
-1312.32
-1144.96
-1287.3
-871.768
-876.475
-1278.28
-1306.37
-1140.84
-1138.71
-1290.48
-1549.41
-1530.56
-1561.25
-1581.35
-1604.75
-1604.82
-1591.15
-889.21
-888.818
-1124.7
-1292.23
-1260.43
-1128.77
-1271.24
-1286.05
-1134.84
-1302.35
-1136.29
-1277.18
-177.478
-167.731
-35.6655
-213.374
-347.529
74.3203
-214.334
71.1013
-28.4331
-43.4789
54.0505
-231.593
-354.397
-222.06
-53.7413
62.7556
-99.6835
167.499
175.273
-97.7849
-362.281
-954.325
-365.065
-952.043
-102.341
169.299
-104.058
174.628
-360.336
-949.58
-358.34
-950.918
-188.645
-191.858
-63.9784
-240.808
-369.257
48.6908
-239.655
-62.2769
45.9359
-64.3587
46.35
-238.731
-368.315
-238.614
-62.9315
46.7185
-89.07
170.626
182.93
-94.5562
-347.785
-944.613
-345.671
-945.63
-85.9734
184.62
188.919
-82.7901
-351.093
-948.541
-355.454
-946.089
-1083.05
-1244.43
-1217.02
-1084.36
-1219.38
-860.504
-852.368
-1222.13
-1247.84
-1091.18
-1087.38
-1220.24
-1507.24
-1519.01
-1499.26
-1496.74
-1498.11
-1500.5
-1498.17
-1494.68
-873.077
-875.547
-1116.22
-1270.87
-1253.02
-1110.9
-1241.91
-1228.7
-1097.23
-1261.2
-1103.19
-1234.07
-795.201
-423.435
-695.575
-476.829
-794.257
-695.665
-474.791
-790.472
-423.662
-692.463
-473.595
-792.576
-692.424
-472.503
-1079.7
-1217.37
-1240.68
-1078.48
-1215.63
-833.637
-834.928
-1208.18
-1236.32
-1073.91
-1074.88
-1214.43
-1479.88
-1474
-1483.9
-1489.75
-1500.65
-1500.77
-1498.56
-1493.7
-836.022
-831.74
-1063.78
-1225.48
-1197.85
-1065.61
-1203.16
-1208.52
-1069.95
-1230.55
-1069.46
-1204.49
-135.158
-136.121
-12.6308
-205.387
82.9871
-334.799
-19.9674
-198.942
89.3392
-11.777
89.8879
-199.336
-332.011
-195.133
-11.7551
93.4624
-68.9007
191.103
199.803
-71.2043
-332.441
-936.479
-331.713
-937.643
-67.6414
193.662
201.726
-67.6661
-333.593
-940.395
-336.181
-938.413
-138.297
-138.011
-9.41175
-195.861
-327.642
91.1769
-192.632
95.4516
-10.7105
-12.106
91.7662
-197.156
-328.815
-193.471
-14.3652
93.2856
-73.2645
194.477
201.979
-72.4597
-339.563
-944.205
-343.079
-942.356
-75.2954
187.668
-79.8968
199.052
-337.631
-941.171
-336.749
-942.002
-772.861
-409.628
-676.953
-462.477
-774.971
-674.857
-458.858
-779.902
-418.3
-679.902
-465.877
-778.507
-681.778
-465.639
-119.297
-118.916
6.32883
-180.272
-310.733
106.311
-176.144
108.428
3.46054
4.80815
104.88
-178.989
-309.774
-174.936
3.41437
110.014
-49.3493
198.66
207.745
-51.5427
-312.236
-916.425
-311.708
-917.451
-48.4711
202.021
209.662
-48.5379
-313.071
-920.209
-315.48
-918.191
-119.619
-118.695
8.75814
-174.64
-305.718
108.599
-172.042
112.549
8.36121
5.57983
107.755
-177.726
-307.404
-173.192
2.91532
109.719
-52.219
199.668
207.913
-52.3923
-317.222
-925.284
-319.666
-923.348
-53.039
199.016
208.052
-55.4559
-316.54
-921.405
-316.12
-922.462
-1041.73
-1200.24
-1176.86
-1040.76
-1175.65
-803.807
-803.955
-1169.74
-1197.25
-1037.05
-1038.31
-1173.69
-1441.45
-1438.47
-1510.57
-1518.15
-1309.64
-1393.57
-1520.58
-1396.49
-1508.15
-1512.77
-1400.12
-1524.61
-1312.57
-1523.17
-1514.68
-1397.93
-1443.37
-1445.9
-1522.74
-1533.62
-1320.71
-1409.02
-1532.84
-1407.45
-1524.19
-1453.39
-1454.77
-1520.24
-1402.04
-1318.11
-1527.76
-1530.41
-1405.24
-1517.38
-1451.29
-1448.14
-803.66
-800.148
-1030.86
-1189.97
-1163.58
-1031.77
-1167.01
-1168.96
-1034.45
-1192.9
-1034.02
-1167.25
-815.098
-811.292
-1043.73
-1203.51
-1177.23
-1044.43
-1179.25
-1180.69
-1047.38
-1205.43
-1046.07
-1180.04
-1465.8
-1469.76
-1536.03
-1549.39
-1425.8
-1335.72
-1540.11
-1546.2
-1421.57
-1532.24
-1414.7
-1331.38
-1539.63
-1542.24
-1418.07
-1529.22
-1462.1
-1459.67
-818.88
-819.574
-1059.33
-1194.69
-1216.44
-1056.82
-1190.47
-1183.02
-1050.44
-1211.56
-1052.88
-1187.07
-1526.26
-1535.38
-1324.24
-1409.77
-1536.24
-1525.27
-1411.23
-1456.71
-1455.84
-1526.89
-1412.85
-1325.9
-1537.21
-1537.24
-1412.03
-1527.55
-1457.82
-1457.79
-132.615
-129.14
-0.570638
-182.973
-315.393
101.87
-181.192
1.19588
103.82
-5.29555
95.3047
-190.13
-318.516
-184.109
-10.2674
99.367
-63.5968
190.963
198.934
-63.3144
-328.761
-935.38
-331.212
-933.191
-64.6431
191.22
-66.6734
199.263
-327.972
-931.021
-327.182
-932.174
-136.085
-137.014
-11.1441
-194.806
92.715
-325.084
-12.4445
-191.396
93.2175
-12.7008
90.7517
-193.104
-324.057
-190.191
-13.0431
94.5322
-58.77
191.713
201.91
-61.9257
-321.577
-926.153
-320.638
-927.153
-57.4057
198.545
-56.6312
205.152
-323.084
-930.045
-326.042
-927.932
-113.104
-111.227
15.5344
-166.318
-296.929
115.011
-163.967
118.7
15.9431
11.8757
112.641
-170.762
-299.078
-165.656
8.38688
115.214
-45.3209
200.651
208.953
-45.622
-308.882
-915.215
-311.068
-913.215
-45.8566
201.413
-47.7562
209.729
-308.581
-911.536
-308.281
-912.443
-114.639
-114.628
10.266
-173.384
-303.036
111.726
-169.705
8.59101
112.612
8.41249
108.682
-172.411
-302.284
-168.849
7.26953
113.836
-42.4266
200.79
210.174
-44.8104
-304.235
-906.64
-303.685
-907.643
-41.5825
205.141
212.4
-41.5142
-305.187
-910.559
-307.662
-908.57
-1017.4
-1175.61
-1149.72
-1017.93
-1151.78
-790.016
-786.994
-1152.59
-1177.27
-1019.88
-1019.28
-1152.21
-1433.84
-1436.16
-1503.08
-1515.02
-1303.81
-1391.37
-1513.36
-1505.48
-1388.85
-1500.39
-1383.63
-1508.36
-1300.81
-1510.61
-1497.89
-1386.46
-1431.42
-1429
-1494.25
-1502.95
-1294.64
-1378.6
-1504.33
-1380.29
-1492.95
-1425.37
-1423.78
-1495.3
-1382.15
-1296.39
-1506.11
-1505.69
-1381.14
-1496.16
-1426.52
-1427.4
-791.733
-791.73
-1028
-1184.87
-1161.94
-1026.49
-1159.66
-1153.83
-1022.16
-1181.4
-1023.7
-1157.48
-742.326
-384.42
-645.345
-433.392
-741.856
-645.77
-431.837
-738.59
-381.881
-643.48
-431.533
-740.165
-642.72
-429.307
-1015.51
-1149.11
-1172.42
-1014.58
-1147.78
-781.277
-781.254
-1142.36
-1169.57
-1011.04
-1012.26
-1145.92
-1410.98
-1408.52
-1479.62
-1487.54
-1281.19
-1364.02
-1489.5
-1366.46
-1477.71
-1412.42
-1414.25
-1481.29
-1369.16
-1492.49
-1283.59
-1491.52
-1482.66
-1367.57
-1489.83
-1500.92
-1377.49
-1290.85
-1491.44
-1499.88
-1375.79
-1420.83
-1422.47
-1418.82
-1416.05
-1487.41
-1370.8
-1288.32
-1495.11
-1497.51
-1373.69
-1484.86
-780.632
-777.358
-1005.83
-1163.28
-1137.28
-1006.44
-1140.19
-1141.46
-1008.71
-1165.66
-1008.31
-1140.34
-106.248
-105.697
18.9478
-164.797
119.037
-294.028
17.0708
-161.104
120.03
16.9588
115.243
-164.354
-293.4
-160.414
15.3496
121.275
-35.9986
203.869
212.856
-38.1066
-296.5
-896.026
-295.956
-897.161
-35.2154
207.279
214.752
-35.2944
-297.313
-900.207
-299.68
-898.117
-105.88
-104.78
21.5271
-159.691
-289.256
119.44
-157.269
124.014
21.4569
18.1829
119.028
-163.248
-291.123
-158.534
15.4139
120.73
-38.3629
204.318
212.699
-38.8341
-300.904
-905.62
-303.053
-903.611
-38.8694
205.165
-40.7593
213.612
-300.52
-901.441
-300.251
-902.55
-726.867
-372.797
-632.895
-422.42
-728.595
-631.938
-420.007
-731.384
-376.54
-635.058
-424.64
-730.687
-635.714
-423.336
-92.1697
-91.8464
31.1962
-150.39
-277.393
129.481
-146.597
129.707
29.2224
29.3951
124.039
-149.383
-276.484
-145.658
28.0337
131.687
-22.7764
207.434
216.096
-24.9186
-279.038
-869.283
-278.09
-871.079
-21.8178
210.434
217.799
-21.7695
-280.063
-875.257
-282.695
-872.665
-91.5673
-90.0862
34.6543
-143.57
-271.169
128.354
-141.376
134.745
35.2056
31.354
129.524
-147.875
-273.425
-143.164
28.2443
130.446
-25.3635
207.976
216.314
-25.779
-284.301
-882.314
-286.73
-879.714
-25.9681
209.209
217.327
-27.8261
-283.824
-876.798
-283.34
-878.253
-989.492
-1144.69
-1121.98
-988.382
-1119.8
-757.445
-758.151
-1113.49
-1140.91
-983.901
-985.313
-1117.78
-1374.7
-1371.4
-1376.59
-1379.2
-1387.39
-1389.84
-1384.96
-1381.38
-756.537
-752.536
-976.658
-1132.52
-1106.33
-977.443
-1109.81
-1112.32
-980.708
-1135.79
-980.079
-1110.37
-768.866
-765.411
-992.177
-1148.84
-1122.84
-992.765
-1125.74
-1127.18
-995.259
-1151.32
-994.761
-1126.07
-1404.41
-1406.68
-1473.35
-1484.82
-1362.32
-1276.21
-1475.47
-1483.34
-1360.04
-1470.59
-1354.53
-1273.17
-1478.05
-1480.56
-1357.69
-1467.86
-1402.15
-1399.2
-769.94
-770.293
-1003.27
-1136.25
-1159.13
-1002.1
-1134.16
-1128.32
-997.913
-1155.67
-999.282
-1132.15
-1394.07
-1391.63
-1395.56
-1397.37
-99.1956
-97.7592
27.8667
-151.934
-280.653
124.181
-149.676
28.1442
129.372
24.394
124.032
-156.12
-282.773
-151.231
21.2852
125.555
-32.1892
206.007
214.313
-32.5847
-293.131
-894.852
-295.353
-892.637
-32.7195
207.043
-34.5572
215.276
-292.728
-890.134
-292.302
-891.408
-100.142
-99.8579
23.9915
-158.362
123.734
-286.442
22.2048
-154.65
124.247
22.1035
119.273
-157.523
-285.671
-153.838
20.7679
125.795
-29.5543
205.782
214.748
-31.7652
-288.21
-883.765
-287.447
-885.224
-28.6904
209.329
-28.6783
216.666
-289.152
-888.809
-291.7
-886.509
-82.2366
-80.2553
43.1872
-132.795
-259.554
132.163
-130.853
140.431
44.4199
39.9639
133.67
-137.916
-262.068
-133.21
36.4472
135.433
-18.1674
208.532
216.962
-18.5204
-274.693
-867.532
-277.244
-864.705
-18.9109
210.141
-20.7942
217.994
-274.079
-860.961
-273.302
-862.899
-82.8969
-82.9207
38.7604
-141.634
-267.195
134.56
-137.7
36.4911
134.692
37.2701
128.255
-139.879
-265.985
-136.37
36.2396
137.405
-15.3399
207.651
215.86
-17.4626
-268.521
-851.886
-267.372
-854.061
-14.1989
209.73
217.248
-14.1287
-269.695
-858.997
-272.507
-856.043
-956.401
-1111.38
-1084.82
-957.5
-1089.14
-740.606
-735.698
-1093.09
-1115.72
-962.019
-961.074
-1090.09
-1365.88
-1369.14
-1362.94
-1358.45
-1349.41
-1345.06
-1351.97
-1355.7
-741.814
-743.358
-973.202
-1127.22
-1105.2
-971.847
-1102.13
-1094.63
-966.209
-1122.43
-967.922
-1099.8
-684.808
-340.394
-591.014
-386.191
-682.382
-592.174
-385.346
-675.633
-332.683
-586.284
-381.745
-679.033
-585.058
-379.458
-951.944
-1083.42
-1104.59
-950.259
-1079.37
-720.634
-723.509
-1070.15
-1098.48
-942.987
-945.184
-1076.65
-1316.38
-1310.99
-1319.5
-1324.74
-1338.2
-1342.52
-1334.61
-1328.59
-719.216
-712.641
-929.257
-1083.39
-1056.29
-930.856
-1061.99
-1068.09
-937.337
-1089.43
-935.906
-1063.42
-69.7397
-70.4457
49.1779
-130.197
136.73
-254.328
46.2784
-125.958
139.766
48.2629
130.974
-127.265
-252.851
-124.043
47.6468
141.747
-7.98546
204.401
211.403
-9.64443
-257.715
-833.802
-257.037
-835.509
-6.72122
203.582
211.96
-7.08554
-258.961
-840.386
-261.388
-837.656
-69.4398
-66.5861
54.7042
-118.51
-245.473
130.423
-117.039
138.517
56.8785
51.5454
131.725
-124.764
-247.989
-120.116
47.6388
137.337
-10.2084
206.337
215.3
-10.7569
-263.618
-849.57
-266.234
-846.537
-11.1239
209.171
-12.9283
216.439
-262.926
-842.56
-262.212
-844.606
-646.154
-305.797
-557.797
-357.007
-651.17
-556.053
-354.388
-659.166
-317.978
-564.594
-362.995
-654.966
-566.494
-362.951
-36.7239
-36.8017
59.2233
-96.463
-220.492
98.8761
-91.4552
101.425
58.9122
52.0914
76.4672
-97.2599
-221.088
-90.5402
37.7213
92.1836
-32.3
139.666
130.804
-21.8115
-270.994
-842.128
-282.135
-833.556
-38.1034
91.7416
116.418
-55.8376
-268.472
-827.097
-261.727
-832.069
-58.2918
-62.3848
-4.34043
-137.986
-221.809
14.0588
-117.416
35.8668
-23.6656
12.8222
59.4145
-102.669
-216.929
-107.269
20.4605
53.3768
-10.2045
153.183
170.411
-18.1877
-254.714
-822.392
-253.065
-823.487
-9.69101
175.642
175.91
-6.9037
-254.723
-826.712
-260.096
-823.146
-882.938
-1031.35
-1013.9
-879.562
-1006.17
-643.569
-653.183
-989.302
-1020.52
-865.337
-869.942
-1001.46
-1223.42
-1213.76
-1228.74
-1239.18
-1259.07
-1266.24
-1254.87
-1244.73
-641.477
-625.468
-833.429
-985.171
-954.339
-837.507
-967.262
-984.398
-853.549
-998.902
-849.406
-971.678
-688.355
-678.637
-891.093
-1044.67
-1016.49
-893.622
-1024.22
-1033.85
-903.28
-1053.06
-900.855
-1026.49
-1303.1
-1308.49
-1299.61
-1292.11
-690.233
-695.544
-923.306
-1054.47
-1074.22
-921.017
-1048.92
-1036.91
-911.096
-1066.23
-914.173
-1045.45
-1276.96
-1269.55
-1280.74
-1288.05
-51.0648
-45.6355
65.3586
-99.9144
-229.544
106.431
-98.8931
62.3269
115.673
64.75
115.871
-107.096
-231.071
-102.557
61.383
120.353
-3.78772
195.378
206.098
-5.45057
-254.118
-831.807
-255.973
-829.512
-4.79326
202.133
-5.87385
207.875
-253.295
-826.798
-253.789
-827.624
-49.7457
-52.3646
63.6455
-114.981
129.371
-238.436
59.6639
-110.14
135.269
63.748
121.967
-110.091
-237.048
-107.359
63.2546
132.018
-5.03281
190.723
194.307
-4.70532
-251.925
-823.354
-253.655
-822.658
-4.17721
180.523
-7.04829
192.062
-252.725
-825.06
-253.292
-823.987
-255.111
-302.179
-307.627
-483.926
-404.223
-375.746
-406.277
-286.733
-383.84
-231.718
-154.396
-290.176
-342.995
-343.703
-182.952
-208.306
-111.759
-24.0372
19.5578
-150.434
-303.245
-845.349
-287.016
-857.87
-91.8292
71.3513
-67.7686
48.5812
-314.461
-883.913
-341.343
-863.572
-200.008
-166.71
-58.518
-155.586
-225.495
-10.0269
-175.455
-43.7674
-25.8547
-87.5291
-100.243
-246.62
-245.315
-202.373
-128.735
-57.4983
-246.905
-71.8426
-135.939
-186.215
-463.144
-1004.77
-535.105
-949.188
-312.687
-327.53
-223.75
-411.239
-409.701
-895.475
-366.096
-928.022
-843.807
-867.958
-884.41
-808.844
-880.772
-617.595
-646.301
-896.527
-899.713
-771.605
-798.653
-869.716
-1199.06
-1209.13
-1190.91
-1173.79
-1114.47
-1091.18
-1138.01
-1159.61
-577.092
-581.754
-819.111
-961.055
-950.103
-814.319
-935.93
-905.322
-791.679
-940.175
-796.337
-928.024
-767.469
-751.973
-810.875
-827.694
-810.906
-791.547
-787.774
-1026.55
-1013.73
-1032.27
-996.044
-1057.58
-1025.74
-1042.5
-1000.66
-962.4
-1033.79
-911.949
-935.376
-935.525
-844.498
-793.13
-856.982
-850.305
-908.455
-910.614
-871.56
-821.485
-889.975
-949.279
-939.125
-883.748
-801.274
-856.286
-790.11
-923.504
-771.405
-855.45
-843.935
-842.394
-797.268
-852.682
-882.114
-892.368
-878.935
-869.781
-826.062
-811.239
-780.387
-861.326
-870.806
-875.984
-832.733
-958.492
-877.225
-799.851
-794.919
-907.563
-932.912
-1015.29
-1057.02
-963.252
-870.95
-800.756
-732.29
-818.419
-811.818
-674.613
-584.685
-576.928
-480.683
-672.144
-470.616
-672.722
-596.31
-696.798
-866.915
-846.305
-762.78
-795.401
-862.079
-741.411
-964.728
-1022.12
-820.477
-747.184
-849.626
-977.773
-885.722
-920.44
-952.784
-1093.14
-883.314
-1068.22
-900.401
-916.647
-806.812
-902.168
-740.145
-923.319
-745.094
-1042.74
-625.706
-1124.37
-657.701
-442.458
-513.757
-583.607
-870.381
-1019.98
-949.335
-1170.47
-1428.99
-1605.85
-1483.47
-1446.08
-1415.53
-1504.71
-1441.65
-1626.99
-1461.29
-1520.63
-1388.16
-1535.67
-1461.1
-1399.25
-1446.76
-1377.66
-1438.43
-1531.29
-1439.37
-1374.3
-1255.87
-1316.97
-1251.65
-1321.42
-1261.74
-1331.3
-1265.57
-1326.76
-1240.1
-1311.11
-1245.08
-1305.32
-1232.73
-1292.7
-1298.5
-1227.27
-1124.19
-1166.72
-1109.03
-1182.93
-1137.7
-1211.01
-1148.47
-1198.39
-1055.93
-1145.52
-1086.05
-1117.26
-1009.75
-1028.25
-1073.79
-964.025
-1358.06
-1418.22
-1425.73
-1352.72
-1365.06
-1436.54
-1368.04
-1433.03
-1274.18
-1335.88
-1270.86
-1339.29
-1203.57
-1261.59
-1269.24
-1196.46
-1212.62
-1285.34
-1219.09
-1277.94
-1178.65
-1252.48
-1186.78
-1243.07
-1168.37
-1222.24
-1159.46
-1232.21
-1621.12
-1615.82
-1413.18
-1492.16
-1630.88
-1506.54
-1607.15
-1637.14
-1531.25
-1660.31
-1426.6
-1646.68
-1649.65
-1517.9
-1670.48
-1448.14
-1682.16
-1546.88
-1669.26
-1537.28
-1445.66
-1673.69
-1680.76
-1546.17
-1662.15
-1581.44
-1600.47
-1384.91
-1480.44
-1590.46
-1592.5
-1469.21
-1573.2
-1456.62
-1577.88
-1375.62
-1581.76
-1568.64
-1461.47
-1569.3
-1579.96
-1365.35
-1453.46
-1578.18
-1453.76
-1569.97
-1567.78
-1453.63
-1366.8
-1575.22
-1577.37
-1453.45
-1567.41
-1549.8
-1554.95
-1346.16
-1429.98
-1559.72
-1435.22
-1545.11
-1554.69
-1443.36
-1568.69
-1351.52
-1564.98
-1558.91
-1438.56
-1570.28
-1579.58
-1454.2
-1363.66
-1570.81
-1580.18
-1453.08
-1567.68
-1446.24
-1360.45
-1574.1
-1577.62
-1450.92
-1563.7
-1442.89
-1449.9
-1247.61
-1328.16
-1452.38
-1331.37
-1440.45
-1445.26
-1335.31
-1456.58
-1250.91
-1455.1
-1447.19
-1332.93
-1456.24
-1467.55
-1260.43
-1345.95
-1465.95
-1343.52
-1458.41
-1453.17
-1337.36
-1257.06
-1459.99
-1462.89
-1341.01
-1450.06
-1462.49
-1470.35
-1265.57
-1347.53
-1472.28
-1460.64
-1349.96
-1464.2
-1352.82
-1268.07
-1475.28
-1474.32
-1351.14
-1465.6
-1434.76
-1446.29
-1241.05
-1326.12
-1444.15
-1437.52
-1322.9
-1430.94
-1315.33
-1436.8
-1236.72
-1440.3
-1427.14
-1319.88
-1417.47
-1423.54
-1224.51
-1303.13
-1426.71
-1307.19
-1414.4
-1420.73
-1312.7
-1228.83
-1432.44
-1430.27
-1309.34
-1423.43
-1384.69
-1390.11
-1194.56
-1270.76
-1394.03
-1276.26
-1380.82
-1389.09
-1283.77
-1401.73
-1200.35
-1398.71
-1392.82
-1279.12
-1407.32
-1419.08
-1300.6
-1216.2
-1410.71
-1416.35
-1296.47
-1402.55
-1287.16
-1210.67
-1407.2
-1411.54
-1292.9
-1397.78
-1284.25
-1289.12
-1097.87
-1167.68
-1297.06
-1178.73
-1276.05
-1293.24
-1195.5
-1312.8
-1110.38
-1305.69
-1301.9
-1184.54
-1326.73
-1341.27
-1141.15
-1224.46
-1336.81
-1217.26
-1331.88
-1319.29
-1201.59
-1131.25
-1322.15
-1329.58
-1212.12
-1311.16
-1372.1
-1384.49
-1267.63
-1183.88
-1376.16
-1381
-1262.1
-1366.19
-1250.22
-1176.67
-1369.59
-1375.05
-1257.71
-1360.36
-1342.61
-1347.58
-1155.06
-1228.01
-1352.45
-1337.61
-1235.08
-1348.56
-1245.78
-1162.93
-1362.65
-1358.41
-1238.81
-1353.83
-1258.32
-1278.82
-1073.15
-1162.65
-1270.73
-1267.5
-1150.45
-1245.58
-1123.68
-1243.29
-1053
-1256.83
-1229.95
-1142.48
-1163.01
-1159.04
-975.881
-1051.54
-1174.02
-1075.1
-1139.22
-1189.07
-1112.98
-1008.96
-1218.98
-1203.99
-1089.65
-1210.35
-1077.56
-1117.56
-1031.28
-942.023
-1105.14
-1106.33
-1002.68
-1017.41
-879.719
-909.615
-1002.9
-1055.84
-950.862
-962.676
)
;

boundaryField
{
    left
    {
        type            calculated;
        value           nonuniform List<scalar> 0();
    }
    bottom
    {
        type            calculated;
        value           nonuniform List<scalar> 
243
(
-1334.56
-1310.9
-1232.17
-1223.87
-1162.99
-1151.13
-1040.74
-1016.35
-1270.37
-1258.64
-1200.54
-1192.13
-1107.49
-1090.89
-1052.99
-1064.63
-1353.92
-1293.97
-1027.04
-1040.75
-976.517
-983.072
-1240.5
-1216.05
-963.477
-969.945
-920.328
-928.887
-1173.61
-1137.94
-900.255
-910.781
-829.64
-839.5
-1058.08
-971.051
-834.035
-821.944
-804.539
-1006.74
-1015.63
-1282.18
-786.256
-779.802
-803.666
-793.185
-765.222
-759.165
-776.875
-768.977
-1248.87
-990.238
-998.357
-950.838
-957.215
-1208.45
-746.136
-739.477
-756.251
-749.324
-724.326
-715.002
-736.137
-728.174
-1183.22
-936.72
-944.004
-876.308
-888.666
-1123.34
-693.448
-681.058
-710.288
-699.052
-660.983
-665.587
-675.038
-665.203
-1074.29
-851.067
-863.469
-867.426
-907.176
-670.221
-782.219
-818.194
-804.212
-800.348
-784.192
-780.575
-803.875
-797.478
-763.684
-760.823
-775.487
-771.499
-744.549
-741.552
-754.658
-751.424
-722.036
-717.89
-734.268
-730.671
-690.261
-684.519
-707.525
-702.427
-661.522
-660.721
-672.356
-667.171
-830.598
-847.77
-973.477
-814.795
-687.816
-723.022
-907.856
-964.05
-954.104
-917.265
-931.479
-746.604
-712.978
-1327.83
-1331.22
-1339.29
-1340.76
-1334.96
-1337.28
-1337.81
-1337.57
-1338.13
-1337.28
-1335.55
-1334.81
-1337.24
-1336.2
-1340.9
-1340.4
-1341.04
-1340.63
-1338.71
-1338.33
-1339.77
-1338.54
-1322.48
-1321.63
-1324.61
-1323.18
-1317.59
-1316.48
-1320.37
-1318.79
-1331.48
-1330.58
-1333.67
-1332.28
-1326.72
-1325.7
-1329.31
-1327.66
-1301.13
-1299.98
-1303.98
-1302.31
-1294.86
-1293.45
-1298.34
-1296.45
-1312.39
-1311.34
-1315.01
-1313.43
-1306.74
-1305.5
-1309.88
-1308.09
-1272.6
-1270.88
-1276.75
-1274.52
-1263.53
-1261.4
-1268.46
-1265.92
-1288.22
-1286.77
-1291.6
-1289.73
-1280.71
-1278.96
-1284.84
-1282.62
-1230.92
-1228.51
-1236.61
-1233.71
-1219.29
-1216.96
-1225.17
-1222.29
-1253.56
-1251.36
-1258.59
-1255.99
-1242.54
-1240.02
-1248.36
-1245.42
-1200.09
-1202.22
-1199.76
-1200.01
-1209.72
-1215.59
-1203.11
-1206.77
-1208.76
-1207.29
-1213.66
-1211.22
-1201.6
-1201.21
-1204.7
-1203.26
-871.932
-883.726
-1498.17
-1365.14
-1412.26
-1468.29
-575.513
-736.655
-1238.53
-1252.72
-1220.28
-1229.37
-1320.2
-1359.12
-1269.6
-1293.67
)
;
    }
    interface
    {
        type            calculated;
        value           nonuniform List<scalar> 
1703
(
-440.797
-411.726
-449.117
-377.266
-370.496
-360.596
-369.419
-342.52
-333.682
-320.128
-332.059
-268.474
-302.056
-592
-322.872
-404.345
-394.471
-379.155
-394.269
-359.461
-353.142
-343.897
-351.977
-317.899
-301.265
-273.262
-297.943
-646.294
-985.573
-743.07
-421.44
-432.645
-430.544
-441.757
-374.15
-374.005
-364.721
-366.291
-339.356
-338.492
-326.438
-327.601
-257.075
-263.237
-450.385
-405.5
-395.951
-397.583
-386.062
-389.548
-357.272
-356.715
-348.05
-349.077
-311.376
-309.928
-285.632
-287.648
-831.091
-1008.21
-881.833
-964.433
-838.288
-864.963
-810.583
-980.716
-836.21
-778.494
-792.67
-833.922
-793.595
-743.15
-847.975
-838.234
-827.932
-434.55
-435.669
-415.835
-447.003
-374.042
-369.688
-359.92
-366.394
-339.621
-333.563
-320.729
-328.776
-261.861
-284.468
-542.654
-344.347
-398.603
-393.557
-740.486
-727.887
-379.291
-390.924
-709.535
-726.178
-356.808
-352.341
-685.62
-677.312
-107.648
-103.264
-343.282
-349.116
-95.8074
-101.812
-77.1666
-85.6512
-313.986
-302.993
-632.459
-611.037
-74.3734
-62.1853
-276.644
-292.834
-50.0819
-128.459
-711.077
-742.997
-534.876
-991.703
-939.655
-697.403
-981.113
-874.421
-699.862
-424.845
-435.469
-422.083
-444.404
-373.738
-371.681
-362.077
-366.073
-339.332
-335.68
-323.108
-328.066
-258.366
-269.175
-490.105
-371.476
-160.237
-59.1596
70.0666
-80.9104
167.922
172.692
-321.759
-80.6706
172.072
-323.244
-45.408
82.0852
90.3134
-86.5729
-98.5157
-327.748
-1289.66
-1281.94
-1386.45
-1530.57
-1588.58
-1587.5
-782.041
-1372.14
-1263.53
-1285.15
-1390.81
-1279.61
-178.247
-37.3538
98.6668
95.7776
-81.2578
154.265
-319.516
-83.2321
-317.028
73.3127
-62.6112
71.1899
-70.5202
-304.154
-65.8333
-307.095
-1323.64
-1219.61
-1221.57
-760.357
-1224.9
-1328.96
-1491.25
-1500.57
-1481.93
-1481.78
-771.284
-1360.79
-1254.25
-1231.75
-1335.67
-1236.7
-396.282
-395.482
-1323.32
-1218.83
-1217.73
-731.932
-1210.76
-1314.41
-1462.98
-1458.06
-1468
-1484.17
-1304.37
-1200.17
-1204.39
-1209.44
-1312.71
-16.4556
107.75
114.534
-47.5995
-287.749
-46.8017
172.191
179.84
-288.845
116.364
120.726
-13.8643
-51.4045
-295.156
-54.1647
-293.18
-382.381
-390.114
-122.414
3.32953
130.683
133.292
-28.6244
186.239
-266.929
-27.9571
-267.711
133.16
137.358
5.23496
-31.6369
-271.934
-32.0782
-271.225
-1281.46
-1178.3
-1177.52
-703.061
-1171.92
-1274.24
-1425.03
-1422.49
-1694
-1306.71
-1309.47
-1691.17
-1707.87
-1320.71
-1319.72
-1709.2
-1437.22
-702.362
-1268.43
-1165.59
-1170.32
-1272.41
-1169.38
-714.594
-1282.32
-1179.3
-1182.58
-1284.82
-1182.16
-1449.84
-1719.84
-1337.98
-1723.8
-1334.74
-1445.61
-1299.63
-1196.06
-1185.35
-1287.54
-1188.91
-1710.78
-1321.77
-1710.24
-1323.35
-1440.4
-1439.61
-1441.63
-3.11542
126.356
128.589
-43.7523
169.843
-283.93
-44.162
170.057
-283.071
-13.2155
117.19
-14.8844
118.229
-38.6271
-276.532
-36.8268
-277.909
-115.533
12.8887
139.295
143.245
-25.2278
-263.527
-25.1174
-263.165
-117.323
7.74743
135.962
5.70221
137.298
-21.9883
-258.82
-21.0803
-259.691
-1254.04
-1151.62
-1154.22
-1255.73
-1154.14
-1417.93
-1419.75
-1685.87
-1304.2
-1688.28
-1302.4
-1676.79
-1291.95
-1293.67
-1675.45
-1409.12
-1407.73
-1410.54
-691.711
-1266.04
-1163.32
-1161.69
-1155.94
-1257.4
-356.804
-354.354
-1253
-1150.45
-1149.57
-681.4
-1144.39
-1245.94
-1394.64
-1392.52
-1661.08
-1278.17
-1280.56
-1658.79
-1672.28
-1290.6
-1673.96
-1289.51
-1404.8
-680.392
-1241.37
-1139.15
-1141.49
-1142.81
-1244.24
-1142.29
-109.033
16.1754
143.097
144.551
-15.3757
191.605
-251.125
-14.7879
-251.846
143.63
148.445
18.3282
-18.1536
-255.387
-17.9245
-255.089
-345.43
-348.917
-94.7949
28.4754
153.159
153.807
-2.04979
-233.964
-1.54585
-234.818
-93.6662
32.069
152.135
158.669
32.0279
-5.32086
-238.977
-4.92034
-238.643
-1225.18
-1123.06
-1115.46
-1216.47
-1118.94
-1358.18
-1355.34
-1371.37
-1373.33
-1368.47
-657.031
-1209.8
-1108.15
-1110.83
-1113.41
-1214.34
-669.147
-1226.57
-1124.67
-1128.51
-1229.62
-1127.92
-1388.46
-1654.25
-1276.19
-1656.61
-1274.62
-1239.78
-1137.45
-1136
-1130.3
-1231.45
-1133.53
-1377.71
-101.464
25.2247
148.161
153.559
-12.1227
193.156
-247.665
-11.8158
193.997
-247.344
147.62
19.1975
148.576
-8.96303
-242.93
-8.34383
-243.746
40.6836
155.623
164.032
1.8383
196.161
-229.592
2.21043
197.042
-229.132
-85.4514
157.989
158.48
5.49116
-223.802
6.05191
-224.799
-1187.76
-1086.58
-1089.87
-1093.89
-1194.49
-1349.82
-1333.04
-1207.96
-1106.04
-1103.87
-1096.57
-1197.26
-1100.73
-312.576
-305.743
-1185.5
-1083.92
-1081.01
-1072.03
-1172.16
-1077.18
-1300.58
-1322.34
-1325.99
-1318.07
-620.443
-1158.07
-1058
-1068.48
-1168.43
-1065.14
-72.27
46.2539
160.046
163.133
13.0065
-213.576
13.8146
-214.689
-71.1322
52.3371
153.17
161.656
53.5428
9.97377
-219.047
10.1541
-218.431
-279.898
-290.182
44.3648
120.131
121.966
-21.3832
111.157
-233.916
-26.8338
97.3018
-232.003
-84.7043
32.2405
55.2736
9.56381
-214.014
8.60272
-213.703
-1111.84
-1013.35
-1007.53
-991.103
-1086.96
-1209
-1243.79
-1048.02
-956.24
-966.16
-983.35
-1078.35
-973.577
-1115.52
-1018.05
-1033.73
-1132.13
-1287.18
-1291.97
-1282.6
-593.52
-1155.21
-1054.51
-1038.74
-1137.55
-1045.5
-1260.73
-1254.2
56.9527
127.586
137.497
17.1012
-210.399
16.4992
182.286
187.479
-209.542
152.001
157.761
15.3176
-209.028
16.763
-209.947
-285.786
-325.737
-365.626
-272.349
-110.362
0.999064
-276.156
-90.9938
-287.091
8.52354
-60.2834
-9.03354
-252.993
-448.54
-320.828
-400.994
-967.169
-886.413
-893.586
-984.033
-1186.24
-1195.14
-1177.8
-1110.23
-575.831
-1041.74
-948.13
-908.796
-999.812
-925.623
-766.401
-1023.38
-1016.11
-1002.26
-1010.35
-971.99
-960.122
-919.695
-930.92
-846.911
-871.901
-865.744
-845.118
-874.069
-851.917
-959.59
-911.088
-817.047
-864.716
-901.015
-693.995
-839.122
-780.416
-979.187
-882.684
-784.201
-966.449
-941.378
-776.156
-904.901
-1014.37
-1054.97
-809.465
-720.476
-735.643
-798.999
-862.91
-468.286
-589.777
-858.518
-976.419
-842.825
-774.411
-951.825
-841.503
-855.269
-905.32
-1061.67
-892.424
-803.143
-743.183
-660.868
-871.172
-179.045
-782.301
-155.122
-189.88
-746.085
-785.508
-146.264
-138.109
-122.348
-117.612
-707.897
-698.888
-125.095
-138.643
-109.287
-116.586
-686.88
-697.175
-93.984
-87.8131
-663.95
-652.508
-665.631
-675.763
-635.137
-650.481
-569.962
-519.681
-575.314
-607.283
-42.7716
-58.8932
-465.225
-150.398
-717.144
-517.069
-731.323
160.055
-734.286
-169.285
-735.193
-771.576
146.583
-729.835
148.374
-723.485
-188.761
150.093
-715.242
-721.617
-732.67
-139.31
169.777
-703.465
-708.06
-141.072
-713.971
-709.192
177.653
-681.785
180.811
-685.766
-122.166
178.459
-690.979
-686.78
-718.216
-134.846
-702.396
-697.526
-138.452
-691.947
-696.492
179.684
-680.796
180.368
-676.927
-672.103
-676.077
-689.868
183.114
-662.067
186.306
-666.203
-108.261
183.418
-671.241
-667.167
186.998
-637.783
189.771
-643.351
-649.71
-644.54
-658.48
-670.599
185.26
-661.169
186.208
-656.652
-102.785
-650.778
-655.563
-84.1326
188.113
-636.516
189.654
-630.487
-622.59
189.292
-628.999
-641.498
-643.431
-622.969
184.513
-607.425
183.453
-613.044
-620.931
-614.694
-63.9222
120.635
-626.663
72.408
-606.763
-599.656
156.27
-606.633
-548.731
-544.558
-590.002
-53.914
175.453
-605.861
-602.068
-52.3725
-600.606
-600.657
-43.3529
-629.267
52.8112
-679.097
-234.783
-828.582
-690.946
-611.86
-829.468
-814.652
-831.017
-860.872
-869.068
-953.294
-176.554
-172.163
-52.7983
-782.064
-780.968
-161.188
-31.8134
-191.713
-63.7875
-748.21
-779.797
-735.657
-727.778
-140.798
-23.3378
-136.846
-12.1779
-120.649
0.293264
-117.117
6.07059
-704.576
-698.204
-708.959
-721.62
-126.343
-2.16776
-138.01
-109.414
12.7277
-115.661
-685.811
-693.537
-682.622
-676.42
-106.703
13.9556
-102.964
18.8693
-92.9891
26.1736
-87.9246
-660.611
-652.245
-664.839
-672.408
-95.7272
24.9705
-100.886
21.3511
-77.9036
41.1869
-84.3844
36.0037
33.4368
-635.623
-646.703
-628.022
-612.794
-72.4142
43.1773
-64.327
-45.5219
45.3958
-113.391
-19.118
-40.4192
-561.885
-529.145
-579.382
-601.616
-48.969
49.7705
-54.8746
60.018
56.3212
-401.011
-404.808
-169.449
-77.3137
-681.675
-520.545
-785.066
-628.928
-606.287
-494.964
-938.085
-827.447
-924.31
-847.001
91.7307
176.86
86.7386
-165.5
-45.6898
-40.6333
-82.0895
-321.714
-732.518
-81.6425
-324.881
-733.216
89.937
91.7422
-44.5467
-172.455
-44.3178
179.056
-82.0936
-325.495
-734.797
-1393.21
-774.147
-1393.55
-1290.45
-1546.2
-1825.4
-1437.35
-1846.03
-1426.29
-1515.01
-1562.8
-1810.62
-1404.45
-1416.93
-1791.63
-1873.38
-1439.43
-1447.23
-1861.84
-1874.64
-1447.99
-1576.29
-782.841
-1379.64
-1272.05
-1387.36
79.4779
87.7674
-169.428
-45.1908
-54.7843
162.945
-78.9052
-321.93
-727.268
153.562
-85.4598
-314.694
-725.22
71.0125
-63.1726
71.8922
-190.525
-64.0858
161.514
-75.572
-301.059
-716.959
167.277
-61.9478
-312.201
-718.497
-1324.76
-753.319
-1326.11
-1223.17
-1751.96
-1371.74
-1750.36
-1375.89
-1480.14
-1762.42
-1393.44
-1774.33
-1384.27
-1481.23
-1754.55
-1365.78
-1365.99
-1749.75
-1483.74
-1478.1
-1755.25
-1363.94
-1364.65
-1758.23
-774.754
-1350.51
-1245.35
-1340.73
-1321.52
-732.794
-1318.64
-1215.6
-1739.65
-1354.14
-1745.55
-1350.24
-1472.9
-1735.2
-1342.42
-1347.19
-1729.5
-1481.81
-1756.64
-1356.34
-1360.64
-1751.58
-1484.27
-1477.79
-1759.91
-1363.64
-1759.64
-1363.03
-730.009
-1307.9
-1310.12
-1206.82
115.395
172.697
-15.5372
118.458
-139.029
-14.6299
166.41
176.93
177.982
-49.963
-286.678
-704.881
-45.8019
-291.493
-705.849
-14.0869
116.331
118.357
-140.102
-16.6194
179.753
-49.8212
-299.097
-711.657
-58.2824
-291.943
-710.388
129.744
134.597
-121.041
2.54217
0.624866
177.821
-30.8617
-266.097
-682.913
188.094
-27.0553
-270.19
-683.671
132.18
0.65296
134.321
-120.622
3.6939
186.251
-30.8722
-274.398
-688.949
186.34
-34.3639
-270.591
-687.94
-1280.19
-703.257
-1277.08
-1175.17
-1695.68
-1427.4
-1312.57
-1698.08
-1429.51
-1311.02
-1704.62
-1434.8
-1314.44
-1317.47
-1701.25
-1432.23
-1438.31
-699.986
-1270.71
-1168.37
-1271.11
-711.503
-1283.16
-1181
-1283.83
-1714.74
-1327.87
-1331.03
-1712.39
-1443.69
-1452.94
-719.271
-1295.49
-1192.83
-1290.79
-1711.35
-1325.1
-1324.83
-1710.65
-1441.55
120.082
170.8
-12.2337
124.081
-131.195
-7.19094
177.159
183.487
177.481
-42.5661
-286.35
-700.069
177.707
-46.3246
-282.042
-698.911
-14.1275
115.523
119.288
-138.185
-15.0536
180.372
-41.5918
-275.149
-693.179
-35.242
-281.116
-694.172
137.034
179.961
6.20749
139.608
-113.199
9.97296
184.022
190.952
187.582
-24.622
-265.716
-678.761
188.249
-27.0772
-262.692
-677.948
6.55804
133.243
138.284
-116.283
4.91989
188.799
-24.313
-257.961
-673.176
-20.0857
-262.215
-674.044
-1254.99
-1153.31
-687.586
-1255.23
-1682.34
-1415.15
-1297.25
-1679.8
-1299.91
-1413.19
-1677.48
-1295.38
-1294.9
-1678
-1411.27
-691.997
-1263.6
-1260.34
-1159.09
-1251.42
-681.508
-1248.57
-1147.34
-1396.45
-1662.14
-1282.87
-1663.81
-1281.88
-1397.98
-1402.45
-1669.19
-1284.63
-1287.4
-1666.19
-1406.09
-1400.19
-678.117
-1243.16
-1243.24
139.744
145.529
-107.522
14.8649
12.8158
184.18
-17.5844
-250.253
-663.272
193.441
-13.824
-254.251
-664.112
143.187
13.174
144.974
-106.578
16.342
191.354
-17.5519
-257.578
-669.249
192.163
-19.8981
-254.607
-668.293
148.188
187.367
25.4809
155.534
-93.4248
27.2993
188.511
196.18
195.16
-4.57311
-232.664
-639.562
196.834
-0.124522
-237.524
-640.839
29.4725
153.256
154.27
-91.756
26.0486
195.288
-4.42508
-241.455
-647.191
-7.15431
-237.886
-646.021
-1222.86
-1121.54
-659.099
-1219.72
-1360.6
-1623.23
-1250.57
-1625.77
-1248.83
-1362.79
-1621.73
-1243.94
-1247.08
-1618.47
-1632.45
-1252.76
-1256.25
-1628.56
-1635.95
-1260.49
-1258.76
-1638.5
-1365.53
-654.259
-1211.86
-1212.58
-1112.2
-666.681
-1228.34
-1126.97
-1228.51
-1650.89
-1385.79
-1269.22
-1272.22
-1647.74
-1390.25
-1383.38
-671.019
-1237.5
-1234.44
-1379.6
-1643.87
-1267.27
-1266.19
-1645.45
-1375.6
-1642.74
-1262.34
-1640.5
-1264.73
-1381.11
148.016
185.181
19.0912
149.597
-99.5229
22.5408
188.484
195.49
-11.3841
-249.941
-658.954
-13.8686
-246.735
-657.912
20.1023
143.574
149.873
-101.487
18.2975
193.621
-11.345
-241.833
-652.26
-7.13985
-246.304
-653.331
157.305
187.45
158.965
-81.8591
37.9958
34.2988
2.95792
-232.237
-633.77
-0.206066
-228.114
-632.336
152.144
33.5769
160.972
-84.3483
35.121
195.139
2.81158
-222.327
-624.622
196.54
7.66185
-227.653
-626.21
-1190.42
-638.09
-1191.76
-1091.85
-1346.24
-1608.59
-1231.84
-1603.65
-1236.11
-1352.47
-1342.55
-1612.63
-1241.59
-1616.05
-1239.17
-1336.13
-1596.55
-1229.04
-1226.47
-1600.25
-1329.37
-1339.09
-1594.5
-1220.17
-1224.1
-1590.07
-644.663
-1204.93
-1201.31
-1181.66
-625.161
-1177.39
-1304.36
-1562.1
-1201.38
-1567.79
-1197.52
-1295.74
-1308.74
-1559.59
-1189.31
-1194.43
-1553.36
-1578.51
-1204.96
-1210.34
-1571.93
-1313.06
-1582.88
-1217.29
-1587.49
-1214.03
-615.925
-1161.88
-1062.28
-1164.15
154.473
186.149
44.7845
165.085
-71.7784
45.9678
188.952
195.726
191.012
10.7893
-212.738
-608.824
191.62
14.8118
-217.09
-610.587
49.3655
154.941
160.467
-68.1038
45.4647
194.751
10.9603
-221.702
-618.092
7.73296
-217.562
-616.506
96.8439
133.466
112.849
-57.7512
37.7302
22.0627
-6.1344
-248.972
-614.859
-49.9582
-222.525
-614.068
79.5601
6.05373
73.0501
-92.7654
-3.1655
150.581
-2.16602
-211.026
-602.022
155.844
14.0513
-221.004
-601.35
-1104.66
-556.063
-1097.71
-1000.75
-1214.91
-1458.73
-1115.3
-1472.75
-1105.44
-1200.49
-1223.76
-1453.59
-1088.11
-1098.78
-1440.23
-1238.79
-1492.32
-1121.8
-1131.78
-1478.93
-1250.19
-1495.8
-1143.8
-1137.47
-1504.71
-1230.02
-533.311
-1058.76
-1066.11
-583.339
-1121.42
-1024.03
-1125.19
-1028.25
-1540.22
-1169.67
-1176.71
-1531.11
-1544.51
-1185.73
-1550.98
-1181.21
-1276.17
-597.514
-1150.05
-1050.43
-1144.77
-1265.06
-1517.66
-1165.08
-1159.16
-1526.52
-1514.99
-1148.25
-1506.04
-1155.14
-1271.28
138.05
171.231
56.1218
142.334
-47.6988
57.4695
160.754
172.186
185.891
16.2155
-212.05
-604.014
15.2464
-210.228
-602.385
60.9592
144.409
154.433
-54.0824
58.8302
174.286
16.2299
-211.394
-599.007
13.2488
-209.92
-600.32
-138.402
-89.5647
-193.9
-155.307
-336.063
-252.035
-200.723
-343.37
-153.899
-254.093
-646.546
28.8329
-61.724
-322.595
-651.679
-84.7135
-148.535
-40.3085
-198.541
-105.738
-189.248
-534.508
-758.044
-237.926
-418.587
-345.756
-734.407
-947.175
-879.961
-644.909
-959.26
-876.415
-1418.52
-1039.84
-1163.46
-1395.15
-1058.12
-1424.48
-1080.39
-1438.39
-1069.16
-1132.05
-1351.15
-1024.66
-1001.24
-1381.21
-1089.46
-1149.74
-1328.16
-950.958
-979.745
-1295.57
-545.595
-1029.51
-937.663
-1018.32
-1045.19
-1052.84
-1048.78
-1025.32
-898.982
-878.165
-859.04
-870.138
-866.692
-773.585
-779.865
-815.161
-1001.64
-873.016
-805.745
-997.453
-836.044
-676.648
-803.153
-1020.05
-891.683
-808.707
-930.962
-953.27
-1180.17
-768.23
-835.676
-1079.24
-879.112
-1224.82
-916.607
-1271.25
-891.225
-862.028
-904.916
-868.728
-728.605
-751.781
-707.118
-722.936
-453.758
-976.516
-1038.12
-807.437
-857.707
-1024.07
-1085
-934.156
-848.363
-928.768
-610.676
-973.784
-594.713
-518.116
-946.391
-1039.53
)
;
    }
    procBoundary4to0
    {
        type            processor;
        value           nonuniform List<scalar> 
58
(
-476.844
-1432.39
-1463.02
-1443.42
-1628.77
-1024.01
-789.582
-728.767
-1145.94
-415.976
-789.582
-1608.44
-1608.44
-1608.44
-1608.44
-1145.94
-1196.69
-1196.69
-1196.69
-1196.69
-1196.69
-728.767
-728.767
-728.767
-728.767
-728.767
-395.822
-415.976
-415.976
-415.976
-415.976
-1309.46
-1443.68
-858.227
-760.152
-540.133
-194.865
-895.713
-79.0509
-259.199
21.0309
182.508
-374.89
-374.89
-950.851
182.508
-128.977
-1147.13
-1285.84
-1597.04
-1443.42
-1521.28
-1521.28
-1521.28
-1463.02
-1663.56
-1673.99
-1542.13
)
;
    }
    procBoundary4to1
    {
        type            processor;
        value           nonuniform List<scalar> 
78
(
-1273.03
-1303.75
-1429.93
-1410.21
-1399.46
-1454.74
-1256.67
-1442.17
-1329.37
-1483.15
-1429.93
-1410.21
-1387.21
-1388.95
-1533.03
-1387.21
-1371.57
-1365.45
-1247.51
-1368.25
-1400.86
-1621.4
-1640.87
-1602.43
-1590.3
-1600.6
-1596.58
-1381.48
-1533.03
-1533.03
-1603.44
-1604.13
-1358.83
-1358.9
-1438.73
-1686.22
-1667.02
-1469.85
-1712.56
-1729.79
-1581.29
-1582.94
-1584.79
-1590.47
-1602.38
-1640.87
-1621.4
-1667.02
-1686.22
-1736.81
-1729.79
-1712.56
-1590.3
-1602.43
-1582.94
-1581.29
-1596.58
-1600.6
-1590.47
-1584.79
-1604.13
-1603.44
-1602.38
-1440
-1438.32
-1429.93
-1429.93
-1518.1
-1400.65
-1545.12
-1416.33
-1399.46
-1410.21
-1399.46
-1388.95
-1388.95
-1387.21
-1381.48
)
;
    }
    procBoundary4to5
    {
        type            processor;
        value           nonuniform List<scalar> 
526
(
-1191.2
-1122.54
-998.775
-1199.2
-1329.85
-1332.96
-1324.56
-1321.71
-1133.86
-1263.98
-1267.86
-1256.77
-1252.26
-1022.49
-1129.45
-1141.07
-1107.39
-1083.65
-1235.83
-1169.39
-1080.58
-1366.02
-1371.37
-1223.67
-1357.86
-1353.61
-1300.08
-1302.86
-1161.43
-1294.94
-1291.96
-1208.4
-1214.79
-1064.87
-1198.21
-1191.17
-1183.92
-1109.85
-933.101
-1207.19
-1340.66
-1338.18
-1475.36
-1475.36
-1488.6
-1488.6
-1470.56
-1470.56
-1314.69
-1316.98
-1459.76
-1459.76
-1143.97
-1277.75
-1274.29
-1407.09
-1407.09
-1422.87
-1422.87
-1401.19
-1401.19
-1239.23
-1244.24
-1381.03
-1036.07
-1162.34
-1153.81
-1260.63
-1299.56
-1242.98
-900.047
-926.601
-1003.39
-1037.14
-1124.52
-1344.82
-1305.74
-1296.05
-1176.87
-1281.35
-1292.84
-1239.09
-1095.78
-1379.02
-1512.45
-1512.45
-1571.72
-1577.88
-1214.64
-1345.45
-1347.66
-1503.76
-1503.76
-1491.28
-1491.28
-1310.48
-1537.56
-1540.29
-1323.93
-1555.25
-1553.77
-1335.6
-1566.63
-1562.05
-1326.15
-1556.08
-1556.76
-1534.94
-1532.48
-1523.13
-1524.51
-1310.18
-1307.68
-1444.68
-1444.68
-1456.48
-1456.48
-1506.79
-1508.76
-1521.44
-1519.73
-1153.04
-1283.53
-1286.57
-1440.4
-1440.4
-1427.46
-1427.46
-1244.94
-1467.3
-1469.58
-1260.29
-1486.35
-1484.19
-1277.13
-1504.33
-1502.25
-1264.83
-1489.08
-1490.94
-1463.52
-1460.97
-1354.03
-1354.03
-1354.03
-1354.03
-1354.03
-1354.03
-1354.03
-1230.36
-1224.53
-1348.35
-1373.62
-1320.72
-1320.72
-1320.72
-1320.72
-1320.72
-1320.72
-1346.54
-1346.54
-1346.54
-1346.54
-1346.54
-1346.54
-1049.74
-1173.1
-1180.65
-1339.44
-1309.55
-1231.33
-1231.33
-1231.33
-1231.33
-1231.33
-1231.33
-1270.82
-1270.82
-1270.82
-1270.82
-1270.82
-1270.82
-1312.09
-1312.09
-1312.09
-1312.09
-1312.09
-1312.09
-1281.27
-1281.27
-1281.27
-1281.27
-1281.27
-1281.27
-1216.04
-1216.04
-1216.04
-1216.04
-1216.04
-1216.04
-1124.02
-1124.02
-1124.02
-1124.02
-1124.02
-1124.02
-900.047
-1061.97
-1070.4
-1070.4
-1070.4
-1070.4
-1070.4
-1070.4
-667.176
-946.908
-1355.57
-1364.73
-1301.92
-1298.66
-1285.22
-1289.26
-1232.93
-1226.16
-1591.36
-1584.5
-1521.67
-1597.7
-1529.39
-1315.4
-1480.14
-1545.92
-1543.12
-1320.29
-1484.81
-1548.93
-1551.81
-1330.1
-1497.39
-1556.92
-1559.34
-1327.29
-1493.58
-1556.55
-1556.41
-1466.26
-1528.22
-1530.42
-1462.72
-1526.74
-1525.68
-1448.65
-1512.8
-1511.04
-1452.69
-1515.25
-1517.63
-1250.13
-1474.99
-1472.83
-1412.45
-1255.45
-1478.38
-1481.09
-1417.78
-1273.03
-1435.95
-1497.4
-1499.7
-1268.78
-1494.85
-1493.24
-1431.61
-1453.62
-1456.87
-1394.7
-1449.21
-1446.43
-1387.94
-1329.19
-1329.19
-1329.19
-1329.19
-1329.19
-1329.19
-1338.34
-1338.34
-1338.34
-1338.34
-1338.34
-1338.34
-1245
-1245
-1245
-1245
-1245
-1245
-1259.01
-1259.01
-1259.01
-1259.01
-1259.01
-1259.01
-1302.48
-1302.48
-1302.48
-1302.48
-1302.48
-1302.48
-1291.63
-1291.63
-1291.63
-1291.63
-1291.63
-1291.63
-1195.18
-1195.18
-1195.18
-1195.18
-1195.18
-1195.18
-1162.1
-1162.1
-1162.1
-1162.1
-1162.1
-1162.1
-989.185
-995.705
-961.449
-1007.35
-1007.35
-1007.35
-1007.35
-1007.35
-1007.35
-1007.35
-1007.35
-1332.96
-1329.85
-1480.14
-1338.18
-1340.66
-1484.81
-1321.71
-1324.56
-1466.26
-1316.98
-1462.72
-1314.69
-1353.61
-1357.86
-1497.39
-1347.66
-1345.45
-1493.58
-1302.86
-1300.08
-1448.65
-1307.68
-1310.18
-1452.69
-1291.96
-1294.94
-1435.95
-913.275
-837.016
-837.016
-837.016
-926.601
-913.275
-913.275
-967.497
-969.076
-1021.91
-1021.91
-1021.91
-967.497
-967.497
-798.323
-892.979
-1577.88
-1571.72
-1584.5
-1591.36
-1597.7
-1540.29
-1537.56
-1543.12
-1545.92
-1553.77
-1555.25
-1551.81
-1548.93
-1562.05
-1566.63
-1559.34
-1556.92
-1556.76
-1556.08
-1556.41
-1556.55
-1532.48
-1534.94
-1530.42
-1528.22
-1524.51
-1523.13
-1525.68
-1526.74
-1508.76
-1506.79
-1511.04
-1512.8
-1519.73
-1521.44
-1517.63
-1515.25
-1469.58
-1467.3
-1472.83
-1474.99
-1484.19
-1486.35
-1481.09
-1478.38
-1502.25
-1504.33
-1499.7
-1497.4
-1490.94
-1489.08
-1493.24
-1494.85
-1460.97
-1463.52
-1456.87
-1453.62
-1442.15
-1439.27
-1446.43
-1449.21
-1407.54
-1403.86
-1412.67
-1416.5
-1431.33
-1434.47
-1426.28
-1422.13
-1326.46
-1319.58
-1329.39
-1337.34
-1354.31
-1358.84
-1349.37
-1342.34
-1395.02
-1398.73
-1389.21
-1384.45
-1367.99
-1363.76
-1373.52
-1378.08
-1310.1
-1318.05
-1307.67
-1292.83
-1255.38
-1226.48
-1261.79
-1286
-1050.63
-1016.97
-858.836
-882.154
-1148.19
-1205.71
-1103.62
-982.065
-1267.86
-1263.98
-1412.45
-1274.29
-1277.75
-1417.78
-1252.26
-1256.77
-1394.7
-1244.24
-1387.94
-1239.23
-1141.07
-1129.45
-1275.22
-1153.81
-1162.34
-1287.91
-1083.65
-1107.39
-1215.63
-1037.14
-1175.33
-1003.39
-1371.37
-1366.02
-1521.67
-1379.02
-1529.39
-1286.57
-1283.53
-1431.61
-1214.79
-1208.4
-1356.97
-1224.53
-1230.36
-1365.47
-1191.17
-1198.21
-1329.58
-1180.65
-1173.1
-1319.59
)
;
    }
}


// ************************************************************************* //
