/*--------------------------------*- C++ -*----------------------------------*\
| =========                 |                                                 |
| \\      /  F ield         | OpenFOAM: The Open Source CFD Toolbox           |
|  \\    /   O peration     | Version:  2012                                  |
|   \\  /    A nd           | Website:  www.openfoam.com                      |
|    \\/     M anipulation  |                                                 |
\*---------------------------------------------------------------------------*/
FoamFile
{
    version     2.0;
    format      ascii;
    class       volScalarField;
    location    "0.104/solid";
    object      epsilonEq;
}
// * * * * * * * * * * * * * * * * * * * * * * * * * * * * * * * * * * * * * //

dimensions      [0 0 0 0 0 0 0];


internalField   nonuniform List<scalar> 
3125
(
2.26301e-08
2.22317e-08
2.14879e-08
2.1389e-08
2.06404e-08
2.04775e-08
1.85596e-08
1.78553e-08
2.18924e-08
2.1745e-08
2.11234e-08
2.10182e-08
1.98415e-08
1.95777e-08
2.28255e-08
2.13803e-08
2.18967e-08
5.34084e-09
2.14611e-08
5.10412e-09
2.09952e-08
2.1496e-08
2.20473e-08
2.1469e-08
5.27467e-09
2.08352e-08
4.91554e-09
2.15763e-08
2.03663e-08
4.87051e-09
2.04445e-08
4.82308e-09
2.02775e-08
2.13013e-08
4.85963e-09
2.02045e-08
4.68965e-09
2.07819e-08
1.96276e-08
4.60007e-09
1.97532e-08
4.42455e-09
1.94845e-08
2.02915e-08
4.58076e-09
1.93212e-08
3.54575e-09
1.89715e-08
1.81165e-08
4.22543e-09
1.83106e-08
1.18295e-08
1.7967e-08
1.6582e-08
4.66916e-09
1.81873e-08
2.41673e-08
1.51397e-08
2.39433e-08
2.37621e-08
1.49086e-08
1.48466e-08
5.09854e-09
2.20014e-08
2.07323e-08
4.99911e-09
2.08282e-08
1.46626e-08
1.48577e-08
2.36637e-08
2.37939e-08
4.92107e-09
2.16461e-08
2.05842e-08
4.97625e-09
2.04977e-08
2.33407e-08
2.34525e-08
1.44114e-08
1.45115e-08
1.45895e-08
1.45267e-08
2.35877e-08
2.34693e-08
2.33012e-08
2.32002e-08
1.43744e-08
1.4307e-08
4.81697e-09
2.12177e-08
2.00526e-08
4.77289e-09
2.01352e-08
1.41909e-08
1.42827e-08
2.30497e-08
2.31712e-08
4.70285e-09
2.09056e-08
1.996e-08
4.76249e-09
1.98617e-08
2.26304e-08
2.28172e-08
1.38441e-08
1.40001e-08
1.41536e-08
1.4044e-08
2.30097e-08
2.2866e-08
2.25662e-08
2.23257e-08
1.37785e-08
4.39244e-09
2.00801e-08
1.8936e-08
4.10248e-09
1.91389e-08
2.19631e-08
2.22451e-08
3.59545e-09
1.92904e-08
1.87241e-08
4.04769e-09
1.85074e-08
2.15706e-08
2.15883e-08
2.18799e-08
2.16334e-08
2.16685e-08
2.27759e-08
1.34849e-08
2.28772e-08
2.41129e-08
2.06648e-08
2.32548e-08
2.19155e-08
5.5801e-09
1.68139e-08
1.58759e-08
2.17994e-08
5.49515e-09
1.64479e-08
1.55169e-08
2.1547e-08
1.66928e-08
1.57628e-08
2.09962e-08
1.50805e-08
5.12195e-09
1.59934e-08
1.58942e-08
1.50249e-08
2.10553e-08
2.10616e-08
5.14541e-09
1.60841e-08
1.52442e-08
2.12409e-08
1.59072e-08
1.50712e-08
2.07137e-08
1.48308e-08
4.88219e-09
1.57806e-08
2.0737e-08
1.57392e-08
1.48055e-08
2.06628e-08
4.87002e-09
1.56845e-08
1.47459e-08
2.06305e-08
1.56929e-08
1.47696e-08
2.04927e-08
1.46376e-08
4.81321e-09
1.55736e-08
1.55556e-08
1.46394e-08
2.04822e-08
2.05345e-08
4.82142e-09
1.56366e-08
1.47044e-08
2.05738e-08
1.55816e-08
1.46654e-08
2.0057e-08
1.43693e-08
4.63821e-09
1.52936e-08
2.01032e-08
1.52336e-08
1.43238e-08
1.99848e-08
4.61918e-09
1.51688e-08
1.42432e-08
1.99468e-08
1.51759e-08
1.4273e-08
1.97124e-08
1.40022e-08
4.47647e-09
1.49532e-08
1.49717e-08
1.40521e-08
1.96583e-08
1.98063e-08
4.50734e-09
1.51163e-08
1.41881e-08
1.98679e-08
1.50463e-08
1.41254e-08
1.84973e-08
1.27906e-08
3.53355e-09
1.43781e-08
1.86435e-08
1.43349e-08
1.25464e-08
1.82944e-08
3.54184e-09
1.43263e-08
1.19461e-08
1.81111e-08
1.42863e-08
1.22348e-08
1.72422e-08
1.15374e-08
7.82601e-09
1.6462e-08
1.55194e-08
1.12698e-08
1.71974e-08
1.76356e-08
6.86769e-09
1.45966e-08
1.16602e-08
1.78602e-08
1.49116e-08
1.14245e-08
1.34665e-08
9.15099e-09
2.43537e-08
9.21342e-09
1.31667e-08
1.34258e-08
2.43958e-08
9.13785e-09
1.21968e-08
1.54227e-08
1.38822e-08
1.42527e-08
1.563e-08
1.43623e-08
1.19107e-08
1.2049e-08
1.28569e-08
1.27637e-08
9.05214e-09
2.37942e-08
8.97785e-09
1.29762e-08
1.27344e-08
8.86875e-09
2.37521e-08
8.91536e-09
1.15742e-08
1.16151e-08
1.48069e-08
1.37678e-08
1.35627e-08
1.36092e-08
1.47994e-08
1.35505e-08
1.18087e-08
1.16325e-08
2.10967e-08
1.51175e-08
5.05333e-09
1.60822e-08
2.10874e-08
1.51126e-08
1.60747e-08
2.10279e-08
5.02658e-09
1.49934e-08
1.59448e-08
1.50578e-08
1.60007e-08
2.09562e-08
1.15463e-08
1.15102e-08
1.47468e-08
1.34188e-08
1.35158e-08
1.36025e-08
1.48229e-08
1.35635e-08
1.14055e-08
1.14509e-08
1.29351e-08
1.29086e-08
8.82213e-09
2.37344e-08
8.87043e-09
1.28095e-08
1.28789e-08
8.8865e-09
2.37818e-08
8.86404e-09
2.0753e-08
4.91173e-09
1.48373e-08
1.57791e-08
2.07592e-08
1.48257e-08
1.57423e-08
2.07954e-08
4.92061e-09
1.49115e-08
1.5838e-08
2.08557e-08
1.48518e-08
1.57619e-08
1.27042e-08
1.2634e-08
8.64887e-09
2.33775e-08
8.68566e-09
1.26078e-08
1.26184e-08
8.70556e-09
2.3414e-08
8.69275e-09
1.12527e-08
1.12251e-08
1.44466e-08
1.31871e-08
1.32207e-08
1.32846e-08
1.44848e-08
1.32453e-08
1.1179e-08
1.11957e-08
1.12718e-08
1.12826e-08
1.33762e-08
1.45473e-08
1.33021e-08
1.13638e-08
1.13008e-08
1.32959e-08
1.45271e-08
1.32871e-08
1.26887e-08
1.26488e-08
8.78864e-09
2.35178e-08
8.76338e-09
1.27625e-08
1.26421e-08
8.70789e-09
2.34862e-08
8.74385e-09
1.2523e-08
1.25021e-08
8.63216e-09
2.32542e-08
8.61785e-09
1.2593e-08
1.25029e-08
8.57385e-09
2.32251e-08
8.60682e-09
1.10911e-08
1.10975e-08
1.43452e-08
1.31625e-08
1.31146e-08
1.30922e-08
1.43207e-08
1.30975e-08
1.11539e-08
1.11167e-08
2.04124e-08
1.4617e-08
4.78171e-09
1.55526e-08
2.04444e-08
1.45856e-08
1.55036e-08
2.03624e-08
4.77079e-09
1.45364e-08
1.54649e-08
1.45522e-08
1.54627e-08
2.0338e-08
1.10706e-08
1.10409e-08
1.42203e-08
1.29867e-08
1.30117e-08
1.30763e-08
1.42546e-08
1.3034e-08
1.09988e-08
1.10139e-08
1.25235e-08
1.24426e-08
8.50354e-09
2.30859e-08
8.54182e-09
1.24322e-08
1.24312e-08
8.56459e-09
2.3124e-08
8.55243e-09
2.01875e-08
4.70587e-09
1.44067e-08
1.53323e-08
2.01626e-08
1.44226e-08
1.53287e-08
2.02439e-08
4.71985e-09
1.45005e-08
1.54265e-08
2.02843e-08
1.44603e-08
1.53711e-08
1.23203e-08
1.22205e-08
8.29814e-09
2.26911e-08
8.34853e-09
1.21899e-08
1.22066e-08
8.39263e-09
2.27489e-08
8.36765e-09
1.08407e-08
1.07888e-08
1.38958e-08
1.26685e-08
1.27215e-08
1.28243e-08
1.39524e-08
1.27578e-08
1.07012e-08
1.07451e-08
1.08751e-08
1.08975e-08
1.29618e-08
1.41167e-08
1.29075e-08
1.097e-08
1.09286e-08
1.28523e-08
1.40768e-08
1.28806e-08
1.23242e-08
1.23248e-08
8.48749e-09
2.29537e-08
8.46844e-09
1.24246e-08
1.23325e-08
8.41095e-09
2.291e-08
8.45376e-09
1.20201e-08
1.20539e-08
8.27166e-09
2.24804e-08
8.23668e-09
1.21835e-08
1.20687e-08
8.15178e-09
2.24049e-08
8.21067e-09
1.04098e-08
1.05033e-08
1.37067e-08
1.2627e-08
1.25276e-08
1.2374e-08
1.36315e-08
1.24717e-08
1.06519e-08
1.05664e-08
1.94753e-08
1.39227e-08
4.27268e-09
1.48895e-08
1.95576e-08
1.38314e-08
1.48074e-08
1.9353e-08
4.21965e-09
1.36246e-08
1.46766e-08
1.37175e-08
1.471e-08
1.92751e-08
1.03342e-08
1.01754e-08
1.18596e-08
1.20606e-08
1.23135e-08
1.21481e-08
9.86286e-09
1.00698e-08
1.2018e-08
1.18909e-08
7.9837e-09
2.20523e-08
8.0458e-09
1.1827e-08
1.18744e-08
8.1184e-09
2.21439e-08
8.07309e-09
1.88937e-08
3.76674e-09
1.29964e-08
1.43841e-08
1.87839e-08
1.31666e-08
1.44207e-08
1.90433e-08
3.85662e-09
1.34986e-08
1.46142e-08
1.91518e-08
1.33526e-08
1.45276e-08
1.18134e-08
1.18669e-08
8.41599e-09
2.15298e-08
8.14871e-09
1.22749e-08
1.19624e-08
7.91996e-09
2.15587e-08
7.97372e-09
8.45848e-09
7.68346e-09
8.8797e-09
9.7162e-09
1.06646e-08
1.00284e-08
6.22884e-09
7.29138e-09
8.70978e-09
9.20449e-09
1.17509e-08
1.14415e-08
9.73474e-09
9.39241e-09
1.08681e-08
1.12821e-08
1.17244e-08
1.17349e-08
7.9538e-09
2.17841e-08
7.91212e-09
1.18441e-08
1.1732e-08
7.88549e-09
2.16978e-08
7.91143e-09
1.73845e-08
1.4436e-08
8.8964e-09
2.18944e-08
9.78815e-09
1.26423e-08
1.37483e-08
1.44388e-08
2.21949e-08
1.12649e-08
5.42107e-09
4.4349e-09
8.5098e-09
7.70596e-09
7.25403e-09
7.32692e-09
5.72907e-09
4.85985e-09
1.92408e-08
1.23399e-08
1.65098e-08
1.85681e-08
1.77228e-08
1.36933e-08
2.02188e-08
2.09113e-08
1.34684e-08
2.13648e-08
3.14232e-08
2.29967e-08
2.54448e-08
2.14991e-08
1.65395e-08
1.20379e-08
2.28348e-08
5.53898e-09
5.88572e-09
8.43998e-09
7.19078e-09
7.81334e-09
6.06711e-09
1.91913e-08
2.27545e-08
3.12993e-08
2.30526e-08
2.2443e-08
1.8473e-08
2.67691e-08
2.14491e-08
1.46562e-08
5.65382e-09
7.65748e-09
8.37714e-09
1.43421e-08
5.38161e-09
7.41333e-09
8.09878e-09
1.42032e-08
7.4295e-09
8.14337e-09
1.3812e-08
7.81441e-09
5.08782e-09
7.14839e-09
7.11026e-09
7.78906e-09
1.38754e-08
1.38676e-08
5.20246e-09
7.26068e-09
8.01231e-09
1.40112e-08
7.19414e-09
7.92864e-09
1.36292e-08
7.58812e-09
4.89144e-09
6.97781e-09
1.36472e-08
6.95149e-09
7.55784e-09
2.26217e-08
1.91709e-08
2.25775e-08
1.92092e-08
2.26678e-08
1.92808e-08
2.26944e-08
1.92543e-08
1.35457e-08
4.85729e-09
6.92805e-09
7.53153e-09
1.35513e-08
6.89902e-09
7.51256e-09
1.34436e-08
7.46787e-09
4.80597e-09
6.87235e-09
6.8385e-09
7.44441e-09
1.3462e-08
2.248e-08
1.91201e-08
2.25241e-08
1.90781e-08
2.24394e-08
1.90369e-08
1.90473e-08
2.24138e-08
1.34928e-08
4.8313e-09
6.90493e-09
7.51502e-09
1.35261e-08
6.87199e-09
7.48041e-09
1.31914e-08
7.2927e-09
4.66015e-09
6.71847e-09
1.32207e-08
6.68838e-09
7.25623e-09
1.30855e-08
4.59448e-09
6.6395e-09
7.18532e-09
1.30908e-08
6.61053e-09
7.17511e-09
1.28827e-08
6.97366e-09
4.43086e-09
6.48323e-09
6.46161e-09
6.97926e-09
1.28773e-08
1.30255e-08
4.54509e-09
6.61011e-09
7.15812e-09
1.30614e-08
6.5768e-09
7.1137e-09
1.20575e-08
5.77232e-09
3.53083e-09
5.88876e-09
1.21564e-08
5.82312e-09
5.60071e-09
1.18916e-08
3.86465e-09
6.22044e-09
5.13258e-09
1.1824e-08
6.04155e-09
5.18482e-09
1.35099e-08
1.01218e-08
1.02939e-08
1.28443e-08
1.136e-08
9.03699e-09
1.42458e-08
1.20158e-08
5.31189e-09
6.64523e-09
5.33875e-09
1.1981e-08
6.9903e-09
5.46985e-09
6.18655e-09
5.91181e-09
5.98058e-09
9.3035e-09
8.95609e-09
9.00218e-09
5.75338e-09
5.67925e-09
5.75871e-09
5.66842e-09
8.6587e-09
8.64149e-09
8.84907e-09
8.77212e-09
1.39233e-08
7.80526e-09
5.07127e-09
7.16755e-09
1.39152e-08
7.77202e-09
7.14318e-09
1.37888e-08
4.99603e-09
7.696e-09
7.07176e-09
7.68857e-09
7.05084e-09
1.37708e-08
8.65308e-09
8.62348e-09
8.518e-09
8.517e-09
5.79939e-09
5.80557e-09
5.72307e-09
5.71241e-09
1.36224e-08
4.90216e-09
7.59679e-09
6.98393e-09
1.3651e-08
7.57174e-09
6.94744e-09
2.27665e-08
1.9363e-08
2.28302e-08
1.93004e-08
1.36643e-08
4.93905e-09
7.66618e-09
7.02358e-09
1.37161e-08
7.62227e-09
6.98416e-09
2.27258e-08
1.92872e-08
2.27159e-08
1.92762e-08
5.6715e-09
5.65107e-09
5.6273e-09
5.60012e-09
8.4016e-09
8.37693e-09
8.33679e-09
8.32341e-09
8.41157e-09
8.39162e-09
8.48477e-09
8.44533e-09
5.66703e-09
5.61993e-09
5.67784e-09
5.63367e-09
5.59001e-09
5.55151e-09
5.60963e-09
5.57669e-09
8.26873e-09
8.25043e-09
8.31923e-09
8.2903e-09
1.34241e-08
7.45683e-09
4.79157e-09
6.85962e-09
1.34486e-08
7.42601e-09
6.83141e-09
2.22941e-08
1.89079e-08
1.8936e-08
2.22556e-08
2.23406e-08
1.90109e-08
2.23769e-08
1.89768e-08
1.33508e-08
4.75937e-09
7.4017e-09
6.81496e-09
7.38204e-09
6.78361e-09
1.33615e-08
8.25653e-09
8.23115e-09
8.19487e-09
8.18112e-09
5.58538e-09
5.55837e-09
5.54898e-09
5.5161e-09
1.32323e-08
4.69084e-09
7.31189e-09
6.7403e-09
1.32439e-08
7.29448e-09
6.709e-09
2.21579e-08
1.88639e-08
2.22041e-08
1.88198e-08
1.33101e-08
4.73444e-09
7.38505e-09
6.7944e-09
1.33396e-08
7.35084e-09
6.76426e-09
5.4912e-09
5.46498e-09
5.44278e-09
5.40454e-09
8.07463e-09
8.04375e-09
7.95346e-09
7.95006e-09
8.09591e-09
8.08401e-09
8.17712e-09
8.14811e-09
5.5016e-09
5.46489e-09
5.53724e-09
5.50868e-09
5.36972e-09
5.3266e-09
5.42897e-09
5.40403e-09
7.71183e-09
7.72584e-09
7.92352e-09
7.88362e-09
1.27955e-08
6.93326e-09
4.34524e-09
6.44683e-09
1.28435e-08
6.87072e-09
6.40397e-09
1.25953e-08
4.13098e-09
6.58563e-09
6.22846e-09
6.62717e-09
6.22289e-09
1.25687e-08
7.66515e-09
7.60586e-09
7.25398e-09
7.30925e-09
5.35761e-09
5.33597e-09
5.30339e-09
5.24837e-09
1.22141e-08
3.63047e-09
5.85728e-09
5.87543e-09
1.21497e-08
5.97068e-09
5.88851e-09
1.24682e-08
3.98387e-09
6.52195e-09
6.19124e-09
1.25388e-08
6.41812e-09
6.12864e-09
5.5507e-09
5.64662e-09
7.03359e-09
6.5513e-09
6.18979e-09
6.00746e-09
5.00667e-09
5.10272e-09
6.33565e-09
6.47683e-09
7.17269e-09
7.06837e-09
5.44117e-09
5.32512e-09
5.31129e-09
5.30602e-09
1.54784e-08
1.36593e-08
7.60674e-09
8.28233e-09
9.12474e-09
7.91584e-09
4.97914e-09
5.14187e-09
1.64661e-08
1.13977e-08
1.50487e-08
1.45354e-08
1.50214e-08
1.27302e-08
1.64746e-08
1.8292e-08
1.77261e-08
1.76819e-08
1.91077e-08
1.80046e-08
1.29847e-08
1.69786e-08
1.37705e-08
2.03677e-08
2.08672e-08
2.02586e-08
2.61227e-08
1.89093e-08
2.229e-08
2.29208e-08
1.01144e-08
1.13525e-08
1.75456e-08
1.96262e-08
1.94863e-08
2.05725e-08
1.8844e-08
1.75571e-08
1.68659e-08
1.85876e-08
1.79086e-08
2.02247e-08
1.97715e-08
1.81287e-08
1.47473e-08
5.59988e-09
7.67288e-09
8.35759e-09
1.47418e-08
7.67092e-09
8.37025e-09
1.45007e-08
5.41549e-09
7.56993e-09
8.31159e-09
1.46322e-08
7.51565e-09
8.22124e-09
1.37568e-08
5.09452e-09
7.10711e-09
7.82103e-09
1.37394e-08
7.08513e-09
7.78452e-09
1.37677e-08
5.16025e-09
7.1104e-09
7.85535e-09
1.3738e-08
7.11484e-09
7.86884e-09
1.36039e-08
4.8776e-09
6.93874e-09
7.56089e-09
1.35985e-08
6.92309e-09
7.54747e-09
1.35519e-08
4.85104e-09
6.91267e-09
7.54576e-09
1.35714e-08
6.89545e-09
7.51825e-09
1.34366e-08
4.79785e-09
6.84056e-09
7.46872e-09
1.34446e-08
6.82609e-09
7.44426e-09
1.34632e-08
4.81568e-09
6.85516e-09
7.4813e-09
1.34598e-08
6.83992e-09
7.46746e-09
1.31568e-08
4.64051e-09
6.66353e-09
7.24444e-09
1.31454e-08
6.65109e-09
7.23868e-09
1.30932e-08
4.59535e-09
6.63026e-09
7.22002e-09
1.31127e-08
6.61257e-09
7.18634e-09
1.28951e-08
4.44378e-09
6.49693e-09
7.04768e-09
1.2925e-08
6.47189e-09
7.00064e-09
1.29865e-08
4.51825e-09
6.54023e-09
7.08325e-09
1.29662e-08
6.53369e-09
7.08907e-09
1.20747e-08
3.49215e-09
5.82353e-09
5.36509e-09
1.19545e-08
5.84371e-09
5.53113e-09
1.18159e-08
3.72437e-09
5.88541e-09
5.31633e-09
1.19475e-08
5.85816e-09
5.12904e-09
1.30397e-08
9.12231e-09
9.19099e-09
7.18287e-09
1.26314e-08
1.01429e-08
7.90018e-09
1.22614e-08
5.94372e-09
8.21382e-09
6.32872e-09
1.23506e-08
7.57154e-09
5.92504e-09
6.16309e-09
6.12637e-09
5.89514e-09
1.24826e-08
6.13016e-09
4.35013e-09
5.86178e-09
4.44824e-09
6.095e-09
1.25917e-08
6.19343e-09
5.95782e-09
4.36553e-09
1.00333e-08
3.89536e-09
3.84264e-09
1.00778e-08
1.54674e-08
2.3182e-08
1.54514e-08
2.32278e-08
1.00258e-08
3.93032e-09
3.86397e-09
9.94976e-09
1.55322e-08
2.32967e-08
1.55386e-08
2.32674e-08
6.04542e-09
5.97434e-09
5.79366e-09
6.06519e-09
1.24018e-08
4.39117e-09
6.08618e-09
4.35438e-09
5.75221e-09
5.77285e-09
4.45415e-09
6.17144e-09
1.25037e-08
6.16919e-09
5.80983e-09
4.34775e-09
1.00156e-08
3.84768e-09
3.71455e-09
1.00404e-08
1.00161e-08
1.55421e-08
2.33048e-08
1.55569e-08
2.32839e-08
1.21843e-08
1.07133e-08
1.15661e-08
9.25499e-09
9.29372e-09
1.14776e-08
1.21315e-08
1.06753e-08
1.06701e-08
1.1569e-08
1.38853e-08
1.38042e-08
1.38654e-08
1.39608e-08
1.39951e-08
1.39812e-08
1.39226e-08
9.16568e-09
9.08227e-09
1.03054e-08
1.1954e-08
1.1291e-08
1.03677e-08
1.13662e-08
1.14876e-08
1.05133e-08
1.20448e-08
1.04526e-08
1.14154e-08
5.64918e-09
5.66961e-09
5.56122e-09
5.86408e-09
1.19749e-08
4.31587e-09
5.89182e-09
4.18467e-09
5.61955e-09
5.543e-09
4.24673e-09
5.8683e-09
1.19289e-08
5.87705e-09
5.55698e-09
4.19129e-09
9.83201e-09
3.90734e-09
3.79248e-09
9.82084e-09
1.53243e-08
2.31236e-08
1.53559e-08
2.30579e-08
9.84612e-09
3.91215e-09
9.93025e-09
3.78638e-09
1.5272e-08
2.29802e-08
1.52547e-08
2.30188e-08
5.61296e-09
5.61336e-09
5.52879e-09
6.00255e-09
1.20124e-08
4.3069e-09
5.98351e-09
5.59453e-09
4.16299e-09
5.49771e-09
4.23839e-09
5.90694e-09
1.19196e-08
5.93042e-09
5.48874e-09
4.13978e-09
9.79308e-09
3.91012e-09
3.81563e-09
9.80463e-09
1.52132e-08
2.28797e-08
1.51875e-08
2.28941e-08
9.77978e-09
3.92086e-09
3.79644e-09
9.79456e-09
1.5197e-08
2.29515e-08
1.52479e-08
2.29062e-08
9.98973e-09
1.15603e-08
1.09542e-08
9.98856e-09
1.09853e-08
8.67019e-09
8.64586e-09
1.10223e-08
1.15701e-08
1.00346e-08
9.99604e-09
1.09991e-08
1.37345e-08
1.3797e-08
1.37065e-08
1.36826e-08
1.35331e-08
1.35245e-08
1.35949e-08
1.36053e-08
8.69795e-09
8.70743e-09
1.01989e-08
1.17344e-08
1.12314e-08
1.01364e-08
1.11666e-08
1.10725e-08
1.00411e-08
1.16777e-08
1.00834e-08
1.11149e-08
1.39156e-08
5.05423e-09
7.77042e-09
7.13635e-09
1.39093e-08
7.76214e-09
7.12329e-09
1.38222e-08
4.99721e-09
7.74656e-09
7.08925e-09
1.38622e-08
7.70765e-09
7.06513e-09
9.97144e-09
1.09384e-08
1.15263e-08
9.94569e-09
1.09146e-08
8.60469e-09
8.60931e-09
1.08554e-08
1.14953e-08
9.92525e-09
9.92363e-09
1.09022e-08
1.33236e-08
1.3293e-08
1.33352e-08
1.33771e-08
1.34472e-08
1.34726e-08
1.34199e-08
1.33877e-08
8.57125e-09
8.53675e-09
9.81193e-09
1.14012e-08
1.07702e-08
9.81942e-09
1.08086e-08
1.08472e-08
9.87203e-09
1.14406e-08
9.84911e-09
1.08163e-08
5.76982e-09
5.75796e-09
5.67025e-09
5.89008e-09
4.35208e-09
1.20955e-08
5.67825e-09
5.8879e-09
4.2863e-09
5.62803e-09
4.34954e-09
5.8539e-09
1.20806e-08
5.9012e-09
5.66546e-09
4.27035e-09
9.77172e-09
3.98072e-09
3.88579e-09
9.80415e-09
1.5128e-08
2.27445e-08
1.5112e-08
2.27711e-08
9.76382e-09
3.966e-09
3.87643e-09
9.74227e-09
1.51446e-08
2.28274e-08
1.51721e-08
2.27897e-08
5.71639e-09
5.69532e-09
5.60042e-09
5.82959e-09
1.19825e-08
4.3278e-09
5.84612e-09
4.23816e-09
5.61555e-09
5.57435e-09
4.33615e-09
5.87172e-09
1.20059e-08
5.87896e-09
5.60712e-09
4.24373e-09
9.80768e-09
3.97035e-09
3.8713e-09
9.79321e-09
1.51907e-08
2.28778e-08
1.52158e-08
2.28535e-08
9.80922e-09
3.9454e-09
9.80807e-09
3.87597e-09
1.51959e-08
2.28399e-08
1.51857e-08
2.2853e-08
1.36059e-08
4.89526e-09
7.59561e-09
6.9448e-09
1.3607e-08
7.56981e-09
6.93043e-09
1.36225e-08
4.91796e-09
7.61153e-09
6.95599e-09
1.36176e-08
7.6013e-09
6.942e-09
5.61267e-09
5.60424e-09
5.5401e-09
5.76246e-09
1.18473e-08
4.29385e-09
5.76336e-09
4.19954e-09
5.57185e-09
5.49579e-09
4.26582e-09
5.73286e-09
1.18148e-08
5.76598e-09
5.52332e-09
4.18265e-09
9.60744e-09
3.95544e-09
3.85308e-09
9.63067e-09
1.48918e-08
2.24334e-08
1.48797e-08
2.24506e-08
9.6e-09
3.93764e-09
3.8423e-09
9.59354e-09
1.48969e-08
2.24934e-08
1.49239e-08
2.24611e-08
5.58901e-09
5.57617e-09
5.49981e-09
5.71814e-09
1.17711e-08
4.26642e-09
5.7289e-09
4.16464e-09
5.52586e-09
5.46706e-09
4.25514e-09
5.73419e-09
1.1772e-08
5.75061e-09
5.50132e-09
4.16887e-09
9.64097e-09
3.95296e-09
3.85447e-09
9.62822e-09
1.49506e-08
2.25572e-08
1.49745e-08
2.25284e-08
9.63968e-09
3.94929e-09
3.85403e-09
9.66076e-09
1.49418e-08
2.25072e-08
1.49332e-08
2.25213e-08
9.67557e-09
1.12336e-08
1.06261e-08
9.65819e-09
1.06171e-08
8.36813e-09
8.36379e-09
1.05817e-08
1.12165e-08
9.64949e-09
9.64494e-09
1.06075e-08
1.30429e-08
1.30281e-08
1.3651e-08
1.62846e-08
1.3187e-08
1.29295e-08
1.62952e-08
1.29521e-08
1.36364e-08
1.36656e-08
1.2975e-08
1.63384e-08
1.32028e-08
1.63092e-08
1.36784e-08
1.29597e-08
1.30546e-08
1.30754e-08
1.37333e-08
1.64136e-08
1.32684e-08
1.30381e-08
1.63966e-08
1.30278e-08
1.37453e-08
1.31128e-08
1.31291e-08
1.37182e-08
1.299e-08
1.32524e-08
1.63629e-08
1.63795e-08
1.3015e-08
1.36979e-08
1.31021e-08
1.30865e-08
8.35048e-09
8.32972e-09
9.60042e-09
1.11659e-08
1.05387e-08
9.59663e-09
1.05628e-08
1.05744e-08
9.62504e-09
1.11846e-08
9.60943e-09
1.05625e-08
8.40953e-09
8.39318e-09
9.6918e-09
1.12563e-08
1.06344e-08
9.68634e-09
1.06527e-08
1.06645e-08
9.71038e-09
1.12611e-08
9.68888e-09
1.06573e-08
1.32488e-08
1.32775e-08
1.38362e-08
1.64888e-08
1.31466e-08
1.33339e-08
1.38642e-08
1.64336e-08
1.31204e-08
1.3816e-08
1.30788e-08
1.3309e-08
1.63998e-08
1.64076e-08
1.31018e-08
1.3796e-08
1.3235e-08
1.32209e-08
8.4247e-09
8.42041e-09
9.77683e-09
1.07492e-08
1.13304e-08
9.75019e-09
1.07261e-08
1.06821e-08
9.72363e-09
1.13034e-08
9.72731e-09
1.07089e-08
1.37666e-08
1.64195e-08
1.32813e-08
1.30463e-08
1.63997e-08
1.3759e-08
1.30592e-08
1.31577e-08
1.31505e-08
1.37735e-08
1.30657e-08
1.32797e-08
1.63912e-08
1.63936e-08
1.30628e-08
1.37792e-08
1.31807e-08
1.31923e-08
5.59336e-09
5.59645e-09
5.5213e-09
5.75526e-09
1.18317e-08
4.29e-09
5.76825e-09
5.5617e-09
4.17731e-09
5.48798e-09
4.25547e-09
5.75778e-09
1.18123e-08
5.77539e-09
5.51497e-09
4.18064e-09
9.69547e-09
3.95558e-09
3.8526e-09
9.68417e-09
1.50563e-08
2.27216e-08
1.5087e-08
2.2679e-08
9.69628e-09
3.96112e-09
9.73902e-09
3.85053e-09
1.50359e-08
2.26409e-08
1.50235e-08
2.26623e-08
5.59191e-09
5.57922e-09
5.52873e-09
5.81218e-09
4.30123e-09
1.18696e-08
5.57527e-09
5.80496e-09
4.18855e-09
5.48191e-09
4.25797e-09
5.76488e-09
1.18205e-08
5.79535e-09
5.50319e-09
4.16735e-09
9.66531e-09
3.95719e-09
3.85515e-09
9.68223e-09
1.49876e-08
2.25661e-08
1.49734e-08
2.25811e-08
9.65524e-09
3.9436e-09
9.65706e-09
3.8407e-09
1.49856e-08
2.2626e-08
1.5019e-08
2.25913e-08
5.53093e-09
5.52738e-09
5.45424e-09
5.66891e-09
1.16807e-08
4.24015e-09
5.67914e-09
4.13167e-09
5.48944e-09
5.42059e-09
4.21524e-09
5.67415e-09
1.16694e-08
5.69207e-09
5.45163e-09
4.13482e-09
9.56606e-09
3.93632e-09
3.83642e-09
9.55796e-09
1.48448e-08
2.24183e-08
1.48698e-08
2.2387e-08
9.56361e-09
3.9378e-09
9.5932e-09
3.83363e-09
1.48332e-08
2.23652e-08
1.48254e-08
2.23793e-08
5.53869e-09
5.52707e-09
5.4728e-09
5.71152e-09
1.1726e-08
4.25474e-09
5.70856e-09
5.51341e-09
4.15065e-09
5.42745e-09
4.22031e-09
5.67588e-09
1.16877e-08
5.70581e-09
5.45285e-09
4.13216e-09
9.54062e-09
3.93891e-09
3.83549e-09
9.55865e-09
1.4791e-08
2.22945e-08
1.47781e-08
2.23109e-08
9.53184e-09
3.92192e-09
3.82365e-09
9.53032e-09
1.47924e-08
2.23538e-08
1.48204e-08
2.23219e-08
9.52122e-09
1.10755e-08
1.04504e-08
9.51526e-09
1.04682e-08
8.26782e-09
8.2522e-09
1.04744e-08
1.10823e-08
9.53614e-09
9.51936e-09
1.04694e-08
1.29962e-08
1.30153e-08
1.36011e-08
1.62617e-08
1.31365e-08
1.29145e-08
1.62271e-08
1.36176e-08
1.28998e-08
1.35871e-08
1.28677e-08
1.61989e-08
1.31183e-08
1.62085e-08
1.35709e-08
1.2888e-08
1.29881e-08
1.29761e-08
1.35417e-08
1.61796e-08
1.30833e-08
1.2832e-08
1.61729e-08
1.28472e-08
1.35332e-08
1.29324e-08
1.29231e-08
1.355e-08
1.28571e-08
1.30873e-08
1.61856e-08
1.61747e-08
1.28508e-08
1.35561e-08
1.29466e-08
1.296e-08
8.28125e-09
8.27425e-09
9.5809e-09
1.11306e-08
1.05282e-08
9.56253e-09
1.05162e-08
1.04839e-08
9.5513e-09
1.1111e-08
9.54761e-09
1.05075e-08
1.33956e-08
4.77732e-09
7.42774e-09
6.81598e-09
1.33902e-08
7.41436e-09
6.80051e-09
1.33523e-08
4.75282e-09
7.41263e-09
6.79284e-09
1.33666e-08
7.38649e-09
6.7775e-09
9.50474e-09
1.04429e-08
1.10515e-08
9.48834e-09
1.04337e-08
8.22202e-09
8.21702e-09
1.04e-08
1.10336e-08
9.47857e-09
9.47441e-09
1.04248e-08
1.28176e-08
1.28008e-08
1.34282e-08
1.60538e-08
1.29838e-08
1.27183e-08
1.60584e-08
1.27412e-08
1.34137e-08
1.28324e-08
1.28525e-08
1.34425e-08
1.27614e-08
1.60902e-08
1.29967e-08
1.60687e-08
1.34536e-08
1.27484e-08
1.3506e-08
1.61669e-08
1.28221e-08
1.3057e-08
1.35185e-08
1.61433e-08
1.28108e-08
1.28905e-08
1.29076e-08
1.2882e-08
1.28665e-08
1.34914e-08
1.27753e-08
1.30401e-08
1.61111e-08
1.61254e-08
1.2799e-08
1.34726e-08
8.2055e-09
8.18636e-09
9.43284e-09
1.09847e-08
1.03535e-08
9.42913e-09
1.03788e-08
1.03911e-08
9.45683e-09
1.10014e-08
9.44071e-09
1.038e-08
5.51933e-09
5.51056e-09
5.45245e-09
5.66943e-09
4.2363e-09
1.16696e-08
5.48979e-09
5.66972e-09
4.1368e-09
5.40786e-09
4.20514e-09
5.63842e-09
1.16333e-08
5.66916e-09
5.43386e-09
4.11947e-09
9.47348e-09
3.92744e-09
3.82363e-09
9.49656e-09
1.46849e-08
2.21426e-08
1.467e-08
2.21626e-08
9.46513e-09
3.90925e-09
3.81211e-09
9.45981e-09
1.46889e-08
2.221e-08
1.47182e-08
2.21749e-08
5.50163e-09
5.49186e-09
5.41991e-09
5.62453e-09
1.16012e-08
4.21344e-09
5.63433e-09
4.10705e-09
5.44995e-09
5.38545e-09
4.19553e-09
5.63686e-09
1.15979e-08
5.65412e-09
5.42034e-09
4.11171e-09
9.50801e-09
3.92516e-09
3.82598e-09
9.49503e-09
1.47483e-08
2.22829e-08
1.47739e-08
2.22518e-08
9.50509e-09
3.92434e-09
9.53243e-09
3.8239e-09
1.47372e-08
2.22245e-08
1.47267e-08
2.22416e-08
1.32335e-08
4.68678e-09
7.32819e-09
6.71961e-09
1.3247e-08
7.29997e-09
6.70394e-09
1.32786e-08
4.71738e-09
7.3465e-09
6.7445e-09
1.32718e-08
7.33612e-09
6.73007e-09
5.42172e-09
5.41209e-09
5.36447e-09
5.56207e-09
1.1471e-08
4.17901e-09
5.55723e-09
4.07933e-09
5.40381e-09
5.31808e-09
4.14837e-09
5.51828e-09
1.14288e-08
5.55283e-09
5.34526e-09
4.05942e-09
9.29214e-09
3.90642e-09
3.80297e-09
9.3243e-09
1.43962e-08
2.17159e-08
1.43703e-08
2.17516e-08
9.28175e-09
3.89204e-09
3.79087e-09
9.2688e-09
1.44065e-08
2.18231e-08
1.44458e-08
2.17745e-08
5.39722e-09
5.39063e-09
5.32052e-09
5.49043e-09
1.13767e-08
4.15859e-09
5.50618e-09
4.04712e-09
5.35726e-09
5.29453e-09
4.1378e-09
5.51693e-09
1.1379e-08
5.52498e-09
5.32787e-09
4.05416e-09
9.3402e-09
3.90176e-09
3.80019e-09
9.32191e-09
1.44924e-08
2.19348e-08
1.45275e-08
2.18906e-08
9.33914e-09
3.90077e-09
3.79862e-09
9.37569e-09
1.44763e-08
2.18448e-08
1.44577e-08
2.18728e-08
9.28637e-09
1.08178e-08
1.0209e-08
9.26393e-09
1.01868e-08
8.01895e-09
8.02199e-09
1.01338e-08
1.07869e-08
9.23605e-09
9.23949e-09
1.01718e-08
1.24512e-08
1.24158e-08
1.24785e-08
1.25148e-08
1.25883e-08
1.26185e-08
1.25711e-08
1.25407e-08
7.99213e-09
7.96453e-09
9.14358e-09
1.06952e-08
1.0036e-08
9.15099e-09
1.00772e-08
1.01151e-08
9.19975e-09
1.07261e-08
9.17525e-09
1.00884e-08
8.11283e-09
8.09208e-09
9.31442e-09
1.08626e-08
1.0223e-08
9.3138e-09
1.02528e-08
1.02724e-08
9.34728e-09
1.08822e-08
9.32821e-09
1.02573e-08
1.27599e-08
1.27837e-08
1.33747e-08
1.60323e-08
1.27033e-08
1.29375e-08
1.33928e-08
1.60006e-08
1.26858e-08
1.33556e-08
1.26427e-08
1.29154e-08
1.59622e-08
1.59786e-08
1.2671e-08
1.33332e-08
1.2748e-08
1.27273e-08
8.13258e-09
8.1302e-09
9.41008e-09
1.03429e-08
1.09487e-08
9.39103e-09
1.03267e-08
1.02856e-08
9.37314e-09
1.0924e-08
9.3719e-09
1.03158e-08
1.26637e-08
1.26419e-08
1.2683e-08
1.27077e-08
5.45161e-09
5.44487e-09
5.37323e-09
5.56487e-09
1.14991e-08
4.18545e-09
5.57636e-09
5.4063e-09
4.07626e-09
5.34176e-09
4.16472e-09
5.58022e-09
1.14959e-08
5.59444e-09
5.3757e-09
4.08228e-09
9.43096e-09
3.91127e-09
3.8106e-09
9.41686e-09
1.46331e-08
2.21276e-08
1.46626e-08
2.20916e-08
9.42925e-09
3.91138e-09
9.46133e-09
3.80869e-09
1.46198e-08
2.20564e-08
1.46061e-08
2.20784e-08
5.46855e-09
5.45794e-09
5.40471e-09
5.62055e-09
4.20513e-09
1.15704e-08
5.44408e-09
5.61734e-09
4.10401e-09
5.35915e-09
4.17303e-09
5.58221e-09
1.15308e-08
5.61424e-09
5.38547e-09
4.08489e-09
9.39257e-09
3.91468e-09
3.81094e-09
9.4184e-09
1.4557e-08
2.1955e-08
1.45367e-08
2.1982e-08
9.3828e-09
3.89749e-09
9.37442e-09
3.79888e-09
1.45633e-08
2.20398e-08
1.4597e-08
2.1999e-08
5.32663e-09
5.32188e-09
5.26269e-09
5.391e-09
1.12218e-08
4.14886e-09
5.41314e-09
4.03035e-09
5.30984e-09
5.2453e-09
4.11928e-09
5.43202e-09
1.12265e-08
5.42897e-09
5.27519e-09
4.03521e-09
9.22716e-09
3.90398e-09
3.79789e-09
9.20452e-09
1.4316e-08
2.1689e-08
1.43572e-08
2.16371e-08
9.22821e-09
3.89664e-09
9.26987e-09
3.79555e-09
1.42951e-08
2.15739e-08
1.42699e-08
2.16122e-08
5.35767e-09
5.34764e-09
5.31353e-09
5.48751e-09
1.13374e-08
4.15234e-09
5.47689e-09
5.35243e-09
4.05387e-09
5.26611e-09
4.1267e-09
5.43091e-09
1.12921e-08
5.46994e-09
5.29648e-09
4.03424e-09
9.16859e-09
3.91296e-09
3.81299e-09
9.20663e-09
1.4191e-08
2.14106e-08
1.41592e-08
2.14552e-08
9.15623e-09
3.91284e-09
3.80322e-09
9.14032e-09
1.42075e-08
2.15434e-08
1.42528e-08
2.14862e-08
8.853e-09
1.04173e-08
9.71631e-09
8.87841e-09
9.77927e-09
7.79663e-09
7.75485e-09
9.86037e-09
1.047e-08
8.9624e-09
8.92257e-09
9.81009e-09
1.2335e-08
1.23814e-08
1.23056e-08
1.22611e-08
1.2141e-08
1.20823e-08
1.21768e-08
1.22263e-08
7.8375e-09
7.85279e-09
9.10265e-09
1.06224e-08
1.00126e-08
9.07116e-09
9.97567e-09
9.89392e-09
9.01753e-09
1.05762e-08
9.03351e-09
9.94999e-09
1.27532e-08
4.30219e-09
6.80038e-09
6.34539e-09
1.2714e-08
6.83169e-09
6.35297e-09
1.26106e-08
4.16875e-09
6.74501e-09
6.28793e-09
1.26636e-08
6.66841e-09
6.24434e-09
8.78883e-09
9.67285e-09
1.02884e-08
8.73548e-09
9.60915e-09
7.51107e-09
7.55511e-09
9.46117e-09
1.02119e-08
8.62403e-09
8.67077e-09
9.55872e-09
1.15286e-08
1.14288e-08
1.15916e-08
1.16868e-08
1.19331e-08
1.20254e-08
1.18579e-08
1.17614e-08
7.44285e-09
7.36801e-09
8.29822e-09
9.91152e-09
9.10914e-09
8.36958e-09
9.22768e-09
9.39208e-09
8.53045e-09
1.00068e-08
8.45593e-09
9.29785e-09
5.28948e-09
5.27927e-09
5.27437e-09
5.39143e-09
4.15156e-09
1.11775e-08
5.30926e-09
5.37224e-09
4.05774e-09
5.22967e-09
4.14811e-09
5.32041e-09
1.11341e-08
5.36468e-09
5.27113e-09
4.04591e-09
9.03879e-09
3.97821e-09
3.89205e-09
9.0763e-09
1.3954e-08
2.10657e-08
1.39284e-08
2.11054e-08
9.02548e-09
4.02667e-09
3.8931e-09
9.02044e-09
1.39757e-08
2.1201e-08
1.40197e-08
2.11441e-08
5.25316e-09
5.24841e-09
5.2368e-09
5.27844e-09
1.10474e-08
4.22175e-09
5.30354e-09
4.08317e-09
5.31063e-09
5.22383e-09
4.15416e-09
5.32949e-09
1.10475e-08
5.31007e-09
5.24537e-09
4.0726e-09
9.09283e-09
3.95544e-09
3.83631e-09
9.07171e-09
1.40952e-08
2.13725e-08
1.41404e-08
2.13141e-08
9.09651e-09
3.92343e-09
9.1401e-09
3.82936e-09
1.40689e-08
2.124e-08
1.40428e-08
2.12827e-08
1.22149e-08
3.70352e-09
6.18104e-09
5.98204e-09
1.23108e-08
6.03891e-09
5.90275e-09
1.24346e-08
3.91178e-09
6.26605e-09
6.04264e-09
1.23606e-08
6.354e-09
6.07727e-09
5.90517e-09
5.7383e-09
5.81722e-09
5.41176e-09
1.10525e-08
4.82096e-09
5.42292e-09
4.84923e-09
5.72444e-09
5.91562e-09
5.32011e-09
5.60302e-09
1.11327e-08
5.53461e-09
6.18507e-09
5.02266e-09
9.47208e-09
5.33587e-09
5.5642e-09
9.32714e-09
1.39759e-08
2.0995e-08
1.41725e-08
2.08291e-08
9.55333e-09
6.39966e-09
5.85764e-09
9.84921e-09
1.3971e-08
2.07577e-08
1.38681e-08
2.0845e-08
6.06415e-09
6.29064e-09
6.85313e-09
6.57283e-09
1.14459e-08
6.71428e-09
6.26935e-09
6.15625e-09
7.41862e-09
6.59065e-09
5.62108e-09
5.86623e-09
1.12442e-08
5.94734e-09
6.34393e-09
5.77455e-09
9.1316e-09
5.08894e-09
4.76975e-09
9.25066e-09
1.3808e-08
2.07592e-08
1.37812e-08
2.0769e-08
9.12056e-09
4.59383e-09
4.64782e-09
9.06885e-09
1.37943e-08
2.0791e-08
1.38747e-08
2.07354e-08
6.88655e-09
8.23787e-09
7.55491e-09
6.63669e-09
7.25102e-09
5.64244e-09
5.8438e-09
6.55376e-09
7.94132e-09
6.07407e-09
6.36907e-09
6.95683e-09
7.95024e-09
7.51184e-09
8.28888e-09
8.68295e-09
9.57907e-09
9.87587e-09
9.32107e-09
8.97448e-09
5.44225e-09
5.25849e-09
4.63742e-09
6.55053e-09
4.69972e-09
5.01089e-09
5.27225e-09
6.18278e-09
5.72318e-09
6.97698e-09
5.37262e-09
5.70241e-09
6.7449e-09
6.59953e-09
7.11896e-09
8.86161e-09
7.78856e-09
7.30452e-09
8.04507e-09
8.42268e-09
7.6509e-09
9.05969e-09
7.48873e-09
8.21945e-09
1.11874e-08
1.13318e-08
1.10621e-08
1.08817e-08
6.86837e-09
6.9749e-09
8.18133e-09
9.0117e-09
9.63518e-09
8.06969e-09
8.87405e-09
8.57714e-09
7.82432e-09
9.49327e-09
7.94284e-09
8.75615e-09
1.03451e-08
1.01022e-08
1.05173e-08
1.07313e-08
5.27917e-09
5.29674e-09
5.43351e-09
5.30321e-09
1.09558e-08
4.65597e-09
5.29719e-09
5.60236e-09
4.44101e-09
5.39532e-09
4.41293e-09
5.2866e-09
1.09174e-08
5.25226e-09
5.3743e-09
4.36043e-09
8.98927e-09
4.18073e-09
4.01943e-09
8.99254e-09
1.38731e-08
2.10236e-08
1.3908e-08
2.0975e-08
8.99567e-09
4.05807e-09
9.02397e-09
3.99275e-09
1.38441e-08
2.09123e-08
1.38355e-08
2.09366e-08
5.29599e-09
5.26863e-09
5.31893e-09
5.29673e-09
4.25892e-09
1.10185e-08
5.33212e-09
5.26855e-09
4.18487e-09
5.29489e-09
4.34635e-09
5.23573e-09
1.09987e-08
5.27634e-09
5.38034e-09
4.20886e-09
9.0003e-09
4.24888e-09
4.21817e-09
9.00884e-09
1.37743e-08
2.08018e-08
1.37907e-08
2.08006e-08
8.99406e-09
4.48124e-09
9.04431e-09
4.26684e-09
1.37943e-08
2.08688e-08
1.38108e-08
2.08397e-08
1.10149e-08
1.23322e-08
1.44607e-08
1.46412e-08
1.59198e-08
1.61993e-08
1.29133e-08
1.40913e-08
1.65007e-08
1.28871e-08
1.10269e-08
1.03248e-08
1.46842e-08
1.13967e-08
1.15638e-08
1.234e-08
1.07473e-08
9.116e-09
8.1143e-09
1.14381e-08
1.45405e-08
2.09951e-08
1.4235e-08
2.12443e-08
1.04642e-08
6.87635e-09
1.00347e-08
7.48034e-09
1.46315e-08
2.169e-08
1.51548e-08
2.12819e-08
9.95058e-09
8.97563e-09
8.62346e-09
7.15275e-09
1.22697e-08
7.35447e-09
7.59505e-09
8.00377e-09
7.91552e-09
9.35471e-09
9.78507e-09
9.11048e-09
1.28064e-08
8.29435e-09
1.04256e-08
8.72488e-09
1.29822e-08
1.0133e-08
1.15517e-08
1.19703e-08
1.65732e-08
2.38365e-08
1.79489e-08
2.2739e-08
1.40817e-08
1.52772e-08
1.31427e-08
1.57123e-08
1.61627e-08
2.18097e-08
1.53527e-08
2.24444e-08
6.37696e-09
4.69051e-09
3.69386e-09
5.46142e-09
3.13752e-09
6.24263e-09
7.21957e-09
2.5655e-09
4.77941e-09
4.18255e-09
4.7655e-09
2.64265e-09
6.61559e-09
7.08675e-09
6.20777e-09
5.76597e-09
5.18647e-09
5.16437e-09
5.21296e-09
5.46913e-09
5.78564e-09
5.3025e-09
4.28811e-09
5.43363e-09
4.20273e-09
4.01947e-09
3.59163e-09
2.64567e-09
3.90936e-09
4.96812e-09
3.87598e-09
3.16034e-09
1.70731e-08
1.62121e-08
1.42738e-08
1.86286e-08
1.74438e-08
1.36404e-08
1.75598e-08
1.97895e-08
1.97632e-08
1.90987e-08
1.41225e-08
1.69767e-08
1.89089e-08
1.82738e-08
1.80183e-08
1.41078e-08
1.76968e-08
2.24625e-08
2.13788e-08
2.3162e-08
2.49171e-08
2.99358e-08
2.3893e-08
2.29954e-08
2.47335e-08
2.39488e-08
2.12179e-08
2.85992e-08
2.31947e-08
2.01066e-08
2.24888e-08
2.07824e-08
1.45504e-08
1.95605e-08
1.77601e-08
1.80264e-08
1.31659e-08
1.83087e-08
2.26413e-08
2.16317e-08
2.09047e-08
7.19113e-09
4.28491e-09
6.32835e-09
8.16536e-09
4.80299e-09
1.21048e-08
1.19902e-08
4.26012e-09
6.13383e-09
8.59383e-09
8.64508e-09
4.93318e-09
1.00329e-08
5.74087e-09
3.60658e-09
5.57879e-09
9.86489e-09
7.86018e-09
5.45246e-09
5.28525e-09
6.00386e-09
5.38418e-09
1.31688e-08
3.75867e-09
8.17011e-09
2.21457e-08
2.15991e-08
2.12422e-08
1.66333e-08
1.85295e-08
2.1165e-08
1.89812e-08
1.90244e-08
2.10904e-08
2.3784e-08
2.40082e-08
2.20998e-08
2.27331e-08
2.05598e-08
2.44028e-08
2.3328e-08
2.09071e-08
2.0528e-08
2.47668e-08
2.9525e-08
2.24906e-08
2.20391e-08
2.45165e-08
2.14089e-08
2.73752e-08
2.17908e-08
2.35009e-08
2.51543e-08
2.25944e-08
2.46941e-08
2.10947e-08
2.23357e-08
2.21481e-08
2.02992e-08
2.07966e-08
2.45027e-08
1.88229e-08
2.59464e-08
1.95723e-08
1.74384e-08
1.73473e-08
1.99315e-08
2.23736e-08
2.69258e-08
1.97461e-08
2.68167e-08
2.38094e-08
2.23552e-08
2.00216e-08
2.32562e-08
2.35463e-08
2.03658e-08
2.39386e-08
2.26457e-08
2.34289e-08
2.05575e-08
2.30655e-08
2.13099e-08
1.96789e-08
2.32507e-08
1.94954e-08
2.29971e-08
1.95635e-08
2.13395e-08
1.94762e-08
2.30313e-08
2.18829e-08
1.85482e-08
2.18263e-08
1.85921e-08
2.19515e-08
1.87019e-08
2.20053e-08
1.86515e-08
2.16763e-08
1.84821e-08
2.1748e-08
1.84125e-08
2.15839e-08
1.82632e-08
1.83279e-08
2.15068e-08
1.98346e-08
1.59608e-08
1.95302e-08
1.63372e-08
2.01123e-08
1.69539e-08
2.03114e-08
1.6686e-08
1.84939e-08
1.5489e-08
1.90637e-08
1.4908e-08
1.76458e-08
1.34494e-08
1.41336e-08
1.71297e-08
2.30021e-08
1.94624e-08
1.95531e-08
2.29226e-08
2.30623e-08
1.96264e-08
2.30599e-08
1.96257e-08
2.21041e-08
1.87478e-08
2.20631e-08
1.87752e-08
2.11828e-08
1.78412e-08
1.79493e-08
2.10765e-08
2.13075e-08
1.81731e-08
2.14048e-08
1.80744e-08
2.08101e-08
1.77033e-08
2.09404e-08
1.75512e-08
2.06462e-08
1.71779e-08
2.05005e-08
1.73608e-08
1.44991e-08
1.69694e-08
1.40106e-08
1.36678e-08
1.71781e-08
1.37844e-08
1.44111e-08
1.45942e-08
1.39925e-08
1.75598e-08
1.41371e-08
1.7335e-08
1.46796e-08
1.38717e-08
1.48284e-08
1.4402e-08
1.77684e-08
1.41576e-08
1.48093e-08
1.40568e-08
1.43851e-08
1.76863e-08
1.77734e-08
1.41416e-08
1.47497e-08
1.42555e-08
1.68272e-08
1.36487e-08
1.35832e-08
1.66716e-08
1.43252e-08
1.35079e-08
1.42086e-08
1.34273e-08
1.65998e-08
1.35909e-08
1.66077e-08
1.41764e-08
1.34594e-08
1.41346e-08
1.6762e-08
1.35707e-08
1.33953e-08
1.66926e-08
1.34048e-08
1.41256e-08
1.41406e-08
1.3403e-08
1.35538e-08
1.66056e-08
1.66571e-08
1.34061e-08
1.4148e-08
1.39279e-08
1.65334e-08
1.34397e-08
1.31759e-08
1.65783e-08
1.3218e-08
1.3897e-08
1.396e-08
1.32805e-08
1.66857e-08
1.34795e-08
1.66188e-08
1.39925e-08
1.32397e-08
1.40896e-08
1.67762e-08
1.33867e-08
1.35987e-08
1.41079e-08
1.67825e-08
1.33723e-08
1.4064e-08
1.33087e-08
1.35758e-08
1.67334e-08
1.67649e-08
1.3352e-08
1.4028e-08
1.30724e-08
1.56986e-08
1.2674e-08
1.23687e-08
1.57142e-08
1.24079e-08
1.30441e-08
1.31005e-08
1.24523e-08
1.57648e-08
1.26987e-08
1.57341e-08
1.3124e-08
1.2425e-08
1.32121e-08
1.588e-08
1.27983e-08
1.25554e-08
1.5847e-08
1.25324e-08
1.32344e-08
1.31866e-08
1.24762e-08
1.27709e-08
1.57966e-08
1.58204e-08
1.25129e-08
1.31568e-08
1.3278e-08
1.59033e-08
1.28505e-08
1.25733e-08
1.59075e-08
1.32603e-08
1.25997e-08
1.32956e-08
1.26262e-08
1.28649e-08
1.59394e-08
1.59186e-08
1.26096e-08
1.33099e-08
1.29704e-08
1.56644e-08
1.25927e-08
1.23407e-08
1.56199e-08
1.30053e-08
1.2304e-08
1.2931e-08
1.22194e-08
1.55446e-08
1.2552e-08
1.55831e-08
1.28873e-08
1.22732e-08
1.27528e-08
1.53875e-08
1.23908e-08
1.20381e-08
1.54184e-08
1.20977e-08
1.27059e-08
1.27992e-08
1.2181e-08
1.2434e-08
1.54975e-08
1.54515e-08
1.21319e-08
1.28397e-08
1.21668e-08
1.48725e-08
1.19128e-08
1.14429e-08
1.49403e-08
1.15529e-08
1.20757e-08
1.22525e-08
1.17117e-08
1.50836e-08
1.19924e-08
1.50026e-08
1.23322e-08
1.16246e-08
1.25759e-08
1.53371e-08
1.199e-08
1.22682e-08
1.26388e-08
1.52751e-08
1.19274e-08
1.25036e-08
1.17834e-08
1.22019e-08
1.51528e-08
1.52202e-08
1.18737e-08
1.24173e-08
8.55281e-09
1.21298e-08
9.13077e-09
7.70953e-09
1.24046e-08
8.1404e-09
8.13226e-09
8.95204e-09
8.87578e-09
1.29405e-08
9.45776e-09
1.26563e-08
9.33006e-09
8.4883e-09
1.02995e-08
1.37927e-08
1.04862e-08
1.00361e-08
1.36001e-08
9.77994e-09
1.05579e-08
1.00138e-08
9.19084e-09
1.0242e-08
1.31835e-08
1.34217e-08
9.52835e-09
9.68587e-09
1.18419e-08
1.47898e-08
1.1348e-08
1.16592e-08
1.19623e-08
1.46846e-08
1.12233e-08
1.17087e-08
1.09499e-08
1.15383e-08
1.44726e-08
1.45926e-08
1.11117e-08
1.15506e-08
1.10074e-08
1.3937e-08
1.09951e-08
1.02403e-08
1.40812e-08
1.07953e-08
1.04629e-08
1.12008e-08
1.08054e-08
1.11563e-08
1.43519e-08
1.42017e-08
1.06249e-08
1.13795e-08
7.23323e-09
1.18407e-08
8.25713e-09
7.34107e-09
1.15515e-08
7.67291e-09
6.90575e-09
6.75999e-09
6.1721e-09
1.09128e-08
7.90135e-09
1.12258e-08
6.33577e-09
6.58067e-09
5.44565e-09
9.74573e-09
7.0826e-09
5.77882e-09
9.83765e-09
5.74838e-09
5.44352e-09
5.64616e-09
5.96084e-09
7.28103e-09
1.04839e-08
1.02299e-08
5.73001e-09
5.89605e-09
5.65616e-09
9.38448e-09
5.96983e-09
7.54312e-09
5.4208e-09
9.54274e-09
6.16652e-09
5.86218e-09
5.89365e-09
7.56546e-09
9.35074e-09
9.39324e-09
6.21183e-09
5.81361e-09
)
;

boundaryField
{
    left
    {
        type            calculated;
        value           nonuniform List<scalar> 0();
    }
    bottom
    {
        type            calculated;
        value           nonuniform List<scalar> 
243
(
2.31517e-08
2.27265e-08
2.19005e-08
2.17962e-08
2.09759e-08
2.07968e-08
1.89057e-08
1.83997e-08
2.23474e-08
2.21857e-08
2.15095e-08
2.13944e-08
2.01051e-08
1.98298e-08
2.64047e-08
2.65346e-08
2.33781e-08
2.2536e-08
2.57399e-08
2.59039e-08
2.51914e-08
2.52875e-08
2.19985e-08
2.1704e-08
2.50009e-08
2.50859e-08
2.43072e-08
2.44592e-08
2.11329e-08
2.05923e-08
2.39399e-08
2.4136e-08
2.24962e-08
2.27516e-08
1.92502e-08
1.75256e-08
2.21985e-08
2.2251e-08
2.44855e-08
2.56287e-08
2.57516e-08
2.24774e-08
2.41138e-08
2.40023e-08
2.43464e-08
2.41527e-08
2.3775e-08
2.36789e-08
2.39361e-08
2.38145e-08
2.20785e-08
2.5349e-08
2.54465e-08
2.48179e-08
2.49184e-08
2.16131e-08
2.34885e-08
2.33757e-08
2.36351e-08
2.35311e-08
2.31197e-08
2.29384e-08
2.33239e-08
2.31846e-08
2.12704e-08
2.45893e-08
2.47073e-08
2.3483e-08
2.37251e-08
2.03618e-08
2.25084e-08
2.22154e-08
2.28536e-08
2.26161e-08
2.16707e-08
2.15171e-08
2.20885e-08
2.17894e-08
1.95441e-08
2.29806e-08
2.32378e-08
2.38699e-08
2.50772e-08
2.14974e-08
2.2958e-08
2.96322e-08
2.46549e-08
2.45928e-08
2.41043e-08
2.40493e-08
2.42494e-08
2.4171e-08
2.37499e-08
2.37089e-08
2.3887e-08
2.3837e-08
2.34552e-08
2.34086e-08
2.35999e-08
2.35573e-08
2.30678e-08
2.29931e-08
2.32825e-08
2.3225e-08
2.24228e-08
2.23009e-08
2.27849e-08
2.26879e-08
2.16206e-08
2.15144e-08
2.19991e-08
2.18661e-08
4.10942e-08
3.38311e-08
2.86819e-08
4.23969e-08
2.16992e-08
2.20678e-08
2.16535e-08
2.53686e-08
2.8668e-08
2.0401e-08
1.82802e-08
2.51213e-08
2.12996e-08
3.16674e-08
3.16814e-08
3.15932e-08
3.15374e-08
3.16678e-08
3.16408e-08
3.11489e-08
3.11327e-08
3.11584e-08
3.11441e-08
3.10548e-08
3.10234e-08
3.11123e-08
3.10802e-08
3.13561e-08
3.13007e-08
3.14684e-08
3.13936e-08
3.1191e-08
3.11813e-08
3.12514e-08
3.12166e-08
3.07592e-08
3.07443e-08
3.07876e-08
3.07645e-08
3.06782e-08
3.0656e-08
3.07234e-08
3.06969e-08
3.09301e-08
3.09053e-08
3.09888e-08
3.09496e-08
3.08262e-08
3.08074e-08
3.0875e-08
3.08449e-08
3.04234e-08
3.04033e-08
3.04606e-08
3.04346e-08
3.03265e-08
3.03014e-08
3.0379e-08
3.03478e-08
3.05946e-08
3.05749e-08
3.06325e-08
3.06057e-08
3.05053e-08
3.0483e-08
3.05524e-08
3.05234e-08
2.9974e-08
2.99407e-08
3.00351e-08
2.99984e-08
2.98193e-08
2.97779e-08
2.99012e-08
2.98539e-08
3.02258e-08
3.01983e-08
3.02719e-08
3.02424e-08
3.01045e-08
3.00729e-08
3.01703e-08
3.01305e-08
2.92347e-08
2.91828e-08
2.93342e-08
2.92779e-08
2.90072e-08
2.89542e-08
2.91182e-08
2.90578e-08
2.96468e-08
2.96023e-08
2.97282e-08
2.96811e-08
2.9449e-08
2.93976e-08
2.95503e-08
2.94931e-08
2.84981e-08
2.85096e-08
2.85245e-08
2.85102e-08
2.85374e-08
2.86114e-08
2.84834e-08
2.85161e-08
2.87863e-08
2.8745e-08
2.88846e-08
2.88306e-08
2.86022e-08
2.85775e-08
2.86814e-08
2.86398e-08
4.02462e-08
3.75003e-08
3.12997e-08
2.94516e-08
3.15412e-08
3.16844e-08
4.58957e-08
4.11795e-08
2.8897e-08
2.90816e-08
2.86409e-08
2.8763e-08
3.00568e-08
3.04375e-08
2.93496e-08
2.96106e-08
)
;
    }
    interface
    {
        type            calculated;
        value           nonuniform List<scalar> 
1703
(
4.15924e-09
3.91624e-09
4.14062e-09
3.67261e-09
3.63314e-09
3.58551e-09
3.62332e-09
3.43851e-09
3.33532e-09
3.10978e-09
3.30835e-09
1.52511e-09
2.52563e-09
1.12442e-08
3.20133e-09
3.87544e-09
3.76819e-09
3.68674e-09
3.75528e-09
3.57515e-09
3.53405e-09
3.45618e-09
3.5211e-09
3.06178e-09
2.64098e-09
1.66873e-09
2.54716e-09
1.299e-08
2.067e-08
2.11741e-08
4.35834e-09
4.28958e-09
3.99855e-09
4.04873e-09
3.65498e-09
3.6454e-09
3.59706e-09
3.60806e-09
3.40223e-09
3.38132e-09
3.20528e-09
3.24053e-09
1.30977e-09
1.41412e-09
7.00524e-09
5.80601e-09
3.81949e-09
3.80017e-09
3.7086e-09
3.72576e-09
3.56037e-09
3.54976e-09
3.48218e-09
3.49749e-09
2.91834e-09
2.8519e-09
2.10153e-09
2.23428e-09
1.62976e-08
2.07364e-08
1.3235e-08
2.14934e-08
2.89076e-08
2.3298e-08
2.31026e-08
2.14606e-08
1.63604e-08
1.58132e-08
1.21094e-08
2.26615e-08
8.12372e-09
6.10472e-09
2.87294e-08
2.27201e-08
2.20025e-08
4.50076e-09
4.18433e-09
3.9216e-09
4.0913e-09
3.64587e-09
3.62016e-09
3.57199e-09
3.59891e-09
3.40763e-09
3.33693e-09
3.13102e-09
3.26796e-09
1.39183e-09
2.01885e-09
9.68096e-09
3.96111e-09
3.83237e-09
3.76213e-09
6.79352e-09
6.6621e-09
3.67557e-09
3.72557e-09
6.55546e-09
6.63946e-09
3.55078e-09
3.52291e-09
6.40308e-09
6.34722e-09
3.36206e-09
3.33306e-09
3.449e-09
3.4943e-09
3.29078e-09
3.32234e-09
3.15485e-09
3.2217e-09
2.99905e-09
2.70699e-09
5.76267e-09
5.26411e-09
3.14711e-09
3.07016e-09
1.81249e-09
2.43463e-09
3.43136e-09
5.30363e-09
1.45841e-08
9.27796e-09
1.67674e-08
1.95341e-08
2.03101e-08
1.60311e-08
1.8576e-08
1.99582e-08
1.78828e-08
4.41349e-09
4.20602e-09
3.9527e-09
4.06259e-09
3.64276e-09
3.62084e-09
3.57331e-09
3.5954e-09
3.39907e-09
3.34726e-09
3.1566e-09
3.25023e-09
1.30352e-09
1.69379e-09
8.3351e-09
4.78376e-09
3.95505e-09
4.82576e-09
5.07661e-09
7.8956e-09
3.23234e-09
3.17127e-09
1.23695e-08
7.90023e-09
3.19834e-09
1.23751e-08
4.70524e-09
5.17908e-09
5.14806e-09
7.82727e-09
7.84023e-09
1.23242e-08
1.15778e-08
1.15002e-08
1.26184e-08
1.37196e-08
1.38347e-08
1.38256e-08
7.23542e-09
1.2333e-08
1.13135e-08
1.14813e-08
1.25495e-08
1.1432e-08
3.4832e-09
4.53669e-09
5.04938e-09
4.93209e-09
7.8817e-09
3.17894e-09
1.23656e-08
7.88246e-09
1.23581e-08
5.05495e-09
4.57764e-09
4.92182e-09
7.79691e-09
1.22227e-08
7.77728e-09
1.22467e-08
1.1953e-08
1.09746e-08
1.10061e-08
6.91549e-09
1.10476e-08
1.19848e-08
1.3589e-08
1.36351e-08
1.35524e-08
1.33828e-08
6.9562e-09
1.22088e-08
1.1244e-08
1.10959e-08
1.20076e-08
1.11381e-08
3.81734e-09
3.76596e-09
1.19508e-08
1.09531e-08
1.09322e-08
6.73371e-09
1.08772e-08
1.18799e-08
1.31691e-08
1.31451e-08
1.3187e-08
1.32938e-08
1.17808e-08
1.07909e-08
1.08209e-08
1.08574e-08
1.18457e-08
4.60709e-09
5.09781e-09
5.04882e-09
7.72561e-09
1.21155e-08
7.71809e-09
3.35532e-09
3.24629e-09
1.21252e-08
5.08223e-09
5.00587e-09
4.58795e-09
7.73893e-09
1.21505e-08
7.73566e-09
1.21516e-08
3.68109e-09
3.71785e-09
3.38722e-09
4.49685e-09
5.0338e-09
4.9566e-09
7.58956e-09
3.23724e-09
1.19153e-08
7.58096e-09
1.19239e-08
5.00689e-09
4.9228e-09
4.50909e-09
7.61179e-09
1.19567e-08
7.60647e-09
1.19586e-08
1.16331e-08
1.0641e-08
1.06347e-08
6.51441e-09
1.0602e-08
1.15856e-08
1.28918e-08
1.28801e-08
1.55431e-08
1.18146e-08
1.18354e-08
1.55231e-08
1.56419e-08
1.19077e-08
1.19016e-08
1.56517e-08
1.29627e-08
6.49835e-09
1.15451e-08
1.05579e-08
1.05887e-08
1.15671e-08
1.05823e-08
6.57679e-09
1.16418e-08
1.06532e-08
1.06831e-08
1.16485e-08
1.06764e-08
1.3101e-08
1.57244e-08
1.20316e-08
1.5753e-08
1.20144e-08
1.30837e-08
1.17434e-08
1.07634e-08
1.0703e-08
1.16616e-08
1.07264e-08
1.56657e-08
1.19199e-08
1.5664e-08
1.19362e-08
1.30072e-08
1.3e-08
1.30307e-08
4.48637e-09
5.02856e-09
4.9325e-09
7.68941e-09
3.35647e-09
1.20734e-08
7.68627e-09
3.35499e-09
1.20722e-08
4.49396e-09
5.0465e-09
4.55604e-09
4.9487e-09
7.64826e-09
1.20032e-08
7.63704e-09
1.20145e-08
3.32485e-09
4.42537e-09
4.97324e-09
4.88309e-09
7.55917e-09
1.18766e-08
7.55431e-09
1.18787e-08
3.33073e-09
4.44149e-09
4.99388e-09
4.50095e-09
4.90409e-09
7.531e-09
1.18275e-08
7.52138e-09
1.18369e-08
1.14564e-08
1.04691e-08
1.04911e-08
1.14615e-08
1.04881e-08
1.2849e-08
1.28643e-08
1.54854e-08
1.17972e-08
1.55028e-08
1.17893e-08
1.54253e-08
1.17171e-08
1.17332e-08
1.54164e-08
1.2783e-08
1.27751e-08
1.27989e-08
6.44416e-09
1.15287e-08
1.05427e-08
1.05358e-08
1.05042e-08
1.14727e-08
3.54817e-09
3.52495e-09
1.14468e-08
1.04573e-08
1.04517e-08
6.38129e-09
1.042e-08
1.13967e-08
1.26679e-08
1.26538e-08
1.53034e-08
1.16105e-08
1.16327e-08
1.52843e-08
1.53897e-08
1.17044e-08
1.54028e-08
1.16986e-08
1.27429e-08
6.36522e-09
1.13597e-08
1.03725e-08
1.03931e-08
1.04057e-08
1.13801e-08
1.03992e-08
3.31375e-09
4.42216e-09
4.97014e-09
4.88621e-09
7.47063e-09
3.21847e-09
1.17342e-08
7.46069e-09
1.1744e-08
4.94403e-09
4.85643e-09
4.4427e-09
7.49713e-09
1.17853e-08
7.49353e-09
1.17853e-08
3.45402e-09
3.48892e-09
3.22722e-09
4.34545e-09
4.90438e-09
4.81812e-09
7.30959e-09
1.14804e-08
7.2951e-09
1.14957e-08
3.20454e-09
4.30886e-09
4.87701e-09
4.78416e-09
4.36068e-09
7.3471e-09
1.1561e-08
7.34721e-09
1.15569e-08
1.12143e-08
1.02215e-08
1.01541e-08
1.11344e-08
1.0185e-08
1.23015e-08
1.22702e-08
1.24419e-08
1.24683e-08
1.2421e-08
6.14624e-09
1.10493e-08
1.00552e-08
1.00896e-08
1.01277e-08
1.11069e-08
6.27508e-09
1.12312e-08
1.02419e-08
1.02869e-08
1.1261e-08
1.02763e-08
1.26135e-08
1.52442e-08
1.15922e-08
1.52649e-08
1.15815e-08
1.13454e-08
1.03563e-08
1.03456e-08
1.03057e-08
1.128e-08
1.03303e-08
1.25144e-08
3.25615e-09
4.35438e-09
4.91013e-09
4.81998e-09
7.43149e-09
3.20996e-09
1.16873e-08
7.42963e-09
3.20429e-09
1.16859e-08
4.93592e-09
4.44066e-09
4.84872e-09
7.39828e-09
1.16214e-08
7.38612e-09
1.16336e-08
4.26136e-09
4.85629e-09
4.75679e-09
7.24565e-09
3.21441e-09
1.14063e-08
7.2493e-09
3.20734e-09
1.13979e-08
3.16144e-09
4.87078e-09
4.7841e-09
7.20286e-09
1.13025e-08
7.1844e-09
1.13228e-08
1.07396e-08
9.73752e-09
9.79387e-09
9.87217e-09
1.08577e-08
1.21907e-08
1.19578e-08
1.10223e-08
1.00231e-08
9.99419e-09
9.91476e-09
1.0901e-08
9.96125e-09
2.95757e-09
2.76977e-09
1.06928e-08
9.68091e-09
9.62667e-09
9.48105e-09
1.04815e-08
9.56507e-09
1.13703e-08
1.17828e-08
1.185e-08
1.17198e-08
5.51165e-09
1.01457e-08
9.12998e-09
9.39963e-09
1.04018e-08
9.31769e-09
3.07935e-09
4.26982e-09
4.85859e-09
4.77383e-09
7.09921e-09
1.11025e-08
7.07661e-09
1.11284e-08
3.05299e-09
4.25192e-09
4.90801e-09
4.79061e-09
4.33504e-09
7.12735e-09
1.12146e-08
7.13581e-09
1.12007e-08
1.95382e-09
2.337e-09
4.8856e-09
5.44332e-09
5.45611e-09
7.71601e-09
5.09821e-09
1.13023e-08
7.81063e-09
5.41242e-09
1.12725e-08
4.16521e-09
7.18618e-09
6.67857e-09
7.26417e-09
1.10159e-08
7.25072e-09
1.09995e-08
8.64369e-09
7.55645e-09
7.27154e-09
6.58171e-09
7.66946e-09
7.78356e-09
9.46272e-09
5.82693e-09
4.73598e-09
5.27638e-09
6.18137e-09
7.28638e-09
5.73472e-09
8.85764e-09
7.80999e-09
8.42768e-09
9.46218e-09
1.10189e-08
1.11549e-08
1.08964e-08
4.76622e-09
1.00521e-08
9.01825e-09
8.59996e-09
9.62578e-09
8.76407e-09
1.02092e-08
9.9784e-09
4.49368e-09
5.285e-09
5.09961e-09
7.04749e-09
1.10313e-08
7.06135e-09
3.5215e-09
3.43771e-09
1.10097e-08
4.94313e-09
4.87184e-09
7.10438e-09
1.09694e-08
7.08781e-09
1.09965e-08
9.87752e-09
1.39659e-08
1.63295e-08
1.43381e-08
9.25115e-09
7.72585e-09
1.20076e-08
8.89488e-09
1.21975e-08
7.81972e-09
7.29159e-09
8.32709e-09
1.18642e-08
1.49511e-08
1.30755e-08
1.40983e-08
4.84989e-09
3.74637e-09
2.56824e-09
3.52949e-09
6.46503e-09
6.91126e-09
6.07484e-09
5.13598e-09
3.38357e-09
5.34556e-09
4.20119e-09
2.71913e-09
3.79012e-09
3.1629e-09
1.57886e-08
1.97278e-08
1.97733e-08
1.39849e-08
1.87857e-08
1.775e-08
1.39938e-08
2.25469e-08
2.12342e-08
2.49813e-08
2.74355e-08
2.31989e-08
2.42634e-08
2.11964e-08
2.61903e-08
2.02259e-08
2.22256e-08
1.47038e-08
1.96463e-08
1.78578e-08
1.25084e-08
2.2685e-08
2.10515e-08
5.55192e-09
4.32142e-09
4.28653e-09
6.47894e-09
9.88503e-09
4.84601e-09
9.71837e-09
5.37335e-09
5.21595e-09
1.31686e-08
3.11259e-09
3.7613e-09
7.87073e-09
5.36267e-09
1.86771e-08
2.10645e-08
1.94622e-08
2.06174e-08
2.47784e-08
2.65966e-08
2.16678e-08
2.40524e-08
2.31494e-08
2.29725e-08
2.5039e-08
2.24986e-08
2.04295e-08
1.97253e-08
1.89526e-08
2.11184e-08
3.69931e-09
7.12005e-09
3.52212e-09
3.54176e-09
6.83146e-09
7.06782e-09
3.56702e-09
3.48205e-09
3.43304e-09
3.39629e-09
6.53764e-09
6.48307e-09
3.42929e-09
3.43973e-09
3.36641e-09
3.38108e-09
6.41795e-09
6.46841e-09
3.28097e-09
3.23396e-09
6.22178e-09
6.09395e-09
6.246e-09
6.32882e-09
5.8208e-09
6.05882e-09
3.78352e-09
1.50136e-09
4.01121e-09
5.15534e-09
3.24729e-09
3.09528e-09
1.45585e-08
6.05732e-09
8.04229e-09
1.57546e-09
2.05887e-08
3.30203e-09
2.06842e-08
3.80228e-09
2.06869e-08
7.33226e-09
3.30687e-09
2.05346e-08
3.2932e-09
2.03917e-08
3.44394e-09
3.31008e-09
2.03009e-08
2.03696e-08
6.70094e-09
3.52479e-09
3.36847e-09
2.01702e-08
2.02519e-08
3.46914e-09
2.03026e-08
2.02598e-08
3.35972e-09
1.98708e-08
3.3377e-09
1.99316e-08
3.3643e-09
3.35305e-09
1.99933e-08
1.99425e-08
6.59617e-09
3.38341e-09
2.01506e-08
2.00727e-08
3.37994e-09
1.99983e-08
2.00604e-08
3.34449e-09
1.98588e-08
3.34126e-09
1.98065e-08
1.97383e-08
1.97982e-08
6.42968e-09
3.34281e-09
1.9595e-08
3.31896e-09
1.9662e-08
3.29719e-09
3.33664e-09
1.97303e-08
1.96729e-08
3.33653e-09
1.91964e-08
3.3166e-09
1.93e-08
1.94021e-08
1.93155e-08
6.17505e-09
6.29607e-09
3.32907e-09
1.95831e-08
3.32495e-09
1.95133e-08
3.27146e-09
1.9418e-08
1.95023e-08
3.13435e-09
3.3382e-09
1.9175e-08
3.32683e-09
1.90661e-08
1.89179e-08
3.34915e-09
1.90436e-08
5.93078e-09
5.97586e-09
5.59154e-09
3.43529e-09
1.86184e-08
3.48054e-09
1.87384e-08
1.88879e-08
1.87669e-08
3.86085e-09
4.87673e-09
1.88257e-08
5.96363e-09
1.85126e-08
1.8422e-08
4.09671e-09
1.85134e-08
2.86102e-09
2.53493e-09
4.60808e-09
3.09462e-09
3.64851e-09
1.85883e-08
1.84998e-08
3.07114e-09
1.84412e-08
1.84716e-08
8.72491e-09
1.8882e-08
6.46951e-09
1.97226e-08
8.58044e-09
2.22338e-08
1.99831e-08
4.36264e-09
1.15992e-08
1.2463e-08
2.16431e-08
2.42301e-08
2.31866e-08
2.46764e-08
4.03574e-09
3.73182e-09
4.71215e-09
7.43516e-09
7.13662e-09
3.48078e-09
4.591e-09
3.4945e-09
4.51619e-09
6.83123e-09
7.01665e-09
6.74716e-09
6.6531e-09
3.55806e-09
4.65065e-09
3.46429e-09
4.54835e-09
3.41457e-09
4.55189e-09
3.3695e-09
4.46294e-09
6.5081e-09
6.46587e-09
6.53808e-09
6.60412e-09
3.39279e-09
4.53888e-09
3.41102e-09
3.33314e-09
4.47655e-09
3.35718e-09
6.39906e-09
6.43909e-09
6.37541e-09
6.3314e-09
3.34081e-09
4.48003e-09
3.30283e-09
4.39443e-09
3.25992e-09
4.40535e-09
3.20053e-09
6.18741e-09
6.09179e-09
6.23376e-09
6.29815e-09
3.25823e-09
4.4041e-09
3.30064e-09
4.3813e-09
3.12041e-09
4.32078e-09
3.19965e-09
4.30109e-09
4.36173e-09
5.84136e-09
6.01384e-09
5.69093e-09
5.34073e-09
3.12118e-09
4.32844e-09
3.03252e-09
3.50546e-09
4.81982e-09
4.81041e-09
6.07407e-09
6.64441e-09
3.47191e-09
1.83254e-09
4.23184e-09
5.01576e-09
3.15225e-09
4.66987e-09
3.071e-09
4.32955e-09
4.36975e-09
1.27368e-08
1.59963e-08
6.72798e-09
7.8855e-09
6.68302e-09
1.91438e-09
1.05924e-08
1.88636e-08
2.07844e-08
1.84431e-08
1.87156e-08
1.65302e-08
1.77487e-08
1.78176e-08
5.24247e-09
3.16895e-09
5.11237e-09
3.96001e-09
4.80269e-09
4.85579e-09
7.87524e-09
1.23918e-08
2.06249e-08
7.9114e-09
1.23594e-08
2.06632e-08
5.19823e-09
5.13408e-09
4.70253e-09
3.74404e-09
4.75676e-09
3.0183e-09
7.84417e-09
1.23355e-08
2.06624e-08
1.26696e-08
7.35632e-09
1.26599e-08
1.15689e-08
1.3723e-08
1.65146e-08
1.28086e-08
1.66907e-08
1.27203e-08
1.36612e-08
1.37962e-08
1.64343e-08
1.25742e-08
1.26661e-08
1.62872e-08
1.68935e-08
1.28212e-08
1.28956e-08
1.67855e-08
1.69062e-08
1.29144e-08
1.37749e-08
7.17249e-09
1.24047e-08
1.13736e-08
1.24752e-08
5.01358e-09
4.94764e-09
3.48192e-09
4.51423e-09
4.5559e-09
3.30077e-09
7.87411e-09
1.23817e-08
2.04692e-08
3.16747e-09
7.8939e-09
1.23364e-08
2.04361e-08
4.98058e-09
4.50617e-09
4.89908e-09
3.4422e-09
4.48663e-09
3.18965e-09
7.85395e-09
1.21934e-08
2.03157e-08
3.16781e-09
7.75681e-09
1.23128e-08
2.03266e-08
1.19454e-08
6.86363e-09
1.19479e-08
1.1022e-08
1.60307e-08
1.23678e-08
1.60287e-08
1.24013e-08
1.3532e-08
1.60993e-08
1.25071e-08
1.61807e-08
1.24523e-08
1.34397e-08
1.60508e-08
1.23118e-08
1.23066e-08
1.60078e-08
1.33692e-08
1.34551e-08
1.60369e-08
1.22625e-08
1.22838e-08
1.6057e-08
6.97538e-09
1.21126e-08
1.11936e-08
1.20415e-08
1.19173e-08
6.72585e-09
1.18958e-08
1.09145e-08
1.58607e-08
1.21446e-08
1.5913e-08
1.21138e-08
1.32222e-08
1.58357e-08
1.20609e-08
1.20981e-08
1.57914e-08
1.32652e-08
1.60068e-08
1.21631e-08
1.22025e-08
1.59586e-08
1.33202e-08
1.32382e-08
1.60383e-08
1.22397e-08
1.60452e-08
1.22251e-08
6.66673e-09
1.17964e-08
1.18076e-08
1.08371e-08
5.11272e-09
3.35018e-09
4.62102e-09
5.02721e-09
3.50776e-09
4.57632e-09
3.33029e-09
3.23412e-09
3.25545e-09
7.74805e-09
1.21079e-08
2.01971e-08
7.71676e-09
1.21534e-08
2.02141e-08
4.53093e-09
5.083e-09
5.00477e-09
3.4513e-09
4.58361e-09
3.22962e-09
7.73705e-09
1.21907e-08
2.02748e-08
7.76653e-09
1.21465e-08
2.02763e-08
5.01509e-09
4.9324e-09
3.36938e-09
4.46319e-09
4.50644e-09
3.3464e-09
7.61767e-09
1.19062e-08
1.98893e-08
3.22573e-09
7.57996e-09
1.19559e-08
1.98988e-08
5.00036e-09
4.49227e-09
4.91914e-09
3.34989e-09
4.43911e-09
3.23463e-09
7.61562e-09
1.19864e-08
1.99631e-08
3.23164e-09
7.63358e-09
1.19567e-08
1.99577e-08
1.16108e-08
6.49903e-09
1.15896e-08
1.06226e-08
1.55511e-08
1.29064e-08
1.18528e-08
1.55692e-08
1.29241e-08
1.18439e-08
1.56192e-08
1.295e-08
1.18663e-08
1.18891e-08
1.5593e-08
1.29383e-08
1.29774e-08
6.47231e-09
1.15476e-08
1.05771e-08
1.15428e-08
6.54711e-09
1.16317e-08
1.06702e-08
1.16267e-08
1.56922e-08
1.19722e-08
1.19949e-08
1.5678e-08
1.30728e-08
1.31238e-08
6.58716e-09
1.17003e-08
1.07474e-08
1.16695e-08
1.56714e-08
1.19491e-08
1.19477e-08
1.56619e-08
1.30425e-08
5.00888e-09
3.36071e-09
4.50817e-09
4.93322e-09
3.37695e-09
4.45852e-09
3.33745e-09
3.22005e-09
3.23611e-09
7.68985e-09
1.21032e-08
2.01088e-08
3.22999e-09
7.71304e-09
1.20631e-08
2.00943e-08
4.45761e-09
5.00601e-09
4.92134e-09
3.36069e-09
4.49711e-09
3.2364e-09
7.68734e-09
1.19874e-08
2.00153e-08
7.62991e-09
1.20573e-08
2.00245e-08
4.9597e-09
3.35006e-09
4.45074e-09
4.8802e-09
3.31503e-09
4.39913e-09
3.32606e-09
3.21228e-09
3.22601e-09
7.56315e-09
1.19028e-08
1.98271e-08
3.21981e-09
7.5788e-09
1.1875e-08
1.98211e-08
4.40652e-09
4.96312e-09
4.88002e-09
3.31148e-09
4.44926e-09
3.22544e-09
7.56409e-09
1.1815e-08
1.97562e-08
7.51814e-09
1.18737e-08
1.97653e-08
1.14494e-08
1.04843e-08
6.40412e-09
1.14427e-08
1.54635e-08
1.28383e-08
1.17585e-08
1.54459e-08
1.17773e-08
1.28296e-08
1.5429e-08
1.17435e-08
1.1741e-08
1.54312e-08
1.28112e-08
6.4291e-09
1.14981e-08
1.14775e-08
1.05235e-08
1.14212e-08
6.36655e-09
1.14012e-08
1.04398e-08
1.26853e-08
1.53103e-08
1.16503e-08
1.53242e-08
1.16426e-08
1.27031e-08
1.27318e-08
1.53685e-08
1.16651e-08
1.16872e-08
1.53444e-08
1.27573e-08
1.27201e-08
6.33884e-09
1.1362e-08
1.13562e-08
4.94518e-09
4.86231e-09
3.29529e-09
4.38789e-09
4.43085e-09
3.33166e-09
7.50241e-09
1.17214e-08
1.96159e-08
3.20613e-09
7.4582e-09
1.17804e-08
1.96264e-08
4.93493e-09
4.4227e-09
4.85351e-09
3.28414e-09
4.36877e-09
3.21837e-09
7.50223e-09
1.18124e-08
1.96986e-08
3.21282e-09
7.51848e-09
1.17821e-08
1.96907e-08
4.87788e-09
3.3264e-09
4.3529e-09
4.7927e-09
3.20843e-09
4.31005e-09
3.3214e-09
3.20081e-09
3.21262e-09
7.34766e-09
1.14569e-08
1.92317e-08
3.2007e-09
7.28895e-09
1.15413e-08
1.92511e-08
4.28838e-09
4.86699e-09
4.78559e-09
3.1929e-09
4.34327e-09
3.20657e-09
7.34917e-09
1.15967e-08
1.93592e-08
7.37804e-09
1.15459e-08
1.93437e-08
1.11771e-08
1.02052e-08
6.16982e-09
1.11509e-08
1.23326e-08
1.49459e-08
1.13494e-08
1.49755e-08
1.13277e-08
1.23653e-08
1.49291e-08
1.12681e-08
1.13068e-08
1.48921e-08
1.50445e-08
1.13757e-08
1.14104e-08
1.50058e-08
1.50732e-08
1.14468e-08
1.14303e-08
1.50995e-08
1.23956e-08
6.11031e-09
1.10636e-08
1.10697e-08
1.01076e-08
6.24538e-09
1.12366e-08
1.02667e-08
1.12334e-08
1.52197e-08
1.25984e-08
1.15398e-08
1.15662e-08
1.51921e-08
1.26335e-08
1.25818e-08
6.28524e-09
1.13125e-08
1.129e-08
1.25367e-08
1.51537e-08
1.15201e-08
1.15087e-08
1.51698e-08
1.24953e-08
1.51435e-08
1.14686e-08
1.51216e-08
1.1495e-08
1.25589e-08
4.89992e-09
3.33681e-09
4.38445e-09
4.81929e-09
3.24441e-09
4.33018e-09
3.31342e-09
3.19974e-09
7.43452e-09
1.17174e-08
1.95476e-08
7.45672e-09
1.1678e-08
1.95366e-08
4.34638e-09
4.90803e-09
4.82389e-09
3.25233e-09
4.38921e-09
3.2123e-09
7.43412e-09
1.16029e-08
1.94456e-08
7.38094e-09
1.16756e-08
1.94598e-08
4.83953e-09
3.35422e-09
4.75818e-09
3.12094e-09
4.24563e-09
4.29969e-09
7.24627e-09
1.14474e-08
1.91251e-08
7.28345e-09
1.13812e-08
1.91036e-08
4.84766e-09
4.31034e-09
4.7597e-09
3.14433e-09
4.26539e-09
3.23407e-09
7.24278e-09
1.12745e-08
1.89611e-08
3.22551e-09
7.17925e-09
1.13728e-08
1.89872e-08
1.07756e-08
5.8777e-09
1.07992e-08
9.83156e-09
1.21568e-08
1.47805e-08
1.11217e-08
1.47262e-08
1.11724e-08
1.22314e-08
1.21184e-08
1.48199e-08
1.1235e-08
1.48611e-08
1.12052e-08
1.20196e-08
1.46322e-08
1.10799e-08
1.10377e-08
1.4686e-08
1.19005e-08
1.20766e-08
1.45993e-08
1.09384e-08
1.09996e-08
1.45337e-08
5.9854e-09
1.09715e-08
1.09351e-08
1.06144e-08
5.63679e-09
1.05535e-08
1.14553e-08
1.40747e-08
1.05988e-08
1.41748e-08
1.05158e-08
1.12644e-08
1.15548e-08
1.40119e-08
1.0325e-08
1.04364e-08
1.38951e-08
1.43464e-08
1.06759e-08
1.07653e-08
1.42457e-08
1.1636e-08
1.44089e-08
1.08795e-08
1.44788e-08
1.0825e-08
5.41667e-09
1.02346e-08
9.23723e-09
1.02979e-08
4.8545e-09
3.40274e-09
4.29254e-09
4.75838e-09
3.06658e-09
4.23785e-09
3.36696e-09
3.25422e-09
3.32999e-09
7.13084e-09
1.10832e-08
1.86541e-08
3.33374e-09
7.08822e-09
1.11728e-08
1.86853e-08
4.23505e-09
4.85881e-09
4.7801e-09
3.03228e-09
4.28401e-09
3.26653e-09
7.13495e-09
1.1259e-08
1.8833e-08
7.1701e-09
1.11851e-08
1.88066e-08
5.89669e-09
4.60466e-09
5.6236e-09
3.68142e-09
5.0128e-09
5.29706e-09
7.52484e-09
1.15527e-08
1.86391e-08
8.17816e-09
1.1123e-08
1.86213e-08
6.18374e-09
5.52857e-09
6.32059e-09
4.4046e-09
5.75213e-09
4.26919e-09
7.44065e-09
1.09796e-08
1.84481e-08
4.13545e-09
7.18069e-09
1.11093e-08
1.84389e-08
8.33098e-09
3.21609e-09
8.05057e-09
6.95747e-09
8.15047e-09
1.08365e-08
7.52177e-09
1.12645e-08
7.10652e-09
7.34281e-09
8.54631e-09
1.05034e-08
6.2028e-09
6.69465e-09
1.0036e-08
9.19659e-09
1.19433e-08
7.88202e-09
8.24176e-09
1.15687e-08
9.75017e-09
1.21693e-08
8.80239e-09
8.52999e-09
1.24558e-08
8.85721e-09
2.12609e-09
6.37073e-09
6.7942e-09
4.4058e-09
9.08062e-09
8.0486e-09
9.24745e-09
8.24178e-09
1.35637e-08
9.8051e-09
9.97104e-09
1.33791e-08
1.36724e-08
1.02165e-08
1.38102e-08
1.0096e-08
1.07331e-08
4.90035e-09
9.90643e-09
8.89667e-09
9.78457e-09
1.03846e-08
1.30263e-08
9.64337e-09
9.46104e-09
1.3236e-08
1.28774e-08
9.04102e-09
1.26324e-08
9.27747e-09
1.05831e-08
5.08036e-09
3.73158e-09
4.44583e-09
5.02771e-09
3.08824e-09
4.43656e-09
3.96823e-09
3.74105e-09
3.47079e-09
7.08847e-09
1.10632e-08
1.85465e-08
7.07852e-09
1.10177e-08
1.85168e-08
4.32191e-09
5.01961e-09
4.89247e-09
3.04958e-09
4.41934e-09
3.68533e-09
7.09321e-09
1.09992e-08
1.84283e-08
7.16823e-09
1.10039e-08
1.84529e-08
1.13624e-08
9.78173e-09
1.26135e-08
1.11692e-08
1.1205e-08
1.22969e-08
1.09903e-08
1.49694e-08
1.00477e-08
1.16411e-08
1.91599e-08
7.05798e-09
8.39287e-09
1.27807e-08
1.92862e-08
1.01192e-08
9.74759e-09
9.12409e-09
7.59247e-09
8.67021e-09
1.06863e-08
1.63961e-08
2.1167e-08
1.28548e-08
1.49071e-08
1.3184e-08
2.06513e-08
4.03451e-09
3.1665e-09
5.62325e-09
3.65535e-09
2.71639e-09
8.84075e-09
4.30011e-09
5.68155e-09
8.33205e-09
4.77293e-09
9.20786e-09
5.7249e-09
9.6863e-09
5.22074e-09
5.17585e-09
7.56063e-09
3.9968e-09
3.79466e-09
7.9522e-09
5.13603e-09
5.3915e-09
7.36346e-09
3.96524e-09
3.83959e-09
7.18673e-09
2.51633e-09
4.74407e-09
3.64327e-09
4.27564e-09
1.91619e-08
1.69113e-08
1.82905e-08
1.75977e-08
2.27991e-08
2.41089e-08
2.36376e-08
2.32191e-08
2.07678e-08
1.76106e-08
1.79697e-08
2.10852e-08
6.4772e-09
4.83496e-09
1.13908e-08
6.75765e-09
4.96203e-09
2.75421e-09
3.67003e-09
8.81629e-09
5.45851e-09
3.34262e-09
7.89813e-09
5.86554e-09
7.54777e-09
3.95804e-09
4.48098e-09
6.96677e-09
5.44934e-09
7.17918e-09
4.17304e-09
7.23872e-09
4.41199e-09
2.37795e-08
2.22205e-08
2.42159e-08
2.33451e-08
2.18817e-08
2.08396e-08
2.32152e-08
1.72052e-08
1.99524e-08
1.93198e-08
2.19023e-08
2.07108e-08
2.09941e-08
2.4439e-08
2.43331e-08
2.38437e-08
1.95567e-08
1.77972e-08
2.46473e-08
1.97022e-08
1.67006e-08
1.88089e-08
2.56081e-08
)
;
    }
    procBoundary4to0
    {
        type            processor;
        value           nonuniform List<scalar> 
58
(
5.71341e-09
2.2527e-08
2.33084e-08
2.38073e-08
2.25273e-08
2.10791e-08
2.42425e-08
1.66374e-08
2.17457e-08
9.14606e-09
2.42425e-08
1.56339e-08
1.56339e-08
1.56339e-08
1.56339e-08
2.17457e-08
1.57659e-08
1.57659e-08
1.57659e-08
1.57659e-08
1.57659e-08
1.66374e-08
1.66374e-08
1.66374e-08
1.66374e-08
1.66374e-08
1.32088e-08
9.14606e-09
9.14606e-09
9.14606e-09
9.14606e-09
1.21825e-08
1.43207e-08
1.45157e-08
8.43333e-09
7.71568e-09
6.10241e-09
9.35436e-09
5.79225e-09
6.18442e-09
4.30269e-09
3.72673e-09
1.54608e-08
1.54608e-08
2.32626e-08
3.72673e-09
9.88654e-09
1.07493e-08
1.15806e-08
1.3975e-08
2.38073e-08
2.0427e-08
2.0427e-08
2.0427e-08
2.33084e-08
1.48024e-08
1.76275e-08
1.41256e-08
)
;
    }
    procBoundary4to1
    {
        type            processor;
        value           nonuniform List<scalar> 
78
(
1.81014e-08
1.85215e-08
2.29281e-08
2.26148e-08
2.2432e-08
1.90987e-08
1.795e-08
1.91725e-08
1.88105e-08
1.95302e-08
2.29281e-08
2.26148e-08
2.24369e-08
2.23778e-08
2.15694e-08
2.24369e-08
1.29757e-08
1.2967e-08
1.79233e-08
1.29918e-08
1.32207e-08
1.46375e-08
1.47652e-08
1.45762e-08
1.44849e-08
1.44503e-08
1.44402e-08
2.24741e-08
2.15694e-08
2.15694e-08
1.44313e-08
1.44136e-08
1.28909e-08
1.28981e-08
1.35484e-08
1.50268e-08
1.4839e-08
1.37882e-08
1.50548e-08
1.51952e-08
1.44519e-08
1.44684e-08
1.44233e-08
1.44439e-08
1.43925e-08
1.47652e-08
1.46375e-08
1.4839e-08
1.50268e-08
1.51627e-08
1.51952e-08
1.50548e-08
1.44849e-08
1.45762e-08
1.44684e-08
1.44519e-08
1.44402e-08
1.44503e-08
1.44439e-08
1.44233e-08
1.44136e-08
1.44313e-08
1.43925e-08
1.89287e-08
1.90043e-08
2.29281e-08
2.29281e-08
2.00681e-08
2.06457e-08
2.04523e-08
2.08539e-08
2.2432e-08
2.26148e-08
2.2432e-08
2.23778e-08
2.23778e-08
2.24369e-08
2.24741e-08
)
;
    }
    procBoundary4to5
    {
        type            processor;
        value           nonuniform List<scalar> 
526
(
1.73858e-08
1.65991e-08
1.48385e-08
1.74728e-08
2.20123e-08
2.20562e-08
2.19582e-08
2.19189e-08
1.67382e-08
2.12777e-08
2.13328e-08
2.11999e-08
2.1134e-08
1.52517e-08
1.91551e-08
1.94356e-08
1.86967e-08
1.81193e-08
1.7821e-08
1.71531e-08
1.60676e-08
2.23375e-08
2.24215e-08
1.76889e-08
2.22453e-08
2.21886e-08
2.16965e-08
2.17342e-08
1.70624e-08
2.16446e-08
2.16028e-08
2.05548e-08
2.06556e-08
1.58623e-08
2.04248e-08
2.0308e-08
1.73092e-08
1.6441e-08
1.37191e-08
1.75511e-08
2.21255e-08
2.21029e-08
2.1084e-08
2.1084e-08
2.12078e-08
2.12078e-08
2.10322e-08
2.10322e-08
2.18525e-08
2.18776e-08
2.09423e-08
2.09423e-08
1.68597e-08
2.14508e-08
2.14013e-08
2.04179e-08
2.04179e-08
2.05862e-08
2.05862e-08
2.03526e-08
2.03526e-08
2.09658e-08
2.10424e-08
2.01199e-08
1.54665e-08
1.98584e-08
1.96833e-08
1.79772e-08
1.88861e-08
1.75213e-08
1.53851e-08
1.61677e-08
1.62983e-08
1.71681e-08
1.49456e-08
1.27904e-08
1.25167e-08
1.24539e-08
1.72356e-08
1.23421e-08
1.24309e-08
1.19328e-08
1.62631e-08
2.24839e-08
2.13761e-08
2.13761e-08
1.41976e-08
1.42397e-08
1.76088e-08
2.21462e-08
2.21509e-08
2.12693e-08
2.12693e-08
2.12067e-08
2.12067e-08
1.25522e-08
1.39481e-08
1.39645e-08
1.26487e-08
1.40667e-08
1.40475e-08
1.27147e-08
1.41782e-08
1.41357e-08
1.26607e-08
1.40802e-08
1.40858e-08
1.39355e-08
1.39106e-08
1.38471e-08
1.38553e-08
2.18144e-08
2.17814e-08
2.08021e-08
2.08021e-08
2.09174e-08
2.09174e-08
1.37182e-08
1.37316e-08
1.38321e-08
1.38122e-08
1.69659e-08
2.15091e-08
2.15491e-08
2.07586e-08
2.07586e-08
2.06314e-08
2.06314e-08
1.19995e-08
1.33251e-08
1.33511e-08
1.21543e-08
1.35282e-08
1.34996e-08
1.23059e-08
1.36981e-08
1.36737e-08
1.21983e-08
1.35566e-08
1.35728e-08
1.32816e-08
1.32405e-08
1.3568e-08
1.3568e-08
1.3568e-08
1.3568e-08
1.3568e-08
1.3568e-08
1.3568e-08
2.08623e-08
2.07749e-08
1.96985e-08
2.00286e-08
1.30376e-08
1.30376e-08
1.30376e-08
1.30376e-08
1.30376e-08
1.30376e-08
1.34536e-08
1.34536e-08
1.34536e-08
1.34536e-08
1.34536e-08
1.34536e-08
1.56587e-08
2.00295e-08
2.01604e-08
1.95707e-08
1.90832e-08
1.03609e-08
1.03609e-08
1.03609e-08
1.03609e-08
1.03609e-08
1.03609e-08
1.17302e-08
1.17302e-08
1.17302e-08
1.17302e-08
1.17302e-08
1.17302e-08
1.28734e-08
1.28734e-08
1.28734e-08
1.28734e-08
1.28734e-08
1.28734e-08
1.2079e-08
1.2079e-08
1.2079e-08
1.2079e-08
1.2079e-08
1.2079e-08
9.7637e-09
9.7637e-09
9.7637e-09
9.7637e-09
9.7637e-09
9.7637e-09
7.9543e-09
7.9543e-09
7.9543e-09
7.9543e-09
7.9543e-09
7.9543e-09
1.53851e-08
1.39914e-08
7.70692e-09
7.70692e-09
7.70692e-09
7.70692e-09
7.70692e-09
7.70692e-09
1.47193e-08
1.72108e-08
1.28816e-08
1.29583e-08
1.24915e-08
1.24688e-08
1.23725e-08
1.24051e-08
1.18617e-08
1.17763e-08
1.43288e-08
1.42663e-08
2.14918e-08
1.43514e-08
2.15746e-08
1.25882e-08
2.11341e-08
1.40058e-08
1.39791e-08
1.26243e-08
2.11807e-08
1.40196e-08
1.40391e-08
1.26774e-08
2.12062e-08
1.41139e-08
1.41319e-08
1.26599e-08
2.11936e-08
1.41017e-08
1.40913e-08
2.09884e-08
1.3892e-08
1.39058e-08
2.09601e-08
1.38797e-08
1.38652e-08
2.084e-08
1.37698e-08
1.37495e-08
2.08805e-08
1.37869e-08
1.38031e-08
1.20534e-08
1.34171e-08
1.3386e-08
2.04734e-08
1.21085e-08
1.3451e-08
1.34768e-08
2.05312e-08
1.22717e-08
2.07117e-08
1.3641e-08
1.36594e-08
1.22329e-08
1.36176e-08
1.35955e-08
2.06687e-08
1.3161e-08
1.3202e-08
2.02773e-08
1.31122e-08
1.30687e-08
2.01959e-08
1.31543e-08
1.31543e-08
1.31543e-08
1.31543e-08
1.31543e-08
1.31543e-08
1.32986e-08
1.32986e-08
1.32986e-08
1.32986e-08
1.32986e-08
1.32986e-08
1.08603e-08
1.08603e-08
1.08603e-08
1.08603e-08
1.08603e-08
1.08603e-08
1.13225e-08
1.13225e-08
1.13225e-08
1.13225e-08
1.13225e-08
1.13225e-08
1.26442e-08
1.26442e-08
1.26442e-08
1.26442e-08
1.26442e-08
1.26442e-08
1.23714e-08
1.23714e-08
1.23714e-08
1.23714e-08
1.23714e-08
1.23714e-08
9.09509e-09
9.09509e-09
9.09509e-09
9.09509e-09
9.09509e-09
9.09509e-09
8.40409e-09
8.40409e-09
8.40409e-09
8.40409e-09
8.40409e-09
8.40409e-09
1.34581e-08
1.74751e-08
1.01577e-08
7.83563e-09
7.83563e-09
7.83563e-09
7.83563e-09
7.83563e-09
7.83563e-09
7.83563e-09
7.83563e-09
2.20562e-08
2.20123e-08
2.11341e-08
2.21029e-08
2.21255e-08
2.11807e-08
2.19189e-08
2.19582e-08
2.09884e-08
2.18776e-08
2.09601e-08
2.18525e-08
2.21886e-08
2.22453e-08
2.12062e-08
2.21509e-08
2.21462e-08
2.11936e-08
2.17342e-08
2.16965e-08
2.084e-08
2.17814e-08
2.18144e-08
2.08805e-08
2.16028e-08
2.16446e-08
2.07117e-08
1.61976e-08
1.56449e-08
1.56449e-08
1.56449e-08
1.61677e-08
1.61976e-08
1.61976e-08
1.62839e-08
1.58022e-08
1.39266e-08
1.39266e-08
1.39266e-08
1.62839e-08
1.62839e-08
1.50365e-08
1.63247e-08
1.42397e-08
1.41976e-08
1.42663e-08
1.43288e-08
1.43514e-08
1.39645e-08
1.39481e-08
1.39791e-08
1.40058e-08
1.40475e-08
1.40667e-08
1.40391e-08
1.40196e-08
1.41357e-08
1.41782e-08
1.41319e-08
1.41139e-08
1.40858e-08
1.40802e-08
1.40913e-08
1.41017e-08
1.39106e-08
1.39355e-08
1.39058e-08
1.3892e-08
1.38553e-08
1.38471e-08
1.38652e-08
1.38797e-08
1.37316e-08
1.37182e-08
1.37495e-08
1.37698e-08
1.38122e-08
1.38321e-08
1.38031e-08
1.37869e-08
1.33511e-08
1.33251e-08
1.3386e-08
1.34171e-08
1.34996e-08
1.35282e-08
1.34768e-08
1.3451e-08
1.36737e-08
1.36981e-08
1.36594e-08
1.3641e-08
1.35728e-08
1.35566e-08
1.35955e-08
1.36176e-08
1.32405e-08
1.32816e-08
1.3202e-08
1.3161e-08
1.30007e-08
1.29578e-08
1.30687e-08
1.31122e-08
1.24339e-08
1.23475e-08
1.25137e-08
1.2598e-08
1.28498e-08
1.29232e-08
1.27701e-08
1.26966e-08
9.36378e-09
9.02083e-09
9.65522e-09
9.9836e-09
1.07535e-08
1.09892e-08
1.05144e-08
1.02313e-08
1.21229e-08
1.22434e-08
1.19948e-08
1.18523e-08
1.1387e-08
1.11995e-08
1.15376e-08
1.17103e-08
8.3252e-09
8.67588e-09
8.05814e-09
7.7135e-09
7.29949e-09
7.14595e-09
7.2694e-09
7.54821e-09
1.59714e-08
1.70033e-08
6.30413e-09
6.50522e-09
7.27211e-09
7.28226e-09
7.91221e-09
6.86998e-09
2.13328e-08
2.12777e-08
2.04734e-08
2.14013e-08
2.14508e-08
2.05312e-08
2.1134e-08
2.11999e-08
2.02773e-08
2.10424e-08
2.01959e-08
2.09658e-08
1.94356e-08
1.91551e-08
1.83371e-08
1.96833e-08
1.98584e-08
1.86417e-08
1.81193e-08
1.86967e-08
1.68638e-08
1.71681e-08
1.59636e-08
1.62983e-08
2.24215e-08
2.23375e-08
2.14918e-08
2.24839e-08
2.15746e-08
2.15491e-08
2.15091e-08
2.06687e-08
2.06556e-08
2.05548e-08
1.98125e-08
2.07749e-08
2.08623e-08
1.9926e-08
2.0308e-08
2.04248e-08
1.94241e-08
2.01604e-08
2.00295e-08
1.92566e-08
)
;
    }
}


// ************************************************************************* //
