/*--------------------------------*- C++ -*----------------------------------*\
| =========                 |                                                 |
| \\      /  F ield         | OpenFOAM: The Open Source CFD Toolbox           |
|  \\    /   O peration     | Version:  2012                                  |
|   \\  /    A nd           | Website:  www.openfoam.com                      |
|    \\/     M anipulation  |                                                 |
\*---------------------------------------------------------------------------*/
FoamFile
{
    version     2.0;
    format      ascii;
    class       volScalarField;
    location    "0.104/solid";
    object      sigmaMin;
}
// * * * * * * * * * * * * * * * * * * * * * * * * * * * * * * * * * * * * * //

dimensions      [1 -1 -2 0 0 0 0];


internalField   nonuniform List<scalar> 
3125
(
-1439.77
-1418.84
-1361.91
-1354.86
-1299.64
-1288.05
-1162.32
-1119.01
-1391.7
-1382.01
-1334.9
-1327.2
-1244.12
-1226.48
-1452.07
-1010.43
-1610.43
-485.492
-1015.61
-469.944
-1004.86
-1588.21
-1406.53
-1578.05
-498.438
-994.175
-449.696
-1368.51
-955.673
-445.668
-960.537
-437.299
-950.63
-1348.28
-445.058
-945.369
-420.985
-1309.84
-907.587
-411.695
-915.469
-397.591
-898.655
-1275
-410.56
-888.555
-343.27
-1187.37
-804.782
-326.958
-821.823
-619.968
-779.94
-1024.75
-346.098
-753.417
-802.793
-1577
-803.214
-790.8
-1553.17
-1549.47
-463.663
-1400.1
-978.303
-461.752
-984.473
-1534.4
-1552.76
-778.726
-785.505
-450.793
-1374.52
-972.565
-462.742
-966.179
-760.793
-766.329
-1505.51
-1517.2
-1526.55
-1518.84
-776.781
-769.054
-758.808
-752.647
-1501.14
-1492.18
-436.584
-1341.89
-934.95
-431.01
-940.235
-1478.25
-1489.27
-744.182
-750.368
-422.056
-1318.9
-929.068
-430.186
-922.563
-721.463
-730.786
-1441.7
-1457.26
-1474.1
-1461.77
-741.655
-733.941
-717.555
-706.033
-1435.83
-396.023
-1260.38
-864.817
-377.82
-877.258
-688.536
-701.28
-347.366
-1207.61
-851.278
-375.361
-836.972
-672.67
-669.681
-683.454
-673.253
-675.952
-760.402
-677.514
-827.981
-853.451
-1019.1
-820.925
-1154.51
-445.177
-724.763
-1204.28
-1149.78
-467.511
-726.502
-1195.77
-1145.68
-723.818
-1201.68
-1126.54
-1167.82
-483.84
-711.691
-716.873
-1169.84
-1123.83
-1133.33
-496.171
-727.003
-1184.88
-1139.17
-724.462
-1175.78
-1090.9
-1139.29
-446.944
-684.782
-1092.6
-683.963
-1136.67
-1087.33
-447.863
-679.868
-1131.29
-1085.43
-681.357
-1133.57
-1075.64
-1119.47
-440.277
-670.963
-672.668
-1121
-1074.05
-1079.34
-441.574
-676.957
-1127.64
-1081.62
-675.829
-1124.02
-1041.71
-1091.27
-416.614
-647.966
-1044.57
-646.422
-1087.1
-1036.25
-416.421
-639.622
-1079.19
-1033.29
-642.11
-1082.53
-1016.47
-1058.3
-404.227
-623.66
-626.889
-1062.88
-1012.41
-1023.38
-404.528
-634.57
-1074.21
-1027.18
-632.387
-1068.88
-929.5
-981.386
-323.707
-566.531
-940.075
-560.057
-968.237
-916.302
-324.991
-542.044
-935.413
-901.573
-549.875
-951.98
-818.857
-816.993
-477.33
-542.572
-501.79
-850.125
-790.382
-855.528
-426.206
-525.609
-914.736
-881.115
-514.552
-888.33
-375.081
-409.847
-801.377
-405.797
-387.114
-377.806
-802.078
-407.862
-1322.75
-1606.44
-1431.76
-1452.75
-1627.66
-1459.96
-1311.37
-1316.76
-377.284
-389.35
-413.172
-801.165
-412.201
-394.409
-393.551
-402.325
-796.047
-407.624
-1282.23
-1284.54
-1542.34
-1420.82
-1406.27
-1405.96
-1543.21
-1403.76
-1302.22
-1287.74
-1116.96
-1166.18
-457.725
-704.607
-1118.71
-1163.84
-702.983
-1112.41
-462.324
-1156.5
-698.946
-1160.03
-700.029
-1109.82
-1280.69
-1278.65
-1543.2
-1391.21
-1398.71
-1405.46
-1550.57
-1402.95
-1270.38
-1274.2
-371.842
-367.773
-390.526
-780.494
-390.981
-366.449
-367.793
-396.007
-782.826
-393.442
-1097.77
-455.45
-1141.37
-688.286
-1096.16
-1142.78
-690.549
-1102.06
-458.814
-1151.08
-696.156
-1105.09
-1146.27
-694.613
-356.403
-355.123
-375.957
-762.74
-377.005
-351.809
-354.66
-380.236
-764.691
-378.819
-1252.89
-1249.46
-1509.79
-1363.86
-1367.91
-1374.46
-1514.11
-1370.73
-1244.01
-1246.46
-1254.62
-1256.15
-1386.47
-1521.53
-1379.72
-1265.63
-1258.65
-1376.1
-1519.32
-1377.37
-358.218
-363.507
-389.318
-774.854
-387.757
-366.947
-365.342
-382.948
-771.911
-385.094
-344.832
-348.661
-374.258
-757.2
-372.867
-351.176
-349.807
-369.364
-754.943
-370.841
-1231.79
-1233.28
-1497.35
-1360.77
-1355.85
-1351.19
-1494.35
-1353.43
-1240.8
-1235.76
-1068.61
-1116.92
-433.866
-667.979
-1070.53
-1113.94
-667.123
-1064.83
-433.904
-1108.6
-662.47
-1110.75
-664.2
-1062.9
-1229.55
-1225.59
-1481.86
-1338.56
-1342.06
-1349
-1485.78
-1344.79
-1220.48
-1222.66
-343.701
-342.604
-362.676
-746.519
-364.056
-338.287
-341.855
-367.348
-748.736
-365.989
-1051.72
-425.748
-1095.08
-652.008
-1049.44
-1097.53
-654.087
-1056.26
-426.311
-1105.08
-659.064
-1058.73
-1101.3
-657.775
-328.623
-326.332
-344.984
-724.877
-347.159
-320.206
-325.165
-351.938
-728.262
-349.977
-1203.04
-1197.75
-1446.79
-1305.27
-1310.32
-1320.06
-1452.25
-1314.26
-1190.06
-1193.56
-1206.48
-1208.97
-1335.49
-1469.81
-1330.31
-1217.27
-1212.29
-1323.37
-1465.54
-1327.1
-329.977
-334.313
-360.518
-739.616
-358.843
-337.235
-335.443
-354.598
-736.81
-356.407
-307.686
-313.825
-341.796
-714.335
-339.316
-318.603
-315.229
-333.053
-710.122
-335.825
-1168.4
-1173.39
-1429.29
-1300.91
-1293.47
-1281.5
-1423.1
-1288.2
-1185.57
-1178.81
-999.617
-1051.94
-387.531
-617.2
-1004.77
-1045.11
-614.069
-991.034
-387.3
-1030.6
-603.072
-1037.23
-607.262
-985.443
-1162.6
-1154.06
-1250.24
-1259.81
-1276.13
-1266.48
-1139.24
-1146.74
-305.705
-300.923
-318.97
-692.764
-322.124
-292.022
-299.481
-329.137
-697.536
-326.193
-958.996
-361.908
-992.638
-576.593
-950.825
-1002.37
-582.306
-969.126
-362.294
-1022.25
-595.011
-976.229
-1013.08
-590.568
-271.209
-263.662
-308.959
-669.089
-303.034
-262.04
-265.715
-301.983
-669.505
-301.674
-1087.78
-1069.73
-1144.63
-1167.3
-1198.97
-1180.78
-1032.94
-1054.94
-1097.75
-1110.06
-1242.94
-1230.44
-1131.77
-1119.72
-1208.41
-1221.43
-273.31
-281.993
-314.598
-680.112
-311.603
-289.686
-283.073
-305.134
-675.926
-307.667
-520.416
-332.441
-323.479
-689.697
-354.169
-267.108
-298.256
-516.088
-714.311
-418.776
-930.02
-949.975
-1127.36
-1093.96
-1017.67
-1061.29
-1015.03
-983.224
-857.209
-842.804
-874.628
-665.788
-798.003
-885.84
-795.108
-1065.2
-943.368
-987.561
-808.737
-871.947
-828.855
-1023.28
-879.549
-844.357
-903.932
-913.952
-872.313
-854.251
-980.837
-928.327
-783.396
-598.923
-876.658
-773.248
-917.359
-919.541
-671.246
-864.58
-852.488
-853.78
-448.889
-520.332
-749.671
-860.312
-476.229
-534.756
-759.541
-858.814
-529.13
-757.965
-839.159
-738.513
-471.876
-519.002
-520.894
-741.02
-838.806
-857.421
-496.937
-537.758
-759.193
-861.101
-539.298
-759.63
-811.801
-715.22
-445.519
-496.856
-813.337
-495.258
-714.884
-1375.38
-1438.79
-1372.46
-1442.26
-1379.23
-1448.87
-1381.43
-1446.13
-806.91
-443.408
-492.489
-709.28
-806.654
-491.882
-710.27
-796.667
-699.854
-435.283
-484.337
-483.864
-700.796
-796.717
-1365.4
-1434.48
-1368.29
-1430.79
-1361.53
-1425.33
-1427.46
-1359.24
-802.987
-440.666
-490.937
-707.564
-804.975
-489.401
-706.94
-771.898
-679.045
-416.613
-465.924
-774.002
-464.243
-678.372
-763.401
-410.788
-457.497
-668.789
-762.566
-457.223
-669.975
-746.217
-652.255
-397.723
-443.208
-443.208
-653.715
-744.619
-757.349
-405.637
-454.56
-666.018
-759.912
-452.738
-665.145
-675.303
-588.216
-333.469
-386.89
-682.417
-382.195
-584.645
-649.586
-320.241
-356.986
-542.432
-636.304
-359.338
-548.874
-599.094
-706.019
-571.911
-616.242
-554.705
-655.909
-656.014
-614.882
-363.923
-357.502
-531.453
-631.326
-364.004
-522.477
-155.404
-186.315
-175.208
-882.449
-907.411
-903.376
-176.988
-184.072
-200.249
-207.058
-882.561
-881.392
-911.585
-904.66
-832.711
-735.405
-457.793
-513.971
-834.627
-733.826
-510.485
-828.267
-459.115
-729.081
-509.385
-729.771
-508.078
-827.519
-879.312
-874.416
-873.647
-871.885
-169.181
-164.732
-168.496
-167.249
-814.997
-449.27
-716.702
-498.954
-815.092
-717.795
-498.772
-1391.19
-1460.71
-1395.14
-1455.69
-823.574
-458.217
-726.947
-508.07
-826.009
-726.418
-506.969
-1386.85
-1451
-1384.84
-1452.32
-158.254
-157.543
-156.198
-156.603
-858.681
-854.117
-851.881
-849.534
-859.369
-856.597
-872.587
-866.128
-160.355
-162.689
-170.171
-171.307
-149.68
-151.023
-155.792
-155.885
-841.178
-838.418
-850.498
-844.974
-793.557
-698.507
-432.703
-482.715
-795.185
-698.122
-481.245
-1348.95
-1412.26
-1415.37
-1346.08
-1353
-1422.32
-1355.55
-1419.16
-787.876
-428.982
-691.689
-477.324
-692.72
-476.898
-787.647
-840.34
-835.673
-832.339
-830.049
-148.504
-148.404
-144.876
-145.788
-776.514
-420.317
-681.072
-468.124
-776.142
-682.205
-467.83
-1338.38
-1408.1
-1341.6
-1404.12
-783.819
-425.883
-689.894
-475.495
-785.794
-689.309
-473.905
-136.401
-136.016
-129.896
-131.537
-819.242
-813.956
-806.886
-805.596
-820.601
-818.45
-831.109
-825.803
-137.872
-139.164
-143.846
-143.666
-118.982
-121.453
-128.167
-127.354
-788.381
-788.146
-805.35
-799.402
-737.994
-648.505
-390.31
-439.248
-741.269
-647.243
-437.046
-723.466
-379.507
-629.562
-423.515
-631.52
-424.044
-720.62
-786.422
-779.633
-762.654
-764.191
-116.644
-114.921
-103.578
-107.531
-692.632
-351.609
-595.895
-394.276
-687.058
-598.969
-396.161
-712.074
-368.147
-624.271
-418.114
-716.499
-622.28
-415.171
-79.0253
-70.2951
-129.398
-118.86
-719.998
-708.746
-662.039
-673.113
-723.917
-728.555
-759.969
-751.594
-80.1526
-87.7186
-100.517
-96.7148
-475.129
-413.325
-154.427
-170.431
-765.204
-731.91
-655.84
-637.494
-789.643
-748.366
-743.466
-678.089
-691.727
-805.653
-759.244
-939.759
-939.407
-922.193
-902.745
-980.276
-1018.99
-959.677
-1011.95
-886.088
-723.883
-883.207
-860.01
-817.487
-839.102
-896.603
-795.058
-834.529
-549.599
-644.154
-1018.67
-990.905
-973.076
-746.331
-869.477
-1015.69
-965.79
-917.193
-766.408
-884.617
-850.854
-445.276
-518.7
-749.432
-852.466
-512.327
-744.152
-857.191
-473.937
-518.907
-750.135
-857.473
-523.983
-755.746
-843.046
-476.154
-532.169
-748.664
-846.351
-525.608
-744.127
-855.428
-496.232
-536.577
-752.549
-852.546
-538.774
-757.063
-810.926
-446.165
-495.886
-712.956
-810.645
-493.972
-713.093
-808.065
-445.304
-494.473
-711.442
-809.499
-492.578
-711.017
-797.969
-437.406
-487.469
-702.488
-799.417
-484.899
-701.466
-801.751
-440.969
-489.241
-704.078
-801.244
-488.032
-704.907
-770.418
-416.832
-463.845
-675.216
-769.477
-462.449
-675.846
-765.234
-412.821
-461.265
-672.618
-767.25
-459.018
-671.766
-748.468
-399.787
-448.081
-657.491
-751.058
-445.805
-656.428
-755.42
-405.469
-451.547
-661.027
-753.89
-450.359
-661.909
-672.559
-329.948
-374.627
-572.462
-663.814
-376.207
-576.185
-650.483
-314.765
-367.059
-561.88
-660.223
-363.76
-558.503
-561.859
-513.91
-453.88
-574.119
-586.383
-506.257
-621.728
-614.165
-393.322
-418.597
-543.505
-590.126
-385.733
-522.191
-148.732
-151.01
-36.0436
-371.723
-232.008
64.2431
-29.1245
74.0055
-228.721
-365.815
-222.077
-26.781
74.833
-105.503
198.419
201.156
-103.714
-372.417
-971.674
-373.951
-972.907
-106.501
179.269
194.763
-111.24
-370.952
-975.326
-370.982
-974.264
-163.913
-172.686
-45.9854
-246.353
-375.221
50.1161
-237.731
61.8083
-57.4228
-42.302
70.7757
-229.871
-370.052
-231.431
-37.5981
67.6252
-103.649
208.036
214.602
-103.359
-105.672
-368.785
-975.707
-369.65
-974.643
-1317.28
-1149.07
-1294.57
-883.318
-883.118
-1292.88
-1317.1
-1152.27
-1147.84
-1300.61
-1577.94
-1561.23
-1587.75
-1605.43
-1620.54
-1621.85
-1613.36
-902.212
-904.612
-1146.55
-1314.35
-1284.69
-1149.14
-1292.9
-1302.24
-1150.43
-1320.83
-1153.64
-1296.57
-197.889
-190.447
-57.9356
-237.248
-369.796
53.1646
-237.459
50.981
-52.2247
-64.4589
37.1077
-252.15
-375.489
-243.33
-72.5254
44.4882
-112.156
158.652
168.14
-112.322
-374.205
-969.332
-375.89
-966.428
-112.956
167.687
-112.312
171.318
-374.052
-962.202
-373.006
-964.018
-207.811
-208.698
-76.5285
-253.383
-384.012
40.9182
-253.284
-71.5354
35.9792
-79.5267
31.5108
-256.275
-384.902
-254.848
-80.4409
33.8571
-106.338
162.496
173.936
-110.424
-365.08
-954.7
-363.633
-956.083
-104.446
172.298
177.748
-102.497
-367.39
-960.279
-370.982
-957.407
-1119.38
-1282.19
-1255.5
-1119.8
-1256.01
-889.632
-883.787
-1255.74
-1283.25
-1123.57
-1120.91
-1256.02
-1542.03
-1551.68
-1535.66
-1534.92
-1540.08
-1543.94
-1539.3
-1534.09
-900.435
-900.594
-1140.91
-1298.82
-1278.54
-1136.98
-1270.17
-1260.88
-1127.2
-1292.08
-1131.74
-1264.09
-831.246
-457.165
-731.867
-510.617
-831.046
-731.397
-508.038
-829.069
-460.334
-730.169
-508.997
-830.569
-730.695
-508.337
-1117.85
-1256.71
-1281.46
-1117.39
-1256.43
-873.535
-873.438
-1250.92
-1278.77
-1114.79
-1115.15
-1255.86
-1529.3
-1524.09
-1532.56
-1537.6
-1546.02
-1544.95
-1544.65
-1540.8
-876.509
-873.136
-1108.15
-1271.46
-1243.95
-1109.39
-1248.53
-1251.89
-1112.1
-1275.44
-1112.25
-1248.87
-165.405
-165.122
-38.617
-231.371
60.3184
-360.115
-44.4889
-225.422
65.8155
-38.9069
64.2244
-227.719
-358.263
-222.893
-40.0949
68.3878
-94.0023
176.22
184.346
-95.4334
-354.28
-943.622
-354.07
-944.85
-93.4771
176.008
184.784
-94.3732
-354.801
-948.246
-356.911
-946.079
-169.133
-169.904
-40.3917
-227.641
-356.95
62.0943
-223.945
66.5335
-42.6173
-42.1912
64.6417
-227.125
-357.389
-223.753
-43.3159
65.7503
-95.7667
179.189
187.579
-96.0153
-358.499
-953.631
-361.528
-951.475
-96.9629
175.891
-100.46
186.557
-357.414
-949.461
-357.04
-950.476
-816.726
-451.944
-720.466
-503.72
-818.418
-718.771
-500.388
-822.023
-458.607
-722.508
-506.078
-821.098
-723.932
-505.411
-159.966
-159.261
-31.9052
-217.971
-345.891
70.5228
-214.014
72.7936
-34.0874
-33.9183
68.9945
-217.687
-345.403
-213.307
-35.6738
73.332
-82.9732
176.797
185.698
-84.8162
-339.817
-923.178
-339.626
-924.009
-82.3809
179.374
187.227
-82.785
-340.459
-926.656
-342.561
-924.758
-160.611
-160.067
-31.3453
-214.629
-342.633
71.5601
-211.825
74.4859
-31.9636
-34.2867
70.2371
-217.032
-343.973
-212.535
-36.4389
72.6395
-84.7569
177.682
186.211
-85.4023
-343.411
-931.517
-345.541
-929.668
-85.2694
178.255
187.05
-87.189
-343.102
-927.835
-342.999
-928.72
-1091.87
-1252.93
-1228.49
-1091.2
-1227.85
-853.861
-853.551
-1222.7
-1250.58
-1088.26
-1089.29
-1226.19
-1498.75
-1496.05
-1568.12
-1577.37
-1365.23
-1450.1
-1579.62
-1452.7
-1565.98
-1570
-1455.65
-1583.04
-1367.75
-1581.85
-1571.61
-1453.84
-1500.38
-1502.55
-1578.54
-1590.49
-1374.42
-1462.98
-1590.06
-1461.93
-1579.57
-1509
-1509.82
-1576.47
-1457.29
-1372.36
-1585.71
-1588.09
-1460.06
-1573.95
-1507.23
-1504.51
-853.999
-850.817
-1083.46
-1244.69
-1217.88
-1084.17
-1220.91
-1222.14
-1086.19
-1247.13
-1085.98
-1220.89
-861.479
-858.414
-1093.19
-1255.04
-1228.57
-1093.58
-1229.89
-1230.18
-1095.39
-1256.08
-1094.5
-1230.33
-1517.14
-1520.43
-1587.51
-1601.87
-1475.12
-1385.05
-1590.95
-1599.16
-1471.66
-1584.38
-1466.08
-1381.55
-1593.72
-1595.91
-1468.76
-1581.95
-1513.99
-1512.2
-864.722
-864.633
-1104.65
-1241.39
-1264.51
-1102.69
-1238.1
-1232.01
-1097.6
-1260.62
-1099.57
-1235.34
-1580.67
-1591.6
-1376.71
-1463.34
-1592.13
-1580.14
-1464.21
-1510.78
-1510.52
-1580.78
-1464.75
-1377.63
-1592.08
-1592.51
-1464.6
-1580.89
-1511.51
-1510.81
-169.803
-167.054
-37.4458
-219.92
-349.372
67.5885
-217.823
-36.1212
69.0136
-41.6964
61.568
-225.907
-352.024
-220.067
-45.8271
65.6486
-92.2774
171.213
179.732
-92.7398
-351.945
-942.228
-353.975
-939.982
-92.7766
173.836
-93.9635
181.339
-351.763
-937.549
-351.402
-938.667
-172.832
-173.1
-44.7171
-227.896
62.0436
-356.33
-44.9074
-224.813
62.2394
-47.1426
58.5973
-227.864
-356.004
-224.447
-48.1946
62.2144
-89.2217
172.203
182.066
-91.8229
-346.84
-932.453
-346.295
-933.354
-88.3079
177.579
-88.0154
184.559
-348.001
-936.401
-350.554
-934.303
-156.438
-154.783
-26.7297
-208.295
-335.846
76.1942
-205.808
78.4479
-26.3754
-30.2751
72.6704
-212.325
-337.769
-207.213
-33.3833
75.902
-80.3687
177.292
185.79
-81.0332
-337.231
-922.029
-339.165
-920.188
-80.721
178.873
-82.2312
187.023
-337.201
-918.772
-337.183
-919.456
-157.734
-157.592
-30.8064
-213.88
-340.727
72.9641
-210.299
-31.9806
74.2633
-32.9914
70.5596
-213.592
-340.339
-209.767
-34.3289
74.4774
-78.2945
177.507
186.785
-80.4378
-333.649
-914.378
-333.364
-915.173
-77.6322
181.443
188.823
-77.7792
-334.502
-917.869
-336.706
-916.034
-1071.87
-1232.23
-1205.76
-1072.3
-1207.57
-842.681
-839.867
-1208
-1233.6
-1073.86
-1073.39
-1207.89
-1491.89
-1493.96
-1561.37
-1574.59
-1360.12
-1448.12
-1573.1
-1563.55
-1445.87
-1558.91
-1441.12
-1568.49
-1357.43
-1570.61
-1556.64
-1443.7
-1489.68
-1487.5
-1553.61
-1563.85
-1352.09
-1436.89
-1565.12
-1438.38
-1552.48
-1484.45
-1483.08
-1554.47
-1439.84
-1353.56
-1566.53
-1566.25
-1439.07
-1555.13
-1485.45
-1486.09
-844.239
-843.86
-1081.01
-1240.3
-1216.41
-1079.67
-1214.42
-1209.09
-1075.81
-1237.18
-1077.2
-1212.49
-792.603
-433.292
-695.936
-481.676
-792.207
-696.314
-480.041
-789.216
-431.126
-694.28
-480.06
-790.724
-693.593
-477.842
-1070.23
-1205.25
-1229.43
-1069.41
-1204.12
-835.137
-834.972
-1198.93
-1226.81
-1066.13
-1067.28
-1202.36
-1471.24
-1468.86
-1540.09
-1549.51
-1339.72
-1423.35
-1551.43
-1425.71
-1538.27
-1472.59
-1474.28
-1541.67
-1428.19
-1554.19
-1341.99
-1553.32
-1542.93
-1426.71
-1549.7
-1562.06
-1435.93
-1348.72
-1551.16
-1561.16
-1434.43
-1480.49
-1481.91
-1478.6
-1475.98
-1547.45
-1429.73
-1346.39
-1556.64
-1558.96
-1432.47
-1545.01
-834.618
-831.418
-1061.39
-1220.96
-1194.25
-1061.94
-1197.06
-1198.11
-1063.99
-1223.19
-1063.68
-1197.17
-150.764
-150.201
-23.8647
-207.083
78.3567
-333.413
-25.3807
-203.413
79.9822
-26.0701
75.9003
-207.048
-333.055
-202.923
-27.7275
80.2682
-73.265
179.773
188.713
-75.2399
-327.153
-904.727
-326.791
-905.701
-72.5795
183.018
190.543
-72.7728
-327.947
-908.57
-330.144
-906.598
-150.575
-149.603
-21.9058
-202.779
-329.396
79.8947
-200.285
82.6179
-21.9324
-25.2641
77.6594
-206.172
-331.129
-201.372
-27.7813
80.2699
-75.147
180.198
188.689
-75.8695
-330.887
-913.448
-332.846
-911.595
-75.5531
181.546
-77.1603
189.917
-330.696
-909.714
-330.62
-910.617
-778.094
-422.574
-684.275
-471.547
-779.815
-683.376
-469.13
-782.494
-426.209
-686.396
-473.694
-781.802
-687.028
-472.335
-137.503
-137.318
-12.8025
-193.985
-318.134
87.7144
-190.143
89.0287
-14.602
-14.6761
85.1642
-193.037
-317.312
-189.208
-15.9145
89.9408
-60.8722
182.74
191.423
-63.0196
-310.519
-879.03
-309.626
-880.757
-59.8836
185.866
193.192
-59.8219
-311.634
-884.897
-314.233
-882.323
-136.971
-135.475
-9.27353
-187.098
-311.953
90.2622
-184.9
93.3893
-8.52897
-12.6956
88.0223
-191.536
-314.218
-186.673
-15.7191
90.2753
-63.4221
183.291
191.634
-63.9247
-315.757
-891.733
-318.145
-889.192
-64.0692
184.652
192.78
-65.8315
-315.333
-886.409
-314.889
-887.769
-1045.47
-1202.81
-1179.32
-1044.38
-1177.13
-812.1
-812.827
-1170.81
-1199.04
-1039.88
-1041.31
-1175.13
-1435.53
-1432.17
-1437.43
-1440.04
-1448.2
-1450.61
-1445.79
-1442.21
-811.212
-807.139
-1032.6
-1190.61
-1163.62
-1033.41
-1167.1
-1169.65
-1036.69
-1193.9
-1036.06
-1167.69
-823.473
-820.01
-1048.14
-1206.93
-1180.18
-1048.72
-1183.03
-1184.4
-1051.14
-1209.36
-1050.68
-1183.34
-1464.92
-1467.09
-1534.05
-1546.9
-1421.73
-1334.95
-1536.11
-1545.48
-1419.52
-1531.36
-1414.12
-1331.98
-1540.28
-1542.78
-1417.25
-1528.68
-1462.69
-1459.81
-824.493
-824.792
-1058.94
-1193.29
-1217.01
-1057.83
-1191.27
-1185.5
-1053.74
-1213.62
-1055.09
-1189.35
-1454.8
-1452.38
-1456.25
-1458.02
-144.52
-143.115
-16.0997
-195.512
-321.353
84.8503
-193.198
-15.6895
87.6118
-19.6283
82.1228
-199.678
-323.445
-194.692
-22.5699
84.7939
-69.9016
181.453
189.82
-70.4551
-324.122
-903.625
-326.245
-901.516
-70.4326
182.808
-72.0858
190.988
-323.826
-899.227
-323.524
-900.351
-145.359
-145.162
-19.739
-201.619
82.0894
-326.812
-21.2754
-197.895
83.4574
-21.755
79.6773
-201
-326.201
-197.16
-23.0473
84.0394
-67.5183
181.234
190.195
-69.6744
-319.516
-893.138
-318.866
-894.487
-66.6758
184.776
-66.6848
192.123
-320.508
-897.957
-322.943
-895.727
-127.378
-125.324
-0.416136
-175.995
-300.09
97.2366
-174.076
100.657
1.05929
-3.78154
94.9828
-181.328
-302.661
-176.475
-7.2509
97.0207
-56.1145
183.916
192.341
-56.5178
-306.187
-877.3
-308.751
-874.495
-56.963
185.582
-58.7789
193.449
-305.582
-870.844
-304.822
-872.715
-127.992
-128.207
-5.08696
-185.146
-307.876
93.8404
-181.133
-7.24296
95.0322
-6.60312
91.3689
-183.356
-306.705
-179.751
-7.47945
96.4761
-53.2349
183.024
191.284
-55.3992
-299.876
-861.846
-298.75
-863.97
-52.0166
185.309
192.794
-51.8988
-301.178
-868.894
-303.977
-865.936
-1011.92
-1168.94
-1141.53
-1013.03
-1145.62
-795.005
-789.971
-1150.03
-1173.39
-1017.72
-1016.7
-1146.84
-1426.53
-1429.86
-1423.56
-1419.2
-1415.33
-1411.28
-1414.96
-1416.84
-796.239
-797.853
-1029.11
-1185.25
-1162.49
-1027.76
-1159.38
-1151.72
-1022.02
-1180.41
-1023.77
-1157.03
-735.551
-389.516
-641.756
-434.657
-733.019
-643.01
-433.851
-726.11
-381.494
-636.918
-430.088
-729.601
-635.648
-427.75
-1007.42
-1140.29
-1162.24
-1005.75
-1136.22
-774.46
-777.463
-1126.78
-1155.96
-998.279
-1000.58
-1133.56
-1378.78
-1374.77
-1379.64
-1383.31
-1399.39
-1406.6
-1393.36
-1386.66
-772.991
-766.258
-983.989
-1140.31
-1112.24
-985.707
-1117.91
-1124.53
-992.482
-1146.45
-990.915
-1119.7
-114.27
-115.179
5.79584
-173.312
101.903
-294.642
2.95856
-168.942
103.286
4.89318
99.6715
-170.207
-293.184
-166.932
4.46129
105.374
-45.4359
179.974
187.033
-47.1644
-288.776
-843.932
-288.104
-845.598
-44.1046
179.371
187.74
-44.3904
-290.153
-850.47
-292.603
-847.725
-113.995
-111.064
11.663
-161.115
-285.498
104.178
-159.664
109.702
14.0865
8.36064
103.662
-167.61
-288.083
-162.795
4.46155
106.186
-47.8044
181.957
190.924
-48.3725
-294.91
-859.553
-297.562
-856.529
-48.8331
184.759
-50.6041
192.083
-294.209
-852.627
-293.475
-854.615
-695.365
-353.504
-607.215
-404.305
-700.647
-605.395
-401.569
-709.121
-366.288
-614.276
-410.62
-704.624
-616.319
-410.643
-73.5771
-75.8684
25.2513
-137.465
-259.215
70.5666
-132.194
72.9561
24.3293
19.0956
47.4316
-136.448
-259.727
-130.529
5.58186
63.1104
-68.1659
112.247
102.773
-57.9254
-302.021
-853.603
-313.419
-844.693
-74.2807
62.6153
87.9557
-91.7433
-299.304
-837.848
-292.407
-842.984
-93.7996
-96.3427
-37.0653
-172.692
-259.858
-17.279
-152.94
4.8213
-56.557
-19.7919
29.4049
-140.374
-255.088
-143.864
-11.8234
22.9054
-46.6646
126.597
144.356
-54.2755
-285.317
-832.727
-283.723
-833.849
-46.1557
150.271
150.158
-43.5687
-285.363
-837.312
-290.694
-833.602
-935.607
-1085.8
-1067.93
-932.038
-1059.76
-694.218
-704.204
-1041.87
-1074.26
-917.088
-921.91
-1054.73
-1282.48
-1273.93
-1285.31
-1294.24
-1313.2
-1321
-1308.72
-1298.65
-691.999
-675.524
-883.244
-1036.82
-1004.85
-887.667
-1018.24
-1036.77
-904.666
-1051.41
-900.257
-1023.2
-740.912
-730.909
-944.191
-1099.92
-1070.75
-946.934
-1078.92
-1088.9
-957.041
-1108.67
-954.47
-1081.31
-1366.4
-1372.4
-1361.04
-1352.1
-742.923
-748.442
-977.776
-1110.22
-1130.67
-975.34
-1104.2
-1092.14
-965.104
-1122.4
-968.293
-1100.73
-1333.64
-1325.23
-1338.04
-1346.62
-94.671
-89.2359
25.6156
-141.409
-268.748
79.1526
-140.475
25.7031
87.7181
23.7433
88.3404
-149.112
-270.409
-144.396
19.7996
93.063
-40.8797
170.967
181.814
-42.5131
-285.062
-841.95
-286.975
-839.652
-41.9911
177.879
-43.0872
183.598
-284.209
-837.016
-284.687
-837.795
-93.5791
-96.3774
20.9365
-157.469
102.496
-278.146
16.935
-152.518
109.234
21.1027
95.8359
-152.356
-276.73
-149.582
21.0618
104.649
-41.9193
166.092
169.525
-41.7279
-282.63
-833.653
-284.356
-832.916
-41.0508
155.529
-43.7172
167.288
-283.551
-835.295
-284.136
-834.213
-294.391
-342.878
-349.516
-526.558
-444.697
-418.417
-447.093
-327.601
-427.299
-272.061
-191.926
-328.125
-382.281
-383.158
-221.596
-247.64
-148.593
-58.1021
-12.7302
-188.065
-335.178
-857.231
-318.663
-870.245
-128.125
41.2092
-104.009
17.3406
-347.14
-898.042
-374.886
-876.647
-237.28
-203.039
-93.1403
-190.328
-263.179
-42.4448
-210.527
-77.4571
-59.1985
-123.092
-135.9
-283.367
-283.149
-238.089
-165.422
-91.9223
-287.096
-107.796
-173.859
-225.182
-501.166
-1026.22
-575.117
-968.266
-354.545
-369.428
-263.479
-454.728
-446.015
-910.861
-401.047
-944.949
-888.674
-913.613
-928.339
-852.788
-924.536
-659.667
-689.401
-944.069
-946.674
-816.877
-842.406
-915.245
-1255.81
-1268.85
-1243.48
-1221.78
-1154.6
-1130.61
-1179.43
-1203.75
-617.628
-629.511
-868.048
-1011.09
-1000.02
-862.76
-984.53
-953.289
-838.676
-989.248
-843.994
-976.508
-813.161
-800.198
-857.809
-876.232
-857.772
-838.01
-835.649
-1068.17
-1056.43
-1074.56
-1037.19
-1100.01
-1067.13
-1084.57
-1044.06
-1004.3
-1076.74
-949.514
-972.644
-976.272
-883.479
-830.524
-894.807
-891.285
-956.958
-955.486
-906.651
-858.404
-926.58
-991.81
-981.127
-926.474
-847.666
-904.802
-836.724
-967.343
-816.344
-901.001
-889.144
-890.588
-843.122
-898.098
-926.311
-936.996
-925.275
-914.339
-873.916
-859.133
-824.812
-905.809
-917.335
-922.467
-877.16
-999.013
-915.935
-839.78
-836.732
-948.329
-973.388
-1056.33
-1097.84
-1004.99
-912.574
-847.684
-776.773
-864.317
-861.702
-723.479
-632.612
-621.192
-525.226
-717.688
-516.243
-719.329
-643.419
-746.912
-918.084
-895.7
-809.682
-843.71
-913.439
-790.77
-1018.55
-1076.47
-861.608
-784.631
-895.977
-1030.46
-937.209
-972.683
-1003.43
-1148.42
-932.744
-1121.55
-950.115
-967.762
-857.893
-954.749
-789.793
-976.096
-790.58
-1067.57
-668.008
-1153.04
-706.038
-486.336
-559.614
-630.326
-918.566
-1056.32
-1000.25
-1204.07
-1454.96
-1635.47
-1512.36
-1473.85
-1444.33
-1529.46
-1461.31
-1651.43
-1483.07
-1539.33
-1423.84
-1576.1
-1494.33
-1432.81
-1483.2
-1417.04
-1480.56
-1574.5
-1479.2
-1415.35
-1315.5
-1377.61
-1311.28
-1382.08
-1321.33
-1391.93
-1325.11
-1387.41
-1299.78
-1371.7
-1304.69
-1365.86
-1292.34
-1353.1
-1358.91
-1286.74
-1178.17
-1219.81
-1161.52
-1237.49
-1192.99
-1267.85
-1204.66
-1254.28
-1104.55
-1196.8
-1136.5
-1166.64
-1055.76
-1072.83
-1120.76
-1007.57
-1405.28
-1467.66
-1473.81
-1400.88
-1410.16
-1481.07
-1411.89
-1479.23
-1333.58
-1396.45
-1330.31
-1399.81
-1262.64
-1321.26
-1329.19
-1255.33
-1271.96
-1345.65
-1278.52
-1338.14
-1236.86
-1311.76
-1245.33
-1301.99
-1225.97
-1279.97
-1216.54
-1290.61
-1648.84
-1647.45
-1438.7
-1520.23
-1661
-1532.15
-1637.04
-1662.38
-1551.52
-1685.86
-1449.08
-1674.19
-1672.43
-1541.11
-1683.92
-1458.5
-1697.73
-1557.87
-1685.88
-1554.84
-1460.44
-1695.39
-1700
-1560.21
-1681.85
-1615.74
-1634.91
-1416.08
-1510.46
-1626.36
-1624.72
-1501.68
-1609.5
-1492.79
-1617.1
-1409.22
-1619.77
-1606.52
-1495.74
-1611.45
-1624.5
-1405.16
-1495.12
-1621.95
-1494
-1613.18
-1608.66
-1491.2
-1404.69
-1616.52
-1619.65
-1492.76
-1606.94
-1599.26
-1606.52
-1393.55
-1478.68
-1610.76
-1483.21
-1595.26
-1603.31
-1489.53
-1618.26
-1397.96
-1615.15
-1606.75
-1485.6
-1615.46
-1625.6
-1496.69
-1406.38
-1615.13
-1626.89
-1496.72
-1613.79
-1491.63
-1404.5
-1622.49
-1625.39
-1495.3
-1610.64
-1503.91
-1512.33
-1306.65
-1387.93
-1514.86
-1391.17
-1501.45
-1506.3
-1395.12
-1519.06
-1309.95
-1517.58
-1508.23
-1392.73
-1517.25
-1529.97
-1319.47
-1405.71
-1528.41
-1403.31
-1519.4
-1514.2
-1397.16
-1316.1
-1522.45
-1525.35
-1400.82
-1511.09
-1523.43
-1532.73
-1324.55
-1407.28
-1534.67
-1521.6
-1409.69
-1525.11
-1412.47
-1326.99
-1537.57
-1536.66
-1410.84
-1526.46
-1495.69
-1508.72
-1300.04
-1385.87
-1506.58
-1498.48
-1382.63
-1491.87
-1374.97
-1499.16
-1295.64
-1502.72
-1488.05
-1379.6
-1479.37
-1485.91
-1282.95
-1362.57
-1489.12
-1366.6
-1476.51
-1482.21
-1372.29
-1287.41
-1494.82
-1492.82
-1368.86
-1484.37
-1445.18
-1451.54
-1252.42
-1329.29
-1455.6
-1334.9
-1441.63
-1449.33
-1342.75
-1463.55
-1258.34
-1460.48
-1452.7
-1337.99
-1468.05
-1481.24
-1360.16
-1275.28
-1472.38
-1478.25
-1355.68
-1462.77
-1346.31
-1269.52
-1468.96
-1473.3
-1352.1
-1457.62
-1339.06
-1343.45
-1149.59
-1219.75
-1351.9
-1231.34
-1330.81
-1348.27
-1249.61
-1369.02
-1163.21
-1361.29
-1356.85
-1237.77
-1382.97
-1399.93
-1196.38
-1280.76
-1395.06
-1273.18
-1388.64
-1375.02
-1256.25
-1185.64
-1379.37
-1387.33
-1267.55
-1366.55
-1432.37
-1445.71
-1325.98
-1241.18
-1436.88
-1442.09
-1320.12
-1426.08
-1308.02
-1233.63
-1430.46
-1436
-1315.72
-1419.64
-1400.44
-1406.65
-1211.41
-1284.69
-1412.05
-1394.91
-1292.28
-1406.92
-1303.52
-1219.55
-1423.26
-1418.57
-1296.3
-1412.65
-1310.81
-1332.44
-1122.37
-1214.07
-1323.27
-1321.44
-1200.8
-1296.44
-1172.48
-1293.49
-1101.22
-1308.32
-1279.01
-1192.26
-1207.55
-1203.37
-1021.39
-1096.61
-1219.72
-1121.12
-1182.7
-1235
-1161.06
-1055.51
-1267.72
-1251.02
-1136.74
-1257.7
-1120.29
-1160.74
-1075.5
-985.343
-1148.11
-1149.29
-1046.39
-1059.74
-922.634
-952.555
-1045.06
-1097.9
-994.124
-1004.39
)
;

boundaryField
{
    left
    {
        type            calculated;
        value           nonuniform List<scalar> 0();
    }
    bottom
    {
        type            calculated;
        value           nonuniform List<scalar> 
243
(
-1358.85
-1341.05
-1280.93
-1273.97
-1217.27
-1205.5
-1090.34
-1063.41
-1311.51
-1302.12
-1253.51
-1245.64
-1161.44
-1144.43
-1071.7
-1077.45
-1370.91
-1328.74
-1053.16
-1063.71
-1012.54
-1017.92
-1287.72
-1267.31
-1001.47
-1007.02
-960.783
-969.241
-1227.73
-1192.24
-940.658
-951.245
-867.202
-878.008
-1109.74
-1015.53
-871.447
-858.799
-818.792
-1037.16
-1044.12
-1320.5
-801.405
-794.652
-819.148
-807.76
-781.44
-776.071
-792.279
-784.737
-1294.35
-1023.8
-1030.45
-990.23
-995.991
-1260.68
-764.746
-758.673
-773.69
-767.492
-744.275
-735.137
-755.627
-748.046
-1237.1
-976.879
-983.854
-916.417
-928.974
-1177.53
-713.66
-701.221
-730.483
-719.259
-680.867
-685.951
-695.149
-685.242
-1127.17
-890.322
-903.246
-903.95
-940.524
-691.09
-810.759
-856.468
-817.74
-815.798
-798.903
-795.764
-818.393
-812.802
-780.045
-777.647
-790.745
-787.308
-763.34
-760.649
-772.243
-769.514
-742.132
-738.018
-753.867
-750.481
-710.52
-704.71
-727.744
-722.68
-681.589
-680.747
-692.474
-687.208
-874.047
-887.613
-1015.78
-858.483
-710.008
-747.405
-945.999
-1006.81
-997.289
-958.259
-971.55
-782.012
-746.919
-1364.21
-1364.71
-1362.17
-1361.19
-1364.53
-1364.11
-1336.7
-1335.57
-1339.58
-1337.65
-1330.49
-1329.11
-1334.07
-1332.25
-1352.99
-1350.66
-1358.26
-1355.69
-1343
-1341.35
-1347.75
-1344.96
-1311.98
-1311.09
-1314.53
-1312.96
-1306.73
-1305.64
-1309.69
-1308.06
-1323.65
-1322.35
-1327.15
-1325.21
-1317.14
-1315.93
-1320.55
-1318.58
-1290.85
-1289.85
-1293.56
-1291.98
-1284.98
-1283.68
-1288.3
-1286.49
-1301.53
-1300.57
-1304.17
-1302.6
-1296.11
-1294.97
-1299.17
-1297.43
-1263.77
-1262.15
-1267.77
-1265.62
-1254.97
-1252.9
-1259.8
-1257.29
-1278.73
-1277.39
-1281.96
-1280.16
-1271.56
-1269.93
-1275.57
-1273.4
-1223.11
-1220.81
-1228.69
-1225.83
-1211.76
-1209.51
-1217.51
-1214.69
-1245.24
-1243.13
-1250.18
-1247.61
-1234.47
-1232.01
-1240.2
-1237.28
-1193.63
-1195.99
-1193.02
-1193.42
-1204.24
-1210.54
-1197.04
-1200.98
-1201.52
-1200.16
-1206.29
-1203.9
-1194.68
-1194.43
-1197.63
-1196.27
-914.685
-925.702
-1519.54
-1398.18
-1421.65
-1482.8
-616.014
-782.752
-1235.41
-1250.69
-1215.72
-1225.41
-1323.43
-1365.22
-1268.87
-1294.65
)
;
    }
    interface
    {
        type            calculated;
        value           nonuniform List<scalar> 
1703
(
-454.258
-440.01
-464.067
-419.185
-415.071
-407.095
-414.282
-390.506
-381.603
-367.654
-379.951
-313.737
-337.891
-636.38
-359.151
-434.076
-430.905
-420.624
-431.345
-406.113
-400.702
-391.877
-399.624
-365.364
-348.143
-318.819
-344.717
-692.09
-1024.9
-783.52
-424.67
-438.653
-453.875
-463.082
-417.378
-417.593
-410.626
-411.973
-387.352
-386.495
-374.184
-375.377
-300.152
-303.498
-490.727
-444.369
-429.126
-431.619
-425.858
-428.732
-404.403
-403.985
-395.971
-396.94
-358.623
-357.118
-331.855
-334.005
-879.54
-1049.65
-923.469
-1003.2
-886.647
-913.417
-853.61
-1021.92
-884.002
-825.886
-834.439
-882.202
-833.84
-786.843
-896.651
-887.323
-877.469
-429.525
-446.973
-442.533
-464.067
-416.38
-413.899
-406.2
-411.48
-387.569
-381.482
-368.297
-376.597
-306.738
-320.423
-585.645
-381.231
-429.548
-429.229
-774.835
-769.037
-420.205
-428.627
-755.786
-767.973
-403.587
-399.771
-737.231
-729.83
-150.515
-146.909
-391.211
-396.805
-139.886
-145.671
-120.795
-129.747
-361.346
-349.951
-684.865
-662.73
-118.047
-105.235
-322.413
-339.449
-87.1023
-161.631
-758.19
-789.156
-580.225
-1031.59
-975.708
-722.238
-1020.27
-906.733
-723.171
-424.051
-443.94
-447.243
-463.858
-416.565
-415.572
-408.172
-411.468
-387.323
-383.644
-370.761
-375.884
-302.694
-306.431
-531.762
-409.209
-157.24
-43.1128
89.8441
-80.6263
175.533
178.062
-329.038
-84.4085
171.898
-327.892
-49.3357
77.4967
88.8844
-77.6228
-84.4463
-325.457
-1296.13
-1295.74
-1399.98
-1559.85
-1604.1
-1606
-793.276
-1396.49
-1287.44
-1301.6
-1407.12
-1298.62
-198.225
-59.1345
77.8815
76.1663
-94.1133
146.936
-331.836
-93.2755
-331.032
66.1683
-72.0983
61.7656
-87.4062
-322.678
-84.2401
-324.41
-1363.32
-1258
-1258.54
-788.107
-1258.88
-1364.06
-1526.21
-1533.82
-1518.74
-1524
-797.005
-1387.39
-1280.18
-1263.78
-1368.83
-1266.98
-428.369
-430.28
-1364.31
-1258.5
-1258.53
-769.787
-1253.54
-1358.73
-1512.62
-1508.24
-1516.77
-1529.61
-1352.34
-1246.4
-1250.01
-1253.13
-1357.97
-41.8266
85.5871
91.4622
-72.3656
-311.463
-72.5809
154.453
162.725
-311.895
87.5781
92.2195
-45.061
-73.9354
-315.611
-75.4332
-314.425
-422.763
-428.646
-161.802
-34.1495
95.3069
98.0593
-62.0802
164.032
-297.142
-61.6631
-297.698
96.3996
99.7173
-34.3752
-64.0248
-300.662
-64.0586
-300.259
-1335.34
-1230.25
-1229.91
-751.095
-1225.08
-1329.36
-1482.44
-1480.14
-1754.22
-1361.75
-1364.23
-1751.62
-1766.33
-1373.27
-1372.71
-1767.18
-1492.87
-750.777
-1324.97
-1220.13
-1223.84
-1327.9
-1223.21
-759.107
-1335.72
-1230.79
-1232.4
-1336.47
-1232.6
-1501.25
-1773.85
-1385.95
-1777.26
-1383.36
-1497.67
-1348.44
-1243.1
-1234.5
-1338.5
-1237.43
-1767.72
-1373.88
-1767.72
-1374.95
-1494.59
-1494.31
-1495.35
-39.2411
92.3763
94.2096
-72.4037
150.031
-309.289
-71.9801
152.428
-308.969
-46.0571
86.9703
-46.8746
87.6673
-68.862
-304.16
-67.5629
-305.16
-157.719
-28.6009
100.736
103.415
-60.1203
-294.596
-59.7736
-294.434
-159.156
-32.5472
97.6233
-34.2274
99.3447
-57.722
-290.993
-56.914
-291.727
-1312.38
-1207.94
-1209.97
-1313.49
-1210.08
-1476.06
-1477.66
-1746.77
-1359.52
-1748.99
-1357.94
-1738.79
-1348.75
-1350.29
-1737.63
-1468.34
-1467.13
-1469.56
-742.255
-1322.87
-1218.13
-1216.7
-1211.47
-1314.96
-403.785
-401.715
-1311.52
-1206.93
-1206.2
-733.435
-1201.27
-1304.84
-1455.06
-1453
-1724.27
-1335.97
-1338.28
-1722.04
-1734.83
-1347.56
-1736.34
-1346.63
-1464.58
-732.587
-1300.71
-1196.45
-1198.7
-1199.82
-1303.28
-1199.39
-152.334
-25.8797
102.829
104.899
-52.5508
167.317
-284.602
-51.9483
-285.275
104.336
107.472
-24.3939
-54.7687
-288.174
-54.4184
-288.003
-393.358
-396.717
-138.965
-14.7912
111.793
113.498
-40.0746
-268.273
-39.4156
-269.188
-137.959
-11.0869
114.237
117.711
-11.0557
-43.2168
-273.285
-42.8846
-272.926
-1284.89
-1180.74
-1173.13
-1276.14
-1176.62
-1419.21
-1416.36
-1432.35
-1434.28
-1429.47
-709.971
-1269.44
-1165.78
-1168.48
-1171.08
-1274
-722.008
-1286.27
-1182.34
-1186.09
-1289.22
-1185.52
-1449.12
-1717.65
-1334.08
-1719.94
-1332.57
-1299.22
-1194.84
-1193.44
-1187.84
-1291.01
-1191.02
-1438.61
-145.67
-17.9679
109.061
112.222
-49.6918
168.526
-281.507
-49.3765
169.573
-281.225
106.4
-23.6284
108.172
-46.8295
-277.064
-46.1091
-277.899
-2.14264
120.82
124.538
-35.9572
171.398
-263.913
-35.7046
172.361
-263.396
-129.395
117.619
119.154
-32.3149
-257.944
-31.5552
-259.034
-1246.95
-1143.86
-1147.19
-1151.32
-1253.88
-1410.86
-1394.89
-1267.58
-1163.65
-1161.43
-1154.05
-1256.7
-1158.26
-359.899
-352.811
-1244.63
-1141.1
-1138.08
-1128.89
-1230.95
-1134.16
-1361.17
-1382.75
-1386.89
-1378.21
-672.528
-1216.32
-1114.37
-1125.23
-1227.11
-1121.77
-115.676
3.59437
125.237
126.862
-24.3742
-247.385
-23.4018
-248.594
-114.602
10.0373
127.27
132.901
11.3482
-27.4573
-253.113
-27.4111
-252.42
-325.881
-336.692
12.4834
92.1564
93.8591
-56.3249
83.0217
-267.735
-62.0628
68.718
-265.512
-117.65
1.17675
24.5691
-26.5767
-247.258
-27.3903
-246.965
-1167.91
-1067.57
-1061.37
-1044.06
-1141.77
-1263.56
-1300.37
-1100.87
-1007.22
-1017.68
-1035.86
-1132.74
-1025.57
-1171.94
-1072.62
-1089.12
-1189.38
-1347.51
-1352.48
-1342.5
-644.535
-1213.3
-1110.71
-1094.36
-1195
-1101.32
-1318.49
-1311.52
21.1774
100.615
109.895
-19.9073
-244.068
-20.5628
157.907
163.061
-243.135
125.478
132.077
-21.4013
-242.431
-19.9822
-243.413
-324.771
-367.246
-408.023
-312.906
-146.492
-31.391
-310.654
-126.543
-322.086
-23.5855
-93.6472
-42.0585
-292.657
-488.694
-362.073
-439.48
-1012.86
-930.372
-941.136
-1033.55
-1238.64
-1248.81
-1228.52
-1153.69
-616.124
-1093.97
-998.525
-957.142
-1050.03
-974.671
-814.339
-1065.04
-1059.41
-1043.43
-1050.92
-1014.72
-1001.9
-957.94
-965.976
-895.522
-919.198
-913.577
-893.739
-905.194
-897.475
-1002.38
-951.803
-863.551
-913.419
-943.541
-738.559
-886.396
-827.87
-1025.43
-926.91
-828.623
-1013.34
-981.497
-817.737
-945.49
-1057.06
-1097.74
-855.923
-764.743
-780.274
-845.034
-908.686
-512.529
-636.528
-909.832
-1030.25
-891.264
-824.374
-1004.04
-890.954
-904.349
-954.746
-1114.9
-941.897
-853.444
-790.097
-708.638
-921.047
-188.397
-800.567
-179.794
-200.92
-778.929
-805.035
-172.023
-170.614
-160.467
-158.235
-754.65
-748.361
-162.745
-171.861
-151.867
-157.63
-738.302
-746.955
-138.178
-131.816
-716.921
-705.403
-718.574
-728.389
-687.613
-703.356
-619.889
-567.442
-625.467
-658.862
-83.4014
-101.883
-508.8
-184.649
-762.28
-562.897
-745.206
157.527
-747.051
-169.011
-747.331
-780.335
137.731
-744.116
146.207
-738.173
-207.094
141.579
-730.4
-736.467
-771.35
-168.474
154.619
-719.385
-723.572
-171.074
-729.135
-724.608
155.641
-700.464
158.061
-703.829
-162.013
156.391
-708.314
-704.713
-762.063
-170.986
-718.432
-714.085
-173.963
-709.165
-713.163
156.238
-699.61
157.67
-696.383
-692.261
-695.648
-740.679
158.904
-683.364
161.927
-687.096
-151.828
159.203
-691.508
-687.972
162.198
-660.042
165.074
-665.522
-671.713
-666.711
-711.409
-723.382
160.604
-682.529
161.841
-678.358
-146.824
-672.758
-677.307
-128.162
163.382
-658.759
164.968
-652.801
-644.888
164.739
-651.29
-694.193
-696.148
-675.115
159.98
-629.656
159.101
-635.308
-643.204
-636.982
-96.0672
93.1399
-649.677
43.1391
-629.16
-621.786
130.791
-628.877
-597.876
-593.441
-640.879
-96.0155
150.914
-628.066
-624.245
-95.1571
-622.72
-622.823
-77.5328
-652.671
22.5766
-704.556
-271.902
-860.734
-717.687
-653.547
-877.111
-861.51
-880.85
-912.065
-904.384
-998.224
-164.544
-178.586
-59.7868
-782.376
-797.191
-184.49
-54.8992
-205.34
-75.846
-779.38
-801.342
-771.221
-768.159
-167.67
-47.5767
-168.621
-42.5357
-159.11
-36.6968
-157.604
-33.2612
-751.715
-747.27
-754.616
-763.983
-163.648
-38.7415
-171.942
-151.986
-28.91
-156.887
-737.022
-743.457
-734.291
-728.811
-149.639
-27.8594
-146.678
-23.7978
-137.109
-17.0153
-132.111
-713.507
-705.128
-717.706
-725.017
-139.951
-18.1965
-144.745
-21.632
-121.762
-1.5378
-128.373
-7.11097
-9.63166
-688.138
-699.464
-680.273
-664.615
-115.93
0.512007
-107.577
-80.2398
13.458
-146.515
-51.2706
-72.9893
-611.508
-577.215
-629.761
-652.949
-89.6384
16.8717
-97.819
18.0994
14.2456
-443.004
-448.042
-204.325
-111.611
-725.681
-559.197
-832.243
-676.19
-653.86
-540.237
-975.049
-860.824
-961.327
-879.678
101.566
184.6
100.882
-158.029
-34.4802
-33.8161
-79.0011
-331.115
-746.061
-87.8536
-327.206
-746.376
96.2534
94.5103
-44.5838
-175.275
-41.0229
190.78
-76.6161
-326.091
-746.273
-1398.7
-778.899
-1403.09
-1300.69
-1573.04
-1852.94
-1456.41
-1871.34
-1447.68
-1545.97
-1588
-1840.69
-1430.83
-1441.33
-1823.69
-1892.04
-1455.21
-1460.25
-1883.33
-1889.89
-1457.54
-1598.44
-796.499
-1401.73
-1293.87
-1406.34
63.1033
69.9978
-191.198
-65.492
-73.3859
150.561
-93.5255
-332.682
-741.701
149.92
-93.3316
-330.135
-739.731
56.6
-79.934
59.538
-206.907
-78.8366
152.259
-91.2482
-320.352
-732.056
155.904
-81.5865
-328.407
-733.483
-1362.98
-782.888
-1362.96
-1258.83
-1790.98
-1406.18
-1790.94
-1408.74
-1518.43
-1799.5
-1422.1
-1809.28
-1415.01
-1522.43
-1798.17
-1401.95
-1403.71
-1791.87
-1527.22
-1517.86
-1799.99
-1403.95
-1403.39
-1804.24
-798.498
-1379.53
-1273.48
-1371.96
-1363.67
-769.528
-1361.8
-1257.34
-1790.84
-1398.91
-1796.12
-1395.65
-1520.99
-1787.33
-1389.6
-1393.85
-1782.18
-1528.12
-1805.37
-1400.12
-1403.58
-1801.09
-1528.69
-1524.93
-1807.74
-1404.7
-1806.54
-1405.1
-769.436
-1355.12
-1356.24
-1251.34
90.0342
157.339
-43.1815
93.7994
-167.166
-41.2193
154.292
164.195
162.296
-73.9065
-311.074
-720.6
-72.3942
-313.866
-721.492
-43.5085
89.6599
91.239
-170.877
-45.1716
165.179
-73.2607
-318.773
-726.904
-78.583
-313.952
-725.663
94.1362
98.3134
-160.171
-35.4115
-37.7209
156.883
-63.8596
-296.683
-701.328
165.515
-61.1768
-299.79
-701.968
95.089
-38.0566
97.6216
-160.68
-35.3825
164.421
-63.7236
-302.68
-706.51
165.18
-65.8203
-300.048
-705.613
-1334.52
-750.897
-1331.82
-1227.97
-1755.55
-1484.47
-1366.66
-1757.65
-1486.27
-1365.43
-1763.48
-1490.85
-1368.19
-1370.86
-1760.47
-1488.64
-1493.49
-748.647
-1326.88
-1222.58
-1326.91
-756.582
-1336
-1231.95
-1336.12
-1769.47
-1377.8
-1380.37
-1767.65
-1496.27
-1503.81
-762.441
-1345.04
-1240.61
-1341.11
-1767.81
-1375.66
-1375.97
-1766.55
-1494.72
86.7749
151.106
-47.2405
90.7659
-167.836
-42.821
156.106
162.767
158.134
-71.9147
-311.066
-716.304
159.601
-73.3555
-308.51
-715.235
-47.8312
83.6897
87.3794
-173.142
-49.4311
160.376
-71.2294
-303.253
-710.155
-66.5156
-307.848
-711.05
97.4718
156.551
-34.9143
100.675
-155.469
-31.404
160.22
167.244
164.282
-59.9103
-296.42
-697.818
165.398
-61.2997
-294.323
-697.125
-34.0417
95.4036
99.3302
-158.013
-35.9342
165.279
-59.675
-290.413
-693.091
-56.2298
-293.944
-693.843
-1313.16
-1209.44
-738.537
-1313.18
-1743.51
-1473.54
-1353.27
-1741.18
-1355.71
-1471.78
-1739.29
-1351.62
-1351.33
-1739.61
-1470.09
-742.237
-1320.62
-1317.6
-1214.37
-1310.07
-733.405
-1307.36
-1204.11
-1456.76
-1725.22
-1340.41
-1726.78
-1339.48
-1458.18
-1462.38
-1731.91
-1342.02
-1344.68
-1729.04
-1465.68
-1460.25
-730.348
-1302.41
-1302.37
100.65
104.925
-150.823
-27.3769
-29.5626
160.425
-54.4895
-283.909
-684.401
169.091
-51.1889
-287.472
-685.171
102.242
-29.3475
104.887
-150.148
-26.3316
167.224
-54.4514
-290.097
-689.715
168.338
-56.0672
-287.781
-688.87
109.511
162.573
-17.7886
114.175
-137.723
-15.9831
163.834
171.496
170.344
-42.4788
-267.004
-661.766
172.083
-38.0577
-271.846
-663.05
-13.8219
112.148
114.441
-135.937
-17.2269
170.482
-42.435
-275.667
-669.267
-44.9624
-272.249
-668.107
-1282.55
-1179.22
-712.023
-1279.4
-1421.62
-1686.98
-1308.82
-1689.53
-1307.07
-1423.8
-1685.5
-1302.14
-1305.31
-1682.19
-1696.2
-1310.99
-1314.5
-1692.29
-1699.66
-1318.7
-1316.98
-1702.2
-1426.52
-707.122
-1271.5
-1272.22
-1169.86
-719.515
-1288
-1184.61
-1288.12
-1714.36
-1446.5
-1327.26
-1330.24
-1711.25
-1450.84
-1444.14
-723.732
-1296.97
-1293.96
-1440.46
-1707.47
-1325.38
-1324.33
-1709.03
-1436.52
-1706.39
-1320.53
-1704.15
-1322.91
-1441.94
106.515
160.525
-24.1046
109.202
-143.661
-20.7337
163.81
170.823
-49.1325
-283.61
-680.451
-51.1974
-280.774
-679.465
-22.9625
104.223
108.516
-145.603
-24.8181
168.944
-49.0437
-276.064
-674.131
-45.032
-280.35
-675.172
118.735
162.716
120.826
-125.728
-5.01044
-8.72389
-34.9083
-266.516
-656.045
-38.0103
-262.414
-654.602
115.413
-9.4517
120.38
-128.468
-7.95329
170.433
-34.9245
-256.464
-646.895
171.946
-29.9781
-261.89
-648.503
-1249.67
-690.667
-1251.06
-1149.21
-1407.32
-1672.36
-1289.9
-1667.48
-1294.22
-1413.49
-1403.76
-1676.35
-1299.78
-1679.79
-1297.31
-1397.75
-1660.63
-1287.08
-1284.52
-1664.26
-1390.96
-1400.56
-1658.77
-1278.27
-1282.23
-1654.1
-697.408
-1264.49
-1260.81
-1240.68
-677.381
-1236.31
-1364.79
-1625.02
-1258.78
-1630.7
-1254.85
-1356.41
-1368.98
-1622.56
-1246.47
-1251.68
-1616.23
-1641.46
-1262.42
-1267.93
-1634.76
-1373.11
-1646.11
-1275.19
-1651.07
-1271.75
-667.837
-1220.29
-1118.79
-1222.67
123.289
161.649
2.25272
128.766
-115.374
3.37864
164.417
171.237
166.495
-26.565
-246.51
-631.051
167.253
-22.37
-251.019
-632.834
6.9077
126.942
129.416
-111.415
2.96467
170.243
-26.5113
-255.759
-640.373
-29.7625
-251.563
-638.764
68.1335
106.78
84.1309
-91.6517
6.39096
-9.08636
-41.259
-282.883
-637.608
-84.8565
-255.93
-636.584
49.89
-25.4451
42.9256
-125.178
-35.1279
124.399
-37.4825
-244.352
-624.131
129.951
-22.454
-254.24
-623.525
-1160.33
-605.465
-1152.96
-1054.17
-1269.77
-1515.38
-1168.08
-1530.1
-1157.64
-1254.7
-1278.93
-1510.05
-1139.26
-1150.56
-1495.67
-1294.92
-1550.84
-1175.04
-1185.54
-1536.79
-1307.04
-1554.82
-1198.44
-1191.67
-1564.34
-1285.72
-581.822
-1112.17
-1120
-633.951
-1178.15
-1078.9
-1182.18
-1083.39
-1602.43
-1226.01
-1233.29
-1593.05
-1607.06
-1242.71
-1613.66
-1238.01
-1335.64
-648.695
-1207.93
-1106.44
-1202.44
-1323.42
-1578.76
-1221.14
-1214.93
-1587.99
-1575.62
-1203.29
-1566.18
-1210.56
-1330.14
110.842
146.498
16.9486
115.386
-90.1247
19.5877
135.618
147.281
161.46
-20.6801
-245.746
-626.199
-21.8512
-243.796
-624.559
19.1016
118.597
127.374
-96.8835
17.8439
149.374
-20.7094
-244.716
-621.136
-23.0941
-243.457
-622.448
-175.604
-125.525
-232.91
-193.282
-376.563
-292.03
-239.026
-385.293
-190.871
-288.459
-670.351
-2.54798
-97.0547
-358.666
-676.16
-119.984
-185.006
-74.3944
-234.59
-140.967
-227.597
-576.189
-788.134
-277.7
-461.637
-383.198
-762.494
-994.055
-923.674
-687.744
-1007.96
-922.283
-1470.93
-1087.78
-1212.71
-1446.57
-1106.88
-1477.88
-1130.95
-1493.56
-1118.78
-1177.77
-1399.45
-1071.5
-1047.22
-1430.35
-1132.16
-1196.41
-1374.53
-995.044
-1024.67
-1341.29
-585.26
-1081.08
-987.376
-1069.22
-1088.19
-1095.08
-1090.65
-1068.2
-932.822
-925.776
-904.083
-906.507
-909.096
-820.048
-824.695
-861.899
-1048.64
-917.567
-853.248
-1044.56
-880.489
-719.644
-843.263
-1061.1
-930.44
-848.589
-971.583
-994.841
-1222.89
-811.552
-879.23
-1121.61
-920.453
-1268.81
-959.692
-1315.64
-935.039
-913.166
-957.367
-919.812
-777.636
-801.453
-755.777
-772.646
-497.699
-1029.64
-1092.1
-858.475
-909.496
-1077.57
-1138.22
-985.325
-897.988
-981.382
-654.936
-1012.25
-641.465
-563.218
-997.527
-1082.35
)
;
    }
    procBoundary4to0
    {
        type            processor;
        value           nonuniform List<scalar> 
58
(
-467.433
-1442.1
-1481.14
-1459.06
-1647.82
-1026.72
-804.896
-727.825
-1154.43
-411.88
-804.896
-1625.19
-1625.19
-1625.19
-1625.19
-1154.43
-1201.99
-1201.99
-1201.99
-1201.99
-1201.99
-727.825
-727.825
-727.825
-727.825
-727.825
-386.735
-411.88
-411.88
-411.88
-411.88
-1312.41
-1452.29
-856.561
-754.873
-531.592
-177.574
-892.186
-57.7483
-245.475
44.495
202.582
-371.293
-371.293
-973.271
202.582
-111.866
-1147.59
-1287.6
-1608.11
-1459.06
-1534.25
-1534.25
-1534.25
-1481.14
-1674.42
-1687.61
-1549.47
)
;
    }
    procBoundary4to1
    {
        type            processor;
        value           nonuniform List<scalar> 
78
(
-1306.74
-1331.43
-1460.57
-1445.58
-1436.96
-1492.95
-1295.1
-1487.77
-1349.67
-1518.23
-1460.57
-1445.58
-1429.89
-1430.07
-1580.6
-1429.89
-1407.43
-1408.32
-1289.63
-1413.06
-1433.8
-1658.9
-1678.35
-1642.24
-1630.85
-1648.5
-1644.03
-1426.92
-1580.6
-1580.6
-1652.98
-1654.17
-1397.24
-1399.76
-1468.95
-1725.88
-1701.41
-1494.92
-1744.14
-1760.03
-1624.6
-1625.43
-1630.01
-1636.22
-1653.68
-1678.35
-1658.9
-1701.41
-1725.88
-1755.25
-1760.03
-1744.14
-1630.85
-1642.24
-1625.43
-1624.6
-1644.03
-1648.5
-1636.22
-1630.01
-1654.17
-1652.98
-1653.68
-1481.05
-1481.83
-1460.57
-1460.57
-1549.4
-1428.47
-1571.67
-1438.49
-1436.96
-1445.58
-1436.96
-1430.07
-1430.07
-1429.89
-1426.92
)
;
    }
    procBoundary4to5
    {
        type            processor;
        value           nonuniform List<scalar> 
526
(
-1245
-1180.07
-1047.86
-1251.82
-1387.09
-1389.82
-1382.57
-1379.99
-1191.32
-1325.1
-1328.95
-1317.94
-1313.53
-1075.18
-1183.18
-1196.4
-1158.8
-1133.09
-1280.9
-1225.65
-1138.09
-1415.69
-1420.11
-1271.1
-1409.25
-1405.73
-1360.39
-1363.03
-1218.16
-1355.53
-1352.62
-1268.79
-1275.43
-1122.08
-1258.27
-1250.86
-1238.71
-1167.45
-977.272
-1258.35
-1396.04
-1394.06
-1535.11
-1535.11
-1546.29
-1546.29
-1530.82
-1530.82
-1373.81
-1375.87
-1521.21
-1521.21
-1201.27
-1338.76
-1335.32
-1470.23
-1470.23
-1485.96
-1485.96
-1464.3
-1464.3
-1300.15
-1305.37
-1444.01
-1091.13
-1220.19
-1210.71
-1315.38
-1359.06
-1295.71
-940.054
-967.634
-1047.88
-1084.15
-1169.32
-1394.08
-1362.46
-1354.07
-1232.49
-1340.6
-1351.27
-1299.03
-1153.4
-1425.62
-1564.8
-1564.8
-1626.27
-1632.05
-1264.08
-1399.64
-1401.2
-1557.37
-1557.37
-1548.05
-1548.05
-1366.66
-1598.97
-1601.57
-1378.05
-1614.38
-1613.19
-1386
-1621.86
-1617.56
-1379.38
-1614.51
-1614.92
-1596.71
-1594.33
-1586.2
-1587.48
-1369.8
-1367.47
-1507.23
-1507.23
-1518.27
-1518.27
-1571.05
-1572.95
-1584.8
-1583.19
-1210.11
-1344.43
-1347.41
-1503.11
-1503.11
-1490.48
-1490.48
-1304.9
-1532.13
-1534.46
-1320.15
-1551.1
-1548.99
-1336.57
-1568.69
-1566.65
-1324.62
-1553.8
-1555.62
-1528.37
-1525.7
-1418.62
-1418.62
-1418.62
-1418.62
-1418.62
-1418.62
-1418.62
-1291.15
-1285.45
-1410.6
-1436.38
-1383.45
-1383.45
-1383.45
-1383.45
-1383.45
-1383.45
-1409.45
-1409.45
-1409.45
-1409.45
-1409.45
-1409.45
-1106.21
-1231.87
-1239.84
-1401.3
-1369.96
-1288.9
-1288.9
-1288.9
-1288.9
-1288.9
-1288.9
-1327.09
-1327.09
-1327.09
-1327.09
-1327.09
-1327.09
-1375.1
-1375.1
-1375.1
-1375.1
-1375.1
-1375.1
-1339.06
-1339.06
-1339.06
-1339.06
-1339.06
-1339.06
-1271.83
-1271.83
-1271.83
-1271.83
-1271.83
-1271.83
-1164.99
-1164.99
-1164.99
-1164.99
-1164.99
-1164.99
-940.054
-1104.37
-1110.21
-1110.21
-1110.21
-1110.21
-1110.21
-1110.21
-696.294
-986.026
-1403.62
-1411.22
-1359.08
-1356.28
-1344.26
-1348.02
-1292.73
-1285.81
-1644.24
-1637.88
-1572.63
-1649.53
-1578.73
-1371.02
-1539.31
-1606.61
-1604.02
-1375.2
-1543.28
-1609.13
-1611.8
-1381.44
-1552.12
-1613.38
-1615.5
-1379.62
-1549.38
-1613.75
-1613.88
-1526.94
-1590.49
-1592.56
-1523.81
-1589.33
-1588.34
-1510.99
-1576.78
-1575.07
-1514.77
-1579.03
-1581.31
-1310.1
-1539.84
-1537.74
-1475.6
-1315.38
-1543.24
-1545.92
-1480.9
-1332.6
-1498.78
-1561.91
-1564.2
-1328.47
-1559.45
-1557.87
-1494.54
-1518
-1521.5
-1457.76
-1513.75
-1511.82
-1450.8
-1389.58
-1389.58
-1389.58
-1389.58
-1389.58
-1389.58
-1398.25
-1398.25
-1398.25
-1398.25
-1398.25
-1398.25
-1300.93
-1300.93
-1300.93
-1300.93
-1300.93
-1300.93
-1314.33
-1314.33
-1314.33
-1314.33
-1314.33
-1314.33
-1363.47
-1363.47
-1363.47
-1363.47
-1363.47
-1363.47
-1350.82
-1350.82
-1350.82
-1350.82
-1350.82
-1350.82
-1245.15
-1245.15
-1245.15
-1245.15
-1245.15
-1245.15
-1205.93
-1205.93
-1205.93
-1205.93
-1205.93
-1205.93
-1029.52
-1036
-1000.86
-1048.35
-1048.35
-1048.35
-1048.35
-1048.35
-1048.35
-1048.35
-1048.35
-1389.82
-1387.09
-1539.31
-1394.06
-1396.04
-1543.28
-1379.99
-1382.57
-1526.94
-1375.87
-1523.81
-1373.81
-1405.73
-1409.25
-1552.12
-1401.2
-1399.64
-1549.38
-1363.03
-1360.39
-1510.99
-1367.47
-1369.8
-1514.77
-1352.62
-1355.53
-1498.78
-952.55
-873.618
-873.618
-873.618
-967.634
-952.55
-952.55
-1007.82
-1010.9
-1063.23
-1063.23
-1063.23
-1007.82
-1007.82
-832.392
-930.813
-1632.05
-1626.27
-1637.88
-1644.24
-1649.53
-1601.57
-1598.97
-1604.02
-1606.61
-1613.19
-1614.38
-1611.8
-1609.13
-1617.56
-1621.86
-1615.5
-1613.38
-1614.92
-1614.51
-1613.88
-1613.75
-1594.33
-1596.71
-1592.56
-1590.49
-1587.48
-1586.2
-1588.34
-1589.33
-1572.95
-1571.05
-1575.07
-1576.78
-1583.19
-1584.8
-1581.31
-1579.03
-1534.46
-1532.13
-1537.74
-1539.84
-1548.99
-1551.1
-1545.92
-1543.24
-1566.65
-1568.69
-1564.2
-1561.91
-1555.62
-1553.8
-1557.87
-1559.45
-1525.7
-1528.37
-1521.5
-1518
-1507.75
-1505.18
-1511.82
-1513.75
-1472.54
-1469.07
-1476.87
-1480.01
-1496.84
-1501.29
-1490.46
-1486.31
-1384.08
-1377.33
-1387.96
-1395.67
-1414.46
-1419.57
-1408.32
-1400.86
-1459.68
-1463.98
-1453.06
-1447.48
-1430.38
-1425.39
-1435.56
-1441.04
-1364.27
-1373.61
-1359.52
-1342.57
-1298.12
-1266.01
-1310.7
-1334.5
-1092.58
-1057.9
-897.327
-919.844
-1192.83
-1243.36
-1144.41
-1022.62
-1328.95
-1325.1
-1475.6
-1335.32
-1338.76
-1480.9
-1313.53
-1317.94
-1457.76
-1305.37
-1450.8
-1300.15
-1196.4
-1183.18
-1331.85
-1210.71
-1220.19
-1346.19
-1133.09
-1158.8
-1266.13
-1084.15
-1223.01
-1047.88
-1420.11
-1415.69
-1572.63
-1425.62
-1578.73
-1347.41
-1344.43
-1494.54
-1275.43
-1268.79
-1419.59
-1285.45
-1291.15
-1428.19
-1250.86
-1258.27
-1391.14
-1239.84
-1231.87
-1380.72
)
;
    }
}


// ************************************************************************* //
