/*--------------------------------*- C++ -*----------------------------------*\
| =========                 |                                                 |
| \\      /  F ield         | OpenFOAM: The Open Source CFD Toolbox           |
|  \\    /   O peration     | Version:  2012                                  |
|   \\  /    A nd           | Website:  www.openfoam.com                      |
|    \\/     M anipulation  |                                                 |
\*---------------------------------------------------------------------------*/
FoamFile
{
    version     2.0;
    format      ascii;
    class       volScalarField;
    location    "0.108/solid";
    object      sigmaMid;
}
// * * * * * * * * * * * * * * * * * * * * * * * * * * * * * * * * * * * * * //

dimensions      [1 -1 -2 0 0 0 0];


internalField   nonuniform List<scalar> 
3125
(
8.04285e+06
-7.30608e+06
-1.38535e+07
1.11364e+07
-6.27781e+06
-1.29183e+07
1.89e+07
58756.9
-9.71246e+06
1.81742e+07
-1.94397e+06
-1.04273e+07
2.17571e+07
1.29049e+07
8.39818e+06
5.07939e+06
3.62096e+07
3.69719e+06
9.65359e+06
-5.03907e+06
-4.70826e+06
-9.69324e+06
-8.19361e+06
-1.31885e+06
-1.18325e+07
-5.80005e+06
-1.81413e+07
-1.24972e+07
-1.93554e+07
-1.46957e+07
-1.53008e+07
-2.16703e+07
-1.33099e+07
5.1743e+06
9.20767e+06
5.62223e+07
1.40805e+07
1.63425e+07
9.98247e+06
3.76997e+07
1.47973e+07
1.98431e+07
3.7242e+06
-631861
-1.20172e+07
-9.86914e+06
3.34432e+06
-5.06951e+06
-3.45038e+06
-8.95424e+06
-1.15392e+06
-6.60673e+06
-1.98637e+06
-1.26793e+07
-1.45446e+07
-2.03966e+07
-1.90219e+07
-1.27213e+07
-1.20052e+07
-1.13982e+07
-1.87336e+07
-1.51722e+07
-1.7146e+07
-1.03343e+07
-2.09306e+07
-2.30057e+07
2.2838e+07
3.05878e+07
8.06248e+07
3.60415e+07
2.06215e+07
8.45317e+06
5.03624e+06
1.16201e+07
4.5558e+06
2.07006e+07
2.399e+06
-1.63043e+06
4.03132e+06
2.2482e+06
1.05456e+07
6.67838e+06
-1.88192e+06
2.80546e+06
807598
3.58347e+06
-5.17062e+06
-6.25944e+06
-1.31234e+07
-1.55245e+07
-5.30078e+06
-8.9823e+06
-1.44354e+07
-7.64554e+06
-1.25437e+07
-9.29328e+06
-6.76497e+06
-1.79102e+07
-1.62178e+07
-7.52325e+06
-6.67011e+06
-1.10682e+07
-1.22628e+07
-2.14183e+07
-2.308e+07
-1.86948e+07
-1.32332e+07
-2.29412e+07
-1.17416e+07
-2.39368e+07
-1.19899e+07
1.18691e+07
1.21614e+07
1.01516e+07
5.80918e+07
1.65175e+07
2.19229e+07
2.69049e+07
7.86622e+07
1.65927e+07
2.33512e+07
1.0179e+07
1.38572e+07
1.49132e+07
2.58518e+07
3.62019e+07
2.94423e+07
1.9296e+07
1.55471e+07
-5.44771e+06
-1.94764e+06
-6.45326e+06
-9.09591e+06
3.58563e+06
-3.63948e+06
-2.7699e+06
1.71902e+06
1.00103e+07
-5.7332e+06
-275993
-4.6167e+06
-3.12647e+06
-1.2165e+07
-8.91568e+06
-3.40552e+06
-7.61713e+06
-281680
-2.34888e+06
-1.85565e+07
-1.67527e+07
-1.51316e+07
-2.04345e+07
-1.90906e+07
-1.72445e+07
-1.85886e+07
-2.29191e+07
-2.2097e+07
-2.08286e+07
-2.1799e+07
-1.25696e+07
-1.11777e+07
-1.50234e+07
-8.49148e+06
-9.50218e+06
-1.66244e+07
-9.36568e+06
-1.05088e+07
-9.0699e+06
-2.10549e+07
-2.00539e+07
-1.8396e+07
-1.9664e+07
-7.86077e+06
-8.67213e+06
-2.32127e+07
-2.43354e+07
-1.41181e+07
-2.41365e+07
-2.4848e+07
-2.25221e+07
-1.16803e+07
-2.38572e+07
-1.04654e+07
-1.24871e+07
-2.45752e+07
1.19615e+07
2.78615e+07
1.18543e+07
1.50091e+07
1.58733e+07
1.36543e+07
1.11949e+07
1.47739e+07
2.91477e+07
1.98668e+07
1.80833e+07
1.55099e+07
1.90045e+07
1.58156e+07
-6.25038e+06
-3.20496e+06
-7.3503e+06
-5.07903e+06
-4.65324e+06
-6.53285e+06
-6.71309e+06
-5.34447e+06
-3.05079e+06
-3.10153e+06
-4.83769e+06
-4.88033e+06
-3.55776e+06
-5.63061e+06
-1.68514e+07
-1.65594e+07
-1.93042e+07
-1.70609e+07
-1.61491e+07
-1.82884e+07
-1.79965e+07
-1.61583e+07
-1.63615e+07
-1.4692e+07
-1.67857e+07
-1.54009e+07
-1.5281e+07
-1.74461e+07
2.23026e+07
4.74275e+07
3.21408e+07
3.07438e+07
2.29363e+07
2.87717e+07
2.84258e+07
1.91613e+07
4.57088e+07
2.33274e+07
2.11964e+07
1.85083e+07
2.43752e+07
2.45254e+07
-2.08343e+06
1.025e+06
-1.09352e+06
700614
-1.54705e+06
129818
-2.06081e+06
-3.3293e+06
833295
-1.83971e+06
-3.92488e+06
-3.82081e+06
-1.33303e+06
-3.06899e+06
-1.33014e+07
-1.39333e+07
-1.44333e+07
-1.18775e+07
-1.26516e+07
-1.23299e+07
-1.49685e+07
-1.40071e+07
-1.40623e+07
-1.37536e+07
-1.61346e+07
-1.46737e+07
-1.33126e+07
-1.56114e+07
4.14286e+07
9.0587e+07
5.40764e+07
5.62873e+07
3.81398e+07
8.88163e+07
4.97276e+07
4.98887e+07
5.19928e+07
5.18294e+07
3.66092e+07
6.62033e+07
3.40717e+07
5.0285e+07
5.09985e+07
2.99258e+07
5.1756e+07
6.18641e+07
6.44142e+07
5.74276e+07
4.05881e+07
2.20615e+07
4.26171e+07
5.08113e+07
5.45181e+07
2.31979e+07
4.58019e+07
1.47509e+07
1.67509e+07
1.62173e+07
7.52702e+06
1.57215e+07
2.08566e+07
1.8683e+07
1.22359e+07
5.91105e+06
1.27324e+07
1.44458e+07
1.77234e+07
1.94637e+07
8.82549e+06
1.56612e+07
2.48201e+07
2.0712e+07
1.06222e+07
6.49019e+06
1.31852e+07
7.86806e+06
9.96979e+06
1.55571e+07
1.21577e+07
8.62428e+06
8.36052e+06
1.13156e+07
5.58492e+06
1.47424e+07
5.23715e+06
7.97373e+06
6.67253e+06
8.76341e+06
4.8737e+06
1.1922e+07
9.54978e+06
-381127
3.52987e+06
5.24191e+06
8.70001e+06
1.19054e+06
6.7652e+06
5.75866e+06
7.55609e+06
1.30124e+07
1.11422e+07
6.10792e+06
1.51553e+06
6.57488e+06
7.88315e+06
9.5921e+06
9.50644e+06
2.78632e+06
9.01369e+06
-4.77536e+06
-3.97262e+06
-3.512e+06
-5.50008e+06
-3.74838e+06
-2.41568e+06
-3.31029e+06
-5.01185e+06
-5.97311e+06
-4.79962e+06
-9.55751e+06
-8.22254e+06
-7.38273e+06
-1.3961e+07
-8.83567e+06
-5.87389e+06
-7.40414e+06
-1.08459e+07
-1.47771e+07
-9.58282e+06
-7.99632e+06
-8.3171e+06
-7.29842e+06
-6.04577e+06
-7.50158e+06
-9.14563e+06
-6.46654e+06
-8.70994e+06
-7.53672e+06
-1.08489e+07
-7.82255e+06
-1.00863e+07
-7.35634e+06
-9.27898e+06
-1.0279e+07
-1.14284e+07
-1.74018e+07
-1.41051e+07
-1.31708e+07
-1.15063e+07
-1.68015e+07
-1.25946e+07
-1.30484e+07
-1.20618e+07
-5.34816e+06
-6.0947e+06
-7.16681e+06
-7.28952e+06
-6.95706e+06
-7.3511e+06
-6.58938e+06
-5.93431e+06
-6.92408e+06
-6.13491e+06
-1.63605e+07
-1.53106e+07
-1.34325e+07
-1.1521e+07
-1.35185e+07
-1.39023e+07
-1.47782e+07
-1.44413e+07
-1.19381e+07
-1.42823e+07
-2.07303e+07
-1.91563e+07
-1.88372e+07
-2.17645e+07
-1.95669e+07
-1.81115e+07
-1.87384e+07
-2.14873e+07
-2.22448e+07
-1.99742e+07
-2.0802e+07
-2.05896e+07
-2.01911e+07
-1.78848e+07
-1.88268e+07
-2.18311e+07
-1.96179e+07
-2.36384e+07
-2.41631e+07
-2.2914e+07
-2.49997e+07
-2.1803e+07
-9.50414e+06
-2.0046e+07
-9.82069e+06
-2.29063e+07
-2.05101e+07
-2.23195e+07
-2.10951e+07
-2.1147e+07
-2.20476e+07
-2.48732e+07
-2.29977e+07
-2.19122e+07
-2.42956e+07
-2.28526e+07
-2.23259e+07
-1.68382e+07
-1.91504e+07
-1.00872e+07
-1.96698e+07
-2.04476e+07
-1.56674e+07
-1.14613e+07
-1.7181e+07
2.73998e+07
6.7398e+07
3.61817e+07
3.58229e+07
2.64617e+07
3.98459e+07
3.80178e+07
3.13893e+07
6.94329e+07
4.67331e+07
4.51269e+07
3.27259e+07
4.35973e+07
4.30709e+07
3.33335e+07
2.89851e+07
1.94221e+07
1.11318e+07
2.00969e+07
2.30461e+07
2.63001e+07
2.49568e+07
1.28893e+07
2.35975e+07
4.18737e+07
3.67159e+07
2.22845e+07
1.84298e+07
2.69706e+07
2.82074e+07
3.29789e+07
3.49976e+07
2.21644e+07
2.99922e+07
4.5765e+07
5.08736e+07
4.84257e+07
3.49407e+07
4.53011e+07
5.88743e+07
5.45975e+07
3.80177e+07
3.25565e+07
4.26256e+07
3.6249e+07
4.06721e+07
3.68751e+07
1.81165e+07
3.49184e+07
4.77925e+07
4.37113e+07
2.89721e+07
1.65757e+07
3.08203e+07
510211
6.3329e+06
53525.8
2.39774e+06
-81632.9
1.16065e+06
3.04138e+06
2.22594e+06
6.66732e+06
3.74035e+06
5.72288e+06
2.88013e+06
2.47396e+06
5.00306e+06
1.43038e+06
261218
-2.30274e+06
-4.23202e+06
-2.03044e+06
-1.64804e+06
-629157
-314409
-3.57745e+06
-632539
-1.05138e+06
-2.47845e+06
-6.56884e+06
-1.1184e+07
-4.99721e+06
-4.98208e+06
-3.38191e+06
-2.66683e+06
-1.00622e+07
-4.17036e+06
-21854.6
1.39419e+06
2.28193e+06
-4.84718e+06
717892
4.19764e+06
2.65309e+06
-1.78955e+06
-6.30114e+06
-316756
2.46199e+06
3.80323e+06
3.96285e+06
-897372
3.54177e+06
6.51852e+06
4.99369e+06
1.30351e+06
-1.8201e+06
1.67246e+06
-2.00277e+07
-1.95644e+07
-2.26477e+07
-2.23666e+07
-2.11681e+07
-2.15022e+07
-1.1296e+07
-1.12148e+07
-1.37424e+07
-1.08443e+07
-1.19567e+07
-1.31466e+07
-1.0334e+07
-1.06057e+07
-1.10387e+07
-1.17043e+07
-8.75422e+06
-9.96491e+06
-1.23811e+07
-9.29311e+06
-1.10512e+07
-1.18953e+07
-1.23452e+07
-1.00352e+07
-1.22821e+07
-1.33082e+07
-1.25239e+07
-1.10121e+07
-9.4661e+06
-1.10844e+07
-1.61236e+07
-1.67461e+07
-1.85022e+07
-2.07442e+07
-1.79376e+07
-1.77198e+07
-1.71682e+07
-1.69617e+07
-2.0392e+07
-1.75691e+07
-1.56715e+07
-1.49467e+07
-1.46141e+07
-1.88389e+07
-1.54167e+07
-1.3605e+07
-1.44509e+07
-1.65584e+07
-1.92844e+07
-1.58654e+07
-1.03832e+07
-9.42597e+06
-8.06438e+06
-8.08823e+06
-8.25959e+06
-7.79741e+06
-8.77485e+06
-9.70115e+06
-8.42023e+06
-9.60859e+06
-2.35347e+07
-2.39173e+07
-2.48386e+07
-2.57284e+07
-2.50326e+07
-2.46955e+07
1.48092e+07
2.38285e+07
1.86983e+07
1.88489e+07
1.96978e+07
1.96467e+07
1.45425e+07
1.01713e+07
7.67653e+06
1.34867e+07
6.77683e+06
1.09972e+07
6.99439e+06
1.17715e+07
2.13937e+07
3.35284e+07
3.06412e+07
3.08162e+07
2.24152e+07
2.94358e+07
2.95512e+07
7.76059e+06
8.30227e+06
5.21874e+06
4.00026e+06
4.72377e+06
9.89528e+06
6.91953e+06
-5.55114e+06
-4.34425e+06
-6.29011e+06
-5.01438e+06
-4.85266e+06
-6.12606e+06
-5.69685e+06
-7.68786e+06
-8.6948e+06
-7.01723e+06
-1.0405e+07
-7.21946e+06
-9.15568e+06
-7.78368e+06
-3.33876e+06
-1.97872e+06
-2.21965e+06
-2.83252e+06
-3.16527e+06
-2.41477e+06
-3.11001e+06
-1.79684e+07
-1.74911e+07
-1.88406e+07
-1.78838e+07
-1.73737e+07
-1.83445e+07
-1.84912e+07
-1.57469e+07
-1.57216e+07
-1.55059e+07
-1.62495e+07
-1.53871e+07
-1.56463e+07
-1.63459e+07
4.21616e+06
6.66075e+06
4.6575e+06
6.60525e+06
7.94814e+06
6.47882e+06
3.66001e+07
5.29574e+07
4.94917e+07
4.88436e+07
3.81586e+07
4.73528e+07
4.79718e+07
1.42388e+07
1.00314e+07
1.55032e+07
1.16092e+07
1.35129e+07
1.05737e+07
1.74471e+07
2.61479e+07
4.04772e+07
3.36918e+07
3.38757e+07
2.48577e+07
3.50129e+07
3.52121e+07
2.17953e+06
2.21054e+06
1.58903e+06
776372
-1.00034e+06
-378725
639964
2.46188e+06
1.40907e+06
2.02795e+06
790682
1.83511e+06
1.12411e+06
-5.8748e+06
-7.98119e+06
-6.14319e+06
-8.20786e+06
-6.37016e+06
-7.51196e+06
-5.34212e+06
-2.23289e+06
-512436
-1.4954e+06
-2.10677e+06
-2.40043e+06
-1.29993e+06
-1.94279e+06
-4.86895e+06
-3.51697e+06
-6.15184e+06
-7.42055e+06
-6.65242e+06
-4.32787e+06
-4.39918e+06
-1.30714e+07
-1.32143e+07
-1.39649e+07
-1.3043e+07
-1.27452e+07
-1.31981e+07
-1.40743e+07
-1.47589e+07
-1.47349e+07
-1.49585e+07
-1.57415e+07
-1.49513e+07
-1.48783e+07
-1.56883e+07
5.80055e+07
8.36475e+07
7.29807e+07
7.1614e+07
7.42732e+07
7.2895e+07
5.7093e+07
8.2684e+07
8.5928e+07
7.83499e+07
8.1291e+07
2.16319e+07
2.36374e+07
3.58248e+07
3.33634e+07
2.17092e+07
2.3829e+07
3.65826e+07
3.38722e+07
1.2587e+07
1.64779e+07
1.86966e+07
1.65523e+07
1.27436e+07
1.5589e+07
1.58377e+07
1.97219e+06
-1.19821e+06
-422588
2.26525e+06
3.55902e+06
-539538
1.23026e+06
3.91108e+06
6.56943e+06
1.94749e+06
874377
4.71757e+06
5.11758e+06
1.24012e+06
7.67833e+06
1.18984e+07
8.59674e+06
9.19269e+06
9.03231e+06
9.49551e+06
7.40273e+06
2.04249e+07
1.84534e+07
9.97656e+06
1.13468e+07
2.07646e+07
1.89195e+07
1.07266e+07
1.19991e+07
-4.25529e+06
-3.76683e+06
-779391
-1.32978e+06
-6.97951e+06
-6.16507e+06
-2.42527e+06
-3.2173e+06
-6.60294e+06
-7.30417e+06
-6.13825e+06
-5.8412e+06
-6.26942e+06
-7.50564e+06
-6.19684e+06
-8.75159e+06
-8.63288e+06
-1.03065e+07
-9.07206e+06
-1.01757e+07
-8.87116e+06
-9.03074e+06
-7.29411e+06
-8.06891e+06
-1.09952e+07
-1.03784e+07
-4.32655e+06
-5.00046e+06
-8.15157e+06
-7.47789e+06
-1.70663e+07
-1.64649e+07
-1.44273e+07
-1.48595e+07
-1.96202e+07
-1.89753e+07
-1.65941e+07
-1.69654e+07
-1.99003e+07
-1.94458e+07
-1.93015e+07
-1.84667e+07
-1.90237e+07
-1.9971e+07
-1.91491e+07
-2.01709e+07
-1.31736e+07
-1.77512e+07
-1.26312e+07
-1.68809e+07
-2.1328e+07
-1.23637e+07
-2.19668e+07
-2.16475e+07
-2.11171e+07
-2.39181e+07
-2.00656e+07
-2.27724e+07
-2.3054e+07
-1.89757e+07
-1.53827e+07
-1.18635e+07
-1.12847e+07
-1.58313e+07
-1.78572e+07
-1.16251e+07
-2.00772e+07
-2.06157e+07
-1.76357e+07
-1.83718e+07
7.36318e+06
1.18648e+07
7.83519e+06
7.77422e+06
1.11223e+07
7.48773e+06
4.25149e+07
6.13827e+07
5.31467e+07
5.23854e+07
4.09948e+07
5.4681e+07
5.39154e+07
5.33855e+07
7.53919e+07
6.9691e+07
6.84174e+07
5.42748e+07
6.8303e+07
6.70715e+07
5.506e+07
5.20968e+07
3.70671e+07
3.97347e+07
5.75147e+07
5.41418e+07
3.83203e+07
4.12074e+07
5.9618e+07
6.31024e+07
8.07219e+07
7.73321e+07
5.6626e+07
5.97526e+07
7.66531e+07
7.37057e+07
-5.37588e+06
-4.35971e+06
-4.83297e+06
-2.75146e+06
-3.20097e+06
-3.34699e+06
-6.60625e+06
-7.39648e+06
-7.09517e+06
2.05322e+06
4.46567e+06
2.36281e+06
3.02662e+06
1.82833e+06
2.60662e+06
3.27137e+06
-1.11194e+06
-2.7057e+06
886532
-3.82251e+06
-441138
-3.30778e+06
-253226
5.86428e+06
8.69273e+06
7.22821e+06
7.76727e+06
6.01823e+06
6.79521e+06
7.51338e+06
-2.5311e+06
-2.45867e+06
-5.11091e+06
-4.81605e+06
-3.13165e+06
-4.56494e+06
-1.4604e+06
3.85289e+06
3.12313e+06
-709908
-74385.7
2.29404e+06
1.49517e+06
-2.11783e+06
-1.49898e+06
2.71764e+06
3.53631e+06
9.1793e+06
7.92519e+06
3.96962e+06
4.8214e+06
1.03634e+07
9.24295e+06
-1.20139e+07
-1.20517e+07
-1.33531e+07
-1.23701e+07
-1.22533e+07
-1.32629e+07
-1.22321e+07
-1.00286e+07
-1.01379e+07
-1.10842e+07
-9.91274e+06
-9.61282e+06
-1.12277e+07
-1.01233e+07
-1.1715e+07
-1.22348e+07
-1.4286e+07
-1.38488e+07
-1.42169e+07
-1.46564e+07
-1.64337e+07
-1.60473e+07
-1.40344e+07
-1.35618e+07
-1.12345e+07
-1.181e+07
-1.15632e+07
-1.10251e+07
-8.34409e+06
-9.02051e+06
-1.40726e+07
-1.89848e+07
-2.2551e+07
-2.24174e+07
-2.4991e+07
-2.41024e+07
-2.28595e+07
-2.26812e+07
-2.32462e+07
-2.07166e+07
-1.14159e+07
-2.01015e+07
-2.35471e+07
-2.45544e+07
-2.40562e+07
-1.88221e+07
-1.06572e+07
-1.94308e+07
-2.13543e+07
-2.53571e+07
1.65536e+07
2.55079e+07
2.30007e+07
2.3043e+07
1.6802e+07
2.19987e+07
2.19491e+07
1.93556e+07
3.15862e+07
2.57015e+07
2.5702e+07
1.88874e+07
2.68215e+07
2.68629e+07
-5.00491e+06
-3.88697e+06
-3.94723e+06
-4.99181e+06
-4.78395e+06
-4.21904e+06
-5.26036e+06
-3.9802e+06
-2.49065e+06
-3.32182e+06
-4.01366e+06
-4.12716e+06
-3.15093e+06
-3.88216e+06
-1.74255e+07
-1.70232e+07
-1.6593e+07
-1.73698e+07
-1.69331e+07
-1.68642e+07
-1.77196e+07
-1.61704e+07
-1.59325e+07
-1.61643e+07
-1.68713e+07
-1.6455e+07
-1.60482e+07
-1.67777e+07
3.41399e+07
5.05307e+07
4.26979e+07
4.31321e+07
3.25906e+07
4.41697e+07
4.46099e+07
2.84123e+07
4.2681e+07
3.93288e+07
3.97014e+07
2.99088e+07
3.79423e+07
3.82755e+07
-238726
1.77455e+06
600095
-35790.5
-433553
820369
164920
-1.48086e+06
78219.7
-249569
-854441
-1.32528e+06
-434286
-1.11387e+06
-1.34293e+07
-1.34636e+07
-1.37306e+07
-1.4608e+07
-1.36345e+07
-1.36254e+07
-1.45386e+07
-1.44052e+07
-1.45098e+07
-1.43434e+07
-1.51638e+07
-1.40878e+07
-1.4481e+07
-1.52599e+07
6.41834e+07
9.28041e+07
8.0547e+07
7.92022e+07
6.34951e+07
8.14755e+07
8.00803e+07
6.06554e+07
8.60799e+07
7.81319e+07
7.67253e+07
6.08064e+07
7.70545e+07
7.57607e+07
9.24073e+07
9.48983e+07
7.97234e+07
6.58745e+07
8.34857e+07
8.40452e+07
8.13445e+07
4.99345e+07
3.99455e+07
4.03225e+07
5.06286e+07
5.04088e+07
3.68722e+07
4.78558e+07
3.73371e+07
4.37594e+07
3.15633e+07
4.77812e+07
3.04222e+07
9.0838e+07
8.79547e+07
7.57295e+07
6.20646e+07
7.17607e+07
7.70499e+07
7.44023e+07
7.83332e+07
8.09932e+07
6.45107e+07
8.0042e+07
7.61853e+07
8.82818e+07
9.05998e+07
8.85457e+07
8.17078e+07
7.57081e+07
5.79807e+07
7.67357e+07
8.60525e+07
8.32549e+07
5.2864e+07
7.31273e+07
7.11276e+07
5.55312e+07
3.60047e+07
2.04771e+06
3.46214e+07
2.33042e+06
5.21182e+07
6.62231e+07
6.83312e+07
4.93423e+07
3.7237e+07
2.18643e+06
3.8874e+07
1.57519e+06
8.67031e+07
8.42448e+07
7.98559e+07
6.85046e+07
5.11227e+07
7.38375e+07
6.96779e+07
7.58629e+07
7.67972e+07
8.27113e+07
7.98206e+07
7.31289e+07
5.33423e+07
7.18822e+07
8.48731e+07
7.84113e+07
5.76687e+07
7.3228e+07
7.47739e+07
5.51104e+07
1.54875e+06
3.92011e+07
2.774e+07
2.55679e+07
2.3575e+07
1.82888e+07
1.4808e+07
2.12083e+07
1.90321e+07
2.26599e+07
2.1456e+07
2.54822e+07
2.6266e+07
2.20382e+07
1.64701e+07
2.11165e+07
2.75893e+07
2.48975e+07
2.06301e+07
2.50118e+07
2.69989e+07
1.93231e+07
1.62613e+07
-994089
1.70286e+07
-1.54101e+06
2.23523e+07
3.18061e+07
2.98198e+07
2.3534e+07
1.46082e+07
-2.17453e+06
1.39792e+07
-1.81742e+06
2.88107e+07
3.11654e+07
3.32653e+07
2.92963e+07
2.05204e+07
3.40752e+07
2.82141e+07
3.25245e+07
3.56251e+07
3.11051e+07
2.82984e+07
2.48935e+07
1.86927e+07
2.58239e+07
2.86352e+07
3.00178e+07
1.79769e+07
2.45503e+07
2.28099e+07
1.89795e+07
1.11508e+07
-3.50543e+06
1.05703e+07
-3.16528e+06
1.63466e+07
1.85874e+07
2.02868e+07
1.52312e+07
1.26841e+07
-2.382e+06
1.33813e+07
-2.88186e+06
2.78798e+07
2.55323e+07
1.8361e+07
1.4668e+07
1.56868e+07
1.94697e+07
1.75615e+07
2.11484e+07
2.31172e+07
1.72974e+07
2.18442e+07
1.90283e+07
1.89687e+07
1.44468e+07
2.09498e+07
1.32099e+07
1.8358e+07
1.54857e+07
1.86072e+07
1.97548e+07
1.42569e+07
1.78628e+07
1.99623e+07
1.6513e+07
1.46587e+07
1.61855e+07
1.15642e+07
1.2276e+07
1.63637e+07
1.50596e+07
1.72631e+07
9.91412e+06
1.54368e+07
1.09633e+07
2.94006e+07
3.19126e+07
3.13027e+07
2.42061e+07
2.90689e+07
2.98133e+07
2.65762e+07
2.25526e+07
2.56875e+07
2.11952e+07
2.70497e+07
2.48273e+07
1.04784e+07
7.26295e+06
1.0741e+07
9.21909e+06
7.42327e+06
1.05527e+07
9.31286e+06
1.08622e+07
4.48156e+06
9.35111e+06
5.14917e+06
1.20302e+07
1.33808e+07
1.27751e+07
9.57988e+06
9.07487e+06
1.17737e+07
1.33907e+07
1.22615e+07
7.87647e+06
1.39542e+07
6.98321e+06
1.10492e+07
1.72745e+07
1.29861e+07
1.33562e+07
1.07683e+07
1.36772e+07
1.38548e+07
9.0319e+06
1.30736e+07
1.12245e+07
1.15369e+07
9.18528e+06
1.05894e+07
1.11479e+07
1.61939e+07
1.4566e+07
1.17367e+07
1.51686e+07
1.28441e+07
1.52461e+07
1.69962e+07
1.01969e+07
9.54769e+06
1.23401e+07
1.3169e+07
1.16698e+07
1.30025e+06
-3.86665e+06
-3.32766e+06
57529.8
1.77623e+06
885687
3.70535e+06
1.99906e+06
1.11027e+06
2.81512e+06
1.00163e+06
2.81013e+06
4.52281e+06
2.56295e+06
4.99573e+06
2.23476e+06
3.70164e+06
3.55716e+06
2.1807e+06
-1.36287e+06
3.52548e+06
-1.96843e+06
6.89181e+06
5.69153e+06
8.2969e+06
8.47605e+06
7.9728e+06
5.38889e+06
7.07484e+06
6.79957e+06
2.84045e+06
8.2061e+06
2.20844e+06
5.65095e+06
5.17471e+06
6.88704e+06
3.86497e+06
4.03815e+06
6.16012e+06
4.76126e+06
5.73375e+06
127397
4.42383e+06
677651
1.41897e+07
1.25695e+07
7.65966e+06
5.7445e+06
6.01455e+06
8.19614e+06
7.13338e+06
9.37039e+06
1.05746e+07
7.47928e+06
9.82339e+06
8.03437e+06
1.55943e+07
1.72433e+07
1.88283e+07
1.59518e+07
1.94759e+07
1.27322e+07
2.06453e+07
1.53028e+07
1.83357e+07
1.7159e+07
1.52146e+07
1.30464e+07
1.12378e+07
1.35274e+07
1.54029e+07
1.63443e+07
1.03799e+07
1.36669e+07
1.26607e+07
1.11854e+07
5.20217e+06
-5.68541e+06
4.73776e+06
-5.4325e+06
9.08251e+06
9.52528e+06
1.06301e+07
8.19761e+06
6.40333e+06
-4.84766e+06
6.96774e+06
-5.24253e+06
1.49539e+07
1.34556e+07
1.19453e+07
9.14047e+06
7.99278e+06
1.04779e+07
9.46955e+06
1.12861e+07
1.05529e+07
1.3444e+07
1.39001e+07
1.13036e+07
9.32014e+06
1.10168e+07
1.4915e+07
1.30944e+07
1.25157e+07
1.34489e+07
1.4799e+07
1.15245e+07
9.36959e+06
-3.70983e+06
9.99923e+06
-4.1552e+06
1.39829e+07
1.84136e+07
1.48771e+07
1.7051e+07
8.00791e+06
-4.67123e+06
7.49238e+06
-4.38429e+06
-2.64044e+06
-3.1613e+06
-3.63717e+06
-4.4847e+06
-4.74224e+06
-4.04957e+06
-4.37221e+06
-3.65243e+06
-4.20921e+06
-2.93407e+06
-2.64583e+06
-3.59243e+06
-4.18173e+06
-3.69797e+06
-2.47537e+06
-2.88243e+06
-2.61918e+06
-2.55404e+06
-2.01223e+06
-3.06966e+06
-3.55343e+06
-8.13e+06
-3.29165e+06
-8.29023e+06
-1.99657e+06
-552409
-986484
-1.57867e+06
-4.12651e+06
-8.43169e+06
-4.35659e+06
-8.32352e+06
-2.58108e+06
-2.03058e+06
-1.12715e+06
-1.92643e+06
-2.6135e+06
-846119
-1.99773e+06
-1.103e+06
-612243
-1.92404e+06
-2.44195e+06
-2.92378e+06
-3.26242e+06
-2.77151e+06
-2.58582e+06
-1.98651e+06
-3.58786e+06
-2.3476e+06
-2.72958e+06
-3.21961e+06
-5.3044e+06
-8.71224e+06
-5.50529e+06
-8.6193e+06
-4.13052e+06
-4.09605e+06
-3.62406e+06
-4.522e+06
-4.80183e+06
-8.45844e+06
-4.57993e+06
-8.5889e+06
-4.86859e+06
-5.7612e+06
-8.36853e+06
-9.26676e+06
-1.00908e+07
-8.08134e+06
-9.43553e+06
-8.31438e+06
-6.97361e+06
-8.57178e+06
-7.30794e+06
-9.02933e+06
-1.28066e+07
-1.53114e+07
-1.22312e+07
-1.55859e+07
-1.14595e+07
-9.74753e+06
-7.80688e+06
-9.33263e+06
-1.01675e+07
-9.96968e+06
-1.10053e+07
-1.31894e+07
-1.63835e+07
-1.37206e+07
-1.61225e+07
-4.52157e+06
-3.69004e+06
-4.4583e+06
-6.28912e+06
-5.84011e+06
-4.86675e+06
-6.67638e+06
-7.91582e+06
-6.05959e+06
-7.0654e+06
-5.72825e+06
-7.14953e+06
-1.48279e+07
-1.80468e+07
-1.52716e+07
-1.7735e+07
-1.45206e+07
-1.69105e+07
-1.40621e+07
-1.71786e+07
-7.07702e+06
-6.55295e+06
-8.43745e+06
-7.06824e+06
-7.27839e+06
-8.28757e+06
-6.84945e+06
-8.30099e+06
-8.2704e+06
-9.32771e+06
-8.00888e+06
-7.84416e+06
-9.49392e+06
-8.26581e+06
-9.17009e+06
-1.0434e+07
-1.05711e+07
-9.45114e+06
-1.10443e+07
-9.13166e+06
-8.42046e+06
-1.19528e+07
-1.11829e+07
-1.03704e+07
-1.01249e+07
-1.13929e+07
-1.74652e+07
-2.00202e+07
-1.98965e+07
-1.77995e+07
-1.72259e+07
-1.95025e+07
-1.68776e+07
-1.95928e+07
-1.59495e+07
-1.8456e+07
-1.55631e+07
-1.86331e+07
-1.62269e+07
-1.91644e+07
-1.66264e+07
-1.89801e+07
-9.40438e+06
-1.0072e+07
-1.21003e+07
-1.28424e+07
-1.3553e+07
-1.18923e+07
-1.30675e+07
-1.22452e+07
-1.10691e+07
-1.23062e+07
-1.13059e+07
-1.27685e+07
-6.11822e+06
-5.48125e+06
-4.57207e+06
-5.06746e+06
-4.23039e+06
-5.59828e+06
-4.12106e+06
-5.35331e+06
-4.47411e+06
-5.20254e+06
-5.4791e+06
-5.95557e+06
-6.08191e+06
-5.95815e+06
-5.71377e+06
-5.1491e+06
-6.24639e+06
-5.31813e+06
-5.69072e+06
-5.93127e+06
-7.26462e+06
-9.19065e+06
-7.42455e+06
-9.11533e+06
-6.66508e+06
-6.69522e+06
-6.36783e+06
-6.9612e+06
-6.86936e+06
-8.98676e+06
-6.69657e+06
-9.08143e+06
-6.31348e+06
-7.09141e+06
-7.00067e+06
-7.86986e+06
-7.37744e+06
-7.1238e+06
-7.84572e+06
-6.7394e+06
-7.66661e+06
-6.48751e+06
-5.6911e+06
-7.09755e+06
-6.9625e+06
-7.28933e+06
-5.74949e+06
-6.21358e+06
-5.46422e+06
-5.46188e+06
-5.05136e+06
-5.80507e+06
-5.89842e+06
-8.73608e+06
-5.70226e+06
-8.84863e+06
-4.9896e+06
-3.92249e+06
-4.65711e+06
-4.26769e+06
-6.33861e+06
-8.95875e+06
-6.51673e+06
-8.8767e+06
-1.57248e+07
-1.61711e+07
-1.60306e+07
-1.66078e+07
-1.61948e+07
-1.60997e+07
-1.63464e+07
-1.57432e+07
-1.64441e+07
-1.57587e+07
-1.51042e+07
-1.57981e+07
-1.57367e+07
-1.5897e+07
-1.53262e+07
-1.54231e+07
-1.38104e+07
-1.44275e+07
-1.4072e+07
-1.42301e+07
-1.281e+07
-1.19509e+07
-1.25958e+07
-1.2213e+07
-1.36119e+07
-1.3353e+07
-1.3717e+07
-1.31998e+07
-1.32864e+07
-1.26166e+07
-1.35102e+07
-1.23678e+07
-1.55272e+07
-1.51107e+07
-1.44705e+07
-1.47163e+07
-1.43617e+07
-1.38629e+07
-1.47767e+07
-1.4146e+07
-1.40298e+07
-1.47502e+07
-1.47324e+07
-1.51799e+07
-1.47048e+07
-1.51404e+07
-1.51836e+07
-1.44653e+07
-1.50098e+07
-1.46797e+07
-1.50447e+07
-1.4562e+07
-1.45561e+07
-1.33195e+07
-1.48777e+07
-1.3129e+07
-1.52197e+07
-1.58003e+07
-1.5372e+07
-1.56117e+07
-1.41533e+07
-1.2772e+07
-1.3904e+07
-1.3007e+07
-1.78335e+07
-1.84476e+07
-2.03135e+07
-2.02396e+07
-2.11104e+07
-1.97664e+07
-2.06104e+07
-1.946e+07
-1.85495e+07
-1.96807e+07
-1.91453e+07
-2.00784e+07
-2.13558e+07
-2.2918e+07
-2.11912e+07
-2.30134e+07
-2.15048e+07
-2.32957e+07
-2.16823e+07
-2.31622e+07
-1.75581e+07
-1.71637e+07
-1.75161e+07
-1.82175e+07
-1.83061e+07
-1.76124e+07
-1.86067e+07
-1.90976e+07
-1.81085e+07
-1.85694e+07
-1.79792e+07
-1.87788e+07
-2.27847e+07
-2.48161e+07
-2.30431e+07
-2.42504e+07
-2.23504e+07
-2.34413e+07
-2.18428e+07
-2.37095e+07
-2.04515e+07
-1.9727e+07
-2.09108e+07
-2.04329e+07
-2.11257e+07
-2.05188e+07
-1.98185e+07
-2.29201e+07
-2.39689e+07
-2.31603e+07
-2.37677e+07
-2.48319e+07
-2.45577e+07
-2.34293e+07
-2.32834e+07
-2.3755e+07
-2.46964e+07
-2.40891e+07
-2.38947e+07
-2.13352e+07
-2.18367e+07
-2.11432e+07
-1.62117e+07
-9.3074e+06
-1.6826e+07
-2.06787e+07
-1.96566e+07
-2.03778e+07
-1.81208e+07
-9.6955e+06
-1.74514e+07
-2.21266e+07
-2.24638e+07
-2.17644e+07
-2.11982e+07
-2.08203e+07
-2.15401e+07
-2.27129e+07
-2.18344e+07
-2.21957e+07
-2.17301e+07
-2.0868e+07
-2.1279e+07
-2.08135e+07
-2.14443e+07
-2.15422e+07
-2.12459e+07
-2.17617e+07
-2.13981e+07
-2.09011e+07
-2.21554e+07
-2.18729e+07
-2.19189e+07
-2.16163e+07
-2.19318e+07
-2.40048e+07
-2.4638e+07
-2.35291e+07
-2.29432e+07
-2.34974e+07
-2.3193e+07
-2.45933e+07
-2.38652e+07
-2.31584e+07
-2.51549e+07
-2.30954e+07
-2.53976e+07
-2.31796e+07
-2.50963e+07
-2.35596e+07
-2.53269e+07
-2.15279e+07
-2.2356e+07
-2.18153e+07
-1.97086e+07
-1.89564e+07
-1.7659e+07
-1.72096e+07
-1.64333e+07
-1.72504e+07
-1.67982e+07
-1.78277e+07
-1.69978e+07
-1.85439e+07
-1.88191e+07
-1.95189e+07
-1.78211e+07
-1.87225e+07
-1.94874e+07
-1.75654e+07
-1.92478e+07
-1.89264e+07
-1.5878e+07
-1.09924e+07
-1.61889e+07
-1.93117e+07
-1.95119e+07
-1.9142e+07
-1.32337e+07
-1.73797e+07
-2.02243e+07
-1.97683e+07
-2.0258e+07
-2.00098e+07
-1.67996e+07
-1.80429e+07
-1.66955e+07
-1.70288e+07
-1.53474e+07
-1.33804e+07
-1.48555e+07
-1.35682e+07
-1.64415e+07
-1.59644e+07
-1.60791e+07
-1.64425e+07
-1.53681e+07
-1.30871e+07
-1.68616e+07
-1.34465e+07
3.49741e+07
3.36697e+07
2.91007e+07
3.175e+07
2.50498e+07
1.47615e+07
1.58578e+07
1.9678e+07
1.85417e+07
2.73787e+07
2.63811e+07
2.25265e+07
2.36017e+07
3.54187e+07
3.60914e+07
3.5341e+07
3.52687e+07
3.00925e+07
3.08814e+07
3.36249e+07
3.31986e+07
4.51292e+07
6.39704e+07
5.97462e+07
5.87701e+07
4.65195e+07
5.8197e+07
5.72444e+07
5.0719e+07
7.27879e+07
6.34345e+07
6.2323e+07
4.94301e+07
6.49331e+07
6.38156e+07
4.64179e+07
4.93778e+07
5.17961e+07
4.65233e+07
3.17206e+07
5.2207e+07
4.51722e+07
5.03679e+07
5.45674e+07
4.9146e+07
4.52862e+07
4.11324e+07
2.95953e+07
4.23076e+07
4.60711e+07
4.74134e+07
2.72984e+07
3.99172e+07
3.77156e+07
2.89272e+07
1.83329e+07
-806090
1.76176e+07
-421218
2.5587e+07
3.23831e+07
2.38402e+07
3.4601e+07
2.00632e+07
400807
2.09426e+07
-192345
4.4978e+07
4.22119e+07
3.96337e+07
3.25553e+07
2.32343e+07
3.63518e+07
3.36237e+07
3.68446e+07
3.82963e+07
4.20613e+07
4.27968e+07
3.75321e+07
2.52632e+07
3.62937e+07
4.46788e+07
4.1066e+07
3.17023e+07
4.05487e+07
4.29352e+07
2.93337e+07
2.40754e+07
1.59195e+06
2.51206e+07
986587
3.33228e+07
4.85777e+07
4.62482e+07
3.54464e+07
2.23465e+07
498822
2.14776e+07
896480
4.84838e+07
5.17357e+07
5.10988e+07
4.1105e+07
4.85347e+07
4.92848e+07
4.54141e+07
4.0188e+07
4.40416e+07
3.74656e+07
4.58056e+07
4.31798e+07
2.48089e+07
1.6857e+07
2.27144e+07
1.82073e+07
2.3581e+07
1.77572e+07
2.322e+07
2.12731e+07
1.90845e+07
2.19005e+07
2.32318e+07
2.56528e+07
2.70053e+07
2.58627e+07
2.27494e+07
2.12307e+07
2.49189e+07
2.74458e+07
2.67587e+07
2.22125e+07
2.07467e+07
2.89732e+07
4.65114e+07
4.34142e+07
3.4264e+07
2.88646e+07
3.07319e+07
3.58432e+07
3.33826e+07
3.82649e+07
4.06963e+07
3.22389e+07
3.89975e+07
3.53992e+07
3.5246e+07
3.04409e+07
2.89092e+07
3.74818e+07
3.31969e+07
2.48239e+07
2.6324e+07
3.09531e+07
6.91721e+07
6.56047e+07
5.46884e+07
4.64886e+07
5.06346e+07
5.65161e+07
5.38215e+07
5.93848e+07
6.20071e+07
5.01825e+07
6.01746e+07
5.61617e+07
4.9408e+07
4.10027e+07
4.95747e+07
4.03883e+07
4.81575e+07
3.91282e+07
4.00902e+07
4.69281e+07
7.13655e+07
7.49297e+07
7.24643e+07
6.98072e+07
5.84764e+07
7.09228e+07
6.69123e+07
6.15642e+07
6.56559e+07
5.5158e+07
6.73955e+07
6.46936e+07
4.16203e+07
3.2928e+07
3.43872e+07
3.94859e+07
4.34729e+07
3.77198e+07
3.64567e+07
4.52682e+07
6.57754e+07
6.26755e+07
5.92829e+07
5.03135e+07
3.68217e+07
5.4796e+07
5.15389e+07
5.60383e+07
5.70207e+07
6.21257e+07
6.19597e+07
5.59015e+07
3.8998e+07
5.44592e+07
6.49723e+07
6.00563e+07
4.56542e+07
5.79394e+07
6.0336e+07
4.28397e+07
3.28066e+07
2.60811e+06
3.43527e+07
1.96673e+06
4.68367e+07
6.58983e+07
4.94334e+07
6.35916e+07
3.13178e+07
2.08543e+06
3.00056e+07
2.42409e+06
6.75018e+07
7.0703e+07
7.27305e+07
6.50813e+07
7.14793e+07
4.63153e+07
7.53797e+07
6.36771e+07
6.97084e+07
6.98217e+07
6.45572e+07
5.97029e+07
4.41329e+07
6.09399e+07
6.65196e+07
6.67896e+07
4.01003e+07
5.74208e+07
5.50141e+07
4.25353e+07
2.66762e+07
1.52696e+06
2.55698e+07
1.91376e+06
3.86202e+07
4.91622e+07
3.59299e+07
5.16126e+07
2.83148e+07
2.39191e+06
2.96402e+07
1.74771e+06
1.2167e+07
1.11236e+07
7.90912e+06
8.7893e+06
2.54511e+06
3.14651e+06
5.76596e+06
4.98628e+06
-5.6061e+06
-5.10042e+06
-3.20601e+06
-3.78822e+06
897491
271279
-1.77502e+06
-1.22278e+06
-1.58468e+07
-1.56119e+07
-1.46879e+07
-1.49564e+07
-1.25455e+07
-1.28756e+07
-1.3952e+07
-1.36612e+07
-6.85261e+06
-7.34755e+06
-8.90114e+06
-8.46979e+06
-1.16635e+07
-1.13086e+07
-9.95781e+06
-1.0366e+07
3.07504e+06
5.2701e+06
4.05906e+06
4.67265e+06
3.22681e+06
3.72296e+06
4.45975e+06
4.68349e+06
7.73341e+06
5.18565e+06
5.85519e+06
4.4294e+06
5.49152e+06
6.12116e+06
1.44819e+06
2.18451e+06
3.3273e+06
2.20032e+06
1.2143e+06
3.62133e+06
2.12606e+06
3.28507e+06
4.0325e+06
2.28131e+06
1.51643e+06
880593
340377
1.09542e+06
1.40003e+06
2.10252e+06
-168267
1.51718e+06
1.01435e+06
310772
-2.77145e+06
-8.09521e+06
-3.03643e+06
-7.96827e+06
-889262
-792123
-1.4087e+06
-167655
-2.10833e+06
-7.73064e+06
-1.80211e+06
-7.92216e+06
1.36383e+06
736117
26609.7
-1.15528e+06
-1.58511e+06
-606057
-971365
-737482
-87012.9
939184
1.226e+06
-12295.8
-831746
-78468.8
1.53903e+06
934395
1.10437e+06
1.24074e+06
1.96123e+06
506184
-426606
-7.22022e+06
-63997.8
-7.45555e+06
1.94267e+06
3.90713e+06
3.32296e+06
2.49226e+06
-1.2006e+06
-7.68431e+06
-1.50906e+06
-7.53014e+06
122882
810016
395183
-1.32553e+06
-326719
14880.4
-1.13091e+06
-2.51389e+06
-1.17428e+06
-2.24447e+06
-873472
-1.66357e+06
-1.11995e+07
-1.46946e+07
-1.18249e+07
-1.44016e+07
-9.96946e+06
-9.06261e+06
-6.19204e+06
-8.86665e+06
-8.67361e+06
-1.04513e+07
-8.19626e+06
-9.36803e+06
-6.92168e+06
-5.46709e+06
-7.54926e+06
-8.03434e+06
-7.66378e+06
-8.83491e+06
-1.0747e+07
-1.34272e+07
-1.37538e+07
-1.00614e+07
-220627
-921401
-3.52075e+06
-4.62746e+06
-5.37712e+06
-3.17753e+06
-4.48979e+06
-2.99282e+06
-1.93829e+06
-3.80335e+06
-2.3535e+06
-3.94891e+06
-6.91892e+06
-5.17136e+06
-3.07661e+06
-4.18941e+06
-5.68568e+06
-5.02676e+06
-6.29286e+06
-8.29728e+06
-1.11622e+07
-1.15504e+07
-7.48068e+06
-7.62306e+06
-6.39032e+06
-3.83438e+06
-6.79588e+06
-6.38676e+06
-5.62936e+06
-8.18554e+06
-8.83468e+06
-1.26822e+07
-1.23337e+07
-9.57945e+06
5.32929e+06
4.35358e+06
1.25901e+06
95009.8
71165.8
1.58236e+06
838472
2.30057e+06
3.06054e+06
1.22332e+06
2.64465e+06
1.43685e+06
-1.90505e+06
-5.1732e+06
-739025
-5.71381e+06
-781832
-202834
1.45757e+06
1.99649e+06
43595.2
-591019
605524
-2.66132e+06
-7.34298e+06
-6.86157e+06
-3.72136e+06
-1.71798e+06
-811454
933008
-1.81504e+06
-1.5255e+06
-49983.9
-2.45413e+06
5.89132e+06
6.92717e+06
6.31007e+06
5.42168e+06
4.09151e+06
5.79345e+06
4.38269e+06
2.76632e+06
4.11511e+06
2.69947e+06
4.49631e+06
3.66538e+06
-4.88213e+06
-4.35625e+06
-1.52913e+06
-3.62189e+06
-3.98876e+06
-5.53433e+06
-2.82548e+06
-6.02044e+06
-1.02604e+07
-9.84924e+06
-6.90851e+06
-5.38161e+06
-8.43595e+06
-8.89881e+06
-4.40194e+06
-4.06137e+06
-1.34023e+06
-649632
-2.73551e+06
-3.20088e+06
-2.19223e+06
-3.32914e+06
6.79157e+06
5.90889e+06
4.90563e+06
3.23307e+06
2.55671e+06
3.98516e+06
3.48078e+06
3.8947e+06
4.63772e+06
6.10222e+06
6.41026e+06
4.76335e+06
3.56831e+06
4.66829e+06
6.95901e+06
6.00878e+06
6.05692e+06
6.3276e+06
7.28201e+06
5.27323e+06
3.79878e+06
-5.8127e+06
4.28259e+06
-6.13656e+06
7.18337e+06
9.88204e+06
7.89691e+06
9.07328e+06
2.75952e+06
-6.49654e+06
2.34658e+06
-6.27497e+06
6.97757e+06
7.98459e+06
9.37534e+06
7.74305e+06
9.70703e+06
6.2639e+06
1.04606e+07
7.60112e+06
9.19224e+06
8.02372e+06
6.89845e+06
5.96039e+06
5.10065e+06
6.24175e+06
6.86177e+06
7.60799e+06
4.37932e+06
6.67572e+06
5.99014e+06
5.00776e+06
627354
-7.15665e+06
273989
-6.97868e+06
3.40532e+06
3.59312e+06
2.7189e+06
4.42283e+06
1.52554e+06
-6.5986e+06
1.94651e+06
-6.87757e+06
-1.64604e+07
-1.66785e+07
-1.73618e+07
-1.72178e+07
-1.85685e+07
-1.83934e+07
-1.78271e+07
-1.80133e+07
-2.0647e+07
-2.05359e+07
-2.00253e+07
-2.01765e+07
-1.89546e+07
-1.91069e+07
-1.9639e+07
-1.9508e+07
-2.31873e+07
-2.31334e+07
-2.29057e+07
-2.29502e+07
-2.23697e+07
-2.24273e+07
-2.26946e+07
-2.2642e+07
-2.0987e+07
-2.10839e+07
-2.14576e+07
-2.13627e+07
-2.21258e+07
-2.2055e+07
-2.17264e+07
-2.1803e+07
-1.16261e+07
-1.17721e+07
-1.26176e+07
-1.1578e+07
-1.12653e+07
-1.27415e+07
-1.17562e+07
-1.04533e+07
-1.04555e+07
-1.19318e+07
-1.08297e+07
-1.07257e+07
-1.18221e+07
-1.06603e+07
-1.29897e+07
-1.25083e+07
-1.17819e+07
-1.21818e+07
-1.16057e+07
-1.11243e+07
-1.22628e+07
-1.14658e+07
-1.1267e+07
-1.21209e+07
-1.21202e+07
-1.26698e+07
-1.19193e+07
-1.26437e+07
-1.26216e+07
-1.18172e+07
-1.21939e+07
-1.19923e+07
-1.23908e+07
-1.17498e+07
-1.19808e+07
-1.17636e+07
-1.21949e+07
-1.14843e+07
-1.24041e+07
-1.31406e+07
-1.27946e+07
-1.27596e+07
-1.1482e+07
-1.1e+07
-1.12445e+07
-1.13032e+07
-1.31266e+07
-1.35923e+07
-1.3484e+07
-1.39448e+07
-1.33185e+07
-1.34536e+07
-1.39286e+07
-1.39462e+07
-1.31858e+07
-1.31787e+07
-1.25554e+07
-1.35121e+07
-1.30152e+07
-1.35781e+07
-1.27098e+07
-1.28592e+07
-1.08916e+07
-1.17699e+07
-1.13516e+07
-1.13167e+07
-1.00414e+07
-9.93751e+06
-9.7708e+06
-1.02713e+07
-1.06698e+07
-1.05051e+07
-1.09498e+07
-1.0159e+07
-1.05884e+07
-1.07879e+07
-1.08176e+07
-1.04724e+07
-1.52921e+07
-1.48702e+07
-1.53975e+07
-1.62574e+07
-1.63214e+07
-1.55317e+07
-1.66727e+07
-1.72024e+07
-1.60561e+07
-1.66484e+07
-1.59489e+07
-1.68645e+07
-2.08734e+07
-2.27044e+07
-2.10474e+07
-2.26087e+07
-2.07275e+07
-2.23218e+07
-2.24058e+07
-2.05412e+07
-1.54547e+07
-1.58496e+07
-1.70946e+07
-1.76417e+07
-1.81597e+07
-1.70084e+07
-1.7848e+07
-1.73572e+07
-1.65131e+07
-1.72724e+07
-1.66182e+07
-1.76775e+07
-2.00291e+07
-2.17296e+07
-2.18164e+07
-1.981e+07
-2.01907e+07
-2.21074e+07
-2.20256e+07
-2.03936e+07
-1.28235e+07
-1.33242e+07
-1.49048e+07
-1.5539e+07
-1.61401e+07
-1.47657e+07
-1.57656e+07
-1.51489e+07
-1.4142e+07
-1.51147e+07
-1.4308e+07
-1.5544e+07
-1.83085e+07
-2.02948e+07
-1.80115e+07
-2.04134e+07
-1.85145e+07
-2.08022e+07
-2.06829e+07
-1.87904e+07
-1.2617e+07
-1.20788e+07
-1.27116e+07
-1.38037e+07
-1.38087e+07
-1.29123e+07
-1.42556e+07
-1.49363e+07
-1.35987e+07
-1.42824e+07
-1.34268e+07
-1.45127e+07
-1.94099e+07
-2.1495e+07
-2.14013e+07
-1.96472e+07
-1.92297e+07
-2.10684e+07
-2.11747e+07
-1.89749e+07
-1.01333e+07
-1.07247e+07
-1.06072e+07
-1.12612e+07
-1.04182e+07
-1.06504e+07
-1.12253e+07
-1.11594e+07
-1.03036e+07
-1.02254e+07
-9.52496e+06
-1.06956e+07
-1.00798e+07
-1.07959e+07
-9.64603e+06
-9.91464e+06
-7.80396e+06
-8.56021e+06
-8.05274e+06
-8.06289e+06
-7.75407e+06
-9.22432e+06
-7.59176e+06
-9.31059e+06
-7.45522e+06
-6.95385e+06
-7.08332e+06
-7.53889e+06
-8.12032e+06
-9.42709e+06
-8.25938e+06
-9.35449e+06
-9.9646e+06
-9.35819e+06
-8.46915e+06
-9.01408e+06
-7.717e+06
-8.46749e+06
-7.81133e+06
-9.14584e+06
-8.16817e+06
-8.90542e+06
-8.99854e+06
-9.67221e+06
-8.83348e+06
-9.63529e+06
-9.52131e+06
-8.60816e+06
-9.00603e+06
-8.83951e+06
-9.34409e+06
-8.38765e+06
-9.10738e+06
-9.7676e+06
-9.3044e+06
-9.62859e+06
-9.24751e+06
-1.02576e+07
-9.69653e+06
-9.79385e+06
-8.62665e+06
-9.4727e+06
-8.4339e+06
-9.56619e+06
-2.33489e+07
-2.34073e+07
-2.3637e+07
-2.35749e+07
-2.4751e+07
-2.43428e+07
-2.38075e+07
-2.39884e+07
-2.55823e+07
-2.48492e+07
-2.48538e+07
-2.49478e+07
-2.50006e+07
-2.49466e+07
-2.48869e+07
-2.49077e+07
-8.41958e+06
-9.39935e+06
-1.11237e+07
-1.02223e+07
-9.75812e+06
-8.63763e+06
-8.89177e+06
-1.74989e+07
-1.75456e+07
-1.79984e+07
-2.00267e+07
-1.68383e+07
-1.8359e+07
-1.86923e+07
-1.82188e+07
-2.04222e+07
-2.07793e+07
-2.02475e+07
-1.89675e+07
-1.94873e+07
-1.93083e+07
1.67014e+07
2.29613e+07
1.30837e+07
1.31387e+07
1.27755e+07
1.72766e+07
2.01029e+07
-1.08054e+07
-1.13223e+07
-1.04229e+07
-9.35346e+06
-1.06155e+07
-9.75724e+06
-1.13602e+07
-1.33357e+07
-1.17416e+07
-1.39383e+07
-1.26232e+07
-1.22324e+07
-1.8477e+07
-1.9913e+07
-1.79506e+07
-1.68548e+07
-1.9456e+07
-1.7324e+07
-1.55346e+07
-1.69462e+07
-1.73527e+07
-1.81828e+07
-1.61165e+07
-1.62453e+07
-1.68051e+07
-1.48339e+07
-1.56832e+07
-1.50253e+07
-1.76416e+07
-1.56689e+07
-1.42769e+07
-1.62054e+07
-1.91392e+07
-2.15453e+07
-1.97867e+07
-2.22071e+07
-2.16419e+07
-2.04674e+07
2.63e+07
1.76041e+07
2.27068e+07
3.63125e+07
3.74774e+07
1.81231e+07
2.55992e+07
2.77443e+07
2.22286e+07
3.83619e+07
1.782e+07
-1.06577e+07
-1.2291e+07
-1.3836e+07
-1.24878e+07
-1.18012e+07
-1.17396e+07
-1.11937e+07
-1.00397e+07
-1.02494e+07
-1.07395e+07
-1.31948e+07
-9.5451e+06
-1.09942e+07
-1.12489e+07
6.64527e+06
1.05126e+07
6.10731e+06
8.46996e+06
4.14013e+06
2.2662e+07
1.68248e+07
3.43737e+07
2.05657e+07
2.33942e+07
1.65026e+07
3.21899e+07
2.02122e+07
2.63427e+07
1.48974e+07
1.8625e+07
1.96533e+07
1.50515e+07
2.92504e+07
-8.53796e+06
-8.26925e+06
-8.09832e+06
-1.43839e+07
-1.62383e+07
-1.39487e+07
-1.30718e+07
-1.57029e+07
-1.34921e+07
-1.48739e+07
-1.77086e+07
-1.53179e+07
-1.62864e+07
-1.81552e+07
-1.58413e+07
-1.23872e+07
-1.27775e+07
-1.32266e+07
-1.55689e+07
-1.18225e+07
-1.3371e+07
-1.38431e+07
-1.30412e+07
-1.50668e+07
-1.44906e+07
-1.61186e+07
-1.36031e+07
-1.38762e+07
-1.45118e+07
4.69488e+07
4.18242e+07
5.02175e+07
4.71076e+07
4.10697e+07
4.75858e+07
4.68313e+07
4.64147e+07
4.75561e+07
3.99566e+07
5.15813e+07
4.15651e+07
4.56705e+07
4.78165e+07
4.73189e+07
3.97441e+07
4.65377e+07
4.41778e+07
-1.19736e+07
-1.10087e+07
-8.49121e+06
-1.10836e+07
-1.07416e+07
-1.04292e+07
-1.23855e+07
-1.36883e+07
-1.27965e+07
-1.05535e+07
-1.28453e+07
-1.25224e+07
-1.2345e+07
-1.40332e+07
-1.32599e+07
-1.14098e+07
-9.93833e+06
-1.16933e+07
-1.20285e+07
-1.19541e+07
-1.28663e+07
-1.6408e+07
-1.56812e+07
-1.38944e+07
-1.57851e+07
-1.54584e+07
-1.54117e+07
-1.66681e+07
-1.60858e+07
-1.47204e+07
-1.47996e+07
-1.34238e+07
-1.50661e+07
-1.57979e+07
-1.51197e+07
-1.47733e+07
-1.33287e+07
-1.31879e+07
-1.18035e+07
-1.44405e+07
-1.36196e+07
-1.365e+07
-1.51542e+07
-1.44233e+07
-1.23436e+07
-1.43241e+07
-1.40617e+07
-1.39896e+07
-1.54514e+07
-2.05338e+07
-1.98997e+07
-1.90039e+07
-1.98852e+07
-2.00856e+07
-2.01155e+07
-2.03754e+07
-2.07321e+07
-2.05388e+07
-1.93264e+07
-2.05839e+07
-2.0369e+07
-2.02922e+07
-2.08925e+07
-2.20046e+07
-2.21464e+07
-2.09621e+07
-2.2477e+07
-2.16824e+07
-2.19271e+07
-2.23987e+07
-2.15002e+07
-2.07957e+07
-2.04632e+07
-2.09086e+07
-2.12825e+07
-2.13446e+07
-2.11184e+07
-2.28965e+07
-2.25128e+07
-2.28782e+07
-2.24553e+07
-2.26414e+07
-2.30834e+07
-2.32094e+07
-2.3087e+07
-2.32829e+07
-2.28315e+07
-2.326e+07
-2.33826e+07
-2.33557e+07
-2.32196e+07
3.34911e+07
3.03251e+07
3.38545e+07
3.4583e+07
2.88592e+07
3.25029e+07
3.52926e+07
3.13682e+07
2.86733e+07
3.10922e+07
2.51699e+07
2.66419e+07
3.07573e+07
2.95631e+07
4.59002e+07
4.07654e+07
4.64157e+07
4.81213e+07
4.65127e+07
4.08872e+07
4.54646e+07
4.49873e+07
4.29447e+07
4.59273e+07
3.89491e+07
3.94264e+07
4.4402e+07
4.38391e+07
3.90279e+07
3.27086e+07
3.90402e+07
3.62285e+07
3.39487e+07
3.73339e+07
3.81986e+07
4.08466e+07
4.1581e+07
4.17099e+07
3.69829e+07
3.60019e+07
3.979e+07
4.23425e+07
-2.00198e+07
-1.96119e+07
-1.8386e+07
-1.97241e+07
-1.9478e+07
-2.01807e+07
-1.94873e+07
-1.98184e+07
-1.90676e+07
-1.80779e+07
-1.90654e+07
-1.92219e+07
-1.93113e+07
-1.96516e+07
-1.90511e+07
-1.81837e+07
-1.71172e+07
-1.81808e+07
-1.83553e+07
-1.84493e+07
-1.88642e+07
-1.92697e+07
-1.88987e+07
-1.74478e+07
-1.87655e+07
-1.86289e+07
-1.86429e+07
-1.94443e+07
-1.72141e+07
-1.60945e+07
-1.60405e+07
-1.48266e+07
-1.69686e+07
-1.63165e+07
-1.63878e+07
-1.74941e+07
-1.69633e+07
-1.524e+07
-1.68438e+07
-1.66583e+07
-1.66399e+07
-1.77203e+07
-1.84383e+07
-1.78573e+07
-1.64119e+07
-1.79899e+07
-1.77004e+07
-1.86351e+07
-1.77049e+07
-1.81937e+07
-1.71824e+07
-1.60464e+07
-1.72073e+07
-1.73997e+07
-1.74855e+07
-1.79808e+07
)
;

boundaryField
{
    left
    {
        type            calculated;
        value           nonuniform List<scalar> 0();
    }
    bottom
    {
        type            calculated;
        value           nonuniform List<scalar> 
214
(
8.43628e+06
-7.92233e+06
-1.50522e+07
1.17186e+07
-6.82226e+06
-1.39247e+07
2.04653e+07
-58898.8
-1.0502e+07
1.92939e+07
-2.19385e+06
-1.12626e+07
1.42573e+07
1.07119e+07
5.28608e+06
-5.06772e+06
-6.27105e+06
-8.87477e+06
-1.36172e+07
-1.48193e+07
-1.63566e+07
1.48355e+07
2.17138e+07
1.79744e+07
-5.53044e+06
-2.06867e+06
-3.68132e+06
-1.29357e+07
-1.12065e+07
-1.23491e+07
2.36371e+07
3.30991e+07
6.4243e+06
1.02172e+07
1.70364e+06
4.82267e+06
2.43381e+06
7.45521e+06
4.54983e+06
-6.28734e+06
-5.02372e+06
-7.72678e+06
-6.73533e+06
-9.72191e+06
-7.33542e+06
-8.30688e+06
-1.30659e+07
-1.15784e+07
-1.31342e+07
-1.46096e+07
-1.30088e+07
-1.55884e+07
2.91361e+07
2.54019e+07
1.74259e+07
1.79882e+07
2.23154e+07
1.21074e+07
1.61807e+07
2.00868e+06
-185956
-4.00305e+06
-1.84868e+06
503835
-4.41775e+06
-2.70233e+06
-9.23528e+06
-1.01803e+07
-1.20582e+07
-9.03588e+06
-8.09543e+06
-1.10053e+07
-9.47138e+06
-8.15515e+06
-7.45662e+06
-8.68114e+06
2.551e+07
2.65412e+07
7.40635e+06
9.18436e+06
2.5167e+06
3.91747e+06
-5.93914e+06
-5.42245e+06
-7.4432e+06
-7.0446e+06
-1.25626e+07
-1.2081e+07
-8.27569e+06
-1.28659e+07
-7.21014e+06
-7.56292e+06
1.92166e+07
2.08243e+07
1.31707e+07
1.50766e+07
-1.22678e+06
-212131
-3.95595e+06
-3.23856e+06
-8.73435e+06
-8.36945e+06
-1.04925e+07
-9.91473e+06
-1.39766e+07
-1.3613e+07
-1.44291e+07
-1.25591e+07
-1.28761e+07
-1.31798e+07
-1.5379e+07
-7.97013e+06
-7.55191e+06
-1.67423e+07
-1.65415e+07
-1.53313e+07
-1.55605e+07
-1.78214e+07
-1.11124e+07
-1.08052e+07
-1.12132e+07
-1.10879e+07
-1.10001e+07
-1.0676e+07
-1.10674e+07
-1.09454e+07
-1.13546e+07
-1.11198e+07
-1.1388e+07
-1.12994e+07
-1.12619e+07
-1.09882e+07
-1.13295e+07
-1.1224e+07
-1.06677e+07
-1.06121e+07
-1.05958e+07
-1.05776e+07
-1.08491e+07
-1.07765e+07
-1.07698e+07
-1.07484e+07
-1.03691e+07
-1.03297e+07
-1.03318e+07
-1.03096e+07
-1.0504e+07
-1.04573e+07
-1.04446e+07
-1.0426e+07
-1.27659e+07
-1.26167e+07
-1.28818e+07
-1.28005e+07
-1.23136e+07
-1.2112e+07
-1.25634e+07
-1.23814e+07
-8.50222e+06
-6.0724e+06
-1.31706e+07
-1.28711e+07
-1.33213e+07
-1.34333e+07
-7.21333e+06
-7.24194e+06
-1.24979e+07
-1.22596e+07
-1.18826e+07
-1.19146e+07
-1.42823e+07
-1.4093e+07
-1.32356e+07
-1.3379e+07
-1.10487e+07
-1.07273e+07
-1.10131e+07
-1.09114e+07
-1.14635e+07
-1.11872e+07
-1.12075e+07
-1.11556e+07
-1.13082e+07
-1.11561e+07
-1.1267e+07
-1.12166e+07
-1.13664e+07
-1.11782e+07
-1.136e+07
-1.12891e+07
-1.10284e+07
-1.09351e+07
-1.09514e+07
-1.09242e+07
-1.11869e+07
-1.10657e+07
-1.11247e+07
-1.10869e+07
-1.02631e+07
-1.02111e+07
-1.03714e+07
-1.0258e+07
-1.02811e+07
-1.0242e+07
-1.02726e+07
-1.02437e+07
-1.16711e+07
-1.14001e+07
-1.20211e+07
-1.17859e+07
-1.08104e+07
-1.04746e+07
-1.12737e+07
-1.09733e+07
)
;
    }
    interface
    {
        type            calculated;
        value           nonuniform List<scalar> 
1684
(
2.12964e+07
3.5027e+07
-5.44824e+06
-1.72319e+06
-1.81736e+07
-1.56951e+07
5.47084e+07
3.71131e+07
2.80483e+06
-1.37763e+06
-1.32347e+07
-1.54116e+07
7.912e+07
1.97788e+07
1.01816e+07
-6.04738e+06
-9.68177e+06
-1.87604e+07
5.72548e+07
7.66097e+07
3.29612e+06
9.30559e+06
-1.2888e+07
-1.01318e+07
-2.31571e+07
-1.94194e+07
-2.46335e+07
-1.70127e+07
-2.08912e+07
-2.51178e+07
2.6815e+07
2.86296e+07
-3.52397e+06
-3.22397e+06
-1.67946e+07
-1.65253e+07
4.67406e+07
4.43744e+07
768054
362852
-1.42158e+07
-1.45244e+07
8.84624e+07
8.63542e+07
1.51464e+07
1.39348e+07
-7.71868e+06
-8.23464e+06
-2.02585e+07
-2.31269e+07
-2.45242e+07
-2.29395e+07
-2.4616e+07
-2.26528e+07
-1.32997e+07
-2.09267e+07
-1.56446e+07
-2.26162e+07
-2.05753e+07
-2.03853e+07
-2.23894e+07
-2.09405e+07
-2.44764e+07
-2.2847e+07
-2.22721e+07
-1.34152e+07
-2.02017e+07
-2.03327e+07
6.56593e+07
6.83375e+07
5.71593e+06
6.3434e+06
-1.1783e+07
-1.13916e+07
-2.50328e+07
-2.51036e+07
-2.49946e+07
2.29826e+07
3.28378e+07
-4.82595e+06
-2.19784e+06
-1.7564e+07
-1.59762e+07
5.20416e+07
3.93872e+07
2.14515e+06
-879964
-1.35721e+07
-1.5122e+07
8.15391e+07
8.15436e+07
2.10412e+07
3.45112e+07
2.14364e+07
3.57029e+07
1.81569e+07
1.12531e+07
-4.4543e+06
-1.29926e+06
-6.62716e+06
-9.21623e+06
-1.93333e+07
-2.00992e+07
-1.77296e+07
5.99362e+07
7.3973e+07
5.34562e+07
3.63636e+07
5.6302e+07
3.79162e+07
5.89817e+07
7.90148e+07
3.97588e+06
8.28172e+06
1.97818e+06
-2.11467e+06
2.59485e+06
8.73916e+06
3.57659e+06
9.5148e+06
-1.25312e+07
-1.05676e+07
-1.23507e+07
-1.46252e+07
-1.41334e+07
-1.15693e+07
-1.199e+07
-9.12812e+06
-2.36552e+07
-2.31789e+07
-2.46532e+07
-1.8919e+07
-2.41456e+07
-2.46459e+07
-2.22059e+07
-1.74886e+07
-2.51343e+07
-2.51282e+07
2.4899e+07
3.06232e+07
-4.18515e+06
-2.79081e+06
-1.70694e+07
-1.62504e+07
4.92787e+07
4.18992e+07
1.34744e+06
-194351
-1.38973e+07
-1.48282e+07
9.01918e+07
8.41893e+07
7.74334e+07
8.07009e+07
4.76924e+07
4.80387e+07
7.32858e+07
7.01743e+07
7.24032e+07
7.60613e+07
7.95005e+07
5.1575e+07
7.18964e+07
3.82554e+07
5.00912e+07
6.55267e+07
6.73856e+07
3.88223e+07
7.8179e+07
7.35857e+07
7.53259e+07
5.50207e+07
2.65504e+07
2.12685e+07
2.26994e+07
1.8918e+07
2.4756e+07
2.65446e+07
1.67366e+07
2.10675e+07
1.5374e+07
3.25719e+07
3.41959e+07
3.25646e+07
1.68708e+07
1.17867e+07
1.48277e+07
1.30572e+07
1.75349e+07
1.54858e+07
2.05665e+07
2.28407e+07
1.87759e+07
1.86726e+07
1.77059e+07
2.09667e+07
1.92548e+07
1.91404e+07
1.67676e+07
2.90686e+07
3.09372e+07
2.83507e+07
2.22879e+07
2.46701e+07
2.42194e+07
1.01778e+07
1.00693e+07
1.134e+07
9.06659e+06
1.04605e+07
9.15999e+06
1.20445e+07
1.65313e+07
1.26031e+07
1.5978e+07
1.40896e+07
1.26448e+07
1.5025e+07
1.00275e+07
1.16582e+07
432345
-583367
1.00921e+06
2.23982e+06
2.96672e+06
56584.7
6.67125e+06
8.82835e+06
7.74951e+06
7.70337e+06
6.49751e+06
7.051e+06
5.85246e+06
8.96561e+06
1.03765e+07
1.50565e+07
1.83231e+07
1.9663e+07
1.98251e+07
1.84274e+07
9.57636e+06
5.62726e+06
7.94816e+06
9.35928e+06
1.03416e+07
6.60795e+06
1.05418e+07
1.13362e+07
1.11991e+07
9.65538e+06
1.30377e+07
8.53219e+06
-3.98947e+06
-3.56115e+06
-4.25993e+06
-3.09385e+06
-2.62591e+06
-2.13338e+06
-3.60871e+06
-2.29586e+06
-774543
-4.05774e+06
-1.31439e+06
-716488
-994664
-3.81557e+06
-5.28244e+06
-4.51309e+06
-4.8896e+06
-5.36654e+06
-9.37253e+06
-1.04197e+07
-8.83869e+06
-7.72171e+06
-1.32581e+07
-1.22899e+07
-1.0355e+07
-1.08625e+07
-1.18364e+07
-1.37131e+07
-5.22541e+06
-6.42645e+06
-8.28325e+06
-7.15864e+06
-1.53062e+07
-7.18066e+06
-8.73697e+06
-9.85792e+06
-1.08957e+07
-9.32591e+06
-1.22454e+07
-1.12712e+07
-1.1807e+07
-1.78083e+07
-1.75294e+07
-1.63267e+07
-1.66494e+07
-1.29037e+07
-1.38112e+07
-1.34349e+07
-1.26527e+07
-1.16884e+07
-4.11899e+06
-4.35692e+06
-4.33998e+06
-6.337e+06
-7.31526e+06
-6.88308e+06
-6.73661e+06
-7.00544e+06
-7.16671e+06
-7.26091e+06
-7.02784e+06
-6.52019e+06
-5.76328e+06
-6.01207e+06
-5.1506e+06
-6.35678e+06
-1.59496e+07
-1.56002e+07
-1.3812e+07
-1.44281e+07
-1.33677e+07
-1.34899e+07
-1.36939e+07
-1.57936e+07
-1.45691e+07
-1.37066e+07
-1.40213e+07
-1.4771e+07
-1.49822e+07
-1.50929e+07
-1.46562e+07
-1.78095e+07
-2.05887e+07
-2.11809e+07
-1.95242e+07
-1.88877e+07
-2.01338e+07
-2.14487e+07
-2.13028e+07
-2.15915e+07
-1.74975e+07
-1.78374e+07
-1.85092e+07
-1.91648e+07
-1.85614e+07
-2.291e+07
-2.24158e+07
-1.98257e+07
-2.30822e+07
-2.36302e+07
-2.40032e+07
-2.45635e+07
-2.3023e+07
-2.34803e+07
-2.41244e+07
-2.45934e+07
-2.21304e+07
-2.24846e+07
-1.8568e+07
-1.38378e+07
-2.15877e+07
-1.9814e+07
-2.1097e+07
-1.51573e+07
-2.25616e+07
-2.20842e+07
-2.12137e+07
-2.0711e+07
-2.24899e+07
-2.18115e+07
-2.15301e+07
-2.0839e+07
-2.10375e+07
-2.15422e+07
-2.18443e+07
-2.14284e+07
-2.22665e+07
-2.2049e+07
-2.39373e+07
-2.44126e+07
-2.2723e+07
-2.34028e+07
-2.4358e+07
-2.33802e+07
-2.11363e+07
-2.15376e+07
-2.24589e+07
-2.21894e+07
-2.16851e+07
-2.1919e+07
-1.97854e+07
-1.63221e+07
-1.68986e+07
-1.68373e+07
-1.90522e+07
-1.78726e+07
-1.40394e+07
-1.94635e+07
-1.93839e+07
-2.00854e+07
-1.96304e+07
-2.02131e+07
-1.6469e+07
-1.60128e+07
-1.61258e+07
-1.63379e+07
6.28693e+07
7.10526e+07
5.08351e+07
5.2182e+07
5.02839e+07
2.60386e+07
3.91062e+07
3.70958e+07
1.92597e+07
2.38937e+07
3.40829e+07
2.06535e+07
3.63318e+07
3.82242e+07
3.02269e+07
2.48398e+07
3.24361e+07
2.35175e+07
4.79829e+07
5.04562e+07
4.74245e+07
3.96786e+07
4.25379e+07
2.41869e+07
2.25117e+07
2.28533e+07
2.10226e+07
2.46643e+07
2.63538e+07
3.30187e+07
3.037e+07
3.26237e+07
3.73746e+07
4.02115e+07
3.46349e+07
3.23548e+07
6.77395e+07
5.28899e+07
4.99007e+07
5.79893e+07
6.1152e+07
5.52494e+07
4.779e+07
4.75456e+07
7.13397e+07
6.8038e+07
6.04842e+07
6.3556e+07
4.02945e+07
3.8699e+07
4.24318e+07
5.80918e+07
5.4652e+07
5.67383e+07
4.39893e+07
5.74039e+07
5.95369e+07
3.42325e+07
4.59494e+07
6.47821e+07
3.33209e+07
7.12917e+07
7.12487e+07
7.35629e+07
6.94797e+07
3.9338e+07
2.82335e+07
3.71409e+07
2.93948e+07
4.90963e+06
7.17227e+06
1.09555e+06
3.05797e+06
3.77276e+06
3.39388e+06
-546724
828573
-2.64863e+06
-1.46707e+06
-2.12684e+06
772009
-214563
-543685
-829022
-4459.55
410889
-402802
1.47566e+06
-1.01524e+06
163010
-524728
-2.81738e+06
-1.54981e+06
-1.97562e+06
-1.18042e+07
-1.08437e+07
-9.81543e+06
-1.13365e+07
-9.26572e+06
-1.12596e+07
-471372
-4.56747e+06
-5.77308e+06
-3.58407e+06
-2.29791e+06
-4.3574e+06
-7.94301e+06
-5.41753e+06
-6.11707e+06
-7.31011e+06
-8.86762e+06
-8.21753e+06
-9.52049e+06
4.95434e+06
770666
-9147.42
2.00439e+06
2.80126e+06
-2.55636e+06
-1.8279e+06
1.43839e+06
-947477
471968
-3.50264e+06
6.06993e+06
5.06757e+06
4.21842e+06
2.62467e+06
3.55252e+06
-5.91599e+06
-4.66713e+06
-6.60377e+06
-3.90823e+06
-6.78769e+06
4.56511e+06
4.04507e+06
3.76325e+06
4.71107e+06
5.08734e+06
6.18428e+06
3.93159e+06
6.50567e+06
8.76945e+06
3.09219e+06
9.88434e+06
9.29128e+06
3.81243e+06
883219
2.58124e+06
1.60057e+06
-1.2165e+07
-1.09852e+07
-1.19502e+07
-1.09516e+07
-1.13231e+07
-1.21552e+07
-1.24891e+07
-1.23734e+07
-1.24976e+07
-1.31548e+07
-1.20265e+07
-1.33848e+07
-1.39518e+07
-1.30604e+07
-1.10819e+07
-1.05713e+07
-1.07062e+07
-1.0952e+07
-1.58221e+07
-1.66032e+07
-1.73681e+07
-1.66296e+07
-2.10066e+07
-2.0853e+07
-1.56403e+07
-1.76073e+07
-1.82923e+07
-1.80663e+07
-1.76048e+07
-1.68765e+07
-1.78413e+07
-2.01899e+07
-1.55451e+07
-1.63361e+07
-1.54669e+07
-1.46302e+07
-1.57694e+07
-1.85583e+07
-1.32658e+07
-1.41632e+07
-1.45121e+07
-1.51625e+07
-1.4316e+07
-1.48377e+07
-1.96353e+07
-1.98247e+07
-1.08403e+07
-1.08235e+07
-1.05646e+07
-1.01705e+07
-7.90917e+06
-7.90461e+06
-7.41508e+06
-8.18789e+06
-1.04342e+07
-8.71055e+06
-7.52476e+06
-8.24342e+06
-7.99821e+06
-9.09621e+06
-9.38137e+06
-9.51648e+06
-8.9556e+06
-2.50631e+07
-2.50861e+07
-2.49352e+07
-2.48601e+07
7.68903e+07
1.97952e+07
9.79894e+06
1.96952e+07
1.02428e+07
-7.20048e+06
-2.58956e+06
-7.75081e+06
-1.11576e+07
-4.91376e+06
-8.66252e+06
-1.70851e+07
-1.4922e+07
-1.96e+07
-1.67198e+07
5.57253e+07
7.45667e+07
3.18372e+06
-1.02295e+06
-1.44493e+07
-1.64611e+07
9.08159e+07
3.7548e+07
3.19862e+07
2.87432e+07
8.87819e+07
8.62554e+07
1.93336e+07
2.09805e+07
8.42145e+07
7.23011e+07
2.08614e+07
8.39028e+06
3.10886e+07
6.3687e+06
2.81657e+07
3.81532e+06
5.67576e+06
2.71326e+07
1.52386e+07
1.03087e+07
4.80575e+06
8.8543e+06
-4.48025e+06
-1.37089e+06
3.48671e+06
-262175
1.36632e+07
1.31923e+07
-443129
992191
1.39985e+07
1.32574e+07
3.18262e+06
1.78661e+07
1.54448e+06
-3.09055e+06
-5.99762e+06
-6.62769e+06
-2.85151e+06
-2.53624e+06
-7.36487e+06
-6.82467e+06
-1.55518e+07
-1.67367e+07
-4.7289e+06
-1.80773e+07
-1.70918e+07
-2.01382e+07
-1.94457e+07
-1.83735e+07
-1.91971e+07
-9.79929e+06
-6.63452e+06
-5.45218e+06
-8.58645e+06
-8.1685e+06
-5.50849e+06
-7.53871e+06
-4.08187e+06
-8.0093e+06
-1.60761e+07
-1.29784e+07
-1.34781e+07
-1.39512e+07
-1.47398e+07
-1.52543e+07
-1.56937e+07
-1.42748e+07
-2.2812e+07
-2.31458e+07
-2.4655e+07
-2.32515e+07
-2.45521e+07
-2.49708e+07
-2.49533e+07
-1.92952e+07
-1.4465e+07
-2.02759e+07
-1.55988e+07
-1.62789e+07
3.68794e+07
3.17494e+07
2.75561e+07
1.58588e+07
2.18102e+07
2.95758e+07
2.35747e+07
3.79037e+07
3.66332e+07
3.11333e+07
3.59686e+07
4.56355e+07
9.10642e+06
3.20855e+07
1.12689e+07
4.35287e+07
4.01956e+07
1.41624e+07
1.19333e+07
1.69998e+07
2.28223e+07
4.54785e+07
3.06609e+07
2.47775e+07
3.81252e+07
3.74403e+07
7.05235e+07
3.22932e+07
3.65412e+07
6.39716e+07
1.92958e+07
1.72264e+07
6.63948e+07
5.64121e+07
1.46898e+07
4.87365e+07
1.69242e+07
1.41462e+07
8.79321e+06
2.69463e+06
7.26675e+06
-6.58103e+06
-3.47664e+06
1.39792e+06
-2.39532e+06
-1.68333e+07
-1.54818e+07
-1.33421e+07
-1.50011e+07
-7.46508e+06
-9.98503e+06
-1.27542e+07
-1.07088e+07
1.25654e+06
-5.7693e+06
-878990
-5.02807e+06
-3.87609e+06
-4.76002e+06
35166.6
-1.5125e+07
-1.36932e+07
-1.14438e+07
-1.3177e+07
-5.39555e+06
-7.95477e+06
5.74386e+06
-1.082e+07
-8.71285e+06
6.0368e+06
-904645
9.47149e+06
-2.12868e+06
6.54173e+06
-3.55716e+06
-2.51777e+06
-1.72252e+07
-1.83268e+07
-1.95486e+07
-1.86476e+07
-2.14031e+07
-2.07804e+07
-1.98123e+07
-2.05598e+07
-2.36107e+07
-2.32968e+07
-2.28197e+07
-2.31867e+07
-2.15865e+07
-2.21033e+07
-2.26905e+07
-2.22565e+07
-1.33743e+07
-1.2145e+07
-1.26422e+07
-1.16109e+07
-1.36963e+07
-1.01176e+07
-1.06868e+07
-1.1247e+07
-1.53592e+07
-2.26958e+07
-2.23223e+07
-2.17621e+07
-2.21903e+07
-1.31045e+07
-2.0348e+07
-2.0933e+07
-1.27469e+07
-2.16096e+07
-2.11111e+07
-8.62003e+06
-8.73548e+06
-7.21464e+06
-9.1173e+06
-9.71392e+06
-9.26135e+06
-2.3705e+07
-2.39778e+07
-2.48083e+07
-2.40614e+07
-2.47267e+07
-2.4992e+07
-2.48493e+07
8.40982e+07
7.91275e+07
7.56958e+07
2.26325e+07
2.29125e+07
2.11936e+07
3.24942e+07
3.45464e+07
2.31997e+07
3.34552e+07
1.81722e+07
1.09154e+07
1.8211e+07
1.12102e+07
1.14746e+07
1.0372e+07
-4.08315e+06
-3.7857e+06
-1.65084e+06
-949422
-6.6002e+06
-3.34234e+06
-8.30353e+06
-1.07134e+07
-5.51078e+06
-4.63855e+06
-8.1812e+06
-7.76224e+06
-1.66478e+07
-1.60842e+07
-1.64346e+07
-1.52174e+07
-1.42609e+07
-1.89929e+07
-1.69814e+07
-2.06131e+07
-1.7651e+07
-1.84361e+07
5.10169e+07
5.31749e+07
3.84977e+07
3.8744e+07
3.64651e+07
5.35203e+07
4.03206e+07
6.18486e+07
7.63046e+07
5.81996e+07
5.54417e+07
7.217e+07
2.68973e+06
3.57284e+06
-544860
1.38285e+06
-1.66732e+06
3.23345e+06
7.7466e+06
4.20998e+06
8.69089e+06
9.00941e+06
9.84602e+06
-1.2703e+07
-1.1585e+07
-1.43217e+07
-1.36338e+07
-1.47646e+07
-1.619e+07
-1.37964e+07
-1.19805e+07
-1.16185e+07
-1.12112e+07
-9.58013e+06
-2.36731e+07
-2.41674e+07
-2.41608e+07
-2.29739e+07
9.26404e+07
8.24201e+07
7.87649e+07
3.96043e+07
5.42676e+07
3.65368e+07
5.4486e+07
3.65737e+07
4.86704e+07
4.54686e+07
3.46901e+07
3.96108e+07
5.28903e+07
5.35595e+07
4.11985e+07
4.11375e+07
5.47486e+07
5.37749e+07
3.57052e+07
4.49646e+07
2.46468e+07
8.65838e+07
7.57239e+07
7.74515e+07
7.42629e+07
8.14077e+07
8.44758e+07
8.26146e+07
8.79273e+07
8.64726e+07
7.00532e+07
5.37298e+07
3.6377e+07
2.00636e+07
4.81403e+07
4.09485e+07
1.99489e+07
8.08815e+07
7.94829e+07
7.81184e+07
8.22642e+07
8.2762e+07
7.36338e+07
5.33441e+07
4.09265e+07
2.64284e+07
2.39203e+07
2.49747e+07
2.48897e+07
2.47817e+07
2.6645e+07
1.83676e+07
1.78252e+07
1.77697e+07
7.7069e+06
2.92744e+07
2.22134e+07
1.44887e+07
6.8598e+06
2.83259e+07
3.00127e+07
3.00467e+07
3.03324e+07
2.8319e+07
2.23312e+07
1.77157e+07
1.09765e+07
4.26762e+06
1.98906e+07
1.39229e+07
1.3984e+07
5.05979e+06
2.51895e+07
1.915e+07
1.70727e+07
2.1032e+07
1.59046e+07
1.5878e+07
1.74498e+07
1.45657e+07
1.51851e+07
2.03802e+07
1.35285e+07
1.18278e+07
3.11622e+07
2.87988e+07
2.62386e+07
2.66406e+07
1.16987e+07
1.42838e+07
1.28356e+07
1.29398e+07
1.34915e+07
6.20568e+06
7.57532e+06
1.45225e+07
1.64714e+07
1.29142e+07
1.12681e+07
2.09777e+06
1.57171e+06
4.69762e+06
3.13124e+06
3.85668e+06
-3.48023e+06
2.68426e+06
-2.47606e+06
5.40911e+06
5.14231e+06
5.59103e+06
6.54463e+06
4.32121e+06
3.94057e+06
7.76194e+06
2.15784e+06
951088
1.23467e+07
7.94807e+06
6.78639e+06
9.27912e+06
7.85616e+06
1.52879e+07
1.51841e+07
1.64008e+07
1.63456e+07
1.65947e+07
1.66347e+07
1.23054e+07
1.02205e+07
4.96934e+06
-86618.9
7.23656e+06
7.36279e+06
501420
1.30185e+07
1.40923e+07
1.31832e+07
1.28297e+07
1.42051e+07
1.44569e+07
1.03988e+07
1.04932e+07
2.6314e+06
1.37618e+07
7.80152e+06
1.94459e+06
-2.52579e+06
-2.77145e+06
-3.07916e+06
-3.39908e+06
-2.76148e+06
-4.15449e+06
-3.44779e+06
-3.23728e+06
-6.22096e+06
-1.1413e+06
-1.98512e+06
-4.39233e+06
-6.45853e+06
-2.38041e+06
-1.90115e+06
-2.43274e+06
-2.12052e+06
-2.65832e+06
-2.85569e+06
-3.54787e+06
-5.57476e+06
-7.21952e+06
-3.72094e+06
-4.82228e+06
-4.57121e+06
-7.01129e+06
-6.01247e+06
-8.82853e+06
-9.90624e+06
-8.30951e+06
-9.3947e+06
-1.27488e+07
-1.18274e+07
-1.13583e+07
-1.31662e+07
-1.28016e+07
-1.59686e+07
-1.41309e+07
-1.63567e+07
-4.0264e+06
-5.91581e+06
-7.08061e+06
-6.51984e+06
-7.67965e+06
-1.49273e+07
-1.39771e+07
-1.22859e+07
-1.27202e+07
-1.35898e+07
-1.56558e+07
-1.77615e+07
-1.43651e+07
-1.35451e+07
-1.31435e+07
-1.47161e+07
-1.45462e+07
-1.74384e+07
-1.03592e+07
-1.13692e+07
-8.81019e+06
-1.0806e+07
-1.66238e+07
-1.53519e+07
-1.72515e+07
-1.63421e+07
-1.56722e+07
-1.99158e+07
-1.80659e+07
-1.96881e+07
-1.69073e+07
-1.62811e+07
-1.59835e+07
-1.71649e+07
-1.57391e+07
-1.5016e+07
-1.46712e+07
-1.60383e+07
-1.60043e+07
-1.86624e+07
-1.5406e+07
-1.39375e+07
-1.50755e+07
-1.43093e+07
-1.69507e+07
-1.89329e+07
-1.02754e+07
-1.25043e+07
-1.21181e+07
-1.30583e+07
-5.42058e+06
-5.03394e+06
-5.26369e+06
-6.08058e+06
-5.69024e+06
-5.70943e+06
-6.12922e+06
-7.54879e+06
-8.47348e+06
-6.38023e+06
-7.13102e+06
-6.76262e+06
-8.30327e+06
-5.54159e+06
-5.98967e+06
-7.68604e+06
-6.74909e+06
-6.21341e+06
-5.12222e+06
-6.03737e+06
-5.73425e+06
-7.69808e+06
-4.36353e+06
-4.91661e+06
-6.61581e+06
-7.88245e+06
-1.496e+07
-1.54711e+07
-1.52737e+07
-1.63653e+07
-1.57774e+07
-1.53699e+07
-1.41139e+07
-1.41322e+07
-1.30428e+07
-1.33035e+07
-1.37982e+07
-1.31642e+07
-1.40135e+07
-1.36312e+07
-1.48696e+07
-1.46478e+07
-1.43368e+07
-1.55048e+07
-1.5174e+07
-1.50535e+07
-1.44505e+07
-1.53147e+07
-1.49226e+07
-1.54258e+07
-1.43359e+07
-1.45956e+07
-1.8405e+07
-1.99972e+07
-2.06953e+07
-1.94354e+07
-2.08664e+07
-2.06056e+07
-2.04366e+07
-2.10303e+07
-2.29264e+07
-2.07017e+07
-2.00923e+07
-2.02659e+07
-2.05426e+07
-2.17369e+07
-2.30366e+07
-1.72336e+07
-1.80744e+07
-1.87279e+07
-1.83067e+07
-1.89399e+07
-2.16988e+07
-2.07728e+07
-2.13013e+07
-2.12296e+07
-2.32054e+07
-2.40854e+07
-2.2235e+07
-2.24378e+07
-2.1912e+07
-2.2693e+07
-2.18839e+07
-2.34588e+07
-2.35941e+07
-2.40565e+07
-2.35463e+07
-2.40948e+07
-2.16186e+07
-1.92987e+07
-2.06542e+07
-2.03243e+07
-2.2015e+07
-2.13477e+07
-2.1928e+07
-2.14456e+07
-2.15169e+07
-2.09606e+07
-2.17904e+07
-2.20566e+07
-2.30014e+07
-2.34552e+07
-2.3651e+07
-2.32989e+07
-2.37181e+07
-2.39574e+07
-2.34575e+07
-2.33501e+07
-2.32757e+07
-2.33096e+07
-2.34041e+07
-2.32752e+07
-2.52196e+07
-2.31796e+07
-2.28319e+07
-2.29475e+07
-2.31234e+07
-2.36818e+07
-2.50834e+07
-1.85259e+07
-1.88065e+07
-1.80314e+07
-1.75499e+07
-1.6727e+07
-1.90726e+07
-1.94559e+07
-1.60233e+07
-1.91028e+07
-1.90205e+07
-1.72826e+07
-1.93555e+07
-1.75493e+07
-1.96991e+07
-2.00286e+07
-1.95721e+07
-1.7057e+07
-1.5658e+07
-1.59403e+07
-1.63686e+07
-1.57653e+07
-1.65972e+07
-1.62063e+07
3.64673e+07
3.38764e+07
1.7911e+07
1.96648e+07
2.74316e+07
2.57541e+07
3.7573e+07
3.77815e+07
3.31677e+07
3.43199e+07
4.52075e+07
4.72465e+07
4.79968e+07
4.81133e+07
4.55996e+07
4.76702e+07
2.78658e+07
1.82505e+07
9.64937e+06
2.22745e+07
2.18754e+07
1.04989e+07
4.28542e+07
4.34519e+07
4.10519e+07
4.1254e+07
4.12523e+07
4.23404e+07
2.81705e+07
2.6371e+07
1.32944e+07
4.55425e+07
3.46061e+07
2.22705e+07
1.25462e+07
5.06804e+07
4.77513e+07
4.47733e+07
4.51472e+07
4.2224e+07
2.45021e+07
2.86535e+07
2.67328e+07
2.60228e+07
2.82391e+07
2.23782e+07
1.88795e+07
2.08235e+07
4.29128e+07
3.53201e+07
3.77397e+07
3.49415e+07
2.9522e+07
3.07727e+07
3.27331e+07
3.04746e+07
2.80647e+07
2.88047e+07
3.64126e+07
2.68286e+07
3.15399e+07
3.69329e+07
3.49613e+07
3.28377e+07
6.4826e+07
5.56823e+07
5.26103e+07
5.8318e+07
4.62819e+07
4.0151e+07
4.70526e+07
4.85969e+07
4.00236e+07
3.83003e+07
4.12921e+07
5.14912e+07
4.04818e+07
5.03593e+07
4.56025e+07
3.81732e+07
7.34126e+07
6.87329e+07
6.55841e+07
6.63581e+07
6.31425e+07
3.77237e+07
4.50368e+07
4.32437e+07
4.36199e+07
3.83871e+07
3.39876e+07
3.52695e+07
3.5909e+07
3.91339e+07
3.48316e+07
4.10545e+07
6.18308e+07
5.98983e+07
6.14264e+07
6.09703e+07
6.33903e+07
4.18611e+07
3.63879e+07
1.82128e+07
6.26653e+07
4.82274e+07
3.14581e+07
1.79887e+07
6.43537e+07
6.57207e+07
6.63755e+07
6.8893e+07
6.84123e+07
5.42107e+07
4.16266e+07
2.66376e+07
1.53869e+07
5.09304e+07
3.49828e+07
3.13236e+07
1.59167e+07
1.22152e+07
1.05862e+07
4.19933e+06
5.6135e+06
-5.57527e+06
-4.59554e+06
31266.5
-1.15762e+06
-1.63985e+07
-1.59643e+07
-1.39348e+07
-1.44664e+07
-8.36948e+06
-9.17023e+06
-1.20951e+07
-1.14424e+07
1.57798e+06
1.137e+06
2.18156e+06
1.64564e+06
1.99254e+06
1.28919e+06
3.60271e+06
-183744
-3.03317e+06
-5.57217e+06
-314688
-1.87517e+06
-1.69471e+06
-5.29226e+06
1.36638e+06
1.14379e+06
1.04307e+06
357653
712318
1.78547e+06
-61924.4
100927
-4.18976e+06
3.10264e+06
1.89936e+06
-1.45976e+06
-4.52783e+06
563397
-346080
-1.14953e+06
-1.07741e+06
-1.03004e+07
-8.0857e+06
-8.68212e+06
-9.76349e+06
-1.07141e+07
-1.23026e+07
-1.46664e+07
-1.41986e+07
-968888
-3.81603e+06
-5.06131e+06
-3.11173e+06
-8.58797e+06
-7.45069e+06
-6.805e+06
-9.17053e+06
-1.01157e+07
-1.20557e+07
-1.26209e+07
4.20673e+06
1.31471e+06
606125
2.18837e+06
1.31473e+06
-2.74305e+06
-1.38262e+06
-489333
-4.35452e+06
-3.55541e+06
-1.6263e+06
-6.30186e+06
-7.13189e+06
6.56847e+06
5.28568e+06
4.21869e+06
3.36619e+06
-6.00204e+06
-5.14802e+06
-2.26991e+06
-3.09478e+06
-5.22172e+06
-4.39795e+06
-1.01446e+07
-7.49889e+06
-9.45942e+06
6.57366e+06
6.32138e+06
6.42569e+06
6.11513e+06
5.41951e+06
5.78723e+06
3.47073e+06
4.21485e+06
7.03688e+06
4.45961e+06
4.59266e+06
-1.32576e+06
7.06893e+06
2.50654e+06
-1.81395e+06
7.62447e+06
6.95641e+06
7.66967e+06
7.29201e+06
6.70766e+06
5.73093e+06
4.30389e+06
374518
-3.28953e+06
2.03634e+06
2.18079e+06
-2.88378e+06
-1.76176e+07
-1.79724e+07
-1.92587e+07
-1.89685e+07
-2.12026e+07
-2.10013e+07
-2.00773e+07
-2.03189e+07
-2.35088e+07
-2.34068e+07
-2.29487e+07
-2.30677e+07
-2.17692e+07
-2.19364e+07
-2.25501e+07
-2.24094e+07
-1.20423e+07
-1.17953e+07
-1.16888e+07
-1.30418e+07
-1.23016e+07
-1.2649e+07
-1.18057e+07
-1.2708e+07
-1.23074e+07
-1.28243e+07
-1.28335e+07
-1.16785e+07
-1.19589e+07
-1.239e+07
-1.29835e+07
-1.27269e+07
-1.40146e+07
-1.33143e+07
-1.14343e+07
-1.1448e+07
-1.01882e+07
-1.05006e+07
-1.10667e+07
-1.0321e+07
-1.13161e+07
-1.08829e+07
-1.50602e+07
-1.61036e+07
-1.68683e+07
-1.63637e+07
-1.71183e+07
-2.00483e+07
-1.93605e+07
-1.95499e+07
-1.98835e+07
-2.11541e+07
-2.25747e+07
-2.022e+07
-1.99152e+07
-2.03783e+07
-1.97347e+07
-2.06949e+07
-2.24513e+07
-1.5923e+07
-1.73651e+07
-1.71286e+07
-2.0366e+07
-1.95365e+07
-1.91657e+07
-1.8966e+07
-1.97078e+07
-2.19108e+07
-2.0012e+07
-2.05319e+07
-2.20521e+07
-1.93495e+07
-1.85478e+07
-1.87597e+07
-1.91679e+07
-1.3463e+07
-1.52445e+07
-1.60531e+07
-1.49511e+07
-1.87938e+07
-1.79127e+07
-1.73751e+07
-1.71171e+07
-1.81346e+07
-1.83201e+07
-2.05524e+07
-1.76687e+07
-1.65711e+07
-1.74274e+07
-1.6848e+07
-1.90117e+07
-2.07449e+07
-1.23614e+07
-1.36358e+07
-1.3971e+07
-1.94331e+07
-1.85673e+07
-1.76262e+07
-1.78674e+07
-1.83598e+07
-2.14491e+07
-1.92284e+07
-2.12847e+07
-1.8779e+07
-1.83276e+07
-1.89716e+07
-1.81019e+07
-9.34347e+06
-9.05711e+06
-1.00177e+07
-9.76094e+06
-1.12379e+07
-1.04292e+07
-1.02983e+07
-9.89559e+06
-8.16478e+06
-8.21728e+06
-7.68672e+06
-8.85283e+06
-7.69931e+06
-7.22491e+06
-8.40276e+06
-9.01447e+06
-9.15794e+06
-8.90784e+06
-8.46246e+06
-1.00127e+07
-9.5972e+06
-9.48434e+06
-8.66389e+06
-9.7862e+06
-9.5209e+06
-9.92389e+06
-8.53577e+06
-9.3658e+06
-2.38001e+07
-2.38887e+07
-2.43038e+07
-2.41462e+07
-2.50108e+07
-2.48842e+07
)
;
    }
    procBoundary5to1
    {
        type            processor;
        value           nonuniform List<scalar> 
55
(
1.86575e+07
1.86575e+07
1.86575e+07
3.4321e+07
2.0544e+07
3.4321e+07
3.4321e+07
3.4321e+07
3.4321e+07
2.38299e+07
2.49386e+07
4.88404e+06
4.31707e+07
5.5541e+07
5.8443e+07
4.26835e+07
3.77546e+07
5.09327e+07
4.80858e+07
4.04411e+07
1.71272e+06
6.67234e+07
9.45678e+07
8.30611e+07
8.21174e+07
9.6142e+07
9.30259e+07
6.70676e+07
8.60104e+07
8.22319e+07
5.09327e+07
4.27477e+07
2.28826e+07
2.12585e+07
9.08979e+07
6.03323e+07
7.79801e+07
8.50477e+07
5.80527e+07
4.04411e+07
7.66366e+07
4.04411e+07
1.71272e+06
2.12585e+07
2.84421e+07
3.86814e+07
1.86539e+07
5.09327e+07
3.77546e+07
3.60212e+06
4.58693e+07
4.26835e+07
4.26835e+07
5.09327e+07
3.77546e+07
)
;
    }
    procBoundary5to4
    {
        type            processor;
        value           nonuniform List<scalar> 
526
(
1.27192e+06
-1.04181e+07
-1.55053e+07
3.88282e+06
3.88282e+06
3.88282e+06
1.27192e+06
1.27192e+06
-9.73494e+06
-9.73494e+06
-9.73494e+06
-1.04181e+07
-1.04181e+07
-1.46039e+07
-1.46039e+07
-1.46039e+07
-1.55053e+07
-1.55053e+07
4.95584e+06
-5.19198e+06
-1.20208e+07
4.95584e+06
4.95584e+06
7.43312e+06
7.43312e+06
7.43312e+06
-5.19198e+06
-5.19198e+06
-6.69239e+06
-6.69239e+06
-6.69239e+06
-1.20208e+07
-1.20208e+07
-1.25275e+07
-1.25275e+07
-1.25275e+07
-1.20199e+06
-1.10062e+07
-1.64753e+07
6.24648e+06
6.24648e+06
6.24648e+06
7.52748e+06
-394814
1.5963e+07
3.28701e+06
5.26553e+06
-1.88763e+06
-1.20199e+06
-1.20199e+06
-302418
-5.85932e+06
-8.9149e+06
-8.9149e+06
-8.9149e+06
-1.59305e+07
-1.64828e+07
-1.32343e+07
-1.45322e+07
-1.66992e+07
-1.71064e+07
-1.10062e+07
-1.10062e+07
-1.85766e+07
-1.37868e+07
-1.37868e+07
-1.37868e+07
-2.28632e+07
-2.18765e+07
-2.32736e+07
-1.64753e+07
-1.64753e+07
-1.64753e+07
-1.64753e+07
-2.47566e+07
1.96297e+07
5.26553e+06
-302418
-3.36989e+06
-6.83852e+06
-2.02061e+06
-1.66992e+07
-1.15304e+07
382804
1.96297e+07
1.85648e+06
1.96297e+07
1.96297e+07
7.68357e+06
7.68357e+06
7.68357e+06
2.15953e+07
3.63782e+06
1.86895e+07
4.0446e+06
7.52748e+06
7.52748e+06
7.52748e+06
1.5963e+07
1.5963e+07
1.5963e+07
2.15953e+07
2.15953e+07
2.15953e+07
1.86895e+07
1.86895e+07
1.86895e+07
5.26553e+06
5.26553e+06
-302418
-302418
-3.36989e+06
-3.36989e+06
-6.83852e+06
-1.03e+07
-2.02061e+06
-7.16101e+06
-6.83852e+06
-6.83852e+06
-2.02061e+06
-2.02061e+06
-7.91635e+06
-7.91635e+06
-7.91635e+06
-8.3313e+06
-1.13009e+07
-1.21381e+07
-1.3739e+07
-1.59305e+07
-1.59305e+07
-1.59305e+07
-1.32343e+07
-1.32343e+07
-1.32343e+07
-8.3313e+06
-8.3313e+06
-8.3313e+06
-1.21381e+07
-1.21381e+07
-1.21381e+07
-1.66992e+07
-1.66992e+07
-1.80222e+07
-2.19316e+07
-2.21841e+07
-2.33521e+07
-2.03542e+07
-2.01376e+07
-2.35804e+07
-1.15304e+07
-1.15304e+07
-2.02213e+07
-1.9037e+07
-2.34447e+07
-2.35804e+07
-2.44472e+07
-2.20074e+07
-2.17733e+07
-2.44941e+07
-2.25089e+07
-2.23289e+07
-2.39884e+07
-2.05156e+07
-2.3798e+07
-2.08273e+07
-1.31007e+07
-1.31007e+07
-1.31007e+07
-2.06042e+07
-2.15405e+07
-2.50671e+07
-2.51664e+07
-2.57381e+07
-2.4175e+07
-2.40453e+07
-2.5835e+07
-2.46278e+07
-2.45278e+07
-2.52915e+07
-2.32766e+07
-2.34534e+07
-2.52101e+07
-2.38078e+07
-2.36728e+07
-2.46614e+07
-2.21271e+07
-2.4565e+07
-2.23698e+07
-2.43463e+07
-2.44533e+07
-2.50793e+07
-2.31729e+07
-2.30196e+07
-2.51428e+07
-2.53328e+07
-2.52461e+07
-2.60479e+07
-2.4301e+07
-2.44928e+07
-2.59438e+07
-2.56065e+07
-2.56022e+07
-2.64308e+07
-2.54514e+07
-2.52766e+07
-2.64493e+07
-1.48239e+07
-2.55538e+07
-2.59221e+07
-2.58055e+07
-2.67104e+07
-2.55586e+07
-2.64995e+07
-2.58841e+07
-1.27852e+07
-2.48537e+07
1.59195e+07
1.00572e+07
3.29721e+06
1.44534e+06
-5.30573e+06
-3.66888e+06
-1.73724e+07
-1.80222e+07
1.59195e+07
1.59195e+07
1.59195e+07
1.00572e+07
1.00572e+07
1.01147e+07
1.01147e+07
1.01147e+07
1.01147e+07
1.30637e+07
1.30637e+07
1.30637e+07
1.30637e+07
2.18482e+07
2.18482e+07
2.18482e+07
2.18482e+07
2.07709e+07
2.07709e+07
2.07709e+07
2.07709e+07
3.29721e+06
3.29721e+06
3.29721e+06
1.44534e+06
1.44534e+06
1.44534e+06
-5.30573e+06
-5.30573e+06
-5.30573e+06
-3.66888e+06
-3.66888e+06
-3.66888e+06
-1.51215e+07
-1.51215e+07
-1.51215e+07
-1.51215e+07
-1.42029e+07
-1.42029e+07
-1.42029e+07
-1.42029e+07
-9.6857e+06
-9.6857e+06
-9.6857e+06
-9.6857e+06
-1.09832e+07
-1.09832e+07
-1.09832e+07
-1.09832e+07
-1.73724e+07
-1.73724e+07
-1.73724e+07
-1.80222e+07
-1.80222e+07
-1.80222e+07
-2.33138e+07
-2.31474e+07
-2.43716e+07
-2.13726e+07
-2.16522e+07
-2.42833e+07
-2.27158e+07
-2.29564e+07
-2.41246e+07
-2.12174e+07
-2.09632e+07
-2.4209e+07
-2.49748e+07
-2.48743e+07
-2.5621e+07
-2.37888e+07
-2.39486e+07
-2.55193e+07
-2.47075e+07
-2.48028e+07
-2.53666e+07
-2.36775e+07
-2.35426e+07
-2.54415e+07
-2.39165e+07
-2.40505e+07
-2.47503e+07
-2.26349e+07
-2.24548e+07
-2.48331e+07
-2.42548e+07
-2.41364e+07
-2.50051e+07
-2.27376e+07
-2.29366e+07
-2.49185e+07
-2.54082e+07
-2.54769e+07
-2.61317e+07
-2.48184e+07
-2.46354e+07
-2.61934e+07
-2.56026e+07
-2.55368e+07
-2.63398e+07
-2.49544e+07
-2.51604e+07
-2.62654e+07
-2.52093e+07
-2.5981e+07
-2.553e+07
-2.553e+07
-2.55796e+07
-2.58138e+07
-2.57498e+07
-2.66845e+07
-2.58119e+07
-2.59494e+07
-2.65422e+07
1.28012e+06
651920
909868
2.87406e+06
3.18852e+06
2.24266e+06
-1.87548e+06
-1.12805e+06
-3.20759e+06
-3.55053e+06
-4.65017e+06
-4.29507e+06
3.33215e+06
2.4848e+06
4.34165e+06
3.72992e+06
4.01056e+06
4.45148e+06
-7.58925e+06
-8.21773e+06
-9.36891e+06
-6.42578e+06
-5.72968e+06
-8.22885e+06
-9.70294e+06
-9.13418e+06
-1.21211e+07
-2.37514e+07
-1.50155e+07
-1.27852e+07
-2.19329e+07
-2.00503e+07
-2.48537e+07
-2.57702e+07
-2.52439e+07
-2.36425e+07
-2.61422e+07
-2.52093e+07
-2.58349e+07
-2.5981e+07
-2.50322e+07
-2.19329e+07
-2.57702e+07
2.57939e+07
2.72502e+07
2.35913e+07
1.97072e+07
1.62281e+07
1.09035e+07
8.76274e+06
1.23646e+07
1.46075e+07
1.97353e+07
2.19097e+07
1.82848e+07
1.60526e+07
2.85755e+07
2.80898e+07
2.88046e+07
2.81533e+07
2.52275e+07
2.32513e+07
2.62265e+07
2.76183e+07
5.42521e+06
7.45154e+06
4.19869e+06
2.38494e+06
-1.36612e+06
-2.90116e+06
-351827
1.36289e+06
-1.01027e+07
-1.11244e+07
-9.34907e+06
-8.18524e+06
-5.23733e+06
-3.79925e+06
-6.13537e+06
-7.4068e+06
-1.9502e+07
-1.99054e+07
-1.91843e+07
-1.87264e+07
-1.74881e+07
-1.6912e+07
-1.78847e+07
-1.83939e+07
-1.26861e+07
-1.1764e+07
-1.33003e+07
-1.41113e+07
-1.58553e+07
-1.64975e+07
-1.53603e+07
-1.46299e+07
-2.05291e+07
-2.01671e+07
-2.07807e+07
-2.10893e+07
-2.19316e+07
-2.21841e+07
-2.16132e+07
-2.12659e+07
-2.34447e+07
-2.35804e+07
-2.33138e+07
-2.31474e+07
-2.25089e+07
-2.23289e+07
-2.27158e+07
-2.29564e+07
-2.50671e+07
-2.51664e+07
-2.49748e+07
-2.48743e+07
-2.46278e+07
-2.45278e+07
-2.47075e+07
-2.48028e+07
-2.38078e+07
-2.36728e+07
-2.39165e+07
-2.40505e+07
-2.43463e+07
-2.44533e+07
-2.42548e+07
-2.41364e+07
-2.53328e+07
-2.52461e+07
-2.54082e+07
-2.54769e+07
-2.56065e+07
-2.56022e+07
-2.56026e+07
-2.55368e+07
-2.58349e+07
-2.50322e+07
-2.55796e+07
-2.55407e+07
-2.59221e+07
-2.58055e+07
-2.58138e+07
-2.57498e+07
-1.23561e+07
-1.28335e+07
-1.58969e+07
-1.19514e+07
-1.14624e+07
-1.51892e+07
-1.36316e+07
-1.31444e+07
-1.7628e+07
-1.38876e+07
-1.8146e+07
-1.44019e+07
-1.91046e+07
-1.98127e+07
-2.25241e+07
-1.86875e+07
-1.80631e+07
-2.2169e+07
-2.11242e+07
-2.02699e+07
-2.37323e+07
-2.15978e+07
-2.4189e+07
-2.29368e+07
-752868
391043
-708407
-4.3494e+06
-4.84765e+06
-1.04073e+07
-1.09264e+07
-1.30069e+07
-1.54122e+07
-1.59801e+07
-1.98664e+07
-1.51727e+07
-1.46332e+07
-1.94408e+07
-1.682e+07
-1.625e+07
-2.09133e+07
-1.71236e+07
-1.77083e+07
-2.12556e+07
)
;
    }
}


// ************************************************************************* //
