/*--------------------------------*- C++ -*----------------------------------*\
| =========                 |                                                 |
| \\      /  F ield         | OpenFOAM: The Open Source CFD Toolbox           |
|  \\    /   O peration     | Version:  2012                                  |
|   \\  /    A nd           | Website:  www.openfoam.com                      |
|    \\/     M anipulation  |                                                 |
\*---------------------------------------------------------------------------*/
FoamFile
{
    version     2.0;
    format      ascii;
    class       labelList;
    note        "nPoints:5349  nCells:3124  nFaces:11447  nInternalFaces:8487";
    location    "constant/solid/polyMesh";
    object      neighbour;
}
// * * * * * * * * * * * * * * * * * * * * * * * * * * * * * * * * * * * * * //


8487
(
27
28
690
694
6
134
135
874
875
878
880
9
11
141
142
143
10
16
635
636
637
17
19
642
643
644
18
22
649
650
651
159
160
980
981
984
986
12
166
15
62
64
2995
2996
2999
3001
14
171
172
1015
1016
1019
1020
13
656
657
658
14
181
182
1060
1061
1064
1065
663
664
665
16
186
187
657
658
660
1085
1086
1087
1088
191
192
1097
1098
1101
1102
87
89
3016
3017
3020
3022
196
197
636
637
639
1122
1123
1124
1125
21
201
202
642
643
645
1150
1151
1152
1153
20
670
671
672
21
677
678
679
22
212
213
671
672
674
1212
1213
1214
1215
215
216
677
679
681
1228
1229
1230
1231
218
219
650
651
653
1244
1245
1246
1247
42
226
227
1264
1265
1269
1270
45
2969
2970
44
46
237
238
239
61
684
685
686
31
54
250
252
254
256
360
361
362
31
62
2973
2976
2977
2979
59
65
2974
2975
2976
56
60
252
253
1343
1344
1348
1349
57
67
243
246
247
249
379
380
381
36
80
259
260
1366
1367
1368
1369
79
82
262
263
1382
1383
1384
1385
86
695
696
91
94
2980
2981
99
268
269
1398
1399
1400
1401
101
103
273
274
1426
1427
1428
1429
40
111
278
279
1454
1455
1456
1457
110
113
281
282
1470
1471
1472
1473
117
284
285
1486
1487
1488
1489
119
120
289
290
1514
1515
1516
1517
293
294
295
47
55
300
302
1554
1555
1559
1560
49
308
309
1582
1583
1586
1588
2984
2985
49
319
320
1641
1642
1645
1647
70
324
326
1668
1669
1672
1674
76
2989
2990
2991
339
340
1717
1718
1721
1722
51
100
701
702
703
104
708
709
710
53
118
715
716
717
121
722
723
724
359
360
361
70
366
368
1843
1844
1847
1849
72
374
375
1871
1872
1875
1877
74
379
380
1896
1897
1898
1899
71
78
390
392
1945
1946
1950
1951
69
397
1959
1960
3037
3038
3041
3043
72
401
402
1970
1971
1974
1976
733
734
735
67
3002
3004
3006
3007
68
88
2996
2997
2998
67
73
89
413
416
418
419
453
454
455
69
3003
3004
3005
90
740
741
742
74
406
409
410
412
458
459
460
95
422
2017
2018
3051
3052
3055
3057
426
2021
2022
3065
3066
3069
3070
431
433
2044
2045
2048
2049
83
438
440
2072
2073
2076
2078
446
447
2100
2101
2104
2105
97
453
454
2141
2142
2143
2144
458
459
2173
2174
2175
2176
77
81
755
756
757
3010
3011
3012
84
762
763
764
83
769
770
771
85
484
485
2301
2302
2303
2304
99
488
489
2320
2321
2322
2323
84
491
492
755
756
759
2336
2337
2338
2339
85
494
495
2352
2353
2354
2355
498
499
500
505
506
762
763
766
2378
2379
2380
2381
510
511
2400
2401
2402
2403
776
777
778
92
3023
3025
3027
3029
95
3017
3018
3019
92
97
521
524
525
527
544
545
546
783
784
785
96
3024
3025
3026
98
514
517
518
520
549
550
551
98
529
2432
2433
2434
2435
96
2441
3093
3095
535
2454
2455
3096
3097
3100
3101
540
2470
2471
3110
3111
3114
3115
544
545
2494
2495
2496
2497
549
550
2526
2527
2528
2529
552
553
2542
2543
2544
2545
104
555
556
701
702
705
2558
2559
2560
2561
106
558
559
2574
2575
2576
2577
105
109
563
564
2602
2603
2604
2605
106
566
567
2618
2619
2620
2621
569
570
708
709
712
2634
2635
2636
2637
114
572
573
2650
2651
2652
2653
575
576
2666
2667
2668
2669
108
112
800
801
802
115
807
808
809
114
586
587
2728
2729
2730
2731
116
589
590
2744
2745
2746
2747
117
592
593
2760
2761
2762
2763
115
595
596
800
801
804
2776
2777
2778
2779
116
598
599
2792
2793
2794
2795
601
602
2808
2809
2810
2811
604
605
807
808
811
2824
2825
2826
2827
607
608
2840
2841
2842
2843
610
611
2856
2857
2858
2859
121
613
614
715
716
719
2872
2873
2874
2875
122
616
617
2888
2889
2890
2891
122
623
624
2920
2921
2922
2923
626
627
722
723
726
2936
2937
2938
2939
631
632
2956
2957
2958
2959
224
231
813
814
229
235
816
817
126
127
259
827
828
829
830
258
261
819
820
821
822
128
268
839
840
841
842
270
272
831
832
833
834
130
131
278
851
852
853
854
277
280
843
844
845
846
132
284
863
864
865
866
286
288
855
856
857
858
292
299
868
869
870
138
293
888
890
892
894
138
160
300
881
883
885
886
161
875
876
877
162
304
882
883
884
297
305
867
869
871
872
298
889
890
891
323
330
896
897
898
170
180
902
904
906
907
909
911
913
914
1016
1017
1019
1061
1062
1064
146
171
324
902
905
906
908
146
181
331
909
912
913
915
173
328
903
904
905
183
335
910
911
912
329
336
895
898
900
901
176
917
918
197
344
922
923
924
346
929
930
201
347
934
935
936
207
941
942
349
946
947
204
951
952
219
350
956
957
958
352
963
964
222
353
967
968
355
971
358
365
974
975
976
163
359
994
996
998
1000
163
366
987
989
991
992
981
982
983
369
988
989
990
363
371
973
975
977
978
364
995
996
997
384
389
1002
1003
1004
167
168
390
665
394
666
1001
1003
1006
1007
388
395
1001
1004
1005
1007
430
437
1009
1010
1011
190
1016
1017
1018
175
431
1022
1025
1026
1028
175
191
438
1029
1032
1033
1035
434
1023
1024
1025
193
442
1030
1031
1032
436
443
1008
1011
1013
1014
1037
1038
187
461
1042
1043
1044
463
1049
1050
464
471
1054
1055
1056
190
1061
1062
1063
185
465
1067
1070
1071
1073
185
192
472
1074
1077
1078
1080
2225
2226
2227
468
1068
1069
1070
194
474
1075
1076
1077
470
475
1053
1056
1058
1059
2243
2244
2246
188
196
488
1093
1094
1095
1096
188
491
1042
1043
1045
1089
1090
1091
1092
490
493
1081
1082
1083
1084
195
497
504
1104
1105
1109
1110
1111
1112
1116
1117
2372
2374
2375
1098
1099
1100
195
498
1104
1107
1108
1110
195
505
1111
1114
1115
1117
501
1105
1106
1107
507
1112
1113
1114
503
508
198
552
1130
1131
1132
1133
198
555
922
923
925
1126
1127
1128
1129
554
557
1118
1119
1120
1121
200
210
563
1142
1143
1144
1145
562
565
1134
1135
1136
1137
203
569
934
935
937
1154
1155
1156
1157
203
215
572
1158
1159
1160
1161
571
574
1146
1147
1148
1149
1163
1164
213
578
1168
1169
1170
580
1175
1176
1180
1181
216
581
1185
1186
1187
583
1192
1193
211
586
1202
1203
1204
1205
585
588
1196
1197
1198
1199
214
218
592
1220
1221
1222
1223
214
595
1168
1169
1171
1216
1217
1218
1219
594
597
1208
1209
1210
1211
217
601
1232
1233
1234
1235
217
604
1185
1186
1188
1236
1237
1238
1239
603
606
1224
1225
1226
1227
220
610
1252
1253
1254
1255
220
613
956
957
959
1248
1249
1250
1251
612
615
1240
1241
1242
1243
620
622
1256
1257
223
626
967
1261
1262
1263
628
630
1259
1260
229
236
813
814
815
1271
1272
1275
1276
1278
1279
1282
1283
1316
1318
1320
1265
1266
1267
229
238
294
1271
1273
1275
1277
295
1271
1274
1276
1277
1278
1281
1283
1284
240
296
1272
1273
1274
242
816
817
818
1264
1266
1268
1269
1279
1280
1281
236
1286
1287
1288
313
1295
1296
239
314
1301
1304
1306
1307
1308
1311
1313
1314
2968
2970
2971
2972
3031
3032
3034
241
315
1302
1303
1304
242
1309
1310
1311
1316
1317
1318
307
318
1322
1324
1326
1328
1329
1331
1333
1335
1583
1584
1586
1642
1643
1645
242
308
1322
1325
1327
1328
242
319
1329
1332
1334
1335
310
1323
1324
1325
321
1330
1331
1332
1309
1311
1313
1315
1318
1320
1321
247
248
249
250
2973
248
249
382
407
683
684
688
689
1908
1909
1911
2974
251
1337
1338
1339
247
249
356
409
683
686
687
689
1809
1810
1812
254
357
1336
1338
1340
1341
1817
1818
1819
255
383
1336
1339
1340
1342
1916
1917
1918
2978
410
2979
254
255
256
690
373
400
1344
1345
1346
254
256
374
255
256
401
692
376
1343
1345
1347
1348
1880
1881
1882
403
693
1343
1346
1347
1349
1979
1980
1981
694
258
262
481
1358
1359
1360
1361
264
1350
1351
1352
1353
261
268
1370
1371
1372
1373
261
263
489
1374
1375
1376
1377
264
1362
1363
1364
1365
264
484
1386
1387
1388
1389
264
494
1390
1391
1392
1393
1378
1379
1380
1381
267
516
530
695
697
2439
2980
267
517
528
696
697
2429
518
2982
270
1402
1403
1404
1405
270
273
553
1406
1407
1408
1409
275
1394
1395
1396
1397
272
274
561
1418
1419
1420
1421
275
1410
1411
1412
1413
275
558
1430
1431
1432
1433
275
566
1434
1435
1436
1437
1422
1423
1424
1425
277
281
584
1446
1447
1448
1449
283
1438
1439
1440
1441
280
284
1458
1459
1460
1461
280
282
593
1462
1463
1464
1465
283
1450
1451
1452
1453
283
589
1474
1475
1476
1477
283
598
1478
1479
1480
1481
1466
1467
1468
1469
286
1490
1491
1492
1493
286
289
611
1494
1495
1496
1497
291
1482
1483
1484
1485
288
290
619
1506
1507
1508
1509
291
1498
1499
1500
1501
291
616
1518
1519
1520
1521
291
623
1522
1523
1524
1525
1510
1511
1512
1513
306
1527
1528
1529
297
1540
1542
1544
1546
297
308
1533
1535
1537
1538
1533
1536
1537
1539
1540
1543
1545
1546
310
1534
1535
1536
312
1526
1528
1530
1531
1541
1542
1543
306
1548
1549
1550
305
366
1568
1570
1572
1574
325
367
1555
1556
1557
305
309
326
1561
1564
1566
1567
311
327
1562
1563
1564
369
1569
1570
1571
312
1547
1550
1551
1553
1576
1577
1578
338
1583
1584
1585
312
1589
1592
1593
1595
312
339
1596
1599
1601
1602
1590
1591
1592
341
1597
1598
1599
1575
1578
1580
1581
1606
1607
319
3031
3032
3033
321
1611
1612
1613
320
333
1622
1623
1624
322
334
1629
1630
1631
338
1642
1643
1644
321
1655
1656
1658
1660
3032
3033
3035
340
1623
1624
1625
1648
1651
1653
1654
1655
1657
1659
1660
1331
1332
1335
1611
1613
1616
1635
1636
1638
1639
1641
1643
1645
1646
342
1649
1650
1651
337
1662
1663
1664
329
431
1682
1684
1686
1688
432
1669
1670
1671
329
339
1675
1678
1679
1681
341
1676
1677
1678
434
1683
1684
1685
343
1661
1664
1665
1667
337
1690
1691
1692
336
465
1710
1712
1714
1716
2988
2989
2993
2994
466
1697
1698
1699
336
340
1622
1623
1626
1703
1706
1707
1709
2988
2991
2992
2994
342
1704
1705
1706
468
1711
1712
1713
343
1689
1692
1693
1695
343
1662
1664
1667
1690
1692
1695
1724
1725
1729
1730
1731
1732
1736
1737
1718
1719
1720
343
1724
1727
1728
1730
343
1731
1734
1735
1737
1725
1726
1727
1732
1733
1734
555
1739
1740
1741
348
1746
1747
1751
1752
569
1756
1757
1758
1763
1764
1768
1769
613
1773
1774
1775
354
1780
1781
1785
1786
626
1790
1791
1792
1797
1798
1802
1803
379
451
1809
1810
1811
376
381
1816
1817
1818
372
1823
1824
1825
363
1829
1831
1833
1835
362
363
374
362
380
1829
1832
1834
1835
376
381
1822
1823
1827
1828
1879
1881
1884
378
1822
1824
1826
1827
1830
1831
1832
372
1837
1838
1839
371
1850
1852
1854
1855
432
1844
1845
1846
371
375
433
1857
1860
1862
1863
1851
1852
1853
377
435
1858
1859
1860
378
1836
1839
1840
1842
1865
1866
1867
445
1872
1873
1874
378
1878
1881
1882
1884
378
446
1885
1888
1890
1891
1879
1880
1881
448
1886
1887
1888
1864
1867
1869
1870
381
458
1810
1811
1813
1900
1901
1902
1903
381
1904
1905
1906
1907
1816
1818
1821
1892
1893
1894
1895
396
420
1908
1909
1910
398
403
1915
1916
1917
399
1921
1922
1923
397
691
1927
1929
1931
1932
1934
1937
388
401
692
1927
1930
1931
1933
398
403
693
1928
1929
1930
405
1920
1923
1924
1926
399
1939
1940
1941
394
395
769
439
770
1946
1947
1948
395
402
440
1952
1955
1957
1958
404
441
1953
1954
1955
772
1938
1940
1942
1943
1945
1948
1949
1951
405
1938
1941
1942
1944
425
2974
3038
3039
3040
1961
1962
2975
3044
3047
3048
3050
2978
3045
3046
3047
1964
1965
1966
445
1971
1972
1973
405
1977
1980
1981
1983
405
447
1984
1987
1989
1990
1978
1979
1980
449
1985
1986
1987
1963
1966
1968
1969
410
411
412
413
3002
410
411
420
732
733
736
737
2005
2007
2008
3003
414
1992
1993
1994
410
412
451
732
735
736
738
2124
2126
2128
3006
417
421
1991
1993
1995
1996
2013
2014
2015
3008
418
452
1991
1994
1995
1997
2132
2133
2134
417
418
419
2995
1999
2000
2001
417
419
428
523
739
741
743
745
2027
2028
2030
2998
418
419
456
524
739
742
744
745
2156
2157
2159
429
1998
2000
2002
2003
2033
2034
2035
3000
457
1998
2001
2002
2004
2164
2165
2166
525
3001
425
2005
2006
2007
427
429
2012
2013
2014
426
2019
2020
2997
3058
3060
3062
3063
428
534
2998
3052
3053
3054
427
429
3000
3059
3060
3061
3003
3066
3067
3068
2023
2024
3005
3072
3075
3076
3078
3008
3073
3074
3075
537
2027
2028
2029
2032
2033
2034
444
2038
2039
2040
436
2051
2053
2055
2056
2045
2046
2047
436
446
2058
2061
2062
2064
2052
2053
2054
448
2059
2060
2061
450
2037
2040
2041
2043
444
2066
2067
2068
443
498
2086
2088
2090
2092
499
2073
2074
2075
443
447
2079
2082
2083
2085
449
2080
2081
2082
501
2087
2088
2089
450
2065
2068
2069
2071
2094
2095
2096
2101
2102
2103
450
2107
2110
2111
2113
450
2114
2117
2118
2120
2108
2109
2110
2115
2116
2117
2093
2096
2098
2099
458
2124
2125
2126
457
460
2131
2132
2133
455
456
544
2145
2146
2147
2148
2157
2158
2160
455
459
2149
2150
2151
2152
457
460
2137
2138
2139
2140
2163
2165
2168
547
2156
2157
2158
2163
2164
2165
460
2125
2126
2129
2177
2178
2179
2180
460
2181
2182
2183
2184
2131
2133
2136
2169
2170
2171
2172
491
2186
2187
2188
473
2193
2194
2198
2199
476
2203
2204
2205
468
470
3009
3010
3013
3015
2210
2211
2212
477
3080
3081
3082
1068
1070
1073
1712
1713
1716
2202
2203
2206
2207
2209
2211
2213
2215
478
3087
3088
3089
479
2202
2205
2206
2208
2271
2272
2274
3079
3082
3084
3085
476
2217
2218
2219
505
2224
2225
2226
2231
2232
507
2236
2237
2238
479
2243
2244
2245
2250
2251
2252
2257
2258
2259
2264
2265
2266
2271
2272
2273
483
662
2278
2279
2280
482
484
2286
2287
2288
2289
487
668
2277
2280
2281
2283
768
2295
2296
2297
487
2305
2306
2307
2308
487
510
771
2309
2312
2314
2315
512
773
2310
2311
2312
774
2294
2297
2299
2300
490
552
2328
2329
2330
2331
490
494
2324
2325
2326
2327
496
2316
2317
2318
2319
493
2186
2187
2190
2340
2341
2342
2343
493
495
506
2344
2345
2346
2347
496
2332
2333
2334
2335
496
2356
2357
2358
2359
496
511
2360
2361
2362
2363
2348
2349
2350
2351
502
503
509
2364
2365
2368
2370
2394
2396
2398
503
2364
2366
2368
2369
502
770
2073
2075
2078
2364
2367
2369
2370
502
503
510
771
2365
2366
2367
512
773
2405
2407
2410
513
509
2372
2373
2374
508
2224
2225
2228
2382
2384
2386
2387
508
511
2389
2390
2391
2392
2383
2384
2385
513
2371
2374
2375
2377
2394
2395
2396
513
2404
2407
2408
2410
513
2411
2412
2413
2414
2405
2406
2407
2393
2396
2398
2399
518
519
520
521
3023
522
2416
2417
2418
518
519
532
775
777
779
780
2444
2445
2447
3024
518
520
542
775
778
779
781
2477
2478
2480
3027
526
533
2415
2417
2419
2420
2450
2451
2452
3028
527
543
2415
2418
2419
2421
2485
2486
2487
525
526
527
3016
2423
2424
2425
525
526
537
782
784
786
787
2460
2462
2463
3018
525
527
547
782
785
786
788
2509
2511
2513
3020
538
2422
2424
2426
2427
2466
2467
2468
3021
548
2422
2425
2426
2428
2517
2518
2519
529
542
2429
2430
549
2430
2436
2437
2438
531
532
2439
2440
539
2980
3093
3094
539
2444
2445
2446
538
541
2449
2450
2451
537
3018
3097
3098
3099
540
2456
2457
3019
3103
3106
3107
3109
538
541
3021
3104
3105
3106
2460
2461
2462
2465
2466
2467
3024
3111
3112
3113
2472
2473
3026
3117
3120
3121
3123
3028
3118
3119
3120
549
2477
2478
2479
548
551
2484
2485
2486
546
547
2498
2499
2500
2501
2510
2511
2514
546
550
2502
2503
2504
2505
548
551
2490
2491
2492
2493
2516
2518
2521
2509
2510
2511
2516
2517
2518
551
2478
2479
2482
2530
2531
2532
2533
551
2534
2535
2536
2537
2484
2486
2489
2522
2523
2524
2525
554
2550
2551
2552
2553
554
558
2546
2547
2548
2549
560
2538
2539
2540
2541
557
1739
1740
1743
2562
2563
2564
2565
557
559
570
2566
2567
2568
2569
560
2554
2555
2556
2557
560
2578
2579
2580
2581
560
575
2582
2583
2584
2585
2570
2571
2572
2573
562
566
2592
2593
2594
2595
568
2586
2587
2588
2589
565
586
2610
2611
2612
2613
565
567
573
2606
2607
2608
2609
568
2598
2599
2600
2601
568
2622
2623
2624
2625
568
576
2626
2627
2628
2629
2614
2615
2616
2617
571
1756
1757
1760
2638
2639
2640
2641
571
575
2642
2643
2644
2645
577
2630
2631
2632
2633
574
601
2658
2659
2660
2661
574
576
2654
2655
2656
2657
577
2646
2647
2648
2649
577
2670
2671
2672
2673
577
2674
2675
2676
2677
2662
2663
2664
2665
595
2679
2680
2681
582
2686
2687
2691
2692
604
2696
2697
2698
2703
2704
2708
2709
585
589
2718
2719
2720
2721
591
2712
2713
2714
2715
588
2732
2733
2734
2735
588
590
602
2736
2737
2738
2739
591
2724
2725
2726
2727
591
2748
2749
2750
2751
591
607
2752
2753
2754
2755
2740
2741
2742
2743
594
610
2768
2769
2770
2771
594
598
2764
2765
2766
2767
600
2756
2757
2758
2759
597
2679
2680
2683
2780
2781
2782
2783
597
599
605
2784
2785
2786
2787
600
2772
2773
2774
2775
600
2796
2797
2798
2799
600
608
2800
2801
2802
2803
2788
2789
2790
2791
603
2812
2813
2814
2815
603
607
2816
2817
2818
2819
609
2804
2805
2806
2807
606
2696
2697
2700
2828
2829
2830
2831
606
608
2832
2833
2834
2835
609
2820
2821
2822
2823
609
2844
2845
2846
2847
609
2848
2849
2850
2851
2836
2837
2838
2839
612
2864
2865
2866
2867
612
616
2860
2861
2862
2863
618
2852
2853
2854
2855
615
1773
1774
1777
2876
2877
2878
2879
615
617
627
2880
2881
2882
2883
618
2868
2869
2870
2871
618
2892
2893
2894
2895
618
631
2896
2897
2898
2899
2884
2885
2886
2887
620
623
2906
2907
2908
2909
625
2900
2901
2902
2903
622
624
629
2914
2915
625
2912
2913
625
2924
2925
2926
2927
625
632
2928
2929
2930
2931
2916
2917
2918
2919
628
1790
1791
1794
2940
2941
2942
2943
628
631
2944
2945
2946
2947
633
2932
2933
2934
2935
630
632
2950
2951
633
2948
2949
633
2960
2961
2962
2963
633
2964
2965
2966
2967
2952
2953
2954
2955
638
639
640
916
921
638
640
656
917
638
639
657
639
640
922
659
919
925
920
927
645
646
647
933
940
645
646
677
645
647
934
646
647
678
941
937
680
943
939
944
652
653
654
950
955
652
654
670
951
652
653
671
653
654
956
673
953
959
954
961
659
660
661
1036
1041
659
661
1037
659
660
660
661
1042
1039
1045
1040
1047
666
667
668
768
2279
2280
2281
667
668
666
667
666
668
769
772
2291
2292
774
673
674
675
1162
1167
673
675
1163
673
674
674
675
1168
1165
1171
1166
1173
680
681
682
1179
1184
680
681
680
682
1180
681
682
1185
1182
1188
1183
1190
687
688
689
1336
688
689
730
733
687
688
1337
687
689
728
735
729
1341
731
1342
736
693
694
2973
693
2975
693
694
1929
1930
1931
2978
697
777
790
697
778
789
779
699
1622
2991
1620
1626
2992
704
705
706
1738
1745
705
706
1739
704
705
709
704
706
710
1746
711
1748
1743
1744
1749
711
712
713
1755
1762
712
713
1756
711
712
711
713
1763
1765
1760
1761
1766
718
719
720
1772
1779
719
720
1773
718
719
723
718
720
724
1780
725
1782
1777
1778
1783
725
726
727
1789
1796
726
727
1790
725
726
725
727
1797
1799
1794
1795
1800
729
750
1809
1807
1812
731
746
1908
1911
1914
736
737
738
1991
736
737
746
737
738
1992
736
738
750
747
1996
751
1997
743
744
745
1998
743
744
1999
743
745
748
784
744
745
752
785
749
2003
753
2004
786
747
2005
2008
2011
749
793
2027
2026
2030
751
2124
2122
2128
753
797
2156
2154
2159
758
759
760
2185
2192
759
760
2186
758
759
763
758
760
764
2193
765
2195
2190
2191
2196
765
766
767
2223
2230
766
767
2224
765
766
765
767
2231
2233
2228
2229
2234
772
773
774
2296
2297
2300
772
774
772
773
1946
1948
1951
773
774
2310
2312
2314
779
780
781
2415
780
781
2416
779
780
791
779
781
795
792
2420
796
2421
786
787
788
2422
787
788
2423
786
787
793
786
788
797
794
2427
798
2428
795
2429
791
2439
792
2444
2443
2447
794
2460
2459
2463
796
2477
2475
2480
798
2509
2507
2513
803
804
805
2678
2685
804
805
2679
803
804
808
803
805
809
2686
810
2688
2683
2684
2689
810
811
812
2695
2702
811
812
2696
810
811
810
812
2703
2705
2700
2701
2706
815
816
1288
815
818
818
1309
818
821
822
825
827
821
822
1351
1363
826
1352
830
1364
824
825
827
829
836
826
1357
829
830
829
830
840
1371
841
1372
833
834
837
839
833
834
1395
1411
842
1396
838
1412
836
837
839
841
838
1417
841
842
841
842
1403
1404
845
846
849
851
845
846
1439
1451
850
1440
854
1452
848
849
851
853
860
850
1445
853
854
853
854
864
1459
865
1460
857
858
861
863
857
858
1483
1499
866
1484
862
1500
860
861
863
865
862
1505
865
866
865
866
1491
1492
871
872
873
881
888
872
873
882
1549
871
872
1528
1550
871
873
889
1529
892
1530
886
1551
887
893
878
879
880
881
888
878
880
981
878
879
884
982
879
880
891
885
984
887
893
894
885
886
887
886
887
1569
885
886
989
1570
885
887
990
991
1572
892
893
894
892
893
1541
892
894
1542
893
894
1544
899
900
901
902
909
899
900
903
1663
899
901
910
1691
900
901
1664
1692
907
914
908
1665
915
1693
906
907
908
907
908
1683
906
907
1024
906
908
1025
1684
1026
1686
913
914
915
914
915
1711
913
914
1069
913
915
1070
1712
1071
1714
919
920
928
919
920
1037
920
929
1039
932
925
926
927
928
925
927
925
926
1740
926
927
930
1741
931
1742
932
931
932
932
931
932
1751
1753
937
938
939
945
937
939
937
938
1757
938
939
946
1758
948
1759
949
943
944
945
943
944
1180
944
947
1182
949
948
949
948
949
1768
949
1770
953
954
962
953
954
1163
954
963
1165
966
959
960
961
962
959
961
959
960
1774
960
961
964
1775
965
1776
966
965
966
966
965
966
1785
1787
969
1791
969
971
1792
972
1793
972
972
1802
1804
977
978
979
987
994
978
979
988
1837
977
978
1824
1839
977
979
995
1825
998
1826
992
1840
993
999
984
985
986
987
994
984
986
984
985
990
985
986
997
991
993
999
1000
991
992
993
992
993
1851
991
992
1852
991
993
1854
998
999
1000
998
999
1830
998
1000
1831
999
1000
1833
1005
1006
1007
1005
1006
1922
1006
1007
1940
1005
1007
1923
1941
1924
1942
1012
1013
1014
1022
1029
1012
1013
1023
2038
1012
1014
1030
2067
1013
1014
2040
2068
1027
1034
1028
2041
1035
2069
1019
1020
1021
1022
1029
1019
1020
1098
1019
1021
1024
1020
1021
1031
1099
1026
1033
1101
1027
1034
1026
1027
1028
1027
1028
2052
1026
1027
1026
1028
2053
2055
1033
1034
1035
1034
1035
2087
1033
1034
1106
1033
1035
1107
2088
1108
2090
1039
1040
1048
1039
1040
1040
1049
1052
1045
1046
1047
1048
1045
1047
1045
1046
2187
1046
1047
1050
2188
1051
2189
1052
1051
1052
1052
1051
1052
2198
2200
1057
1058
1059
1067
1074
1057
1058
1068
2203
1057
1059
1075
2218
1058
1059
2205
2219
1072
1079
1073
2206
1080
2220
1064
1065
1066
1067
1074
1064
1065
1098
1064
1066
1069
1065
1066
1076
1100
1071
1078
1102
1072
1079
1071
1072
1073
1072
1073
1071
1072
1071
1073
1078
1079
1080
1079
1080
2236
1078
1079
1113
1078
1080
1114
2237
1115
2239
1083
1084
1089
1093
1083
1084
2317
2333
1096
2318
1092
2334
1087
1088
1089
1093
1087
1088
1123
1091
1095
1125
1091
1092
1091
1092
2341
2342
1095
1096
1095
1096
1131
2329
1132
2330
1101
1102
1103
1104
1111
1101
1102
1101
1103
1106
1102
1103
1113
1108
1115
1109
1116
1108
1109
1110
1109
1110
2365
1108
1109
1108
1110
2366
2368
1115
1116
1117
1116
1117
2383
1115
1116
1115
1117
2384
2386
1120
1121
1126
1130
1120
1121
2539
2555
1133
2540
1129
2556
1124
1125
1126
1130
1124
1125
1128
1132
1128
1129
1128
1129
2563
2564
1132
1133
1132
1133
2551
2552
1136
1137
1140
1142
1136
1137
2587
2599
1141
2588
1145
2600
1139
1140
1142
1144
1201
1141
2597
1144
1145
1144
1145
1203
2611
1204
2612
1148
1149
1154
1158
1148
1149
2631
2647
1157
2632
1161
2648
1152
1153
1154
1158
1152
1153
1229
1156
1160
1230
1156
1157
1156
1157
2639
2640
1160
1161
1160
1161
1233
2659
1234
2660
1165
1166
1174
1165
1166
1166
1175
1178
1171
1172
1173
1174
1171
1173
1171
1172
2680
1172
1173
1176
2681
1177
2682
1178
1177
1178
1178
1177
1178
2691
2693
1182
1183
1191
1182
1183
1183
1192
1195
1188
1189
1190
1191
1188
1190
1188
1189
2697
1189
1190
1193
2698
1194
2699
1195
1194
1195
1195
1194
1195
2708
2710
1198
1199
1202
1206
1198
1199
2713
2725
1207
2714
1205
2726
1201
1202
1206
1204
1204
1205
1204
1205
2733
2734
1207
2723
1210
1211
1216
1220
1210
1211
2757
2773
1223
2758
1219
2774
1214
1215
1216
1220
1214
1215
1245
1218
1222
1247
1218
1219
1218
1219
2781
2782
1222
1223
1222
1223
1253
2769
1254
2770
1226
1227
1232
1236
1226
1227
2805
2821
1235
2806
1239
2822
1230
1231
1232
1236
1230
1231
1234
1238
1234
1235
1234
1235
2813
2814
1238
1239
1238
1239
2829
2830
1242
1243
1248
1252
1242
1243
2853
2869
1255
2854
1251
2870
1246
1247
1248
1252
1246
1247
1250
1254
1250
1251
1250
1251
2877
2878
1254
1255
1254
1255
2865
2866
1257
2901
2912
1258
2902
2911
1260
2933
2948
1263
2934
1262
1263
2941
2942
1268
1269
1270
1278
1269
1270
1268
1269
1268
1270
1280
1282
1284
1275
1276
1277
1275
1276
1323
1275
1277
1325
1535
1276
1277
1536
1327
1537
1282
1283
1284
1282
1283
1282
1284
1283
1284
1289
1290
1291
1299
1301
1308
1289
1290
1290
1291
1302
1317
1289
1291
1309
1318
1312
1300
1305
1306
1313
1321
1293
1299
1308
2968
1314
2972
1297
1298
1299
1301
2968
1298
1606
2969
1297
1298
1303
1607
1300
1305
1307
1608
2971
1300
1305
1306
1307
1305
1306
1330
1305
1307
1612
1306
1307
1332
1613
1334
1614
1312
1313
1314
1312
1313
1312
1314
1313
1314
1319
1320
1321
1322
1329
1319
1320
1323
1319
1321
1330
1320
1321
1326
1333
1327
1334
1326
1327
1328
1326
1327
1326
1328
1591
1327
1328
1592
1593
1333
1334
1335
1333
1334
1333
1335
1334
1335
1340
1341
1342
1341
1342
1340
1341
1345
1806
1340
1342
1346
1913
1347
1807
1914
1347
1348
1349
1348
1349
1872
1971
1347
1348
1873
1347
1349
1972
1875
1974
1352
1353
1356
1358
1352
1353
1379
1357
1360
1380
1355
1356
1358
1361
2285
1357
1360
1361
1360
1361
1387
2287
1388
2288
1364
1365
1370
1374
1364
1365
1379
1372
1376
1381
1368
1369
1370
1374
1368
1369
1399
2321
1373
1400
1377
2322
1372
1373
1372
1373
1403
1405
1376
1377
1376
1377
1391
2325
1392
2326
1380
1381
1386
1390
1380
1381
1388
1392
1384
1385
1386
1390
1384
1385
2302
2353
1389
2303
1393
2354
1388
1389
1388
1389
2306
2307
1392
1393
1392
1393
2357
2358
1396
1397
1402
1406
1396
1397
1423
1404
1408
1424
1400
1401
1402
1406
1400
1401
2543
1405
1409
2544
1404
1405
1404
1405
1408
1409
1408
1409
1431
2547
1432
2548
1412
1413
1416
1418
1412
1413
1423
1417
1420
1425
1415
1416
1418
1421
2591
1417
1420
1421
1420
1421
1435
2593
1436
2594
1424
1425
1430
1434
1424
1425
1432
1436
1428
1429
1430
1434
1428
1429
2575
2619
1433
2576
1437
2620
1432
1433
1432
1433
2579
2580
1436
1437
1436
1437
2623
2624
1440
1441
1444
1446
1440
1441
1467
1445
1448
1468
1443
1444
1446
1449
2717
1445
1448
1449
1448
1449
1475
2719
1476
2720
1452
1453
1458
1462
1452
1453
1467
1460
1464
1469
1456
1457
1458
1462
1456
1457
1487
2761
1461
1488
1465
2762
1460
1461
1460
1461
1491
1493
1464
1465
1464
1465
1479
2765
1480
2766
1468
1469
1474
1478
1468
1469
1476
1480
1472
1473
1474
1478
1472
1473
2745
2793
1477
2746
1481
2794
1476
1477
1476
1477
2749
2750
1480
1481
1480
1481
2797
2798
1484
1485
1490
1494
1484
1485
1511
1492
1496
1512
1488
1489
1490
1494
1488
1489
2857
1493
1497
2858
1492
1493
1492
1493
1496
1497
1496
1497
1519
2861
1520
2862
1500
1501
1504
1506
1500
1501
1511
1505
1508
1513
1503
1504
1506
1509
2905
1505
1508
1509
1508
1509
1523
2907
1524
2908
1512
1513
1518
1522
1512
1513
1520
1524
1516
1517
1518
1522
1516
1517
2889
2921
1521
2890
1525
2922
1520
1521
1520
1521
2893
2894
1524
1525
1524
1525
2925
2926
1530
1531
1532
1533
1540
1531
1532
1534
1576
1530
1531
1578
1530
1532
1541
1544
1538
1580
1539
1545
1537
1538
1539
1538
1539
1590
1537
1538
1592
1537
1539
1595
1544
1545
1546
1544
1545
1544
1546
1545
1546
1551
1552
1553
1561
1568
1552
1553
1562
1577
1551
1552
1569
1551
1553
1578
1572
1565
1573
1566
1581
1558
1559
1560
1561
1568
1559
1560
1669
1844
1558
1559
1563
1670
1558
1560
1571
1845
1565
1573
1567
1672
1574
1847
1565
1566
1567
1565
1566
1597
1565
1567
1677
1566
1567
1599
1678
1601
1679
1572
1573
1574
1572
1573
1572
1574
1852
1573
1574
1853
1855
1579
1580
1581
1589
1596
1579
1580
1590
1579
1581
1597
1580
1581
1594
1600
1595
1601
1586
1587
1588
1589
1596
1586
1588
1718
1586
1587
1591
1587
1588
1598
1719
1593
1594
1600
1602
1721
1593
1594
1595
1594
1595
1593
1594
1593
1595
1600
1601
1602
1600
1601
1600
1602
1726
1601
1602
1727
1728
1604
1611
1636
1616
1618
1639
1608
1609
1610
2983
1608
2984
1608
1609
1612
1614
2986
1615
1614
1615
1616
3030
1615
1616
1614
1615
1614
1616
3032
3034
3035
1618
1656
3033
1658
3035
1620
1630
1698
1634
1700
1625
1626
1627
1628
1626
1627
1625
1626
1631
1625
1627
1633
1634
1632
1633
1634
1632
1633
1649
1632
1634
1705
1633
1634
1651
1706
1653
1707
1638
1639
1640
1648
1655
1638
1639
1638
1640
1649
1652
1658
1653
1659
1645
1646
1647
1648
1645
1647
1718
1645
1646
1646
1647
1650
1720
1652
1654
1722
1652
1653
1654
1652
1653
1652
1654
1733
1653
1654
1734
1735
1658
1659
1660
1658
1660
1659
1660
1665
1666
1667
1675
1682
1666
1667
1676
1665
1666
1683
1665
1667
1686
1680
1687
1681
1672
1673
1674
1675
1682
1672
1674
2045
1672
1673
1677
1673
1674
1685
2046
1679
1680
1687
1688
2048
1679
1680
1681
1680
1681
1725
1679
1680
1679
1681
1727
1730
1686
1687
1688
1686
1687
1686
1688
2053
1687
1688
2054
2056
1693
1694
1695
1703
1710
1694
1695
1704
1693
1694
1711
1693
1695
1714
1708
1715
1709
1700
1701
1702
1703
1710
2988
1700
1702
2210
2990
1700
1701
1705
1701
1702
1713
2211
1707
2992
1708
1715
1716
2213
2993
1707
1708
1709
1708
1709
1732
1707
1708
1707
1709
1734
1737
1714
1715
1716
1714
1715
1714
1716
1715
1716
1721
1722
1723
1724
1731
1721
1722
1721
1723
1726
1722
1723
1733
1728
1735
1729
1736
1728
1729
1730
1729
1730
1728
1729
1728
1730
1735
1736
1737
1736
1737
1735
1736
1735
1737
1742
1743
1744
1750
1743
1744
1742
1743
1742
1744
1751
1753
1754
1748
1749
1750
1748
1749
1763
1749
1752
1765
1754
1753
1754
1753
1754
1754
1759
1760
1761
1767
1760
1761
1759
1760
1759
1761
1768
1770
1771
1765
1766
1767
1765
1766
1766
1769
1771
1770
1771
1770
1771
1771
1776
1777
1778
1784
1777
1778
1776
1777
1776
1778
1785
1787
1788
1782
1783
1784
1782
1783
1797
1783
1786
1799
1788
1787
1788
1787
1788
1788
1793
1794
1795
1801
1794
1795
1793
1794
1793
1795
1802
1804
1805
1799
1800
1801
1799
1800
1800
1803
1805
1804
1805
1804
1805
1805
1807
1817
1873
1819
1812
1813
1814
1815
1812
1814
2124
1812
1813
1818
1813
1814
2125
1819
1821
2127
1819
1820
1821
1820
1821
1879
1819
1820
1880
1819
1821
1883
1826
1827
1828
1829
1827
1828
1865
1893
1826
1827
1867
1826
1828
1830
1833
1869
1834
1895
1833
1834
1835
1833
1834
1833
1835
1834
1835
1905
1906
1840
1841
1842
1850
1857
1840
1841
1851
1841
1842
1858
1866
1840
1842
1867
1854
1856
1861
1862
1870
1847
1848
1849
1850
1857
1847
1849
2045
1847
1848
1853
1848
1849
1859
2047
1855
1856
1861
1863
2049
1854
1855
1856
1854
1856
1854
1855
1855
1856
1861
1862
1863
1861
1862
1886
1861
1863
2060
1862
1863
1888
2061
1890
2062
1868
1869
1870
1878
1885
1868
1869
1879
1868
1870
1886
1869
1870
1883
1889
1884
1890
1875
1876
1877
1878
1885
1875
1877
2101
1875
1876
1880
1876
1877
1887
2102
1882
1883
1889
1891
2104
1882
1883
1884
1883
1884
1882
1883
1882
1884
1889
1890
1891
1889
1890
1889
1891
2109
1890
1891
2110
2111
1894
1895
1900
1904
1894
1895
1902
1906
1898
1899
1900
1904
1898
1899
2174
1903
2175
1907
1902
1903
1902
1903
2178
2179
1906
1907
1906
1907
1911
2005
1911
1912
1916
3039
1912
2006
3040
1918
1919
3042
1914
1917
1972
1918
1919
1978
3045
1918
1919
3046
1918
1979
3049
1924
1925
1926
1927
1934
1925
1926
1928
1964
1924
1925
1935
1924
1926
1966
1936
1932
1937
1933
1968
1931
1932
1933
1932
1933
1978
3045
1931
1932
3047
1931
1933
1980
3050
1983
1936
1937
1936
1937
1962
1942
1943
1944
1952
1943
1944
1953
1965
1942
1943
1942
1944
1966
1956
1957
1969
1949
1950
1951
1952
1950
1951
2073
1949
1950
1954
2074
1949
1951
1956
1958
2076
1956
1957
1958
1956
1957
1985
1956
1958
2081
1957
1958
1987
2082
1989
2083
1960
1961
2022
1962
1967
1968
1969
1977
1984
1967
1968
1978
1967
1969
1985
1968
1969
1982
1988
1983
1989
1974
1975
1976
1977
1984
1974
1976
2101
1974
1975
1979
1975
1976
1986
2103
1981
1982
1988
1990
2105
1981
1982
1983
1982
1983
1981
1982
1981
1983
1988
1989
1990
1988
1989
1988
1990
2116
1989
1990
2117
2118
1995
1996
1997
1996
1997
1995
1996
2000
2010
1995
1997
2001
2121
2002
2011
2122
2002
2003
2004
2003
2004
2002
2003
2025
2002
2004
2153
2026
2154
2008
2009
3067
2008
2009
2013
3068
2015
2016
3071
2011
2014
2025
2015
2016
2032
3073
2015
2016
3074
2015
2033
3077
2018
2019
2455
2020
2024
2022
2023
2024
2026
2033
2035
2030
2460
2030
2031
2034
3053
2031
2461
3054
2035
2036
3056
2036
3059
2035
2035
2036
3061
3064
2041
2042
2043
2051
2058
2041
2042
2052
2042
2043
2059
2094
2041
2043
2096
2055
2057
2063
2064
2098
2048
2049
2050
2051
2058
2048
2049
2048
2050
2054
2049
2050
2060
2056
2062
2057
2063
2055
2056
2057
2055
2057
2055
2056
2056
2057
2062
2063
2064
2063
2064
2108
2062
2063
2062
2064
2110
2113
2069
2070
2071
2079
2086
2070
2071
2080
2095
2069
2070
2087
2069
2071
2096
2090
2084
2091
2085
2099
2076
2077
2078
2079
2086
2076
2078
2076
2077
2081
2077
2078
2089
2083
2084
2091
2092
2083
2084
2085
2084
2085
2115
2083
2084
2083
2085
2117
2120
2090
2091
2092
2090
2091
2090
2092
2366
2091
2092
2367
2369
2097
2098
2099
2107
2114
2097
2098
2108
2097
2099
2115
2098
2099
2112
2119
2113
2120
2104
2105
2106
2107
2114
2104
2105
2104
2106
2109
2105
2106
2116
2111
2118
2112
2119
2111
2112
2113
2112
2113
2111
2112
2111
2113
2118
2119
2120
2119
2120
2118
2119
2118
2120
2122
2132
2153
2134
2127
2128
2129
2130
2127
2128
2127
2129
2128
2129
2133
2134
2136
2134
2135
2136
2135
2136
2163
2134
2135
2164
2134
2136
2167
2139
2140
2145
2149
2139
2140
2170
2147
2151
2172
2143
2144
2145
2149
2143
2144
2495
2148
2496
2152
2147
2148
2147
2148
2499
2500
2151
2152
2151
2152
2182
2183
2154
2164
2166
2159
2160
2161
2162
2159
2161
2509
2159
2160
2165
2160
2161
2510
2166
2168
2512
2166
2167
2168
2167
2168
2166
2167
2166
2168
2171
2172
2177
2181
2171
2172
2180
2183
2175
2176
2177
2181
2175
2176
2179
2184
2179
2180
2179
2180
2183
2184
2183
2184
2189
2190
2191
2197
2190
2191
2189
2190
2189
2191
2198
2200
2201
2195
2196
2197
2195
2196
2231
2196
2199
2233
2201
2200
2201
2200
2201
2201
2206
2207
2208
3086
2206
2207
2207
2208
2250
3087
2206
2208
2252
3091
2254
3092
2213
2214
2215
3009
3086
2213
2214
3011
2213
2215
2214
2215
3088
3013
3014
3090
3091
2220
2221
2222
2235
2242
2221
2222
2251
2220
2221
2236
2220
2222
2243
2252
2239
2246
2240
2247
2255
2227
2228
2229
2235
2242
2228
2229
2227
2228
2237
2227
2229
2244
2239
2246
2241
2248
2233
2234
2242
2233
2234
2234
2245
2248
2239
2240
2241
2239
2240
2239
2241
2384
2240
2241
2385
2387
2246
2247
2248
2246
2247
2271
2246
2248
2247
2248
2273
2275
2253
2254
2255
2263
2270
2253
2254
2264
2253
2255
2254
2255
2271
2268
2269
2274
2275
2260
2261
2262
2263
2270
2260
2262
2260
2261
2266
3081
2261
2262
2272
3082
2267
2269
2274
3084
2276
2267
2268
2269
2268
2269
3087
2267
2268
2267
2269
3089
3092
2274
2275
2276
2274
2275
2274
2276
2275
2276
2281
2282
2283
2286
2290
2282
2283
2295
2281
2282
2291
2281
2283
2297
2292
2293
2289
2299
2285
2286
2290
2288
2288
2289
2288
2289
2306
2308
2292
2293
2292
2293
2298
2299
2300
2305
2309
2298
2299
2298
2300
2310
2299
2300
2313
2308
2314
2303
2304
2305
2309
2303
2304
2401
2307
2315
2402
2307
2308
2307
2308
2313
2314
2315
2313
2314
2313
2315
2406
2314
2315
2407
2408
2318
2319
2324
2328
2318
2319
2349
2330
2327
2350
2322
2323
2324
2328
2322
2323
2543
2326
2331
2545
2326
2327
2326
2327
2357
2359
2330
2331
2330
2331
2551
2553
2334
2335
2340
2344
2334
2335
2349
2342
2346
2351
2338
2339
2340
2344
2338
2339
2379
2343
2347
2381
2342
2343
2342
2343
2346
2347
2346
2347
2361
2390
2362
2391
2350
2351
2356
2360
2350
2351
2359
2362
2354
2355
2356
2360
2354
2355
2401
2358
2363
2403
2358
2359
2358
2359
2362
2363
2362
2363
2412
2413
2368
2369
2370
2368
2370
2368
2369
2369
2370
2375
2376
2377
2382
2389
2375
2376
2383
2376
2377
2395
2375
2377
2396
2386
2388
2392
2399
2380
2381
2382
2389
2380
2381
2387
2391
2386
2387
2388
2386
2388
2386
2387
2387
2388
2391
2392
2391
2392
2412
2414
2397
2398
2399
2404
2411
2397
2398
2405
2397
2399
2398
2399
2409
2410
2414
2402
2403
2404
2411
2402
2403
2408
2413
2408
2409
2410
2409
2410
2408
2409
2408
2410
2413
2414
2413
2414
2419
2420
2421
2420
2421
2419
2420
2424
2442
2419
2421
2425
2474
2426
2443
2475
2426
2427
2428
2427
2428
2426
2427
2458
2426
2428
2506
2459
2507
2431
2477
2431
2479
2481
2434
2435
2434
2435
2527
2438
2528
2437
2438
2531
2532
2444
2446
3094
2471
2443
2450
2458
2452
2447
2447
2448
2451
3112
2448
3113
2452
2453
3116
2453
2465
3118
2452
2466
2452
2453
3119
3122
2455
2456
2457
2473
2459
2466
2468
2463
2464
3098
2463
2464
2467
3099
2468
2469
3102
2469
3104
2468
2468
2469
3105
3108
2471
2472
2473
2475
2485
2506
2487
2480
2481
2482
2483
2480
2481
2480
2482
2486
2481
2482
2487
2489
2487
2488
2489
2488
2489
2516
2487
2488
2517
2487
2489
2520
2492
2493
2498
2502
2492
2493
2523
2501
2504
2525
2496
2497
2498
2502
2496
2497
2500
2505
2500
2501
2500
2501
2504
2505
2504
2505
2535
2536
2507
2517
2519
2512
2513
2514
2515
2512
2513
2512
2514
2513
2514
2518
2519
2521
2519
2520
2521
2520
2521
2519
2520
2519
2521
2524
2525
2530
2534
2524
2525
2533
2536
2528
2529
2530
2534
2528
2529
2532
2537
2532
2533
2532
2533
2536
2537
2536
2537
2540
2541
2546
2550
2540
2541
2571
2552
2549
2572
2544
2545
2546
2550
2544
2545
2548
2553
2548
2549
2548
2549
2579
2581
2552
2553
2552
2553
2556
2557
2562
2566
2556
2557
2571
2564
2568
2573
2560
2561
2562
2566
2560
2561
2635
2565
2569
2637
2564
2565
2564
2565
2568
2569
2568
2569
2583
2643
2584
2644
2572
2573
2578
2582
2572
2573
2581
2584
2576
2577
2578
2582
2576
2577
2667
2580
2585
2668
2580
2581
2580
2581
2584
2585
2584
2585
2671
2672
2588
2589
2592
2596
2588
2589
2615
2597
2595
2616
2591
2592
2596
2594
2594
2595
2594
2595
2623
2625
2597
2600
2601
2606
2610
2600
2601
2615
2612
2608
2617
2604
2605
2606
2610
2604
2605
2651
2729
2609
2652
2613
2730
2608
2609
2608
2609
2627
2655
2628
2656
2612
2613
2612
2613
2733
2735
2616
2617
2622
2626
2616
2617
2625
2628
2620
2621
2622
2626
2620
2621
2667
2624
2629
2669
2624
2625
2624
2625
2628
2629
2628
2629
2675
2676
2632
2633
2638
2642
2632
2633
2663
2640
2645
2664
2636
2637
2638
2642
2636
2637
2641
2644
2640
2641
2640
2641
2644
2645
2644
2645
2671
2673
2648
2649
2654
2658
2648
2649
2663
2660
2657
2665
2652
2653
2654
2658
2652
2653
2809
2656
2661
2810
2656
2657
2656
2657
2675
2677
2660
2661
2660
2661
2813
2815
2664
2665
2670
2674
2664
2665
2673
2677
2668
2669
2670
2674
2668
2669
2672
2676
2672
2673
2672
2673
2676
2677
2676
2677
2682
2683
2684
2690
2683
2684
2682
2683
2682
2684
2691
2693
2694
2688
2689
2690
2688
2689
2703
2689
2692
2705
2694
2693
2694
2693
2694
2694
2699
2700
2701
2707
2700
2701
2699
2700
2699
2701
2708
2710
2711
2705
2706
2707
2705
2706
2706
2709
2711
2710
2711
2710
2711
2711
2714
2715
2718
2722
2714
2715
2741
2723
2721
2742
2717
2718
2722
2720
2720
2721
2720
2721
2749
2751
2723
2726
2727
2732
2736
2726
2727
2741
2734
2738
2743
2730
2731
2732
2736
2730
2731
2809
2735
2739
2811
2734
2735
2734
2735
2738
2739
2738
2739
2753
2817
2754
2818
2742
2743
2748
2752
2742
2743
2751
2754
2746
2747
2748
2752
2746
2747
2841
2750
2755
2842
2750
2751
2750
2751
2754
2755
2754
2755
2845
2846
2758
2759
2764
2768
2758
2759
2789
2770
2767
2790
2762
2763
2764
2768
2762
2763
2857
2766
2771
2859
2766
2767
2766
2767
2797
2799
2770
2771
2770
2771
2865
2867
2774
2775
2780
2784
2774
2775
2789
2782
2786
2791
2778
2779
2780
2784
2778
2779
2825
2783
2787
2827
2782
2783
2782
2783
2786
2787
2786
2787
2801
2833
2802
2834
2790
2791
2796
2800
2790
2791
2799
2802
2794
2795
2796
2800
2794
2795
2841
2798
2803
2843
2798
2799
2798
2799
2802
2803
2802
2803
2849
2850
2806
2807
2812
2816
2806
2807
2837
2814
2819
2838
2810
2811
2812
2816
2810
2811
2815
2818
2814
2815
2814
2815
2818
2819
2818
2819
2845
2847
2822
2823
2828
2832
2822
2823
2837
2830
2835
2839
2826
2827
2828
2832
2826
2827
2831
2834
2830
2831
2830
2831
2834
2835
2834
2835
2849
2851
2838
2839
2844
2848
2838
2839
2847
2851
2842
2843
2844
2848
2842
2843
2846
2850
2846
2847
2846
2847
2850
2851
2850
2851
2854
2855
2860
2864
2854
2855
2885
2866
2863
2886
2858
2859
2860
2864
2858
2859
2862
2867
2862
2863
2862
2863
2893
2895
2866
2867
2866
2867
2870
2871
2876
2880
2870
2871
2885
2878
2882
2887
2874
2875
2876
2880
2874
2875
2937
2879
2883
2939
2878
2879
2878
2879
2882
2883
2882
2883
2897
2945
2898
2946
2886
2887
2892
2896
2886
2887
2895
2898
2890
2891
2892
2896
2890
2891
2957
2894
2899
2958
2894
2895
2894
2895
2898
2899
2898
2899
2961
2962
2902
2903
2906
2910
2902
2903
2917
2911
2909
2918
2905
2906
2910
2908
2908
2909
2908
2909
2925
2927
2911
2913
2917
2915
2919
2915
2929
2950
2930
2918
2919
2924
2928
2918
2919
2927
2930
2922
2923
2924
2928
2922
2923
2957
2926
2931
2959
2926
2927
2926
2927
2930
2931
2930
2931
2965
2966
2934
2935
2940
2944
2934
2935
2953
2942
2947
2954
2938
2939
2940
2944
2938
2939
2943
2946
2942
2943
2942
2943
2946
2947
2946
2947
2961
2963
2949
2953
2951
2955
2951
2965
2967
2954
2955
2960
2964
2954
2955
2963
2967
2958
2959
2960
2964
2958
2959
2962
2966
2962
2963
2962
2963
2966
2967
2966
2967
2971
2972
2971
2984
2971
2972
2985
2986
2977
2978
2979
2978
2979
3003
3038
3039
3041
2977
2978
2977
2979
3004
3046
3047
3048
3006
2982
3024
3093
2982
3025
3027
2986
2987
3030
2986
2986
2987
3031
3034
3036
2992
2993
2994
2993
2994
3010
2992
2993
3011
2992
2994
3013
2999
3000
3001
3002
2999
3001
3017
2999
3000
3005
3000
3001
3018
3052
3053
3055
3007
3008
3060
3061
3062
3020
3006
3007
3008
3006
3008
3066
3068
3070
3006
3007
3007
3008
3074
3075
3076
3013
3014
3015
3079
3013
3015
3013
3014
3014
3015
3080
3083
3085
3020
3021
3022
3023
3020
3022
3020
3021
3097
3099
3101
3021
3022
3026
3028
3105
3106
3107
3029
3027
3028
3029
3027
3028
3111
3112
3114
3027
3029
3028
3029
3119
3120
3121
3034
3035
3036
3034
3036
3034
3035
3035
3036
3041
3042
3043
3044
3041
3043
3066
3041
3042
3046
3042
3043
3067
3048
3049
3069
3048
3049
3050
3049
3050
3048
3049
3048
3050
3055
3056
3057
3058
3055
3057
3097
3055
3056
3061
3056
3057
3098
3062
3064
3100
3062
3063
3064
3063
3064
3073
3062
3063
3075
3062
3064
3078
3069
3070
3071
3072
3069
3070
3069
3071
3070
3071
3074
3076
3077
3076
3077
3078
3077
3078
3076
3077
3076
3078
3083
3084
3085
3086
3083
3085
3083
3084
3089
3084
3085
3090
3092
3090
3091
3092
3091
3092
3090
3091
3090
3092
3095
3111
3095
3113
3115
3100
3101
3102
3103
3100
3101
3100
3102
3101
3102
3105
3107
3108
3107
3108
3109
3108
3109
3118
3107
3108
3107
3109
3120
3123
3114
3115
3116
3117
3114
3115
3114
3116
3119
3115
3116
3121
3122
3121
3122
3123
3122
3123
3121
3122
3121
3123
)


// ************************************************************************* //
