/*--------------------------------*- C++ -*----------------------------------*\
| =========                 |                                                 |
| \\      /  F ield         | OpenFOAM: The Open Source CFD Toolbox           |
|  \\    /   O peration     | Version:  2012                                  |
|   \\  /    A nd           | Website:  www.openfoam.com                      |
|    \\/     M anipulation  |                                                 |
\*---------------------------------------------------------------------------*/
FoamFile
{
    version     2.0;
    format      ascii;
    class       volScalarField;
    location    "0.104/solid";
    object      sigmaDiff;
}
// * * * * * * * * * * * * * * * * * * * * * * * * * * * * * * * * * * * * * //

dimensions      [1 -1 -2 0 0 0 0];


internalField   nonuniform List<scalar> 
3125
(
-64609
-128244
-1404.48
-15421.5
-132997
-64590.5
-83367.3
-125156
-141352
-55000.9
-67105.2
-139398
-62243.2
-62219.1
-120830
-46211.7
-66474.6
-136044
-65427.1
-53225.2
-134111
-39882.3
-60954.3
-17453.7
-58834.2
-26239.6
-43882.4
-17727.6
-62574
-17074
-61595.6
-22189.3
-37818.9
-16927.5
-1577.75
-23499.9
-15760.6
-1368.66
-14977.5
-1550.88
-19806.4
-14880
-92384.8
-96644.7
-3857.02
-4809.27
-172808
-167672
-84048.8
-161118
-77433.4
-72085.9
-57799.8
-61734.1
-65271.7
-74747.1
-62806.1
-156500
-67449.6
-75053.3
-186445
-180569
-145433
-184564
-120837
-60217.3
-77043.1
-93632.3
-119068
-61934.1
-99631.4
-178657
-91905
-113198
-87977.7
-44995.4
-53635.3
-56262.6
-55320
-51040.1
-91902.1
-64781.2
-56477.2
-42844.5
-53055.8
-49113.1
-96466.9
-101122
-94939.9
-47183.8
-61896.7
-71980.2
-47725
-58150.8
-99526.3
-85351.7
-67345.7
-42690.2
-45824
-53979.6
-37815
-34883.2
-42103.8
-37160.5
-33481.1
-34127.3
-23361.9
-31066.7
-40610.7
-36641.7
-33536.6
-34396.8
-22243
-30639.1
-38188.3
-35143.6
-42812.5
-37644.9
-31213.4
-29133.8
-19585.2
-27337.4
-39305.5
-31369.6
-30121.5
-34649.4
-18855.5
-27819.9
-4383.52
-3402.59
-8769.75
-20708.3
-15046
-12593.9
-5361.16
-19490.1
-11379.3
-3425.1
-12148.5
-9894.65
-3303.73
-4217.87
-3471.94
-3587.05
-6805.98
-17141.8
-12486.1
-10057.6
-4376.06
-16202.6
-8977.43
-3652.63
-9966.04
-7787.13
-76056
-114331
-1624.67
-10064.7
-193759
-147559
-179862
-141444
-67017.3
-56719.6
-58098
-66154.7
-80378.6
-64780.1
-138364
-100552
-110207
-210579
-157727
-208874
-167570
-56754.4
-56466
-58882.4
-75293.9
-65372.8
-72291.7
-155755
-113101
-125888
-72880.5
-53184.8
-61173.8
-55300.8
-59890.9
-53836
-108133
-97120.1
-87779.7
-43667.5
-48510.4
-45552.6
-78761.7
-120582
-77504.1
-55222.3
-64648.1
-54120.7
-51423.1
-51831.8
-118762
-108940
-96920.9
-38835.5
-41903.3
-40958.6
-50493.4
-24234.5
-50577.6
-49062.7
-43176.3
-28925.4
-25418.3
-28000.6
-41695.7
-41514.9
-39635.9
-24270.3
-18856.9
-24136.7
-51475.6
-24104.9
-52262.3
-50703.5
-43779.8
-24539.8
-21324.1
-23608.8
-36713.5
-35712.4
-34581.5
-23807.1
-17499.2
-22959.5
-1864.7
-2724.87
-3138.01
-22763.7
-20715.4
-20047.6
-10559.2
-17323.3
-12802.7
-3006.08
-5536.54
-1406.61
-9491.37
-1540.57
-2710.97
-2811.28
-19006.7
-17395
-16657.1
-9528.89
-15917.2
-11451
-3373.49
-4449.31
-80028.9
-109815
-1926.25
-8540.81
-188466
-152518
-110059
-81935.8
-106133
-175134
-127455
-137579
-79728.3
-98128.2
-102154
-69513.1
-60781.5
-59450.2
-54109.1
-59225.9
-55073.5
-56683.5
-60540.2
-55932.5
-58702.1
-64578.2
-58336.4
-77508.9
-62106.3
-63435.1
-63755.1
-57331.9
-57881.7
-142847
-123717
-113799
-81668.7
-70054.4
-85821
-94059.2
-72591.7
-89953.6
-204457
-163337
-175831
-136938
-165435
-202698
-148492
-162670
-128746
-145583
-155351
-58492.8
-63956.7
-61376
-64570.6
-82337.5
-68315.5
-76326.8
-87866.1
-72232.5
-94544.8
-112346
-89706.8
-63651.4
-66628.6
-69406.6
-105869
-80600.5
-85060.4
-161365
-143820
-130301
-109623
-98730.4
-118141
-136122
-105828
-126973
-76562.2
-72523.1
-64008.6
-48965.6
-47885.7
-52900.3
-60958.7
-50768.8
-56901.4
-53034.5
-54620.8
-51850.8
-57595.1
-50732.7
-52315
-52877.9
-49154.3
-50556.8
-103995
-75573.5
-84529
-77505.2
-62057.9
-73341.2
-65057.9
-59287.4
-69189
-42478.4
-45009.3
-44303.8
-50788.7
-49081.9
-47356.6
-47101.2
-47644.1
-46026.6
-83053.5
-115592
-81721.4
-78263.6
-67918.1
-53189
-51818.2
-59077.3
-71865.9
-56720.8
-65301.8
-60991.7
-67145.1
-57568.9
-49590.3
-47395.5
-49593.9
-62537.1
-51163.6
-54295.9
-113822
-81841.3
-93040.1
-101421
-79073.2
-93540.6
-78759.7
-73071.3
-85986.2
-39829.9
-46258
-42506.6
-43883.7
-45230.7
-43086.7
-50017.7
-48162.3
-45279.4
-47185
-26713.4
-45109.3
-39217.3
-41341.4
-45960.8
-34079
-40820.4
-36341.9
-34111.5
-37673.9
-31555.9
-32920.2
-30503.2
-24451
-25975.8
-27007.6
-31881.2
-28545.5
-29486.5
-40551.8
-38312.2
-38526.2
-39103.5
-35248.3
-37487.5
-35953.5
-34188.2
-36404.8
-26657.9
-31986.1
-25946.6
-21050.6
-25018.7
-24129.2
-30663
-27817.3
-27332.5
-47987.4
-26692.8
-47634.9
-38699
-42417.7
-47278
-33658.6
-41152.1
-34835.7
-32993.2
-37537.5
-26856.1
-28079.8
-25859.9
-20458.5
-22087.2
-22791
-27477.3
-24665
-25127.3
-37239.3
-36090.5
-34720
-33562.9
-30270.5
-32436.8
-33034.3
-29852.1
-32262.6
-26344.2
-31373.9
-24885.9
-18056.2
-21661.1
-21323
-28778.7
-24641.9
-24891.8
-2266.45
-6729.72
-3743.13
-2977.81
-4057.9
-3356
-7474.69
-6317.31
-5216.3
-21825.1
-18020.2
-19139.9
-17894.4
-14491.3
-17285.4
-15309.4
-13657.3
-16410.9
-9067.75
-7736.3
-11542.1
-18100.8
-16757.9
-15269.4
-9949.64
-14051.1
-12555.7
-3178.5
-4635.57
-5149.3
-9198.68
-11657.3
-8803.04
-7285.29
-10886.1
-8143.9
-1603.83
-7939.4
-1773.83
-5763.09
-3261
-3022.47
-3369.79
-2817.44
-5609.7
-4871.5
-3919.68
-18121.7
-14743.1
-15775.7
-14955
-11872.1
-14277.9
-12380.8
-11059.4
-13419.6
-8016.18
-6677.93
-10206.7
-15071
-13681.6
-12350.1
-7623.76
-11274.7
-9872.07
-3520
-3794.65
-4181.59
-7422.92
-9432.65
-7015.7
-5671.92
-8698.82
-6421.87
-68343.9
-123547
-1452.52
-13503.6
-204450
-137796
-146989
-189383
-167446
-172492
-107141
-129514
-114609
-115196
-118301
-119093
-104055
-222996
-146729
-233762
-221414
-206547
-235348
-148954
-144765
-130390
-145567
-135365
-151384
-143132
-59316.6
-65716.2
-59550.6
-58605.5
-62681.6
-61737.5
-56543.8
-97884.2
-116549
-110930
-111316
-107274
-100964
-107481
-70467.9
-130805
-68866.2
-69352.7
-61784.6
-66517.3
-65413.5
-70644.5
-64824.3
-131800
-128905
-125487
-139849
-137411
-120653
-134229
-57378.6
-19595.8
-51107.6
-56469.9
-55521
-55498.2
-53801.4
-53446.1
-52507.5
-20947.4
-19798
-18362.4
-18182.8
-20339.2
-20080.5
-19095.8
-58765.4
-19289
-57088.8
-58242.9
-62502.9
-57860.4
-60897.1
-54791.1
-58604.7
-18524
-19096.6
-17111.5
-16570.2
-19104
-18757.4
-16430.2
-1953.37
-1521.25
-1633.97
-1975.78
-1703.11
-2048.82
-1905.33
-15623.7
-13905.5
-16480.7
-16368.4
-14697.5
-17316.5
-14652.6
-1437.32
-13006.4
-1852.53
-1446.55
-1925.31
-1568.23
-1984.61
-1555.64
-1844.64
-12630.3
-12961.1
-15226.5
-14515.4
-14465.4
-13455.5
-12599.9
-3213.38
-2947.45
-3096.01
-3271.02
-88192.9
-100967
-3051.43
-5907.44
-177986
-162572
-131818
-165757
-144602
-147332
-148394
-128758
-151461
-122599
-151913
-140808
-143208
-137024
-125679
-139119
-192380
-174751
-199223
-190537
-172279
-194749
-177826
-201306
-192596
-179629
-172817
-166796
-188281
-161374
-181901
-186061
-73702
-84109.8
-82481.9
-81807.2
-79073.4
-76660.1
-78327.8
-82643.7
-95876
-85927.9
-85344.1
-89405.1
-79646.5
-88913.3
-91901.6
-105851
-90815.9
-90437.7
-89120.5
-97742.8
-84943.4
-92952.4
-95547.5
-105355
-104201
-93377.7
-102642
-97715.1
-107647
-100397
-40841.6
-32047.4
-38342.5
-40005.1
-36625.8
-35898.6
-39260.7
-35950.8
-38475.5
-31334.2
-31722
-34061.5
-33385.8
-31572
-33609.5
-30956.5
-41334.4
-32206.7
-39808
-40745.6
-36155.1
-37645.3
-39007.6
-40841.9
-36713.7
-30891.2
-31763.6
-33398.7
-34568.8
-30743.6
-31618.6
-33740.4
-5113.68
-3535.73
-5211.11
-5445.59
-4288.27
-6138.75
-4529.61
-3042.76
-3333.76
-3394.96
-3070.6
-3182.14
-3209.13
-3048.35
-8434.69
-6467.01
-6242.2
-6463.49
-7382.48
-7249.93
-7574.92
-3304.21
-3392.97
-3343.93
-3054.46
-3184.36
-3469.47
-2988.97
-2552.71
-5296.2
-2896.78
-2733.06
-4452.56
-3228.05
-3669.22
-2538.59
-3591.49
-3152.06
-3468.59
-3384.31
-3615.95
-3195.68
-3328.44
-3443.85
-5455.39
-5435.6
-5366.94
-4095.44
-6403.84
-5130.52
-4446.29
-3519.76
-3661.22
-3367.84
-3735.91
-3506.76
-3401.31
-3797.46
-72159.7
-118909
-1444.28
-11717
-199089
-142651
-94834.2
-95668.6
-143975
-184608
-159823
-164022
-163631
-168239
-140958
-96970.8
-70376.2
-65363.6
-71189.4
-64481.1
-73438
-71963.2
-75525
-77126.6
-68171.7
-62274
-67422.1
-63085.9
-90555.2
-78667.8
-80225.4
-89086.1
-103107
-105848
-93795.8
-84097.1
-95476.4
-82354.7
-100176
-97678.1
-82763.2
-81411.7
-110236
-133918
-125749
-127009
-122015
-123039
-113326
-78240.8
-79682.4
-216758
-152194
-209476
-216351
-226671
-215111
-194872
-221484
-200677
-228377
-219671
-230842
-223748
-64653.4
-73807.3
-66458.5
-71841.4
-58026
-57261.5
-60602.3
-61415.3
-62294.5
-66810.9
-60610.5
-68650.1
-91827.8
-102216
-104917
-89277
-85918
-87149.3
-95145.2
-112233
-97858.9
-109377
-82150.5
-81012.5
-150687
-144886
-154882
-150217
-145553
-163306
-140419
-157297
-160913
-133392
-138955
-55017.1
-53204.2
-62130.9
-69263.8
-69100.6
-68201.6
-65866.5
-64943.5
-64975.5
-49430.9
-51258.9
-62733.4
-58208.2
-58937.8
-62052.4
-68635.1
-69997.1
-66778.4
-65507.2
-64658.5
-60952.5
-65360.1
-60194
-71511
-73102.4
-94808.1
-112314
-100042
-99928.7
-103642
-103676
-91749.9
-76453.2
-74933.9
-50315.4
-49444.1
-48615.2
-51120.6
-50422.8
-49314.3
-51854.3
-52947.5
-48896.4
-46595.1
-48029.7
-47479.1
-74566.9
-125651
-70567.1
-66610.5
-73023.9
-73377.6
-72957.2
-79231.7
-69138
-74882.1
-77296.1
-59052.4
-62766.9
-54773.1
-57737.4
-59344
-53314.9
-54119.3
-54859.2
-56844.3
-63836.9
-58406.1
-62119.2
-51885.8
-51163.2
-111847
-116959
-126288
-123788
-111236
-123286
-115903
-128705
-120891
-127720
-122370
-38679.4
-41126.6
-39930.2
-39790.2
-36966
-36170.7
-37274.9
-37030.8
-36193.4
-38183.9
-38438.2
-39211
-53892
-21858.3
-41928.6
-43755.6
-48453.2
-52238.1
-47579
-46683.9
-50480.1
-49554.4
-45851.4
-47498.3
-45665.4
-30345.6
-31207
-31760.2
-29805.5
-29336.7
-27829.9
-30734.7
-32178.5
-28974.2
-26996.1
-27488.9
-28464.5
-44349.8
-42304.3
-43321.6
-43337.2
-46780
-47913.5
-45708
-45442.8
-46646.3
-44494.2
-45399.1
-44227.6
-25916.9
-24246.3
-22880.6
-21981
-24574.8
-24167.6
-22412.5
-22080.1
-24888
-21018.8
-22631.6
-55066
-21631.2
-45385.7
-48633
-53391.3
-54229.4
-48185
-51145.6
-51437.3
-54816.7
-49816.8
-55460.2
-51972.5
-20629.5
-21319.5
-21719.9
-20224.5
-20000.2
-18890.8
-21036
-22115.5
-19611
-18065.2
-18496.2
-19182.6
-32554.9
-31726.9
-32821.7
-31509.6
-33948.3
-34782.8
-33815.5
-35425.3
-34871.4
-34308.5
-32636.7
-31765.8
-21728.6
-19656.1
-20743.2
-21388.3
-23431.3
-23512.4
-21210.4
-21069.5
-23087.9
-15923.8
-17767.7
-3631.9
-2782.44
-2169.29
-1626.09
-2253.5
-2529.45
-1878.35
-2188.47
-2672.21
-2119.39
-2390.85
-2585.89
-2479.78
-2303.12
-2111.88
-2404.72
-2304.43
-2321.65
-23165.6
-21131.8
-22710.9
-21562.6
-24863.2
-26423.2
-23450.3
-21842.4
-24555
-25630.8
-26107.2
-24098
-14979.3
-16471
-14013.2
-12169.1
-11445.3
-11522
-13016.3
-13033.4
-12491.9
-19487.3
-17931.8
-5769.54
-7506.14
-5556.19
-7804.89
-3700.9
-1859.05
-5833.94
-7927.07
-3710.55
-2154.76
-1993.34
-3619.01
-1320.2
-11176.9
-2335.04
-2253.52
-1800.81
-1455.31
-2200.25
-1538.39
-2032.04
-1508.57
-1831.66
-2099.74
-2337.05
-2555.23
-2563.68
-2253.46
-2149.4
-2407.64
-2477
-2378.18
-15381.2
-13789.1
-14951.6
-14222.5
-16730.8
-17877.8
-16366.2
-17062.4
-17499.6
-15926.4
-15739
-14566.9
-9756.94
-11168.9
-10921.9
-11177.7
-10273.3
-9172.86
-11803.9
-10817.9
-9348.49
-14250.6
-12623.9
-3751.35
-4557.33
-3694.67
-4753.61
-3393.79
-3175.28
-3308.64
-3632.22
-3301.38
-3470.21
-3429.9
-3344.18
-3465.46
-3486.01
-3745.38
-3623.7
-3485.24
-3793.18
-4875.64
-84072.8
-105358
-2410.4
-7149.64
-183207
-157521
-68551.5
-81646.2
-81833.6
-69337.4
-60635.5
-55541
-69383.6
-82653.7
-60935.1
-56114.4
-61156.4
-54580.5
-93450.6
-92508
-134877
-170432
-156009
-159810
-137920
-152199
-155630
-89995.1
-91049.8
-69038.9
-80730.4
-68447.2
-80405.4
-61476.8
-56766.6
-55616.6
-61469.6
-61437.5
-55182.8
-61323.8
-56527.9
-68089.5
-78944.9
-79403.3
-68497.9
-74456
-66855
-73558.4
-67831.3
-83452.1
-85364.2
-76992.1
-70515.4
-69425.5
-77995.5
-81092.7
-79348.8
-56699.6
-60698.2
-60679.3
-56970
-53944.1
-54049.8
-54148.4
-54382.5
-55093
-54521.3
-54532.3
-54515.2
-55934.3
-59006.9
-59040.8
-55657.2
-58033.1
-62463.5
-62483.6
-57754
-56337.3
-54826.3
-55573.9
-54978.7
-58854.4
-64438.8
-64384.1
-59165
-55067
-54824.2
-55736.6
-54744.6
-63388.3
-71397.2
-71708.3
-62832.8
-59075.7
-54260.5
-58175.3
-54566.1
-64533.6
-74733.6
-74269.1
-65217.7
-57345.5
-54764.5
-54476.3
-58253.5
-84731.6
-76682.8
-86021
-75304.7
-89954.5
-87864.2
-81845
-72231.4
-80707.8
-73457.4
-92599.8
-94887.7
-61349.1
-69010.6
-61798.5
-68812.7
-56091.9
-55005.8
-54789.7
-56930.3
-57555.3
-54661.3
-54922.4
-56666.8
-60404.5
-66491.6
-60039.2
-66598.6
-84437.6
-85694.9
-119510
-147360
-129497
-131021
-116423
-133253
-135048
-88458.2
-87300.3
-65431.1
-74103.1
-73260.7
-65559.1
-59668.4
-55733.3
-55343.8
-59198.6
-60117.2
-55720.6
-56297
-60472.3
-64249.9
-70977.6
-71932.4
-63966.5
-66639.3
-75361
-76078.9
-66682.9
-61259.7
-55854.4
-61384.6
-56812.8
-67706.4
-77848.5
-67489
-77255.5
-61046.8
-56658.7
-55894.2
-60804.9
-198387
-169004
-194911
-201859
-208895
-188288
-191223
-182083
-197864
-176028
-201480
-223089
-215833
-208304
-184922
-164283
-178512
-170117
-202309
-195638
-205946
-196582
-189128
-214674
-212760
-183442
-207948
-182260
-188707
-175554
-195150
-181947
-188349
-160419
-142095
-147488
-154480
-166254
-158589
-172443
-152969
-169447
-175292
-181863
-163262
-70914.9
-77198.4
-68969.9
-79309.9
-67990.4
-68901.9
-73586.4
-85166.1
-82916.5
-75670.7
-65031.4
-64174.3
-87304.2
-81043.6
-78208.9
-90449.5
-90824.5
-96157.2
-100165
-87215.2
-94709.9
-108812
-98519.5
-104577
-83484.3
-72429
-75072.7
-80532.4
-97824.4
-84364.2
-87374.2
-94487.6
-110957
-127491
-115196
-122789
-102080
-94104
-90896
-105621
-106652
-113447
-102614
-117918
-131511
-112772
-116535
-127382
-148531
-170283
-153609
-164678
-136641
-124781
-120813
-140977
-143390
-153520
-158917
-138513
-83730.7
-97966.9
-86123.2
-95419.5
-73037.3
-72056.1
-80739.3
-88983.2
-78496.7
-91383.4
-76390.3
-77453.9
-118534
-108681
-122457
-105094
-124179
-132574
-137515
-119725
-128912
-147987
-142831
-133571
-113826
-97807.5
-110104
-101195
-156869
-162887
-173286
-167052
-150754
-169410
-167051
-156028
-175608
-175571
-169326
-129223
-144824
-138990
-134695
-117051
-103162
-107636
-112120
-121983
-116922
-112205
-127170
-124069
-127855
-133444
-118821
-145812
-150606
-156693
-140095
-143168
-136850
-148854
-131671
-151448
-169042
-157389
-162714
-137769
-121710
-126649
-132339
-56966.2
-58754.9
-70764.1
-80302.3
-72382.5
-71526.1
-67858.8
-75705.5
-74893.3
-62449.7
-60696.5
-48739.8
-52458.3
-50939.9
-49885.1
-46142.8
-44323.2
-45135.7
-44945.6
-47278.4
-47034.8
-48405.3
-46345
-47264.2
-47702.6
-49264.4
-46039.7
-52393.9
-54119
-55585.4
-51343.6
-51542
-50350.1
-52510.6
-49928.6
-53829
-58627.1
-57222.6
-54780.4
-50534.2
-48216.8
-49482.4
-48778.2
-53823.4
-55826
-55951.5
-53474.4
-53578.8
-53603.9
-53270.9
-53411.3
-54589.8
-57468.2
-57396.8
-54896.7
-52490.7
-52599.9
-52666.3
-52891.5
-59574.3
-56999.5
-60248.6
-56282.8
-60888
-59738.8
-62553.8
-63754.1
-57876.3
-54387.7
-55111.3
-57190.9
-52285.6
-54450.1
-52690.9
-54256.8
-50554.7
-50437.4
-50932.2
-50451.6
-51625.3
-51999.8
-51590.4
-51607.7
-51475.2
-52665.1
-52940.9
-51006.9
-69638.3
-67986.4
-85664.1
-99908.7
-96464.7
-96208.6
-88696.1
-92918.7
-92542.2
-64378
-66084.4
-61008.8
-65891.8
-67052.3
-60429.2
-58061.1
-54746.9
-58640.9
-54964
-62290.8
-69574.7
-68512.2
-62731.1
-57398.9
-53991.9
-53948.7
-56715.5
-58387
-64375
-63125.3
-59100.8
-54322.8
-51466.8
-53444.8
-51743
-57018.4
-60232.3
-56185
-61562.2
-55172.6
-52942
-52825
-55955.5
-46487.7
-48103.3
-47539.3
-47195.5
-44934.9
-44054.5
-44937.9
-44296.7
-46056.2
-46685.5
-45894
-46567.5
-45521.3
-45657.1
-46329.4
-44727.8
-53341.4
-50578
-52588.1
-51356.3
-57038.5
-58152.1
-55513.7
-54418.5
-54871.4
-53238
-55583.4
-52493.3
-48739.9
-49324.3
-48118.2
-49787.6
-49133.6
-49687.8
-49091.6
-49375.9
-48046.4
-47576.3
-48269.9
-47670.2
-49620.7
-51391.9
-50163.7
-51027.5
-87425.5
-110679
-74667.1
-78854.1
-86192.6
-86031.5
-76864.3
-83694.9
-81688.5
-80858.4
-88267.8
-87646.4
-83216.6
-59507.8
-67573.6
-63747.8
-63058.1
-53281
-47041.9
-49747.2
-50265.2
-56372
-55447.3
-59616.7
-52528.9
-56252
-56555.9
-60138.8
-52926.5
-70342.8
-71423.1
-75502.9
-66546
-69956
-68118.7
-73656.8
-64767.5
-74065.5
-83921.7
-79593.7
-78093
-66398.5
-58436.2
-62936.3
-61564.1
-70787.7
-61940.2
-64243
-68189.8
-80155.6
-91972.3
-83549.2
-88192.1
-74158.7
-69485.2
-67004.5
-76940.5
-76699.5
-80667.5
-73500.6
-84229.9
-50019.4
-55159.2
-51383.9
-53658.2
-46439.9
-45727.4
-48210.7
-49852.9
-51263.7
-46924.6
-48370.1
-49089.9
-62602.6
-59361.4
-65030.4
-57208
-64226.2
-66960.1
-70095.6
-61430.9
-67271.8
-76939.9
-70255.5
-73595.3
-59656.5
-52811.6
-54805.7
-57392.4
-106697
-101808
-110423
-108965
-106649
-117969
-115601
-102138
-112756
-92268.1
-96921.3
-104236
-107068
-112152
-99473.8
-102732
-98826.6
-107407
-94566.6
-108913
-122554
-117220
-113907
-98249.4
-86444.9
-90464.2
-93824.4
-90527.2
-102248
-97417.8
-95040.2
-81379.2
-71548.7
-77437.3
-75114.2
-86330.9
-88256.8
-82050.9
-92839.4
-85391.6
-82566.3
-78765.6
-89577.7
-43867.5
-42991.8
-41378.8
-45701
-43963.8
-44588.2
-46952
-41880.8
-46232.9
-52117.3
-49579.7
-48475.7
-41710.7
-38094.2
-39595.7
-40001.7
-42436.3
-43010
-41278.7
-44271.7
-43199.7
-43926.6
-44022.7
-47642.2
-45236.1
-46312.2
-41521.7
-40777.3
-50007.8
-44913.5
-48039.3
-46636.7
-55990.5
-63677.6
-60751.3
-58593.7
-53348.9
-54958.8
-57695.3
-50926.3
-52540.6
-50575.4
-54657.5
-48713.3
-43964.3
-29315.5
-41763
-41133.8
-42749.8
-40406.2
-42499.1
-43086.5
-43758.5
-42164.5
-43254.2
-46022.1
-44428.9
-44552.3
-41269.9
-39874.9
-39953
-40901.3
-40052.1
-38239.8
-40792.7
-42940
-44739.7
-43872
-43294
-41966.1
-41138.9
-34608.9
-36398.9
-37503.3
-39467.9
-38915
-37838.5
-36026
-34963.2
-36173
-34614.8
-37321.5
-38594.3
-38687.9
-37473.9
-36019.5
-34548.4
-36187.6
-34561.9
-34451.2
-32519.6
-33115.3
-33842.5
-36320.4
-37642.4
-35796.1
-36375.2
-35126.5
-37052.9
-34949
-33561.7
-28696.5
-30690.3
-29319.4
-30083.8
-26835.2
-24675.6
-26147.7
-25388.5
-28155.5
-28883.9
-29531.8
-27465.2
-27385.7
-26527.2
-27982.3
-25926.4
-32672.5
-31998.8
-33287.3
-31361.9
-33391.8
-34065.9
-34589
-32775.1
-33909.7
-35760.9
-34571
-35141.5
-32116.5
-30165.7
-30829.6
-31524.2
-41772.1
-41573.5
-42459.3
-40801.7
-42389.9
-43038.9
-43151.9
-42063.7
-42832.1
-44448.8
-43673.5
-43714.1
-41220.6
-39933.6
-40992.3
-40341.6
-40901
-41109.6
-41993
-40015.3
-40279.6
-39010.3
-39562.7
-37625
-38390.7
-38794.7
-41645.4
-42858.6
-38635.4
-40347.6
-39694.9
-39361.4
-36934.4
-35279.7
-36498.2
-35836.6
-38154.7
-38810.8
-37669.9
-39147
-37484.2
-37023.6
-36337.8
-38117.8
-27592.2
-29314.3
-29118
-29140.6
-26823.6
-26347.9
-26969.9
-29157.8
-28605.8
-32816.6
-31054.5
-25633
-26509.4
-24902.9
-27174.5
-24818
-24083.5
-25560.1
-23284.7
-26166.4
-28328.5
-26909
-27680.5
-24220
-21801.7
-23387.1
-22664.4
-30133.1
-28064.4
-29692.5
-28613.3
-31842.8
-33646.1
-33295.5
-32358.2
-31592
-32925.7
-33087.1
-31287.4
-30508.8
-29667
-31026.7
-29025.2
-44598.9
-29388.2
-44005.2
-43611.5
-46711.1
-41139
-44591.2
-44471.6
-47393.7
-41959.9
-46812.7
-53184.7
-49847.6
-49897.8
-41939.8
-37279.8
-39351.9
-39595.2
-42291.6
-39277.1
-43024.4
-43956.3
-45026
-47590.8
-46359.3
-41965.1
-44156.9
-33658.8
-36433.4
-35919
-40710.6
-38556
-37852.2
-32309.4
-29028
-30986.3
-30113.1
-34527.7
-35106
-36920.3
-32972.6
-33550.5
-32558.8
-35185.3
-31125.6
-23835.6
-22401.9
-22762.6
-23486.9
-25321.7
-26320.8
-24909.3
-25700.3
-24625.2
-25965.7
-24217.2
-23181.3
-19574.1
-21057.9
-19907.9
-20781.6
-18214.7
-16583.6
-17911.1
-16970.1
-19382.9
-20564.2
-20670.9
-19162.6
-18460.4
-17712.8
-18853.9
-17276.2
-23207.8
-22163.6
-23319.8
-21969.2
-24646.7
-26569.3
-26089.8
-24961.8
-24491.8
-25680
-24489.5
-25778.6
-23287
-21944.3
-21925.1
-23439.3
-34612.3
-32160.6
-33494.4
-33109.6
-37865
-42167.9
-39792.7
-39984.3
-36424.2
-36443.6
-35025.5
-38026.4
-35942.6
-35731.4
-37759.5
-34153.9
-29270.6
-30346.7
-30312
-29270.3
-28416.6
-27463.4
-28121.4
-26907.8
-27071.7
-27982.2
-29605.1
-30521.2
-30036.6
-30739.7
-31450.4
-29462.6
-29118
-28246.5
-29982.5
-27574.2
-30736.1
-33701.2
-31831.3
-32390.5
-28515.4
-26918.2
-27171.9
-28140.1
-23852.8
-26153.7
-28163
-28995.3
-25763.1
-26089.3
-25564.2
-28198
-28789.9
-31055.1
-28513.2
-19241.7
-21372.1
-19420.5
-21058.3
-17671.7
-16389.8
-17797.6
-16136.3
-19131.4
-20662.6
-19138.5
-20807.5
-17679.4
-15910.7
-17656.9
-16033.6
-24815.2
-23355
-25523.3
-22806.2
-26088.9
-27223.8
-28097.4
-25423.8
-26763.3
-30122.4
-28971.6
-27728.7
-24269.9
-22142
-23789.3
-22436.8
-4599.88
-5770.64
-4180.12
-2825.43
-2787.8
-3052.97
-3357.52
-3474.44
-3724.48
-8228.23
-6926.55
-3483.51
-4034.74
-3076.98
-4625.06
-2945.79
-3190.91
-2838.39
-2766.8
-2665.44
-3153.49
-2947.09
-2950.4
-2730.42
-3143.72
-2715.24
-3794.46
-5587.22
-5019.93
-4191.16
-2810.45
-2487.13
-2546.21
-2637.11
-7082.81
-5064.79
-6342.09
-5697.53
-8836.56
-11120.8
-10367
-9548.48
-8276.78
-8939.41
-7535.36
-9787.34
-7599.8
-6789.8
-6167.66
-8285.83
-21705.3
-20705.1
-22287
-20138
-22532.8
-23343.5
-24046.9
-21819.3
-23067.9
-25177
-23655.8
-24585.5
-21178.2
-18907.1
-19612.7
-20469.4
-18531.7
-19741.5
-20170.5
-18120.1
-17384.1
-15720.4
-18789.1
-20427.7
-17147.3
-15094.9
-16733.6
-15483.1
-17160.3
-19332.8
-18761.8
-17716.7
-15291.8
-13002.6
-14600.8
-13671.7
-16646.6
-17552
-18253.4
-15961.4
-15787.6
-14699
-16343.3
-14164
-13599.9
-12166.4
-9701.04
-7702.09
-9982.49
-10104.2
-11054.1
-8626.53
-8789.22
-9471.99
-10848.8
-18359.4
-15847.5
-17371.8
-16795.5
-20381.6
-22734.7
-21933.8
-21213.4
-19717.3
-20343.9
-18787.4
-21279.6
-19038.4
-18298
-19858.1
-17471.5
-13903.8
-14486.1
-12991.5
-15465.7
-13237.5
-12432.8
-11670.1
-14031.3
-12600.9
-10204.8
-11050.9
-11669.1
-14561.1
-16953.3
-15368.6
-16133.5
-5093.92
-7252.24
-5385.5
-6835.51
-3402.93
-2687.68
-3239.83
-2605.62
-4841.97
-5978.44
-4485.89
-6497.31
-3466.95
-2319.59
-3583.8
-2479.15
-11036.5
-8992.35
-9304.32
-10673.4
-12619.3
-14321.7
-11218.3
-9467.37
-12408.8
-13717.5
-14111.3
-12047.9
-9835.54
-8677.09
-8230.52
-10345.7
-10705.9
-11666.1
-10074.1
-12329.1
-9402.68
-7255.36
-8779.95
-7820.95
-11174.3
-13346.3
-12803.2
-11685.6
-1992.69
-6535.16
-2584.88
-3063.28
-2367.63
-2168.65
-2537.06
-1700.61
-2015.21
-3027.57
-2032.48
-4422.43
-3646
-2623.86
-2510.02
-2428.82
-2818.32
-2996.65
-3285.46
-2801.07
-2920.93
-2719.17
-3109.76
-3214.76
-3005.4
-3542.05
-3194.87
-3328.07
-2820.17
-3341.15
-3025.48
-3000.09
-2827.8
-2787.87
-2610.97
-3083.59
-3826.74
-2785.37
-3348.86
-3139.34
-4828.93
-6369.25
-5819.52
-5342.23
-4469.98
-4800.22
-3958.16
-5408.62
-4148.23
-3802.63
-3403.88
-4617.11
-14049.7
-13403.9
-14555.7
-12875.7
-14676
-15431.2
-15881
-14167.8
-15050.6
-16692.9
-15544.4
-16228.6
-13644.2
-11884.1
-12459.6
-13102.9
-12069.2
-12829.9
-13251.1
-11652.1
-11413.6
-10180.8
-11102.1
-9501.97
-10704
-9894.22
-12381.2
-13589.3
-10740.1
-12436.3
-11914.1
-11268.5
-9371.77
-7645.98
-8786.19
-8226.23
-10317.2
-10889.9
-11476.9
-9712.09
-9805.4
-9151.69
-10322.9
-8638.99
-8503.52
-7298.76
-6612.9
-6650.61
-8857.94
-7671.38
-7909.26
-7568.26
-6324.92
-5259.17
-6255.12
-11927.3
-10056.7
-11429.1
-10579.4
-13422.8
-15169.8
-14832.9
-13848.3
-13159.8
-14346.7
-12795.9
-14644.8
-12251.8
-11495.2
-12737.8
-10951.2
-8276.84
-8870.59
-7672.95
-9493.23
-7756.17
-7230.07
-6644.01
-8340.76
-7322.04
-5635.45
-6226.93
-6665.71
-8697.63
-10467.3
-9286.33
-9904.75
-3478.12
-4385.44
-3604.49
-4101.24
-3498.76
-3618.56
-3477.14
-3743.57
-3542.8
-3408.25
-3799.28
-3456.16
-3697.08
-3301.93
-3801.66
-3342.6
-3555.44
-3167.47
-3886.73
-3473.51
-3825.4
-3557.86
-3835.94
-6776.36
-5344.37
-5608.62
-6471.16
-7946.4
-9213.72
-7712.64
-8569.6
-8934.01
-7363.81
-6997.01
-5776.64
-5766.69
-5118.79
-4751.82
-6176.88
-6237.56
-6780.57
-5716.19
-7336.33
-5428.61
-4071.81
-4958.31
-4479.5
-6597.73
-8221.55
-7741.54
-7053.45
-3229.3
-2559.8
-3078.81
-2104.96
-3309.59
-2792.77
-3259.08
-2527.58
-3279.58
-2314.58
-3261.57
-3257.88
-3314.29
-3424.63
-2713.84
-3327.46
-3352.8
-2876.68
-125799
-148557
-158458
-112737
-123561
-109154
-144626
-150847
-154627
-110593
-121292
-95064.3
-106860
-103606
-85392.6
-110371
-92585.1
-87243.2
-97525.1
-91373
-117516
-107120
-113945
-99983.2
-89580.3
-224774
-223512
-177426
-231796
-192118
-216653
-217798
-203051
-172415
-181339
-186695
-209711
-210974
-142103
-121749
-117279
-130247
-126346
-136505
-135674
-147868
-146919
-135765
-121569
-131020
-153695
-141272
-55432.9
-55574.1
-55773.7
-50837.1
-58415.8
-53052.4
-52855.7
-57834.6
-57138.6
-64290.3
-58497.1
-61337.3
-60263.1
-55109.1
-87602.4
-103346
-83038.3
-94100.3
-90101.8
-99890.4
-81138.1
-85107.2
-76835.5
-93058.9
-90754.3
-96440.7
-82603.8
-78777.3
-65353.3
-58396.8
-58293.6
-58696.7
-61740.7
-61548.6
-62357.9
-69314.5
-69924.1
-68697.4
-61409.4
-65174.5
-73360.8
-66028.2
-125558
-117214
-124900
-104870
-130957
-112746
-119675
-120232
-109578
-104043
-100846
-108354
-115065
-114581
-48360.1
-52761.7
-48629.8
-48069
-50694.2
-50024.5
-46628
-46062.6
-42505.1
-45583.7
-44718.9
-47329.4
-44475.9
-43796
-21566.7
-18547.9
-20594.2
-20360.2
-20313.1
-19854.1
-21990.3
-23340.8
-25379.8
-24097.4
-22267.5
-22170.2
-25175.3
-23670.4
-54230.7
-55133.5
-55249.2
-49333.2
-57818.8
-51952.8
-51806.4
-50734.9
-45375.3
-46538.5
-45872.1
-48865.7
-48584.8
-47387.9
-18152.8
-17258.2
-19264.9
-16244.6
-19103.3
-16222.5
-18091.3
-20220.2
-22050.2
-23098.1
-21016.7
-21048.3
-22393.8
-19978.4
-2440.71
-3426.4
-2852.03
-2586.22
-2430.83
-3089.59
-2700.34
-16594.1
-16848.3
-18785.6
-15698.3
-18194.7
-15232.6
-17230.1
-15059.5
-14280.4
-12244.1
-14301.8
-13694.2
-13585.2
-15752.1
-2055.23
-2368.24
-2518.25
-2468.72
-2280.2
-2123.78
-2269.53
-12688.4
-15509.6
-14565.5
-14305.7
-14392.5
-13855.7
-12929.3
-11095.7
-10039.2
-10861.3
-12896.1
-12308.4
-9634.31
-11462.6
-114372
-135836
-101640
-130608
-103231
-112016
-139544
-116696
-106969
-147051
-134413
-119010
-105455
-143304
-107251
-132114
-99378.2
-120582
-109648
-97714.4
-128443
-104847
-93692.5
-121143
-116912
-102419
-95422.8
-124764
-190955
-160470
-153129
-177062
-165591
-183321
-184524
-197546
-196314
-176030
-157912
-204187
-170781
-189849
-171885
-155400
-139274
-170753
-150391
-178130
-164692
-165698
-152758
-140575
-134724
-159671
-145446
-158610
-67630.1
-76636.3
-65801.2
-69705.1
-63779.5
-70116.9
-73489.3
-65162.5
-59429.7
-67315.6
-66755.9
-62704.4
-61459.5
-70364.7
-75101.5
-79849.9
-68143.7
-78447.6
-72605.5
-70144.7
-83076.7
-77596.8
-74473.8
-89683.5
-81599.4
-80103.4
-72498.6
-86372.5
-86243.8
-83612.3
-74728.9
-86418.8
-79756
-82066.8
-90750.7
-81819
-73819.4
-72300.5
-71295
-77552.9
-75984.3
-77938.1
-100123
-87542.9
-85502.7
-90777.4
-91547.7
-95404.1
-95343.5
-105005
-104734
-99802.2
-89232.3
-109959
-95634.5
-99943.1
-37208.1
-34870.1
-34573.3
-36281.2
-36462.2
-35092.4
-37222.1
-39364.3
-40417.7
-42149.7
-38505
-41564.2
-38482.5
-39659.7
-30978.1
-32566.1
-32630.2
-29884
-33014.4
-30789
-30342.6
-28994.7
-27149
-26108.5
-27928.6
-27059.1
-28927.6
-28181.5
-37975.4
-34804.1
-36091.6
-33863.2
-37428.1
-36614
-35096.9
-41001.7
-42373.8
-42965.5
-38544.7
-44124
-40147.6
-39389.2
-29655.5
-32269.7
-29095.6
-31308.2
-29826.1
-32307.6
-28780.5
-27106.8
-24158.2
-25243.7
-26988.9
-24701.8
-27485.1
-26452
-5946.42
-6137.18
-7703.31
-5569.75
-6468.9
-7080.74
-5145.37
-4889.72
-4297.46
-3473.14
-4709.07
-3923.28
-5382.47
-4250.9
-9514.4
-7205.21
-8898.21
-9015.32
-8271.09
-10219.9
-8348.15
-10811.2
-12905.5
-10866.9
-10148.7
-12171.5
-11508.3
-9568.01
-3366.78
-5115.65
-4761.89
-4616.29
-4265.44
-3810.04
-4093.03
-2783.82
-2665.2
-2947.06
-4033.59
-2368.93
-3539.81
-3194.26
-5933.88
-6063.78
-7828.81
-5473.31
-7114.05
-4952.91
-6488.74
-7048.37
-8770.72
-9512.21
-8906.3
-8277.36
-8260.33
-7550.56
)
;

boundaryField
{
    left
    {
        type            calculated;
        value           nonuniform List<scalar> 0();
    }
    bottom
    {
        type            calculated;
        value           nonuniform List<scalar> 0();
    }
    interface
    {
        type            calculated;
        value           nonuniform List<scalar> 
2120
(
-64273
-127189
-1394.4
-15357.6
-131876
-140691
-66356.2
-135429
-60650.7
-17402.6
-62474.8
-16943.6
-1542.65
-1342.29
-14841.7
-1515.56
-91770.3
-95981.8
-3738.8
-4694.65
-171074
-166020
-185333
-179521
-96163.3
-100783
-37743.2
-34840.6
-38137.8
-35083
-3346.08
-3365.16
-3155.58
-4067.24
-3534.37
-3604.53
-75610.4
-113459
-1496.58
-9972.43
-191657
-146228
-209190
-156916
-78573.1
-120098
-50291.5
-24231
-51424.2
-23999.1
-2672.94
-2879.85
-1287.67
-9344.03
-2658.15
-3294.34
-79542.8
-108997
-1796.73
-8439.91
-186457
-151109
-203140
-162466
-82835
-115147
-47014.9
-26728
-47943.7
-26596.2
-2931.17
-3075.23
-1480.03
-7791.92
-2967.92
-3450.82
-67969.9
-122552
-1431.03
-13431.8
-202145
-136604
-146972
-166862
-107121
-104035
-221456
-146024
-233551
-148801
-151396
-142979
-59295.2
-59553.7
-62682.3
-56522.2
-97863.9
-100943
-70330.8
-130240
-68758.3
-64715.8
-131656
-139859
-137263
-134240
-57108.4
-19561.9
-51086.2
-56474.7
-53779.7
-53451.7
-20924.6
-19072.5
-58688.9
-19169.3
-56985.8
-60792.3
-18442.2
-16517.1
-18708.7
-16348
-1907.57
-1546.72
-1936.48
-1840.63
-1860.34
-15600.2
-16435.2
-14647.2
-17293
-1383.54
-12869.7
-1800.96
-1885.71
-1501.45
-1777.69
-1771.17
-12552.4
-14457.8
-14385.6
-12536.2
-2837.86
-3214.51
-87620.5
-100252
-2930.55
-5798.79
-176159
-161002
-131800
-144219
-147982
-128739
-122580
-125660
-191205
-173768
-199039
-194771
-201329
-192412
-179454
-185883
-73681.1
-79045.7
-76638.8
-82622.8
-79625.4
-91629.9
-105484
-90694.4
-97749.3
-92958.1
-95424.1
-105227
-107654
-100269
-40738.1
-32033.8
-38320.8
-39258.8
-35928.8
-31312.6
-34053
-31559.2
-33587.4
-41297
-32137.4
-39714.7
-37626.5
-40826
-36619.6
-30801.1
-31591.8
-33649.1
-5081.7
-6109.01
-3278
-3007.45
-2992.75
-8408.66
-7222.27
-3322.37
-2975.2
-2885.35
-2413.36
-5148.36
-2839.62
-2454.32
-3529.01
-3415.1
-3591.14
-3419.41
-5386.6
-4379.18
-3608
-3713.34
-3769.81
-71749.1
-117974
-1368.11
-11635.2
-196883
-141388
-143958
-140940
-70279.7
-73312.4
-75476.5
-68060.6
-90190.4
-103007
-93538.3
-99849.4
-82711.9
-110217
-125505
-121797
-113307
-215296
-151434
-209029
-226468
-221518
-228415
-219470
-230589
-64644.6
-57968.1
-60556.9
-62225.2
-91684.9
-85754.3
-95123.5
-81951
-150529
-154723
-160751
-62109.9
-65863.5
-64954.2
-49429.6
-62654.7
-68596.7
-66686.3
-64584.1
-94787.5
-99940.1
-103525
-91729.2
-50281.8
-50390.7
-51837.5
-48868.7
-74403.7
-125128
-70536.8
-72912.1
-74884.3
-77183
-54721.6
-54091.1
-56838.3
-51850.5
-126148
-120752
-127614
-38678
-36958.9
-37259.7
-38433.4
-53653.9
-21839
-48431.7
-50485.7
-45829.9
-47491.5
-30336.9
-29331.3
-30731.7
-28968.3
-44330.6
-46768.1
-45683.1
-45377.9
-25916.2
-22858.3
-24865.6
-21017.3
-55004.5
-21519.3
-45358.9
-53291.4
-54811.5
-49716.6
-20629.3
-19996
-21033.9
-19610.1
-32545.9
-33945.6
-33814.9
-32632
-20659.2
-23002.7
-15911.1
-2122.83
-2163.87
-1799.06
-2628.21
-2110.54
-2340.69
-2453.82
-2109.89
-2068.09
-2297.93
-2237.1
-23161.5
-24861.5
-23446.9
-24549.5
-13989.2
-11387.5
-12961.6
-12467.7
-5767.12
-3692.83
-1074.15
-5829.3
-3703.75
-1726.77
-1403.01
-1253.43
-11037.7
-1757.64
-1468.54
-1449.63
-1787.6
-2064.84
-2285.88
-2547.59
-2085.67
-2085.12
-2439.1
-15380.8
-16728.5
-16365.9
-15735
-9741.96
-10845.7
-9101.58
-10750.5
-9272.56
-3751.26
-3082.16
-3591.74
-3422.24
-3321.32
-3436.09
-3460.52
-3725.91
-3599.66
-3793
-83543
-104591
-2281.84
-7046.66
-181288
-156031
-68494.6
-60629.5
-69321.1
-60745.5
-134859
-137902
-151754
-68990.2
-61334.5
-61433.2
-68047.1
-74298
-83391.7
-76864.7
-80922.5
-56684.9
-53861.7
-55040.3
-55826.1
-57889.5
-56269.9
-58838.3
-54949.5
-63156.5
-58961.1
-64518.3
-57106.3
-84557.7
-89723
-81612
-92523.3
-61332.7
-55925
-57467.6
-60218.8
-119491
-129228
-116404
-132959
-65401.8
-59591.8
-60114.8
-64227
-66608.1
-61256.5
-67668.1
-60941.8
-197143
-168082
-194814
-190514
-201477
-183998
-205755
-212566
-207974
-181825
-175547
-159733
-165772
-169345
-70824.1
-67918.8
-73574.5
-64941.7
-87175.3
-90718.8
-94694.5
-83299.6
-97547.9
-110940
-101882
-106531
-130918
-148511
-136167
-143237
-83714.3
-72901.4
-80624.8
-76282
-118225
-124042
-128894
-113423
-173118
-166883
-129212
-116707
-121772
-123966
-145707
-142843
-151440
-137280
-56962.8
-70743.1
-67837.7
-48730.3
-46126
-47277.1
-47258.7
-52385.7
-51540.5
-53816.1
-50508.5
-53744.3
-53537.6
-54577.1
-52432.8
-59516.7
-60821.5
-62523.8
-57820.3
-52275.1
-50514.2
-51593.1
-51418.8
-85643.6
-88675.3
-92847.1
-64371.6
-60992.3
-58059.2
-62268.2
-57344.5
-58369.9
-54284.7
-57006.7
-55171
-46481.1
-44915.7
-46037.1
-45495
-53301.9
-57015.7
-55467.1
-54827.2
-48700.7
-49108.5
-48018.4
-49612.2
-87185.2
-110274
-86075.2
-81571.1
-87600.9
-59491.5
-53215.3
-56337.3
-56179.7
-70259.3
-69900.2
-74050.1
-66297.3
-70664.9
-80141.3
-74078.3
-76610.8
-50015.3
-46418.9
-48174.4
-48353.7
-62552
-64152.2
-67259.3
-59578.1
-110291
-115466
-112764
-104137
-102594
-108901
-98017.4
-90512.7
-81222.9
-86239.8
-85305.3
-43849.9
-43918.3
-46223.7
-41681.9
-42411.9
-43190.4
-44020.2
-41509.8
-49958.7
-55979.3
-53290.6
-52510.7
-43827.6
-29328.5
-41759.3
-42498
-43247.3
-41259.4
-40771.3
-44743
-43272.4
-41967.3
-37498.4
-36019.8
-37320.5
-36017.3
-34442.3
-36315.3
-35783.4
-34940.5
-28695.1
-26831.9
-28150.8
-27381.9
-32666
-33384.4
-33907.4
-32111.2
-41754.9
-42375.5
-42827.2
-41207.7
-40882.7
-40265.9
-39549.5
-41637.4
-38631.9
-36925.8
-38144.3
-37473.5
-29096.1
-26947.8
-25630.7
-24816.2
-26165.9
-24219.4
-30131.9
-31842.1
-31588.7
-30505.4
-44564.2
-29307.4
-43943.4
-44569
-46796.7
-41899.3
-42928.4
-47581.5
-46262.3
-35902.9
-32284.4
-34513.9
-33500.5
-23833.3
-25320.1
-24909.2
-24213.1
-19573.5
-18206
-19379.9
-18458.5
-23203.8
-24642.3
-24490
-23272.5
-34596
-37857.3
-36415
-35909.8
-29270.2
-28412.6
-28116.8
-29603.4
-30032
-29095
-30730.2
-28507.2
-23840.6
-28075.3
-26055.4
-25476.4
-19228
-17663.8
-19126
-17650.9
-24775.8
-26080
-26748.3
-24255.7
-4144.48
-2701.24
-3317.32
-3389.38
-3482.81
-3134.13
-2744.3
-2903.95
-2949.59
-2642.88
-2649.98
-3793.49
-2809.97
-2446.67
-2593.39
-7082.66
-8836.37
-8275.78
-7599.38
-21703.1
-22529.8
-23067.2
-21176.2
-18528.2
-17381.5
-18788.1
-17144.6
-17160
-15290.8
-16645.1
-15786.4
-13597.9
-9675.99
-9921.02
-11029.4
-18359.2
-20381.3
-19715.9
-19037.4
-13902.8
-13236.9
-12600.9
-14561
-5092.46
-3400.25
-2559.05
-2433.08
-4841.63
-3462.53
-2005.54
-2241.1
-11034.6
-12618.8
-11216.3
-12406.9
-9834.94
-10705.2
-9402.39
-11174.3
-1859.88
-6390.8
-2572.77
-2315.26
-1965.9
-1950.89
-4406.69
-2622.42
-3224.73
-2895.64
-3183.7
-2988.51
-3532.28
-3323.79
-2811.22
-2807.79
-2794.36
-3073.74
-3822.01
-4828.74
-4465.47
-4147.85
-14048.7
-14674.1
-15050.6
-13639.8
-12068.9
-11410.7
-11102
-12378.8
-10740.1
-9369.87
-10316.2
-9804.63
-6541.56
-7835.96
-6245.73
-5243.5
-11907.6
-13419.5
-13148.4
-12248.1
-8267.7
-7754.81
-7310.59
-8696.06
-3474.37
-3560.77
-3707.41
-3769.21
-3424.53
-3690.03
-3790.85
-3344.2
-3445.28
-3808.43
-3823.87
-6776.44
-7944.1
-7712.22
-6994.56
-5765.27
-6237.23
-5428.43
-6597.16
-94802.6
-65238
-62251.1
-78640.2
-83845.4
-78226.2
-73675.7
-66750.3
-101991
-111813
-133141
-55004.7
-58188.7
-60856.6
-71500.9
-76413.6
-49408
-46585.5
-59005.8
-57700
-63751.2
-111667
-41107.9
-37024.7
-41928.4
-31200.5
-26994.2
-42297.4
-45418.3
-55438
-21317.5
-18064.8
-31724.2
-35415.4
-21707.6
-3624.7
-21130.7
-25626.9
-14976.3
-19486.3
-7503.25
-2038.75
-2325.2
-2461.37
-13788.4
-17060.6
-14228.6
-4554.41
-3721.24
-81605.7
-56059.6
-93373.2
-89969.6
-80698.4
-56722.3
-55067.1
-78911.9
-66829.3
-70354.6
-60577.9
-54043.4
-54408.7
-58941.2
-62379.1
-54673
-64268.6
-54816.9
-71251.7
-53993.5
-74374.5
-54755.9
-76480.7
-72203.9
-68767.1
-54997.6
-54456.6
-66381.9
-84417.8
-88393.9
-74083.9
-55704.4
-55661.5
-70956.3
-75334.2
-55771.8
-77823.6
-56622.6
-201688
-181921
-222726
-164261
-202000
-194855
-142074
-158438
-175165
-77103.6
-84969.9
-80948.6
-95986.6
-108434
-72419.3
-84352.7
-126941
-93990.2
-113185
-112755
-169199
-124624
-152914
-97680.3
-88836.8
-108548
-132172
-147211
-97793.9
-156534
-175346
-144629
-103141
-116794
-127784
-150511
-136709
-168802
-121690
-62429.9
-52451.6
-44312.5
-47020.4
-47694.9
-54108.9
-50329.1
-58618.3
-48202.6
-55774.9
-53522.9
-57382.7
-52594.5
-56928.4
-54371.7
-54389.6
-50432.8
-51942.8
-52625.4
-69609.4
-65875
-54704.6
-69559.8
-53968.7
-64363.5
-51448.5
-60219.2
-52912.1
-48073.6
-44051.6
-46659.4
-45634.1
-50565.3
-53186.6
-49293.9
-49648.6
-47572.6
-51349.3
-74589.8
-67500.5
-47026.4
-55375.6
-56534.7
-71394.6
-68031.7
-83825.7
-58419.3
-61932.2
-91717.2
-69407.8
-80559.8
-55105.1
-49830.9
-59300.1
-66892.3
-76771.3
-52805.3
-106627
-92147.2
-107015
-98711.2
-122398
-86425.4
-102125
-71530.3
-88218
-82465.7
-42957.7
-44563.7
-52048.4
-38090.7
-42997.9
-47609.6
-44908.7
-63568.1
-54918
-50528.7
-41128.2
-43076.7
-46017.1
-39867
-40048.9
-34608.9
-39464.2
-34957.5
-38588
-34544.2
-32516.5
-36364.8
-30684.3
-24675
-28880.5
-26521.8
-31990.5
-34059.7
-35751.7
-30164.8
-41556.5
-43022.1
-44428.3
-39931.4
-41093.4
-37620.3
-40333.7
-35278.1
-38800.4
-37011.4
-27591.7
-32815.4
-26507.6
-24081.3
-28326.2
-21799.8
-28061.5
-33642.1
-32923.1
-29663.4
-43595.9
-44414.4
-53130.3
-37266.2
-42272.1
-33642.8
-40670.9
-29016.4
-35062.1
-32547.1
-22401.5
-25697.4
-21053
-16581.8
-20557.6
-17712.5
-22162.8
-26555.9
-25671
-21940.5
-32158.3
-42125.9
-36420.1
-35717.4
-30341.5
-26906.8
-30724.6
-28238.9
-33677
-26916.9
-31035.3
-21353
-16382.6
-20640.9
-15904.4
-23346.3
-27191.9
-30094.1
-22132.7
-4592.19
-8224.69
-4034.66
-2703.59
-5587.25
-2488.63
-5064.18
-11120.7
-8939.26
-6789.42
-20701.8
-23341.6
-25173.1
-18906.8
-19738.9
-15094.4
-19330.3
-13002.5
-17551
-14697.2
-9467.54
-15846.3
-22733.4
-20342.8
-18296.8
-14485.5
-12432.3
-10204
-16952.6
-7250.46
-2645.27
-5977.61
-2211.5
-8992.11
-13715.8
-8676.06
-11665.6
-7255.29
-13344.9
-2507.45
-3507.15
-3340.61
-2779.14
-2785.33
-6366.25
-4797.16
-3802.35
-13403.9
-15428.3
-16690.5
-11883.5
-12828.2
-9500.97
-12435.4
-7645.98
-10888.9
-9151.69
-8482.6
-10052.1
-15156.2
-14334.7
-11490
-8863.53
-7227.15
-5632.8
-10459.8
-4385.62
-3670.77
-3549.01
-3794.08
-5342.24
-8567.93
-5118.72
-6780.2
-4070.84
-8221.46
-110776
-107139
-1603.54
-1644.12
-114435
-118106
-235394
-145579
-66517.2
-70645.6
-18321.4
-20302.4
-62501.7
-58600.8
-1534.42
-1507.96
-2370.48
-1742.87
-82444.7
-85880.4
-89346.7
-5133.95
-4206.32
-6169.32
-7312.61
-140457
-136702
-188300
-181919
-102649
-36620.9
-34547.1
-3143.69
-4012.06
-5048.09
-69092.5
-159308
-163083
-123435
-95584.5
-121180
-96935.5
-125656
-71057.1
-64456.6
-71919.9
-76980.4
-62975.7
-67337.3
-79999.6
-88876.7
-105450
-82327.9
-94999.1
-97591.5
-97490.7
-81394.4
-99944.3
-79636.9
-95033.2
-92556.9
-163320
-157310
-215995
-217751
-210925
-224727
-223449
-231750
-66379.1
-71765.7
-57225.3
-61342.7
-68543.5
-60603.2
-104571
-89258.4
-86908
-109099
-97700.3
-80879.1
-144596
-147808
-153638
-142045
-138826
-136444
-57827.5
-53201.9
-60255.2
-51249.6
-55426.4
-53046.3
-61986.9
-58855
-69889.3
-65473.2
-60172.7
-65266.8
-85086.7
-73068.4
-82585.1
-74921.5
-87579.7
-90076.3
-51087.7
-48604.2
-49300
-52908.7
-47449.3
-48000.7
-79235.4
-123295
-128715
-66550.5
-69248.7
-73296
-65289.5
-62741.7
-61482.8
-59275.7
-53310
-54813.7
-62071.7
-58346.3
-51141.5
-116873
-120171
-115001
-125496
-122158
-130896
-39921.6
-39770.9
-36167.1
-38170.1
-36192.4
-39201.8
-47583.7
-24548.8
-22381.2
-46057.8
-43750.8
-43791.5
-45664.7
-48355
-50688.4
-31753
-29803.2
-27827.6
-32171.8
-28459.5
-27482
-43301.7
-43315.8
-47887.4
-44486
-46623.3
-44217.7
-23337.6
-24245.3
-25172
-22630.8
-21563.4
-19850.7
-51138.3
-23474.8
-21025.7
-48612.7
-50672.4
-47324
-54166.5
-51937.7
-57755.2
-21718.5
-20224.1
-18888.6
-22111.4
-19180.7
-18496
-32814.6
-31509.1
-34777.1
-34304.5
-34859.7
-31763.8
-19643.9
-20166.4
-22339
-18101.3
-17745.8
-16171.3
-2432.02
-2777.02
-3081.82
-2314.25
-21558.2
-22707.8
-26418.9
-21841
-24096.6
-26102.3
-16469.5
-15056
-13581.6
-17929.5
-16590.7
-18191.2
-7801.75
-5553.35
-1768.78
-7922.71
-3612.28
-1894.72
-2248.21
-2035.94
-2111.61
-2370.52
-14949.8
-14222.2
-17873.6
-15925.9
-17499
-14564.5
-11050.5
-11147
-9590.27
-12609.9
-12641
-14343.8
-3693.81
-4753.69
-3440.34
-3462.61
-3592.77
-4873.28
-2636.73
-2308.87
-2030.08
-72368.6
-75685.6
-96378.3
-8561.34
-155529
-81797.4
-69282.1
-55480.2
-82609.2
-61151.4
-54443.5
-116609
-92479.5
-118911
-90978.8
-114295
-111947
-68398
-80368.7
-55518.8
-61465.9
-61159.5
-56478.5
-79375.1
-68454.6
-67688.7
-73447.5
-85166.5
-69398.7
-77804.6
-79294.8
-56844.9
-60604.8
-54052.7
-54335.8
-54433.9
-54508.3
-58939.6
-55643.5
-62340.7
-57738.5
-55433.8
-54970.9
-64288.2
-59001
-55677
-54612.8
-71414.3
-62816.7
-57888.7
-54557.5
-74099.3
-64961
-58153.4
-54241.6
-75276.8
-85732.4
-87796.5
-73276.6
-80559.6
-94614.9
-61590
-68686.8
-54612
-56853.5
-56467.2
-54913.9
-66395.7
-60022.8
-104799
-85637.2
-102376
-87277.6
-107197
-109587
-65532.4
-73236.8
-55293.8
-59196.5
-60382.5
-56264.7
-71915.5
-63940.7
-76057
-66649.3
-61262.1
-56772.8
-77225.7
-67452.6
-60802.2
-55824.3
-214704
-169425
-175625
-208570
-188283
-196799
-176006
-215635
-208211
-177927
-169961
-195151
-197495
-204137
-190904
-188444
-184470
-181848
-188203
-147342
-154084
-171646
-152948
-181597
-163255
-79149.4
-68959.8
-68790.8
-82798.7
-75568.6
-64117
-90223.3
-78198.3
-99854.8
-87200.5
-98407
-104366
-74986.3
-80430
-87269.9
-94328.1
-115068
-122464
-90883.2
-105286
-102598
-117463
-116391
-127001
-153446
-163940
-120795
-140261
-138494
-157996
-95238.6
-85995.5
-71967.8
-91146.3
-78482.6
-77288.5
-121968
-105079
-136862
-119708
-133426
-142336
-101071
-109856
-162698
-165643
-159614
-171829
-168944
-178076
-134591
-138908
-107514
-111950
-126760
-112183
-133270
-118810
-156478
-140085
-148273
-131650
-162604
-157285
-132076
-126513
-58739.1
-65153.2
-62695.8
-67619.9
-60691.7
-70105.4
-49878.3
-50931.1
-45123.8
-44944.4
-48384.5
-46332.6
-49258.6
-46031.5
-55577.7
-51332.5
-52479.3
-49912.5
-57211.1
-54770.6
-49481
-48760.8
-55879.6
-53462.8
-53201.8
-53405.4
-57338.9
-54803.8
-52629.7
-52823.4
-60182.4
-56265.1
-59712.5
-63675.7
-55050.6
-57140.4
-52623.8
-54211.6
-50884.8
-50423.1
-51541.9
-51602.7
-52890.1
-50997.4
-67978.2
-77581.7
-80086.4
-75087.8
-66060.3
-72592.9
-67039.2
-60409.5
-58576.3
-54938
-68493.2
-62711.7
-56713.7
-53913.1
-63110.3
-59086.8
-53443.3
-51717.8
-61552.1
-56170.2
-55909.9
-52804.4
-47163.3
-47512.7
-44916.9
-44280
-46544.3
-45890.6
-46304.7
-44722.1
-52549.5
-51313.1
-58096.2
-54398.7
-52479.1
-55536.4
-48110.7
-49752.1
-49087.5
-49342.2
-47648.2
-48237.7
-50992.6
-50116.4
-83699.1
-88272.9
-117978
-81754.7
-78817.6
-77486.3
-83120.1
-86177.8
-90686
-62980.5
-63723.3
-49683.1
-50237.6
-59535.3
-52512.6
-60075.4
-52910.2
-75419.2
-66530.2
-73531.1
-64749.9
-79560.4
-78005.2
-62892.6
-61485.3
-64173.9
-68125.8
-83452.7
-88057.2
-66995.5
-76788.9
-73487.4
-84022.4
-53629.6
-51340.7
-45714.8
-51221.4
-46921.3
-49062.3
-64932.1
-57200.9
-69959.7
-61419.1
-70174.5
-73510.4
-54751.7
-57353.1
-104940
-101659
-109896
-96865.6
-100060
-95338
-112015
-99460.4
-107124
-94546.6
-117159
-113805
-93715.4
-90355.8
-97373
-94945.1
-77368.1
-75020.7
-92730.9
-82035.8
-89386.9
-78746.4
-45663.3
-41374.7
-46897.8
-41872.3
-48424.1
-49547.8
-39567.1
-39988.9
-44247
-41276.8
-43910.6
-46295.9
-45206.2
-40770.5
-48016.4
-46596.5
-60698.9
-58527.8
-50916
-57607.7
-48707.7
-54594.9
-26802.2
-29140.6
-42745.4
-40400.3
-43745.3
-42155.2
-44422.2
-44547.8
-39951.9
-40893.4
-38239.8
-39360.5
-41559.9
-37204.4
-36396.9
-35088.8
-38912.1
-37833.6
-36167.9
-34614
-38679.8
-37467.2
-36184.5
-34557.9
-33834.4
-33104.9
-37631.6
-35122.7
-37042.2
-33557.7
-30078.8
-29312.7
-26145.2
-25384.8
-29527.5
-27464.4
-27977.4
-25925.4
-33279.8
-31360.1
-34582.2
-32773.9
-34560.8
-35133.1
-30823.7
-31519.5
-42442.4
-40797.6
-43136.2
-42061.2
-43653.6
-43692.7
-40329.3
-40979
-40009.5
-41977.1
-39003.7
-38781.7
-38375.3
-42841.5
-39681.3
-39347
-36490.2
-35827.8
-39136.4
-37668
-38106.3
-36334.9
-29313.5
-28991.5
-27055.9
-30974.9
-31054.4
-33011
-27173.6
-24900.5
-25558.3
-23284.3
-27678
-26906.2
-23385.7
-22662.6
-29690.3
-28610.6
-33290.8
-32353.7
-31283.9
-33085.4
-29024.7
-31023.6
-44144.1
-28760.3
-46664.7
-41123
-47342.2
-41945.5
-49829.5
-49830.6
-39334.5
-39545
-40939.6
-39256.9
-44062.4
-36413.9
-37915.1
-35035.5
-38500.4
-37838.8
-30948.5
-30102.1
-36888.3
-32960
-35151.5
-31109.9
-23484.7
-22762.5
-26316.8
-24624.6
-25962.5
-23179.5
-20778.8
-19907.4
-17906.8
-16967.7
-20659.7
-19160
-18850.4
-17276
-23313.1
-21968.2
-26071.4
-24956.3
-24488.5
-25772.8
-21921.4
-23429.9
-33475.4
-33103.1
-39753.9
-39965.7
-35022.6
-38004.6
-34147.1
-37727.2
-29268.7
-30305.5
-27461.8
-27978.5
-27071.5
-30516.9
-31438.8
-29460.7
-29964.5
-27569.1
-32362.8
-31820.7
-28128.3
-27168.9
-27049.9
-26133.2
-24644.5
-28499.9
-29596.6
-32248.5
-21024.6
-19413.1
-17780.2
-16132.1
-20796.8
-19130.2
-17641.6
-16020.9
-25499.9
-22791.8
-28078.4
-25413.3
-27718.6
-28926.7
-22429.9
-23762.5
-5765.61
-4884.27
-3916.64
-5941.79
-6920.84
-7076.49
-4624.63
-3076.43
-3142.53
-2704.67
-5019.36
-4190.87
-2545.23
-2641.42
-6342.02
-5696.01
-10366.6
-9548.14
-7534.79
-9787.34
-6167.38
-8285.84
-22283.8
-20137.5
-24044.4
-21819
-23651.5
-24582.6
-19610.6
-20468
-20167.2
-18119.4
-15719.7
-20424.6
-16731.6
-15480.5
-18760.1
-17714.3
-14600.1
-13670.7
-18252
-15961.3
-16341.4
-14163.9
-12162.7
-10807.7
-12167.8
-9510.74
-10846.1
-8267.19
-17371
-16794.4
-21932.5
-21211.8
-18785.8
-21279.3
-17471.4
-19857.2
-12990.5
-15465.6
-11670
-14030.9
-11668.8
-11050
-16132.8
-15367.8
-6834.06
-5384.19
-3237.73
-2544.58
-6496.79
-4484.9
-3578.31
-2391.27
-9302.63
-10672.1
-14319.5
-9466.51
-12047.7
-14109
-8230.57
-10344.6
-10074.1
-12328.6
-7820.35
-8779.6
-11684.4
-12802.4
-1625.03
-7596.71
-2767.21
-3050.57
-2355.64
-3631.78
-3345.2
-4065.97
-2814.48
-2423.67
-3165.68
-3297.4
-3019.43
-3001.52
-2601.08
-3045.52
-3347.52
-3137.35
-5819.07
-5340.51
-3956.9
-5400.71
-3403.71
-4615.95
-14554.2
-12875.7
-15874.8
-14166.7
-15544.2
-16227.3
-12458.2
-13101.2
-11651.2
-13250.8
-10178.3
-10702.4
-9893.83
-13585.8
-11913.3
-11268.5
-8785.7
-8225.65
-11473.9
-9711.87
-10322.5
-8638.78
-7009.58
-7282.81
-8236.22
-6235.72
-5898.47
-4920.8
-11419.8
-10569
-14827.4
-13842.1
-12790.6
-14620.8
-10948.8
-12727.4
-7669.24
-9477.85
-6643.17
-8335.73
-6660.6
-6219.77
-9902.29
-9282.07
-4096.05
-3605.82
-3275.16
-3772.71
-3886.57
-3159.34
-3531.59
-3812.96
-6469.25
-5608.09
-9211.05
-7362.53
-8934.02
-5774.02
-4750.01
-6176.94
-5716.21
-7335.56
-4479.66
-4957.43
-7053.41
-7740.66
-3229.62
-2543.94
-2743.78
)
;
    }
    procBoundary6to2
    {
        type            processor;
        value           nonuniform List<scalar> 
65
(
-86474.7
-68864.4
-209850
-194180
-229299
-227781
-86060.7
-65828.5
-154259
-126041
-53804.6
-60283.7
-67564.1
-78427.5
-151746
-151746
-182374
-182374
-182374
-113917
-58976.4
-186522
-99582.5
-82686.2
-68381.5
-114088
-149978
-171262
-176750
-240926
-212481
-242393
-240926
-108891
-86361.9
-98865
-238455
-91140.4
-116920
-101354
-97679.2
-54324.2
-60032.2
-77450.6
-66465.8
-188220
-204389
-230239
-215103
-176272
-158972
-129257
-146343
-60283.7
-53804.6
-53804.6
-68381.5
-82686.2
-230652
-238956
-128019
-162270
-114088
-197590
-197590
)
;
    }
    procBoundary6to7
    {
        type            processor;
        value           nonuniform List<scalar> 
328
(
-74721.3
-50775.8
-24458
-78712.6
-78202.4
-79792.3
-113438
-117624
-115003
-60367.5
-54579.4
-55537.9
-73826.5
-77415.7
-75887.8
-75644.1
-74153.3
-51097.1
-52331.7
-58237.6
-53058.4
-52129.9
-42150.4
-36707.8
-37640.3
-27373.2
-28110.6
-29673.5
-47748.4
-49484.4
-48233.7
-22302
-19448.3
-20606
-39716.9
-35550.6
-34589
-26694.9
-25087
-2316.83
-19810.7
-18421.5
-17239
-2695.73
-63715.2
-60325.9
-15624.9
-12626.3
-91883.2
-93998.2
-92036.5
-96743.7
-97269.4
-99378.2
-66442.7
-63809.3
-62675.6
-68366.3
-65683.9
-66903.7
-63352.3
-64643.7
-61368.7
-60115.9
-51581.7
-45277.6
-46160.2
-49274.3
-43989
-43098.2
-36042.6
-38302.6
-36896.9
-38930.5
-39747.2
-41106.9
-29810.7
-27101.5
-26021.4
-32310.2
-28187.2
-29235.9
-15848.9
-17553
-14462.3
-12722.9
-12366.5
-10544.8
-11796.3
-9847.98
-9543.66
-8255.82
-70898.8
-53870.2
-21526.6
-82892.9
-84218.8
-82522.1
-107451
-108744
-111181
-62439.7
-58151.5
-57139.8
-72058.3
-72274
-73690.3
-70345.7
-71752.7
-55240.2
-54015.4
-56066.3
-49772.8
-50681
-44554.1
-39743.7
-38826.6
-30270.6
-32595.6
-31084.1
-44772.9
-45400.4
-46678.8
-24801.2
-22786.5
-21650.4
-37266.4
-32465.3
-33456.4
-22025.6
-23676.7
-5722.35
-5722.35
-5722.35
-5722.35
-5722.35
-5722.35
-17329.9
-15023.8
-16228.3
-4620.57
-4620.57
-4620.57
-4620.57
-4620.57
-4620.57
-67236.3
-57046.6
-18577.4
-9563.35
-87275.6
-87127.2
-88951.2
-101910
-105102
-102838
-64470.2
-59827.5
-60900.9
-70233.4
-70193.7
-68879
-68094.2
-66754.6
-57012.7
-58244.4
-53841.7
-48389.8
-47496
-46934.4
-40951.1
-41854.6
-33157.8
-34012.6
-35469.7
-41837
-43892
-42576.1
-27309.4
-23840.5
-24951.1
-34793.9
-31353.9
-30333.9
-20623.4
-18943.9
-9533.25
-11328.9
-14851.9
-14021.2
-12796.5
-7308.32
-5998.55
-7263.35
-3108.39
-3054.77
-3012.6
-79792.3
-78202.4
-82522.1
-84218.8
-115003
-117624
-111181
-108744
-55537.9
-54579.4
-57139.8
-58151.5
-75887.8
-77415.7
-73690.3
-72274
-74153.3
-75644.1
-71752.7
-70345.7
-52331.7
-51097.1
-54015.4
-55240.2
-52129.9
-53058.4
-50681
-49772.8
-37640.3
-36707.8
-38826.6
-39743.7
-29673.5
-28110.6
-31084.1
-32595.6
-48233.7
-49484.4
-46678.8
-45400.4
-20606
-19448.3
-21650.4
-22786.5
-34589
-35550.6
-33456.4
-32465.3
-25087
-26694.9
-23676.7
-22025.6
-3705.62
-1726.59
-5881.25
-7994.77
-17239
-18421.5
-16228.3
-15023.8
-3264.59
-3247.81
-3832.24
-5030.47
-92036.5
-93998.2
-88951.2
-87127.2
-99378.2
-97269.4
-102838
-105102
-62675.6
-63809.3
-60900.9
-59827.5
-66903.7
-65683.9
-68879
-70193.7
-64643.7
-63352.3
-66754.6
-68094.2
-60115.9
-61368.7
-58244.4
-57012.7
-46160.2
-45277.6
-47496
-48389.8
-43098.2
-43989
-41854.6
-40951.1
-36896.9
-38302.6
-35469.7
-34012.6
-41106.9
-39747.2
-42576.1
-43892
-26021.4
-27101.5
-24951.1
-23840.5
-29235.9
-28187.2
-30333.9
-31353.9
-17553
-15848.9
-18943.9
-20623.4
-12722.9
-14462.3
-11328.9
-9533.25
-11796.3
-10544.8
-12796.5
-14021.2
-8255.82
-9543.66
-7263.35
-5998.55
-3228.93
-3070.43
-1890.32
)
;
    }
}


// ************************************************************************* //
