/*--------------------------------*- C++ -*----------------------------------*\
| =========                 |                                                 |
| \\      /  F ield         | OpenFOAM: The Open Source CFD Toolbox           |
|  \\    /   O peration     | Version:  2012                                  |
|   \\  /    A nd           | Website:  www.openfoam.com                      |
|    \\/     M anipulation  |                                                 |
\*---------------------------------------------------------------------------*/
FoamFile
{
    version     2.0;
    format      ascii;
    class       volScalarField;
    location    "0.104/solid";
    object      sigmaMid;
}
// * * * * * * * * * * * * * * * * * * * * * * * * * * * * * * * * * * * * * //

dimensions      [1 -1 -2 0 0 0 0];


internalField   nonuniform List<scalar> 
3124
(
-178.878
10.2541
-182.868
-529.036
-187.772
11.2667
-183.723
-534.392
-191.557
-114.126
-257.181
-491.337
-210.307
-140.491
-99.1179
-211.241
-292.57
-174.406
-180.434
-519.984
-152.254
-151.222
-139.593
-877.775
-162.432
-237.334
-313.158
-635.979
-161.81
-291.847
-40.257
-172.048
-34.3684
-554.473
-482.177
-641.207
-524.57
-585.469
-629.81
-476.572
-214.007
-166.536
20.1757
44.2569
-31.3407
-220.46
-50.6422
-121.605
-586.371
-536.857
-487.05
-649.106
-578.511
-666.105
-493.237
-186.299
-146.118
-134.278
12.9612
-97.0605
-325.069
-182.492
-249.004
-209.115
-315.076
-658.536
-184.659
-799.892
-454.275
-685.172
-495.994
-715.798
-669.281
-490.297
-1063.81
-1062.91
-335.12
-291.13
-286.545
-315.717
-348.106
-39.3346
-30.4197
-162.509
7.00263
-25.1588
3.14958
-23.7746
-316.715
-314.388
-1059.56
-1055.88
-555.952
-521.012
-629.023
-471.219
-1057.42
-312.466
-214.131
-395.719
-1.75645
-279.816
-81.085
33.105
-72.3405
-299.938
-141.89
-126.631
-271.243
-257.486
-149.478
-48.8392
-112.117
-231.398
-128.421
-148
-590.906
-531.884
-676.787
-503.288
-680.253
-668.295
-501.359
-317.94
-317.29
-1077.77
-1125.16
-1054.02
-1109.76
-323.373
-318.196
-169.173
-147.28
-135.068
8.24854
12.5112
10.4706
4.83572
9.88083
-644.386
73.7858
12.255
-143.17
-183.045
-142.256
-184.906
64.8751
28.0678
15.9927
37.9162
-188.76
-143.938
-154.419
-194.629
-400.932
-107.382
-221.8
-130.506
-292.148
-194.429
-99.2257
-607.789
-40.3898
-170.669
-287.614
-1146.52
-318.014
-297.89
-352.536
-177.622
-261.73
-220.266
-247.223
-202.211
-293.558
-143.389
-96.1847
-101.189
-18.275
-177.512
-1147.39
-138.072
-68.9837
-188.847
-118.823
-270.03
-129.035
-52.9546
-303.21
-195.254
-250.61
-214.006
-247.763
-286.92
-239.887
-162.633
-181.554
-175.204
-142.582
-203.135
-194.357
-141.483
-287.479
-199.984
-184.992
-151.99
-305.115
-206.676
-159.978
-153.54
-149.942
-137.853
-95.127
-92.6248
-503.099
-758.403
-429.986
-655.038
-441.067
-458.132
-556.665
-341.486
-143.899
-172.447
-184.641
-280.71
-275.057
-216.775
137.07
-117.85
-31.54
-113.749
-183.095
-127.417
-140.224
-34.6014
-100.242
-112.232
-549.451
-577.859
-676.393
-623.182
-630.148
-681.75
-542.594
-555.781
-576.057
-641.48
-690.811
-557.532
-639.891
-686.903
-190.595
53.7457
21.182
31.0244
58.9318
21.1653
35.8029
66.3005
53.4487
-17.3431
25.0355
-13.1393
39.0022
48.8327
-31.2455
4.74759
-0.725875
5.0591
4.27161
21.7842
-197.409
-177.212
-161.718
-119.585
-94.6617
-126.166
-150.42
-100.586
-131.923
-554.133
-559.84
-717.829
-640.54
-564.844
-632.374
-707.426
-553.337
-570.4
-640.488
-694.948
-557.075
-632.935
-699.89
-196.396
-145.065
-133.041
-89.3787
-60.6872
-654.191
-255.917
21.0334
-100.81
-160.583
-59.9801
-423.96
-135.542
-71.815
-377.884
-285.856
-354.448
-346.076
-410.911
-303.942
-281.455
-20.8396
-15.1249
-147.103
-279.644
-143.868
-405.718
-186.742
-330.096
-237.191
-807.009
-989.298
-612.385
-201.644
-52.1072
-593.667
-180.562
-522.109
1334.49
-215.376
-506.76
-314.286
-313.158
-383.191
-481.459
-318.563
-361.935
-880.562
-1369.78
-747.307
-405.466
40.0298
-153.021
-331.814
-503.731
-426.2
-244.523
-630.176
-811.329
-677.59
-734.466
-647.536
-785.504
-702.574
-627.687
-689.258
-759.117
-701.974
-769.082
-701.127
-620.412
-943.895
-894.658
-1076.87
-919.877
-939.469
-954.366
-1032.84
-944.657
-847.583
-875.957
-387.807
-313.335
-354.772
-371.531
-418.453
-273.58
-355.502
-385.534
-253.182
-289.156
-373.009
-463.471
-226.416
-339.891
-412.157
23.9619
-365.41
-383.274
-419.24
-429.095
-386.763
-677.503
-652.18
-582.566
-325.303
-596.09
-648.189
-648.162
-647.296
-314.403
-562.298
19.5319
-29.5094
36.697
-29.6218
38.6076
36.5147
-146.4
-121.149
-104.517
-66.9306
0.636104
-71.8637
-93.6458
-3.12905
-75.2582
56.7703
-4.29973
51.5897
40.6882
-8.15767
50.0069
-578.739
-585.183
-544.25
-316.76
-542.415
-593.911
-588.658
-535.384
-314.539
-536.795
-749.753
-753.876
-869.309
-1051.54
-861.621
-764.792
-758.863
-856.437
-1051.97
-858.2
-670.544
-613.207
-535.473
-746.839
-855.059
-575.275
-530.019
-33.9997
1326.37
-339.499
-415.489
-103.033
-32.0732
-8.25212
14.2945
4.6898
-63.8773
-29.5953
-152.171
-241.101
-332.045
-217.808
-279.205
-236.366
-174.626
-121.042
-94.9046
-39.909
-146.828
-16.6018
-202.898
-103.449
1.01286
0.370317
-3.42606
-90.4935
-245.891
-102.418
-29.4553
-109.708
-22.6907
-220.989
-328.921
-288.387
-338.5
-249.826
-275.676
-258.591
-256.18
-279.407
-206.765
-325.229
-174.057
-247.893
-295.274
-223.819
-236.902
-125.26
-184.279
-163.321
-225.21
-228.521
-209.986
-342.973
-295.712
-191.459
-437.755
-211.521
-344.529
-172.17
-183.626
-304.801
-194.653
-17.8357
-98.5824
-56.8672
-107.375
-97.6124
-93.8732
-197.072
-201.807
-211.618
-179.312
-231.329
-231.402
-159.021
-179.559
-109.714
-165.588
-121.505
-210.275
-169.449
-68.0033
-290.666
-130.619
-290.636
-172.659
-400.851
-129.833
-304.987
-337.463
-143.909
-248.189
-117.116
-185.002
-122.851
-251.503
-106.184
-207.944
-106.853
-602.953
-654.534
-731.471
-666.115
-582.57
-743.328
-686.882
-614.706
-660.742
-755.301
-707.882
-622.04
-750.096
-704.437
-609.977
-600.374
-549.392
-316.919
-551.297
-594.49
-598.901
-560.745
-317.311
-558.889
-813.782
-799.738
-878.058
-1101.96
-899.648
-771.339
-790.357
-919.765
-1121.32
-908.219
-818.501
-829.997
-918.333
-1057.51
-913.786
-844.096
-836.875
-918.249
-1081.95
-915.859
-619.2
-633.427
-586.249
-319.369
-582.945
-647.988
-641.618
-571.151
-321.243
-574.265
-157.68
-148.588
-136.9
-89.9604
-91.8672
-65.9477
10.4553
-63.5776
-61.2016
10.9778
-62.9184
62.8134
58.0423
7.58333
60.2994
8.28635
62.2046
60.8166
-0.380471
13.2571
8.96386
22.6809
-2.61952
11.7764
25.8151
21.6178
14.4593
13.7364
37.2497
16.3065
20.1728
27.4135
-241.727
-226.041
-353.561
-277.853
-281.029
-224.061
-225.698
-770.682
-880.691
-846.557
-842.558
-776.461
-762.541
-782.843
-345.412
-281.97
-161.449
-219.373
-484.06
-342.716
-240.429
-32.9452
-35.8368
-27.3731
-35.3383
-21.6354
-25.8163
-582.041
-565.785
-649.101
-630.455
-632.101
-647.193
-576.546
-600.976
-580.377
-649.1
-663.991
-599.887
-651.733
-667.798
-263.92
-433.186
61.8723
61.9197
30.2468
38.3518
59.9629
-43.5446
-65.313
-54.8742
-97.2296
-116.668
-83.5237
-591.272
-562.964
-678.926
-657.582
-602.02
-654.371
-682.902
-595.403
-581.224
-652.236
-669.141
-598.849
-647.474
-665.719
26.2398
13.584
27.2559
-842.756
-823.554
-1033.84
-964.14
-749.928
-804.759
-719.898
-802.637
-781.121
-836.871
-795.228
-676.363
-672.262
-746.887
-731.129
-740.998
-723.256
-680.637
-975.582
-890.006
-817.597
-812.328
-752.967
-703.492
-642.001
-648.897
-10.1462
-35.3196
-5.7932
-30.4505
1.52249
-0.951991
22.5675
5.82148
22.6713
-9.27264
-17.1275
2.04417
31.448
1.12962
29.393
7.84717
-19.3183
12.3096
-533.502
-541.458
-562.399
-560.439
-693.85
-700.277
-717.441
-713.863
-568.114
-639.561
-546.493
-623.697
-571.321
-642.246
-623.638
-693.316
-688.366
-531.281
-525.479
-0.175566
46.1465
27.0794
19.6634
34.4249
-133.39
-203.672
-256.346
-268.042
-238.148
-196.428
-249.046
-256.84
-212.773
-141.55
-87.3335
-102.011
-19.7967
-62.5189
-32.1045
-121.595
-83.9062
-88.8321
-66.6277
-99.8991
-51.8734
-634.839
-621.777
-702.13
-674.942
-617.412
-700.035
-682.533
-683.569
-670.295
-739.867
-724.695
-682.894
-746.043
-729.535
-552.178
-535.849
-554.577
-555.949
-752.695
-736.453
-718.974
-720.654
-754.067
-774.775
-808.888
-804.003
-565.189
-589.2
-654.595
-648.58
23.0222
9.21984
24.0148
25.9328
12.2327
26.0842
10.6243
38.2045
37.8702
33.0658
5.60496
33.2762
9.15561
37.5671
36.5411
28.2334
59.7828
86.5447
29.0215
33.0591
6.27533
-3.10206
14.233
-161.513
-165.524
-139.504
-143.291
-161.486
-143.442
-163.393
-162.551
-144.683
-143.155
-160.85
-145.319
-161.277
-162.037
-161.303
-151.257
-148.389
-161.26
61.2685
94.9761
102.143
10.7205
7.70177
18.1282
6.91933
-2.9384
12.5338
59.6771
35.0123
44.4046
38.7575
27.1485
52.3158
42.5673
25.2707
42.8583
93.9751
29.3641
-172.297
-169.64
-135.87
-146.205
-164.519
-135.202
-175.133
-183.093
-141.316
-187.958
-150.685
-186.432
-140.409
-182.54
-168.65
-174.022
-182.137
-184.726
-215.49
-289.771
-221.373
-249.517
-176.07
-227.399
-229.404
-165.91
-90.1047
-234.162
-128.997
-160.978
-238.984
-88.0052
-239.406
-331.926
-230.973
-255.44
-228.609
-250.681
-273.058
-165.238
-155.968
-67.7651
-135.075
-142.079
-223.251
-88.9472
-424.047
-1082.66
-495.672
-452.151
-562.454
-379.529
-398.625
-278.909
-309.631
-284.535
-306.656
-248.512
-291.661
-288.836
-216.962
-223.288
-196.887
-169.937
-228.475
-216.668
-198.231
-257.2
-274.004
-213.597
-270.027
-267.517
-226.171
-264.103
-229.646
-238.133
-172.598
-229.455
-224.702
-208.689
-236.164
-118.344
-117.148
-96.5316
-97.3498
-116.757
-97.8988
-118.367
-119.573
-101.348
-122.37
-98.9957
-121.94
-99.0648
-120.126
-153.505
-185.992
-133.136
-112.831
-137.004
-151.735
-158.892
-135.241
-81.4594
-218.333
-100.064
-145.513
-188.778
-75.6906
-195.316
-222.501
-212.471
-236.72
-210.341
-193.588
-194.94
-106.512
-113.891
-51.0615
-79.1933
-93.1706
-156.13
-59.415
-261.718
-288.754
-289.693
-271.556
-269.09
-260.763
-270.991
-238.322
-225.626
-208.354
-223.661
-226.096
-233.333
-232.415
-266.67
-263.694
-219.341
-257.622
-257.561
-239.13
-270.623
-239.274
-291.827
-262.447
-257.485
-243.858
-266.017
-255.983
-189.873
-194.315
-169.198
-188.039
-188.742
-187.888
-164.377
-184.366
-197.168
-170.169
-189.453
-187.672
-165.827
-194.385
-170.4
-136.915
-196.877
-157.344
-167.109
-143.748
-155.395
-216.372
-309.515
-254.025
-220.475
-264.954
-236.935
-207.022
-211.395
-202.686
-229.941
-201.349
-212.798
-205.233
-226.441
-231.201
-310.746
-277.036
-250.55
-228.198
-274.421
-252.856
-200.212
-220.15
-206.083
-183.527
-192.628
-223.06
-194.583
-129.85
-130.443
-131.678
-129.647
-130.253
-128.299
-127.347
-128.484
-114.643
-116.018
-95.7253
-94.2508
-116.008
-94.4207
-115.167
-114.017
-92.7502
-113.502
-93.3736
-112.95
-93.6931
-114.253
-595.85
-897.958
-503.486
-672.448
-339.688
-768.366
-852.292
-272.979
-270.582
-329.982
-459.682
-266.535
-247.648
-233.274
115.699
-74.5996
-62.0246
-139.452
-116.401
-139.166
-74.4102
-57.3664
-31.971
-24.7777
-24.7401
-67.7681
-133.788
-115.096
-54.8214
-136.561
-68.1644
-54.9478
-153.206
-147.208
-128.337
-132.922
-134.602
-147.89
-152.196
-156.926
-142.599
-158.821
-137.204
-159.603
-139.07
-156.099
-36.9369
-29.4595
-29.8459
-63.8299
-46.0464
-120.252
-105.649
-124.759
-64.2619
-51.912
-71.8479
-131.285
-57.1394
-109.543
-71.4976
-127.81
-55.9451
-587.379
-566.334
-639.908
-654.091
-591.994
-638.702
-657.063
-599.851
-584.527
-646.674
-663.701
-596.844
-647.33
-660.7
-99.7866
-242.167
-173.257
-146.867
40.4638
46.8435
14.3751
47.8553
26.4627
82.6263
26.0703
31.6508
45.9114
-0.0580063
-8.01149
22.1688
43.2751
0.964223
33.6053
-1.9149
-0.822513
50.0002
48.195
-11.0141
30.9594
89.0406
23.0342
71.3491
43.5551
35.1653
-26.505
-27.5335
22.7705
59.874
-8.76496
29.9743
-6.52763
-30.386
11.2463
-13.5693
19.6781
26.2869
56.6366
41.8393
34.7737
36.2767
33.505
35.7674
45.1767
15.0709
37.5603
3.83792
31.3226
14.244
26.2234
23.0767
-3.80096
24.7847
10.5084
-0.0221875
20.4693
3.91943
-14.8768
-2.53013
-14.4861
60.3906
9.30413
20.1946
15.0551
-18.0847
-213.887
-202.834
-154.519
-176.944
-168.229
-194.521
-209.896
-191.509
-150.059
-196.403
-163.78
-197.61
-145.673
-198.129
-88.0872
-69.2838
-141.009
-121.08
-139.659
-89.089
-74.1759
-80.9341
-66.7313
-62.7001
-90.875
-146.969
-124.099
-76.2795
-144.603
-89.483
-77.0604
-102.373
-102.235
-159.443
-150.13
-172.069
-110.099
-96.3551
-107.945
-68.0238
-70.2261
-89.4373
-152.61
-135.424
-78.2681
-155.338
-85.2155
-78.6303
-584.822
-565.032
-646.413
-670.975
-584.629
-643.413
-669.262
-591.514
-569.267
-642.114
-665.818
-585.913
-649.932
-669.395
-161.789
-172.925
-185.114
-180.711
-125.254
-123.52
-122.972
-123.373
-108.872
-109.959
-89.6605
-88.8686
-88.959
-109.569
-109.484
-108.515
-88.022
-108.561
-88.3632
-108.002
-88.4838
-108.98
-15.6092
-2.0408
-80.7279
-60.1252
-79.9277
-17.1871
-1.16182
14.1909
27.8927
-14.66
-59.6189
-79.392
-0.569896
-335.637
-881.286
-870.642
-773.435
-551.159
-856.171
-685.629
-666.413
-880.125
-887.421
-606.671
-688.819
-419.012
-798.662
-259.175
-916.348
-286.436
-155.448
-346.602
37.3229
-300.909
-349.021
-342.262
-134.311
1.93713
-106.369
-230.361
-203.142
-138.115
-110.339
-294.532
-361.546
-319.948
-287.513
-290.341
-368.208
-280.037
-327.724
-313.514
-379.214
-337.073
-360.841
-323.088
-319.252
-346.281
-368.589
-401.047
-341.891
-384.522
-340.801
-340.405
-295.349
-344.921
-284.653
-329.822
-304.744
-360.116
-284.092
-323.369
-4.0885
-338.188
-297.768
25.3323
-383.798
-231.269
-315.96
-298.139
-175.215
11.147
-301.387
15.0362
-294.244
-293.191
-377.238
-486.166
-269.156
-251.671
-127.938
-280.88
-337.758
-382.082
-350.097
-315.056
-68.8959
-302.116
-287.113
-621.362
769.519
-589.514
-177.389
-363.517
-197.932
-460.641
-177.008
-268.684
-809.301
-552.353
-568.962
-210.801
-235.677
146.027
-279.325
-1068.19
-830.354
-1013.29
-902.338
-951.802
-86.0599
-995.293
-217.83
-836.732
-418.64
-1092.48
-954.84
-510.143
245.161
552.126
-365.395
-493.532
513.307
-403.341
-403.81
-251.838
-235.423
-368.467
-385.669
-597.785
-340.522
-371.663
1022.15
-808.669
-565.692
-834.322
-267.392
-245.522
-370.993
-475.565
-464.664
-400.767
-359.833
-467.15
-395.544
-322.933
-273.447
-419.963
-221.164
-342.571
-303.836
-284.647
-363.782
-460.371
-470.24
-399.243
-462.03
-399.726
-353.391
-757.228
-1716.02
-1289.41
-248.998
-1087.05
1390.39
2231.43
-1661.75
-374.972
153.793
-507.902
-298.719
-19.8639
-400.522
-331.553
-353.445
-341.412
-148.2
-21.2785
-321.883
118.195
-351.163
-341.397
-71.7443
-333.99
-273.737
-260.288
88.3351
-337.401
-309.671
-418.571
-432.026
-364.581
-351.113
-343.955
-350.007
-713.091
-718.593
-783.356
-753.467
-699.904
-759.284
-752.124
-679.506
-661.885
-743.177
-729.129
-685.761
-758.278
-733.798
-967.158
-1004.44
-942.61
-980.711
-995.844
-846.258
-875.49
-966.788
-898.798
-919.615
-912.173
-975.013
-1271.68
-1389.18
-1392.5
-1259.47
-1279.26
-1377.71
-1263.66
-1416.88
-1212.74
-1051.09
-1143.91
-1419.32
-1228.37
-1428.04
-1259.33
-1254.85
-845.317
-824.847
-872.372
-850.029
-912.789
-873.568
-919.724
-946.007
-893.498
-864.927
-889.498
-934.34
-343.563
-405.768
-348.3
-350.46
-335.032
-379.741
-360.237
-330.835
-319.656
-380.08
-342.881
-333.014
-369.042
-318.862
-357.238
-409.791
-400.368
-368.198
-357.002
-391.196
-369.224
-313.084
-309.855
-306.864
-317.915
-305.127
-349.49
-306.095
-332.956
-416.275
-314.302
-338.43
-318.005
-349.619
-355.827
-300.063
-278.921
-376
-250.116
-310.464
-318.572
-266.691
-354.632
-440.545
-433.376
-390.52
-359.158
-384.634
-380.005
-275.733
-260.59
-243.639
-228.845
-258.179
-286.627
-256.835
-390.465
-415.235
-425.748
-374.479
-409.24
-380.003
-382.298
-336.532
-339.942
-351.923
-351.483
-299.144
-292.85
-410.873
-367.35
-416.674
-407.541
-361.473
-350.679
-405.454
-371.244
-390.527
-437.102
-395.883
-380.469
-377.805
-409.268
-388.242
-658.106
-683.655
-818.68
-757.589
-785.489
-655.923
-826.879
-753.846
-779.666
-788.915
-765.314
-709.68
-633.989
-709.884
-769.394
-762.334
-486.322
-644.75
-635.844
-494.549
-407.27
-183.183
-412.387
-185.201
-485.65
-650.216
-644.83
-495.143
-405.62
-191.769
-412.463
-181.145
-642.525
-630.362
-743.461
-689.75
-641.837
-745.762
-683.365
-746.091
-737.742
-742.424
-753.559
-697.661
-644.208
-694.357
-748.031
-748.798
-469.621
-666.051
-640.578
-495.344
-431.829
-208.228
-408.054
-202.493
-513.301
-648.552
-495.492
-625.541
-410.747
-190.654
-418.046
-190.996
15.0782
26.0227
19.9439
-31.0783
-1.66528
-2.26972
33.608
24.8046
23.0814
-31.8525
-0.723788
-2.95734
29.1798
34.0633
25.2071
25.6112
36.1706
24.4823
-135.007
-141.448
-121.752
-114.761
-141.833
-114.117
-135.574
-129.17
-103.798
-125.746
-108.984
-124.612
-108.493
-130.076
-22.3433
-6.42542
-87.8097
-67.9847
-89.1692
-21.9747
-6.56928
3.98885
19.9475
22.2173
-22.1018
-93.497
-69.5586
-9.67921
-90.6346
-26.3383
-7.51673
-40.1502
-36.3879
-115.266
-86.4413
-50.3521
-107.06
-25.952
-9.43472
17.2551
11.1995
-32.9772
-96.046
-80.1382
-12.6458
-101.466
-26.6404
-18.2045
55.1139
53.4731
52.4093
-1.2243
25.5524
27.486
52.5632
49.5486
50.8396
33.8963
43.6112
37.8943
-13.3747
22.2672
17.5193
45.4955
46.9203
41.7684
-551.978
-545.534
-632.617
-590.644
-576.768
-643.086
-590.739
-646.768
-627.574
-637.09
-653.482
-599.623
-579.84
-595.506
-640.087
-650.925
-447.464
-571.243
-573.093
-445.527
-382.993
-180.879
-385.965
-179.534
-448.247
-576.058
-575.096
-450.352
-382.505
-180.234
-380.998
-179.403
-555.572
-560.871
-650.583
-608.033
-588.466
-662.493
-607.218
-662.267
-650.47
-648.321
-656.881
-604.891
-586.793
-604.437
-644.272
-659.921
-440.386
-569.608
-565.909
-444.503
-376.14
-181.366
-374.923
-180.118
-439.247
-557.46
-560.557
-436.324
-377.512
-180.113
-380.411
-179.825
-708.304
-701.404
-772.328
-750.338
-838.745
-771.432
-841.188
-841.889
-775.682
-754.347
-777.54
-838.201
-1292.71
-1441.27
-1303.58
-1430.59
-1287.14
-1424.74
-1286.31
-1424.89
-708.151
-714.129
-787.773
-763.752
-850.092
-786.748
-842.29
-836.873
-782.028
-758.534
-780.822
-842.305
-1305.6
-1444.44
-1310.41
-1439.87
-1299.27
-1428.21
-1293.43
-1434.62
-767.278
-840.853
-746.135
-767.684
-839.006
-1316.07
-1447.73
-1314.02
-1448.93
-622.071
-585.024
-639.705
-570.708
-624.48
-581.988
-637.863
-373.205
-181.63
-374.634
-182.036
-433.586
-556.114
-435.801
-553.286
-372.821
-182.359
-838.988
-631.849
-229.968
-1736.02
-136.139
1380.3
-1621.24
-1360.9
-1361.13
-1349.51
-1383.36
-1034.59
-1381.49
-1399.62
-1234.41
-336.872
606.389
-307.14
-198.598
-306.947
-1412.62
-1427.73
-1462.98
-1445.28
-1478.95
-1486.37
-1477.64
-1488.38
-1345.3
-1342.08
-1359.51
-1346.62
-1460.64
-1444.2
-1387.78
-1413.88
-65.1677
-58.9093
-85.0649
-77.5245
-85.7769
-67.7321
-36.2953
-14.9815
-31.9751
-14.386
25.1504
-1.82515
-24.1806
-6.90157
-36.4975
-77.5579
-32.8131
-14.653
-58.8206
-36.2093
-27.0997
-191.634
-197.71
-180.257
-171.978
-189.579
-223.938
-174.629
-271.147
-281.77
-310.299
-300.08
-283.104
-271.907
-275.809
-237.852
-232.388
-256.547
-301.756
-238.462
-253.771
-257.91
-223.552
-200.005
-275.729
-219.668
-241.312
-207.681
-231.212
-108.849
-77.6561
-149.95
-116.172
-103.873
-99.7229
-122.377
-92.6064
-96.4434
-64.7166
-125.637
-76.2318
-96.8499
-110.24
-62.0417
-52.7689
-31.0762
-34.5404
-51.4302
-76.011
-48.2978
-141.351
-169.163
-152.147
-167.147
-121.738
-153.858
-158.511
-7.88793
-41.8166
-26.7469
16.2177
-16.9143
5.16493
-29.4842
3.06231
15.2638
-3.62726
2.93722
15.9687
-11.5787
24.2941
-24.0345
16.1269
-37.663
-6.24624
1.36092
-65.0582
-7.2553
2.22643
-26.6286
-322.298
-353.662
-175.63
-76.3165
-166.684
-62.8466
-151.194
-198.249
-106.27
-271.074
-201.21
-294.296
-207.931
-280.608
-193.841
-237.814
-81.4132
-64.4272
-129.463
-91.9329
-50.7149
-124.851
-99.9257
-89.0001
-70.9852
-153.107
-69.8452
-124.028
-107.851
-135.007
-164.89
-193.654
-162.748
-135.367
-150.972
-144.983
-59.8581
-8.33696
-30.3427
-36.488
-72.0702
-36.3056
-268.518
-318.344
-316.177
-274.569
-274.778
-330.275
-261.944
-302.869
-290.247
-332.557
-315.048
-296.842
-291.177
-321.511
-294.744
-291.948
-287.71
-313.205
-296.499
-284.502
-318.646
-267.974
-275.315
-298.282
-239.448
-250.138
-314.933
-258.78
-289.847
-268.564
-295.068
-265.8
-271.86
-293.451
-272.8
-261.825
-300.62
-313.512
-311.876
-281.859
-299.989
-266.154
-248.221
-231.657
-269.911
-215.152
-225.782
-272.709
-240.635
-284.518
-308.062
-266.908
-303.474
-263.243
-313.996
-279.118
-165.453
-134.767
-151.341
-169.073
-142.736
-147.988
-173.034
-202.567
-221.989
-175.427
-188.711
-187.638
-181.076
-206.877
-201.011
-169.595
-206.75
-188.426
-180.563
-179
-222.758
-143.512
-523.178
-370.514
-343.444
-395.618
-572.209
-123.08
-149.272
-229.825
-184.491
-203.15
-258.781
-83.8798
-243.309
-122.378
-370.195
-397.532
-205.071
-408.822
-282.686
-652.517
-240.083
-282.673
-231.978
-198.486
-307.104
-168.845
-234.874
-122.709
-469.486
-319.243
-325.661
-405.809
-130.276
-294.379
-30.4747
-145.02
-192.629
-188.917
-156.559
-97.0662
-161.804
-119.522
-120.168
-253.935
-188.419
-257.053
-118.163
-137.223
-184.598
-320.801
-272.515
-245.944
-333.868
-273.289
-278.463
-129.17
-264.485
-184.131
-189.183
-160.802
-261.695
-160.014
1.10528
-22.9704
-10.8148
-80.2445
-64.467
-47.7205
-44.8108
-40.8507
-24.9852
-116.535
-74.7558
-83.5454
-72.274
-104.771
-71.7305
-56.5484
-103.521
-66.5782
-218.185
-211.758
-195.362
-181.585
-205.132
-203.842
-153.621
-116.405
-149.518
-150.499
-169.307
-141.909
-118.101
-143.01
-103.394
-66.038
-126.855
-105.658
-128.346
-99.9667
-84.6218
-109.287
-132.784
-142.601
-118.283
-135.412
-106.097
-120.868
-114.347
-151.743
-112.06
-93.5943
-134.678
-130.626
-98.8014
-198.23
-229.085
-167.42
-191.129
-183.31
-206.862
-178.024
-106.674
-104.685
-239.268
-158.715
-107.544
-227.198
-94.5546
-86.0303
-53.5924
-48.2563
-218.914
-251.059
-236.815
-238.016
-247.354
-205.773
-224.449
-111.082
-176.391
-140.089
-84.0035
-198.082
-131.888
-87.5804
-238.891
-310.627
-248.423
-227.308
-249.949
-231.125
-220.351
-259.538
-397.025
-290.555
-533.327
-264.805
-427.082
-254.85
-184.271
-227.733
-205.348
-201.182
-185.367
-176.627
-196.597
-128.124
-63.6729
-136.549
-125.578
-148.139
-115.622
-72.5733
-171.132
-201.836
-164.706
-141.539
-179.072
-149.569
-149.196
-135.482
-155.41
-126.764
-99.0574
-149.004
-138.637
-85.8057
-221.357
-240.978
-226.573
-209.386
-236.072
-200.968
-224.361
-251.56
-233.606
-366.038
-246.689
-329.612
-276.645
-219.987
-650.657
-631.449
-721.226
-705.635
-663.89
-722.004
-699.477
-680.61
-674.519
-736.999
-719.195
-674.671
-734.938
-720.844
-523.439
-533.503
-649.316
-619.118
-603.064
-678.579
-612.798
-672.336
-658.514
-642.352
-662.473
-609.197
-599.043
-604.677
-637.234
-665.272
-456.001
-576.272
-576.004
-459.474
-388.744
-180.585
-386.05
-182.012
-453.996
-574.981
-451.771
-574.803
-389.255
-184.704
-393.098
-179.931
-544.636
-542.923
-648.821
-610.38
-593.139
-663.036
-605.368
-648.825
-663.212
-645.604
-661.491
-603.644
-592.833
-606.799
-644.035
-663.639
-465.66
-575.132
-578.291
-461.477
-397.009
-185.922
-398.651
-180.167
-466.759
-593.331
-586.248
-471.252
-395.554
-179.933
-393.129
-185.212
-732.185
-733.53
-830.884
-812.398
-922.455
-832.148
-918.151
-909.04
-817.986
-806.151
-823.239
-916.993
-1338.84
-1455.26
-1318.76
-1474.43
-1360.61
-1516.44
-1493.15
-1382.62
-723.563
-723.679
-793.498
-775.455
-857.81
-798.526
-867.612
-889.097
-811.802
-782.516
-803.047
-880.352
-1420.24
-1535.51
-1542.53
-1407.02
-1417.81
-1531.73
-1547
-1405.55
-789.707
-777.556
-844.258
-819.934
-911.202
-840.761
-913.002
-900.209
-850.874
-824.595
-851.804
-900.444
-1241.4
-1372.92
-1242.16
-1368.96
-1243.11
-1394.31
-1374.44
-1262.91
-795.148
-799.562
-865.345
-906.62
-842.877
-862.819
-902.277
-902.719
-856.404
-840.997
-858.18
-899.412
-1364.01
-1514.54
-1493.56
-1391.34
-1333.83
-1425.02
-1461.4
-1294.21
-624.472
-606.133
-684.592
-634.596
-618.227
-688.846
-639.505
-669.073
-698.953
-698.2
-718.54
-662.201
-626.235
-653.785
-710.066
-710.632
-496.175
-635.426
-639.892
-489.317
-414.642
-190.479
-416.273
-185.375
-497.708
-649.88
-500.332
-645.956
-413.902
-183.491
-409.092
-188.476
-635.829
-648.373
-733.239
-684.496
-742.3
-642.796
-736.018
-684.319
-739.784
-729.503
-727.676
-675.647
-639.745
-676.377
-719.537
-733.657
-478.596
-629.708
-620.077
-487.704
-400.491
-179.755
-399.135
-184.55
-477.574
-598.288
-471.411
-607.732
-403.07
-187.344
-408.148
-179.847
-151.489
-142.051
-132.124
-135.591
-125.175
-125.757
-127.811
-125.663
-110.764
-110.593
-90.1202
-90.5343
-110.012
-90.6935
-111.211
-111.39
-92.2001
-112.665
-91.2094
-112.403
-91.3032
-111.977
-19.6873
-5.76604
-86.8344
-65.0544
-85.425
-21.5036
-4.84953
10.2337
24.4918
24.6638
-18.7239
-83.7649
-64.2264
-4.07743
-84.5465
-19.1629
-4.14827
-16.8565
-2.39884
-81.139
-61.6741
-17.2933
-81.5877
-2.39087
11.727
24.7964
25.7337
-17.2059
-83.2039
-62.2671
-3.64854
-82.2284
-18.9034
-2.82343
11.2141
38.5396
61.3613
61.5766
60.3954
62.2092
61.0303
56.5374
57.4413
56.1573
6.82813
35.6054
34.5431
58.51
58.9425
57.3212
8.5886
36.3572
36.0972
60.7656
59.949
59.064
59.612
59.9516
58.7752
-1399.57
-1390.64
-1383.89
-1385.3
-1398.56
-1395.75
-1387.22
-1390.91
-1401.52
-1402.15
-1401.34
-193.585
-176.033
-182.639
-172.789
-203.648
-172.741
-173.61
-234.524
-184.771
-180.453
-174.273
-218.806
-175.679
-185.613
-149.525
-140.965
-127.678
-128.085
-128.548
-147.935
-129.225
-145.971
-139.147
-126.363
-126.971
-147.297
-125.447
-126.179
-461.138
-684.555
-266.884
-507.158
-558.14
-460.675
-512.341
-183.342
-176.24
-158.454
-157.537
-163.653
-179.855
-162.517
-529.524
-554.015
-665.341
-635.179
-531.935
-553.305
-660.892
-526.006
-654.615
-631.349
-545.958
-547.868
-657.448
-522.081
-536.35
-272.528
-219.482
-128.52
-227.985
-239.657
-267.487
-218.684
-533.312
-555.153
-672.853
-656.708
-531.927
-552.268
-683.093
-533.824
-703.874
-546.29
-661.916
-549.478
-543.987
-694.541
-139.906
-133.906
-119.897
-120.916
-119.346
-140.665
-120.454
-534.916
-535.148
-529.46
-530.811
-590.957
-512.16
-698.515
-732.952
-747.413
-513.455
-585.977
-590.031
-770.525
-504.143
-704.861
-583.662
-764.964
-520.348
-167.524
-156.956
-149.932
-151.639
-174.144
-144.153
-145.833
-650.95
-541.585
-518.715
-217.729
-122.593
-229.089
-129.653
-241.845
-227.239
-134.642
-141.292
-252.137
-307.709
-267.096
-306.907
-375.987
-281.161
-200.43
-101.255
-271.311
-148.333
-221.873
-333.433
-100.71
-580.416
-533.151
-725.518
-670.932
-587.674
-541.094
-719.759
-570.949
-709.988
-546.009
-669.145
-555.678
-545.427
-715.041
-141.945
-135.411
-120.685
-121.581
-141.031
-120.893
-122.187
-525.577
-189.377
-183.206
-172.417
-170.823
-174.628
-186.251
-172.003
22.6864
24.3134
37.93
-13.6643
12.0391
34.4368
2.15744
-247.926
-188.814
-179.393
-196.976
-184.926
-253.829
-192.37
-150.829
-142.174
-131.954
-133.089
-130.061
-153.433
-130.942
-145.462
-138.192
-123.918
-124.566
-124.242
-144.433
-125.259
-185.128
-181.86
-171.653
-168.996
-185.832
-169.606
-166.42
-259.288
-205.19
-198.672
-205.227
-264.288
-175.101
-206.133
-139.708
-133.222
-118.75
-119.555
-139.25
-118.69
-119.937
-683.007
-870.534
-849.161
-987.868
-758.766
-938.878
-1052.04
-874.13
-442.113
-919.357
-349.768
-656.848
-971.336
-809.263
-1056.84
-976.793
-924.892
-1021.32
-982.167
-1030.77
-1048.52
-1066.08
-1041.66
-997.53
-933.166
-992.117
-1060.19
-1041.69
-1062.01
-1014.35
-1023.55
-970.268
-1013.72
-1001.46
-1075.57
-1047.99
-1044.75
-951.179
-989.81
-985.702
-1053.18
-1061.05
-161.293
-149.731
-134.482
-136.341
-156.35
-137.673
-140.497
-1044.99
-948.648
-867.092
-1000.77
-944.642
-992.296
-1053.12
-1039.62
-986.724
-862.009
-938.833
-939.931
-988.749
-1039.91
-1053.12
-941.672
-857.106
-1000.72
-941.692
-998.968
-1056.91
-1048.68
-992.229
-858.589
-938.788
-939.992
-994.05
-1043.73
-1060.64
-942.182
-1003.29
-854.071
-1059.46
-941.749
-1003.41
-1059.65
-852.121
-940.274
-184.629
-129.162
-237.461
-87.2228
-287.934
-155.784
-99.4342
-238.395
-184.888
-329.18
-303.578
-367.646
-160.773
-208.71
-115.353
-59.5831
-187.384
-73.9164
-164.9
-157.579
-53.5537
-1082.68
-959.227
-882.868
-1012.93
-967.254
-1067.07
-1027.63
-1102.52
-1063.17
-892.879
-991.073
-981.387
-1046.42
-1121.17
-1154.76
-1013.73
-918.05
-1094.65
-1013.6
-1097.49
-1148.97
-1152.16
-1084.31
-913.796
-1003.73
-1010.76
-1095.35
-1141.17
-1031.79
-970.829
-1009.17
-914.89
-1035.88
-967.882
-1005.3
-1032.88
-1010.49
-915.603
-970.855
-968.983
-1004.04
-1043.88
-1115.2
-1006.24
-918.495
-1081.65
-1001.63
-1134.79
-1067.32
-1089.42
-1027.46
-914.791
-981.969
-988.014
-1044.52
-1065.48
-142.676
-136.396
-122.948
-123.692
-143.893
-122.088
-123.008
)
;

boundaryField
{
    left
    {
        type            calculated;
        value           nonuniform List<scalar> 
703
(
-193.379
-180.878
13.8288
-196.292
-198.423
-180.502
16.2728
-215.075
-215.091
-102.146
-139.14
-154.809
-156.06
-183.498
-281.003
-188.711
-87.9384
-217.885
-138.34
-183.776
-229.115
-180.036
-170.776
-58.4406
-57.8205
-188.962
-158.122
-149.118
-192.604
-68.1785
-137.937
-208.01
22.0843
-38.4742
7.60507
-6.29394
-132.877
-294.265
-253.324
-275.122
-316.764
-299.379
-283.198
-80.0992
-238.507
-300.952
-13.8001
-43.5855
-161.212
-19.7637
3.81917
-35.8659
-31.7666
-159.475
-289.594
-150.36
-174.5
-105.973
-45.681
-230.924
-114.204
-287.536
-170.024
-255.984
-44.5204
-266.754
-85.9203
-5.74254
-43.617
-129.71
-283.825
36.6294
-79.7726
11.7302
6.12255
10.8013
-133.583
-7.01799
-11.8817
-182.524
-139.958
-140.639
12.3343
84.5283
-196.708
-201.718
-140.703
-149.63
-184.035
17.1571
37.0778
19.309
-269.995
-296.889
-188.96
-258.977
-289.194
-223.858
-108.305
-180.686
-184.742
-93.4584
-98.693
-142.379
-179.179
-153.312
-157.572
-180.048
-149.782
-148.948
-161.379
-173.134
-199.054
-167.669
-122.329
-62.2193
-222.429
-238.376
-247.073
-136.352
-89.879
-92.5883
-192.083
-228.033
-215.98
-124.72
-138.063
-182.628
-49.1835
-117.425
-105.779
-124.074
-119.543
-49.2866
137.872
-195.252
-147.95
-203.718
-125.534
-132.838
-126.534
-155.491
-138
-127.33
-192.788
-156.681
-172.736
20.8799
33.9602
29.9468
-5.60462
15.0984
-5.34893
38.0134
18.7843
-66.5382
-131.505
-86.7711
-354.401
-346.361
-302.603
-245.191
-289.533
-321.414
-403.653
-337.015
-264.152
-347.836
-339.224
-302.304
-358.399
-362.628
-345.004
-252.862
-326.243
-349.514
-204.93
-188.007
-113.147
-284.041
-223.624
-213.247
-256.298
-256.995
-318.731
-22.0394
-78.4802
-72.96
-99.8987
-81.4854
-27.0031
-145.279
-101.665
-118.596
-7.57037
50.5431
43.1091
56.1274
50.9216
-3.24521
-28.8984
42.3957
21.326
43.1442
41.6884
-26.0195
-233.333
-383.152
-151.871
-162.021
-102.619
-122.315
-114.944
-34.273
-67.8902
-99.6247
-192.894
-166.624
-196.407
-51.8833
-130.37
-180.998
-117.901
-120.732
-187.693
-212.632
-232.51
-193.401
-197.395
-173.175
-129.936
-126.627
-41.1457
-166.945
-213.274
-193.333
-60.7575
-211.126
-170.666
-226.145
-47.4045
-106.15
-145.659
-35.6028
-68.0754
-17.2862
-206.176
-230.916
-228.911
-178.601
-205.751
-171.241
-274.324
-246.814
-238.817
-5.66355
-139.562
-43.009
-132.879
62.1679
8.3573
59.3595
57.4074
61.4383
59.9183
9.5203
-87.2741
-89.2665
-135.514
-8.67055
-68.8679
-66.9968
-72.0778
-69.4472
-9.59264
3.79592
9.5894
17.9569
14.9636
18.7037
13.0835
-224.293
-218.647
-270.252
-222.842
-240.216
-305.704
-48.9694
2.57951
-1.04131
-4.21025
1.67607
-56.1857
-292.02
-84.6012
-32.9532
-17.348
-72.9445
-43.6061
-147.182
38.35
27.745
53.5657
55.1901
-6.09766
-15.5073
51.5519
51.4545
21.669
31.3572
-42.9255
-19.4507
19.5415
16.7011
38.4189
36.4332
1.99276
-34.9079
0.313844
-2.24068
7.89438
6.91899
-26.3614
-120.363
-80.696
-76.4251
-13.1739
-24.5266
-58.6108
-89.2631
-71.5632
-88.1694
-123.184
-112.843
-124.589
-268.716
-210.504
-207.347
21.9076
64.1792
-32.8766
11.3208
44.3076
45.3956
6.08764
39.7167
40.4815
44.4517
43.3071
10.1603
-7.33923
54.2175
53.5388
51.1695
52.7528
-11.3084
-140.917
-159.498
-158.107
-161.178
-159.992
-140.937
17.939
5.09789
31.5085
25.1403
44.7212
-142.192
-168.107
-163.453
-179.707
-174.941
-146.537
21.1516
22.5321
35.6729
14.5867
13.7033
3.5833
-94.8346
-115.23
-113.733
-119.172
-116.69
-96.2546
-90.7702
-111.051
-110.073
-112.877
-111.728
-91.4894
-130.559
-149.173
-143.789
-156.304
-153.236
-134.822
-6.48526
-9.79636
-55.4989
-114.565
-66.2011
-66.359
-57.9198
-59.595
-110.985
-123.288
-69.1531
-70.6214
-64.4222
-64.4136
-121.197
-49.5582
3.63925
2.60563
86.6874
-38.3837
-35.0948
-100.58
-130.754
-85.8499
-86.355
-81.1803
-82.9634
-126.886
-153.493
-101.668
-111.949
-85.4703
-88.915
-140.815
-143.132
-35.3238
-30.2136
-158.668
-189.213
-187.833
-193.636
-199.014
-169.979
28.215
22.502
34.1302
43.8174
31.4181
-65.9134
-11.3671
-12.4832
-10.6258
-65.4388
-5.09792
56.1642
-85.7151
-105.736
-105.214
-106.762
-106.14
-86.1701
48.5568
53.2561
-18.0191
-75.7362
-18.0902
-21.6779
-17.1865
-17.8241
-74.2897
-92.5093
-36.8171
-45.9824
-23.2856
-29.4362
-86.743
-32.2285
41.8898
48.6268
-106.334
-126.58
-122.193
-137.941
-131.851
-111.775
29.8644
25.4063
-11.4049
45.3583
49.4783
55.3237
43.1543
46.4823
45.5612
51.74
59.4344
62.7902
57.3955
58.1997
51.6832
-0.698289
34.4503
33.1715
3.80007
5.34913
-28.1886
38.6618
31.4227
33.2235
22.9274
27.1873
27.5328
37.2476
34.2093
38.6975
34.8791
33.6362
42.0928
-32.6642
2.13491
7.33617
-65.6871
-76.0645
-116.351
-132.116
-64.3796
-53.7789
-66.7852
-69.4108
-129.664
-31.7138
-5.95918
3.01581
-34.4744
-20.0523
-60.3906
-75.3528
-39.4342
-57.7339
-50.5212
-61.0048
-77.63
-145.788
-104.635
-98.4551
-114.333
-108.907
-166.69
-112.891
-89.3229
-80.9284
-96.5545
-104.773
-117.436
-177.735
-208.411
-219.18
-230.698
-213.027
-181.988
-195.063
-125.628
-128.96
-166.236
-129.395
-192.463
-140.589
-120.24
-160.491
-135.967
-108.896
-113.263
-84.9174
-97.0793
-136.666
-6.04486
30.306
7.24357
32.8737
-8.52192
-61.2251
-1.09608
-81.9271
-23.7478
-39.0427
45.4404
12.34
60.9578
68.0879
69.0484
67.1732
60.0133
42.502
41.6372
8.02569
57.2542
64.5047
66.4074
64.3753
63.0268
55.9135
58.215
65.931
68.2918
67.2632
65.7156
58.5825
9.30619
42.7069
43.666
-87.8947
-107.993
-107.257
-109.453
-108.582
-88.481
52.4324
54.1951
-8.11428
-68.1012
-13.0255
-14.2318
-12.7274
-12.6646
-67.5343
-70.9857
-15.3391
-16.6765
-14.582
-14.5392
-70.2251
-9.51099
53.3953
52.3676
-181.627
-178.015
-182.442
-188.979
-195.565
-179.946
-132.26
-133.843
-139.813
-137.689
-130.265
-131.45
-161.093
-165.841
-175.144
-219.098
-226.83
-236.147
-132.385
-124.497
-125.17
-155.704
-150.019
-155.635
-270.047
-229.522
-264.246
-114.327
-114.598
-82.4044
-128.671
-164.358
-142.953
-125.612
-126.463
-134.007
-173.639
-175.731
-182.854
-184.145
-203.3
-207.753
24.7412
26.8042
17.8891
-140.931
-135.345
-137.9
-128.621
-129.659
-136.838
-181.072
-169.338
-171.955
-216.069
-216.143
-200.018
-123.618
-124.183
-131.757
-140.876
-145.115
-148.624
-91.2604
-96.4017
-24.4686
-62.6158
-114.275
-102.16
-134.877
-127.057
-128.017
)
;
    }
    bottom
    {
        type            calculated;
        value           nonuniform List<scalar> 
141
(
-222.74
-508.107
12.2558
13.0619
-510.995
-153.991
-473.199
-132.832
-501.35
-168.188
-308.755
-353.029
-507.883
-501.13
-503.378
21.0514
-512.103
-518.548
-511.981
-264.849
-122.903
-403.439
-426.548
-441.241
-518.515
-527.067
-396.358
-400.934
-392.806
-498.633
-493.807
1.54317
-535.863
-531.006
-510.767
-409.108
-411.475
-403.057
-404.568
81.9398
27.5923
-81.2723
3.74154
-133.486
-91.5048
-31.8738
-74.6011
146.683
31.8675
44.9231
-328.297
-101.731
89.2468
-119.191
-407.685
-386.245
-397.446
-400.979
2.65746
-18.3605
-39.1158
-411.327
-411.612
-401.555
-404.101
12.5605
26.7913
25.4877
42.169
28.0563
17.1638
88.9077
27.8515
30.5403
50.4099
59.7704
27.8199
-79.5872
-102.624
-105.236
-66.6981
-99.7396
-82.2188
-49.5842
-70.9825
-65.2138
-96.1799
-89.9348
-61.7676
124.907
-42.2142
8.0208
35.5575
-175.491
-98.5078
-160.608
-91.2216
-304.532
-108.661
-110.049
-138.845
-143.117
-144.929
-141.862
-150.246
-145.619
-146.249
-136.78
-146.746
-148.711
-147.209
-146.036
-147.527
-149.312
-148.417
-147.142
-146.175
-147.718
-146.056
-42.6425
-42.681
-20.2653
-146.156
-149.681
-147.926
-147.635
-147.367
-149.326
-147.934
-147.971
-148.703
-150.77
-149.129
-148.114
-149.003
-150.863
-150.083
-149.5
24.5636
-1.0392
6.1059
)
;
    }
    interface
    {
        type            calculated;
        value           nonuniform List<scalar> 
1726
(
-869.971
-63.9985
-71.2627
-595.539
-618.757
55.3197
-76.0224
-150.183
-633.433
-617.103
-18.3923
-811.237
-705.346
-41.2568
-40.5854
-25.9897
-52.0255
-2.80269
-26.6275
-593.982
29.3251
-210.203
-51.6017
-112.173
-134.953
-641.867
-707.216
-23.8565
-19.2838
5.37471
-0.251407
4.3149
12.631
74.4455
17.9732
-432.792
-170.2
-290.149
-214.144
-647.37
-193.218
-1068.5
-265.954
-348.728
-179.181
-244.924
-202.268
-203.734
-1042.3
-138.373
-156.79
-262.13
-86.1008
-306.422
-197.498
-240.984
-283.98
-172.813
-180.262
-204.731
-209.92
-304.186
-200.347
-308.755
-209.479
-633.736
136.394
186.74
-56.6915
-55.2328
-610.166
-611.586
77.893
97.3768
22.2807
4.31117
59.431
-9.71717
-13.5779
55.3751
3.75661
3.94274
13.2052
-143.559
-141.062
-613.874
-616.465
-353.586
-320.429
-408.681
-352.896
-412.566
-307.346
-375.905
273
-524.194
-314.673
-474.388
-293.456
-728.228
-725.554
-389.59
-354.442
-418.38
-274.861
-385.284
-273.931
-460.602
-232.071
-414.497
-336.731
-419.528
-427.719
21.2225
-34.9313
-31.2974
40.3612
38.4908
-33.4719
-38.6691
55.9694
-10.1412
50.6971
-14.988
283.618
-382.302
-99.6839
46.1764
5.85999
-58.1584
-156.243
-328.223
-277.115
-238.396
-121.348
-94.0887
-12.3155
-199.597
-1.80043
14.2043
-244.413
-103.853
0.845994
-216.572
-349.511
-335.99
-272.24
-261.818
-280.512
-260.727
-291.543
-225.618
-125.984
-227.215
-266.417
-408.455
-448.291
-398.774
-328.229
-110.302
-109.942
-203.953
-194.699
-243.333
-247.138
-187.525
-172.817
-215.455
-307.51
-299.996
-237.493
-254.62
-188.694
-252.631
-208.919
-682.404
-690.233
-21.9644
-20.8695
62.0305
1.76528
3.09101
2.63849
38.9842
1.05842
35.8728
30.1461
78.7977
29.6182
-253.694
-323.589
-268.726
-233.269
-823.039
30.266
-64.9159
-55.2871
21.4868
-601.374
-615.877
101.329
57.27
14.9724
-95.0752
-44.0266
-163.603
-620.477
-618.936
83.5391
-18.4019
-769.554
-708.4
-5.94268
-41.486
-32.5208
1.49985
83.9907
-27.4788
55.9115
-55.0287
34.3856
-4.56911
13.1581
-27.9308
-552.561
-576.222
-703.148
-723.921
-589.039
-701.334
-2.95841
40.3467
23.678
-176.251
-263.964
-214.35
-245.947
-265.175
-128.925
-155.75
-16.4727
-65.3497
-129.185
-77.7263
-112.801
-103.648
-658.523
-700.197
-579.56
-571.913
-762.544
-726.984
-592.989
-666.388
82.6139
-23.6679
83.8402
-19.558
4.78194
41.0318
36.5287
-0.581841
3.71014
39.9802
63.8917
87.7985
22.2298
22.8682
-158.879
-134.712
-157.876
-140.584
-156.058
95.0746
67.404
53.6631
25.8594
2.45931
-169.569
-126.892
-159.287
-125.392
-311.756
-294.811
-249.943
-250.153
-180.531
-255.632
-325.076
-263.389
-279.08
-195.641
-195.423
-238.83
-1064.68
-513.189
-449.492
-308.028
-284.617
-251.936
-195.562
-169.976
-195.262
-269.228
-216.964
-227.726
-231.542
-173.38
-206.185
-117.499
-93.6751
-115.532
-95.2745
-180.047
-115.388
-157.731
-230.425
-137.843
-201.891
-220.392
-238.542
-198.883
-122.271
-113.143
-163.999
-284.793
-292.28
-269.068
-205.599
-228.012
-231.58
-260.297
-219.22
-240.001
-292.191
-266.54
-264.815
-166.709
-192.561
-167.956
-198.129
-168.065
-162.24
-131.007
-207.904
-135.058
-314.733
-265.095
-271.637
-234.184
-202.246
-231.39
-315.481
-283.247
-282.936
-222.825
-203.899
-223.749
-133.778
-131.066
-113.529
-93.198
-115.298
-91.6762
-888.459
-153.575
-154.042
-56.7611
34.3854
-147.518
-151.021
-152.637
-125.74
-133.026
-147.025
-64.7001
18.4331
-66.094
-132.308
-138.691
-143.478
-72.2774
-139.448
-603.986
-616.099
-241.471
-178.458
-153.822
51.5609
51.948
84.9234
18.4952
22.0261
61.8998
-48.3505
1.51901
3.80438
-3.6888
89.1826
57.5123
30.488
-23.2264
-21.3883
46.4911
-7.69834
-7.02565
-27.8878
-7.92291
39.2935
1.96064
8.1103
20.1982
17.6676
24.2865
-17.5195
81.4331
35.4191
-215.682
-156.375
-160.22
-215.17
-153.462
-149.742
-89.7475
-113.705
-9.19852
-159.818
-156.227
-92.8932
-177.927
-185.612
-161.139
11.0841
-165.97
-170.505
-617.57
-614.802
-128.862
-126.696
-127.02
-108
-87.17
-86.419
-108.857
-18.1539
-95.352
-94.6432
-19.5709
-17.2273
-94.2478
-814.607
-707.764
-851.703
-256.576
-243.144
-373.479
-340.453
-365.143
-374.622
-337.299
-359.261
-385.04
-395.389
-380.299
-343.293
-327.263
-353.713
-390.927
-372.532
-341.162
-421.595
-416.838
-428.395
-355.62
-1055.33
-1006.07
-576.445
-744.897
-963.538
-547.311
-52.8123
-442.924
54.3136
-485.376
-461.475
-454.93
-435.743
-183.057
-325.508
-462.557
-475.522
-465.318
-780.765
-1252.72
-380.965
-518.161
-388.689
-424.342
-444.019
-405.09
-749.229
-709.515
-997.407
-997.33
-860.133
-972.158
-924.249
-1286.16
-1293.6
-1220.97
-864.375
-927.749
-936.152
-956.68
-901.838
-402.935
-352.13
-378.719
-376.613
-343.131
-366.45
-405.473
-398.318
-389.748
-309.287
-315.663
-344.984
-414.186
-316.86
-348.225
-368.865
-239.948
-307.373
-439.387
-434.344
-385.003
-254.255
-231.167
-275.389
-411.519
-425.004
-405.095
-402.809
-379.291
-404.238
-408.45
-417.322
-402.245
-432.781
-397.625
-404.759
-682.235
-806.492
-792.773
-783.983
-531.871
-644.261
-635.426
-443.631
-539.814
-646.973
-642.397
-440.238
-735.193
-745.213
-746.209
-731.691
-529.437
-467.598
-536.517
-450.169
24.6257
-33.5877
-1.35273
35.7503
29.4113
-40.0495
4.27437
35.8139
31.5872
-133.446
-119.147
-140.623
-110.717
-102.602
-104.27
-29.9704
83.4855
-108.668
-105.821
-129.783
-52.4175
-121.379
-42.7606
86.645
-111.203
-116.752
62.5465
51.9259
-7.56302
29.856
57.1038
41.3395
-18.6464
26.4801
44.6997
54.9591
-628.23
-644.129
-647.364
-491.881
-413.169
-493.652
-573.851
-410.631
-663.271
-662.245
-486.565
-403.344
-481.789
-407.028
-768.33
-875.997
-873.102
-773.538
-1314.28
-1308.09
-715.719
-782.923
-881.962
-869.267
-772.467
-872.212
-1324.53
-768.654
-877.83
-1333.76
-1332.11
-641.215
-620.694
-638.986
-401.542
-477.194
-400.006
-491.876
-60.922
-75.6047
-37.1416
-24.2681
28.2532
0.977627
-81.2691
3.44434
-29.513
-195.854
-180.519
-217.921
-308.006
-300.096
-273.584
-235.498
-295.858
-256.917
-203.184
-271.454
-238.153
-81.8308
-146.82
-105.379
-65.4463
-121.391
-96.1989
-53.1045
-7.75103
-73.7551
-167.756
-152.05
-124.132
-7.08819
-18.2352
-24.8669
17.1106
-14.6534
-30.0439
-17.242
-4.40643
14.1175
31.8879
-36.0122
-71.7995
-6.86803
-322.643
-192.974
-97.7506
-139.367
-275.401
-271.57
-57.5231
-130.205
-86.7744
-54.6385
-154.531
-122.261
-156.267
-191.432
-128.083
-319.513
-319.149
-330.255
-330.812
-316.61
-324.387
-292.782
-308.454
-319.172
-269.963
-295.298
-314.269
-270.439
-296.461
-293.667
-293.045
-318.605
-300.982
-233.064
-264.996
-273.547
-308.466
-301.828
-316.106
-148.594
-174.333
-175.834
-218.487
-180.509
-176.655
-142.98
-222.763
-167.076
-463.314
-544.486
-452.971
-449.263
-601.183
-483.782
-393.86
-267.228
-189.95
-275.266
-175.733
-429.73
-521.767
-509.152
-302.532
-487.582
-408.063
-362.018
-423.66
-370.811
-344.936
-108.792
-198.571
-163.02
-172.317
-264.589
-351.787
-289.543
-286.774
-354.506
-324.058
-304.569
10.6045
-83.221
-63.3226
-53.4586
-27.7464
-125.521
-69.1925
-57.2422
-41.8854
-221.097
-172.48
-124.683
-120.98
-154.795
-150.517
-152.392
-112.597
-120.361
-142.911
-110.948
-49.1025
-109.988
-85.9101
-117.336
-135.413
-112.306
-119.129
-102.845
-110.956
-122.168
-204.237
-242.548
-172.093
-169.785
-189.329
-186.349
-181.805
-92.4385
-229.064
-257.249
-249.061
-245.851
-264.026
-214.627
-214.118
-318.55
-253.918
-245.013
-276.212
-204.662
-195.2
-241.016
-182.344
-189.583
-151.898
-157.595
-210.254
-145.291
-43.1317
-132.137
-53.9173
-170.301
-207.406
-130.338
-135.932
-147.828
-123.637
-126.557
-150.214
-87.8981
-120.633
-71.4757
-217.211
-248.425
-206.973
-210.497
-225.235
-223.784
-238.316
-221.979
-235.884
-361.211
-262.826
-270.048
-236.509
-669.05
-698.724
-558.536
-681.71
-675.339
-497.198
-416.002
-494.757
-419.524
-568.136
-644.228
-663.836
-664.471
-501.741
-426.598
-507.251
-422.887
-845.298
-960.934
-949.247
-830.15
-958.033
-1356.64
-1339.77
-788.593
-891.908
-930.438
-812.477
-1431.77
-1420.63
-1430.63
-793.554
-838.944
-950.335
-921.189
-844.298
-928.964
-1260.11
-799.847
-864.024
-919.121
-915.942
-857.563
-911.618
-1381
-690.688
-667.196
-699.73
-542.243
-632.799
-637.061
-451.395
-547.826
-642.936
-445.61
-726.004
-742.297
-738.329
-527.526
-430.423
-519.27
-435.021
-131.362
-110.055
-87.5624
-109.132
-88.1999
-101.758
-100.316
-23.8355
-21.5769
83.2586
-21.3045
-98.4763
-99.5995
-19.4412
-95.7466
-19.7357
-96.4315
-20.4593
82.9432
-97.9929
-97.0951
-21.3057
5.9611
68.8029
60.1416
64.2476
1.63938
38.161
66.1221
2.72007
39.4408
67.9699
58.4253
67.1343
-831.363
-1024.4
-957.887
-821.91
-754.494
-661.262
24.8915
-549.348
-253.447
-259.759
-80.6096
-27.3183
-126.904
-26.5005
-766.671
-812.895
-166.255
-153.264
51.472
28.5304
-184.008
39.0287
-27.7746
-62.3694
-135.058
57.2575
59.3189
-50.4727
-126.07
56.7095
-326.499
-572.697
-571.996
-401.925
-313.307
-401.354
-454.856
-577.279
-611.817
-428.77
-1346.81
-1196.69
-1429.94
-1442.53
-1253.78
-1447.4
-850.106
-297.991
-304.054
-666.189
-343.325
-305.364
41.2646
49.8434
-566.103
-569.416
-299.09
-296.999
-570.257
-295.173
-556.043
-296.273
-713.958
-1485.4
-1468.89
-1490.69
-1474.88
-1494.32
-295.252
-554.136
-1321.71
-1158.94
-1344.07
-1348.8
-1181.29
-1357.12
-268.825
-1403.22
-1453.84
-1471.79
-1472.9
-1332.33
-1348.04
-1456
-1376.41
-314.982
-322.051
-61.6604
-109.828
-29.2612
-107.358
-109.373
-62.6727
-392.444
-187.114
-320.505
-170.492
-60.3133
-574.284
-300.563
-573.322
-304.083
-304.561
-304.896
-744.893
-1502.06
-1559.79
-735.435
-1577.09
-1583.68
-1411.72
-1431.14
-1562.1
-1471.37
-636.494
-305.311
-646.7
-300.984
-648.723
-626.457
-301.416
-301.39
-128.912
61.3388
59.8832
-1388.74
-1374
-1390.05
-1377.24
-1392.77
111.584
37.4292
-75.0153
-75.5384
30.4205
-65.7559
94.3335
-10.8747
-89.8656
-0.577161
-105.431
-112.48
86.0076
-801.57
-821.869
-936.963
-906.731
-819.049
-724.426
-814.712
-667.368
40.4602
-4.3037
1.36976
84.9008
-24.6705
-24.2716
66.4062
-42.5923
32.6349
15.7235
-556.9
-624.396
-574.16
-645.309
-645.316
-707.249
-721.253
-698.267
-545.642
-618.517
-233.413
-284.383
-125.129
-126.803
-307.795
-305.834
-28.2834
-84.1681
-97.7253
-222.119
-251.396
-334.219
-246.063
-386.381
-150.315
-327.859
-120.826
-569.574
-648.099
-655.789
-572.891
-644.885
-752.229
-729.149
-780.026
-808.839
-606.614
-679.548
-660.071
-728.405
84.8589
-22.2009
85.2503
39.7022
35.359
38.86
-1.40208
14.6581
-161.751
-143.707
-143.977
-160.248
-210.352
-171.982
-145.614
-229.751
-155.546
-204.251
-158.482
-187.62
-162.166
-198.643
-167.311
102
36.191
11.0838
47.3252
8.9811
59.6534
36.211
30.1271
23.6343
-8.08813
-181.495
-131.946
-186.484
-131.044
-284.536
-135.635
-257.676
-123.121
-302.306
-117.31
-131.987
-310.955
-176.516
26.294
-118.11
-98.37
-120.733
-96.0003
-169.457
-133.507
-107.585
-109.926
-166.686
-170.259
-112.471
-109.237
-174
51.5494
-27.4647
-133.997
-133.405
-132.034
-132.059
-113.324
-90.0363
-111.928
-91.2126
-164.621
-108.454
-166.958
-105.316
-165.061
-104.23
-106.024
-163.136
56.0171
57.2946
37.3884
-68.2203
-68.9499
-156.398
-141.703
-159.274
-137.668
-200.203
-166.12
-140.377
-174.369
-147.871
-198.516
-199.117
-187.372
-159.02
-198.919
-183.819
-156.738
11.3921
-73.1227
100.579
99.8536
-52.5269
-13.7335
-200.415
-141.2
-197.958
-138.654
-324.537
-111.527
-175.12
-331.853
-318.279
-141.378
-320.094
-116.92
-6.88946
-93.0248
2.03129
-93.7649
-89.4657
-127.302
-107.785
-85.4469
-107.146
-86.0009
-158.355
-102.17
-99.9065
-159.682
-158.86
-99.8135
-157.941
-100.309
87.2944
-17.2755
-709.194
-473.005
-440.427
-362.128
-385.806
-800.381
-552.41
-892.473
-856.828
-342.759
-557.324
-539.268
-749.187
-328.368
-475.251
-316.289
-542.649
-566.93
-278.853
-409.62
-1027.31
-935.813
-990.24
-360.724
-383.675
-1002.22
-548.774
-1092.11
-734.911
-767.122
-994.042
-668.494
-953.867
-796.287
-969.314
-930.455
-1024.1
-1123.62
-643.175
-958.658
-996.553
-877.052
-929.541
-979.151
-1068.44
-1069.74
-1061.34
-1075.19
-1442.29
-1276.72
-1282.48
-1454.4
-1059.14
-1056.37
-1066.15
-1050.18
-1234.61
-1046.43
-1063.74
-1070.31
-1054.64
-1153.66
-1355.7
-1043.73
-1026.37
-1013.15
-1082.59
-1272.79
-1371.51
-834.173
-871.39
-888.199
-948.623
-761.656
-660.654
-761.132
-759.972
-693.833
-774.291
-657.459
-631.924
-539.153
-447.496
-298.897
-545.082
-447.94
-295.521
-737.51
-755.163
-747.841
-657.607
-742.643
-637.25
-552.817
-487.042
-322.572
-546.407
-460.938
-307.805
2.84947
25.4022
2.44189
28.3532
34.8519
38.5478
-4.1829
31.1077
29.6453
-127.55
-100.313
-122.838
-105.393
-188.328
-153.294
-130.374
-194.754
-121.981
-182.348
-136.172
-112.51
-176.516
-116.557
89.4164
-24.5135
-28.3321
79.6033
-35.2771
-29.0956
44.0355
59.0766
30.7225
57.7735
44.9124
22.1836
48.3763
-654.262
-567.267
-651.45
-632.635
-561.618
-635.421
-571.08
-491.016
-414.065
-298.338
-573.109
-494.298
-409.988
-296.662
-657.235
-659.911
-573.425
-642.867
-639.84
-563.992
-489.094
-402.612
-294.366
-558.865
-480.079
-408.651
-296.029
-709.685
-770.713
-875.877
-770.754
-872.845
-1040.06
-1036.66
-1038.69
-1038.52
-1323.61
-1476.57
-1044.92
-1051.39
-1043.11
-1052.55
-1306.9
-1469.12
-719.717
-777.477
-874.594
-776.462
-1318.01
-1047.83
-1043.9
-1046.03
-1045.3
-1328.37
-1486.5
-1053.32
-1054.87
-1052.76
-1055.96
-1313.52
-1479.96
-766.801
-877.253
-1058.46
-1495.53
-1059.75
-1058.2
-1058.69
-1058.68
-551.696
-402.298
-295.506
-478.775
-295.069
-827.573
-562.02
-1352.4
-1359.41
-1274.82
-1285.44
-433.499
-377.57
-1417.52
-1437.61
-1482.15
-1481.45
-1330.67
-1332.86
-1435.83
-1405.51
-29.2969
-40.706
-59.8898
-29.9177
-193.877
-196.356
-137.886
-191.6
-131.896
-352.721
-361.278
-337.136
-276.614
-49.4337
-76.5513
-66.4298
-33.2572
-538.039
-337.649
-183.406
-304.795
-359.146
-589.367
-269.033
-684.29
2.56823
-43.8108
-12.7207
-117.857
-119.22
-79.9222
-56.7569
-51.2463
-117.687
-102.96
-60.8322
-150.218
-105.862
-90.7471
-204.549
-187.569
-435.069
-515.237
-461.21
-201.887
-270.362
-329.452
-305.602
-361.473
-135.912
-199.91
-200.892
-335.568
-237.563
-342.014
-665.097
-573.92
-637.51
-668.293
-564.198
-640.922
-590.853
-584.477
-574.259
-498.205
-415.574
-300.85
-573.103
-494.643
-420.327
-303.16
-642.473
-664.648
-664.939
-566.172
-640.669
-576.819
-499.614
-428.368
-304.815
-511.215
-421.881
-304.773
-747.211
-839.985
-960.266
-837.516
-1379.33
-1100.73
-1118.88
-1102.53
-1115.6
-1517.96
-1080.04
-1065.69
-1066.29
-1080.19
-1397.65
-1541.86
-733.655
-795.576
-903.336
-805.067
-918.381
-1148.14
-1142.92
-1153.68
-1420.24
-1138.7
-1596.19
-1592.17
-1150.45
-1151.76
-1155.46
-1145.08
-784.811
-844.886
-944.601
-839.728
-1263.83
-1031.11
-1043.21
-1036.39
-1040.14
-1260.27
-1408.23
-1031.21
-1041.03
-1033.11
-1037.37
-1280.76
-1413.01
-803.803
-859.884
-913.889
-857.418
-1348.09
-1088.06
-1069.35
-1090.46
-1315.04
-1065.97
-1543.2
-1403
-1505.47
-1113.65
-1136.29
-1131.55
-1119.44
-718.812
-710.71
-623.3
-692.81
-702.893
-596.87
-539.436
-452.628
-303.022
-549.961
-443.601
-302.587
-726.531
-713.376
-732.314
-657.829
-720.975
-617.48
-534.204
-427.662
-300.916
-605.572
-513.635
-439.234
-299.658
-146.578
-138.387
-129.369
-129.463
-110.436
-89.6961
-111.717
-88.7041
-161.084
-101.454
-159.382
-102.6
-161.292
-105.251
-163.325
-102.485
85.2906
-21.5928
85.6003
-19.8038
61.0054
40.9885
66.5138
67.6237
62.4182
37.4564
64.15
58.6588
38.2161
65.4603
65.184
-1381.12
-1373.96
-1386.35
-1381.85
-1393.88
-1392.84
)
;
    }
    procBoundary1to0
    {
        type            processor;
        value           nonuniform List<scalar> 
224
(
-145.698
-145.698
-145.698
-231.998
-228.197
-236.386
-225.68
-226.464
-223.902
-248.757
-474.032
-248.757
-248.757
-284.154
-505.591
-186.038
-183.826
-187.948
-184.806
-187.079
-183.933
-255.328
-597.985
-95.9286
-184.718
-230.37
-318.013
-67.6891
-652.129
-218.695
-224.562
-217.88
-179.413
-181.208
-179.767
-635.366
-410.84
-636.936
-668.813
-1084.28
-1062.43
-684.041
-171.964
-635.366
-635.366
-1084.28
-1084.28
-1062.43
-1062.43
-283.489
-256.48
-475.514
-521.003
-633.726
-646.501
-1144.12
-1144.12
-1144.12
-1076.44
-1076.44
-1076.44
-1129.85
-1129.85
-1129.85
-203.583
-197.056
-203.599
-180.609
-180.391
-182.902
-231.542
-243.199
-221.285
-221.448
-215.89
-229.977
-236.081
-300.674
-342.346
-378.229
-1074.44
-524.222
-353.05
1034.72
-818.862
-187.81
-187.566
-184.337
-183.48
-182.759
-185.934
-231.824
-194.137
-257.117
-224.984
-235.945
-226.089
-178.386
-178.513
-180.023
-684.041
-1470.17
-1093.5
-1049.2
-160.343
-430.187
-818.862
-684.041
-684.041
1034.72
-1470.17
-1470.17
-1093.5
-1093.5
-1049.2
-1049.2
-279.633
-241.611
-402.171
-277.332
-231.656
-403.528
-1080.38
-1080.38
-1080.38
-1103.93
-1103.93
-1103.93
-192.363
-188.278
-188.701
-182.024
-184.147
-181.782
-241.611
-342.346
-231.656
-231.656
-95.9286
-339.348
-223.039
-95.9286
-492.266
-228.197
-236.386
-243.199
-221.285
-226.464
-223.902
-215.89
-229.977
-183.826
-187.948
-187.566
-184.337
-187.079
-183.933
-182.759
-185.934
-318.013
-67.6891
-194.137
-257.117
-224.562
-217.88
-235.945
-226.089
-181.208
-179.767
-178.513
-180.023
-430.187
-818.862
-285.338
-851.132
-1502.15
-1159.14
2449.28
-1449.4
-1437.37
-1454.32
-1442.79
-1358.58
-1284.32
-1384.1
-1452.39
-256.48
-475.514
-402.171
-277.332
-96.8166
-1527.93
-1418.37
-1425.77
-1417.27
-1430.76
-1495.32
-1515.34
-1475.5
-1448.04
-197.056
-203.599
-188.278
-188.701
-180.391
-182.902
-184.147
-181.782
-186.322
-415.215
-492.266
-527.112
-478.539
-647.514
-453.103
-406.281
-654.649
-423.018
-505.587
-637.512
-514.728
-525.148
-642.929
-523.623
)
;
    }
    procBoundary1to3
    {
        type            processor;
        value           nonuniform List<scalar> 
23
(
-144.23
-132.483
-87.9299
-87.9299
-87.9299
14.1328
-59.2505
11.5736
63.6249
-123.118
-87.7288
-108.106
-107.678
-79.074
27.6146
-15.4851
-79.074
-0.632335
39.2774
62.3223
-118.245
-119.075
-138.935
)
;
    }
    procBoundary1to4
    {
        type            processor;
        value           nonuniform List<scalar> 
78
(
-524.734
-528.721
-528.721
-524.734
-524.734
-654.003
-521.229
-645.417
-528.671
-657.78
-657.78
-654.003
-521.229
-521.229
-645.417
-645.417
-1085.44
-1080.83
-518.148
-1082
-1102.18
-1102.18
-1102.18
-1085.44
-1085.44
-1080.83
-1080.83
-518.148
-1082
-616.023
-1082
-1082
-1077.41
-1077.7
-1123.79
-1123.79
-1123.79
-1141.54
-1141.54
-1141.54
-1077.41
-1077.41
-1077.7
-1077.7
-1079.5
-1491.86
-1477.73
-1504.97
-1519.89
-1537.37
-1538.2
-1530.9
-1458.6
-1466.96
-1452.49
-1451.26
-1457.87
-1460.69
-1455.64
-1451.93
-1463.09
-1462.4
-1461.99
-650.024
-647.18
-532.751
-514.323
-659.923
-532.751
-656.932
-530.912
-512.782
-512.348
-650.024
-509.846
-647.18
-509.423
-506.24
)
;
    }
    procBoundary1to5
    {
        type            processor;
        value           nonuniform List<scalar> 
55
(
-517.431
-516.662
-541.078
-466.614
-628.358
-530.803
-609.459
-312.854
-529.264
-1054.81
-312.854
-643.473
-530.803
-665.981
-609.459
-1054.81
-1054.81
-849.888
-529.264
-312.854
-312.854
-565.019
-547.95
-635.028
-618.494
-687.001
-524.643
-743.509
-763.633
-837.921
-743.509
-1315.03
-1448.26
-1448.26
-619.109
-568.81
-578.47
-634.892
-433.434
-433.434
-550.222
-372.312
-183.74
-1398.06
-516.662
-647.102
-541.078
-647.102
-647.102
-525.19
-1002.46
-1002.46
-1056.97
-1002.46
-937.774
)
;
    }
}


// ************************************************************************* //
