/*--------------------------------*- C++ -*----------------------------------*\
| =========                 |                                                 |
| \\      /  F ield         | OpenFOAM: The Open Source CFD Toolbox           |
|  \\    /   O peration     | Version:  2012                                  |
|   \\  /    A nd           | Website:  www.openfoam.com                      |
|    \\/     M anipulation  |                                                 |
\*---------------------------------------------------------------------------*/
FoamFile
{
    version     2.0;
    format      ascii;
    class       volScalarField;
    location    "0.106/solid";
    object      sigmaMid;
}
// * * * * * * * * * * * * * * * * * * * * * * * * * * * * * * * * * * * * * //

dimensions      [1 -1 -2 0 0 0 0];


internalField   nonuniform List<scalar> 
3124
(
-157.775
18.9871
-173.525
-512.859
-176.796
19.3289
-173.289
-514.53
-183.145
-110.167
-220.018
-455.744
-197.201
-138.738
-96.0826
-197.941
-254.634
-159.552
-165.518
-489.357
-150.894
-150.283
-138.109
-834.257
-144.29
-207.828
-263.091
-556.392
-143.027
-246.069
-30.1682
-166.684
-29.0557
-544.263
-468.583
-623.992
-511.621
-570.46
-615.532
-467.79
-180.754
-145.881
24.5982
57.4075
-23.6017
-199.757
-39.4825
-107.473
-559.576
-513.17
-467.564
-630.875
-561.714
-635.845
-467.478
-181.084
-145.967
-133.69
15.9969
-85.67
-322.504
-167.988
-213.318
-186.778
-294.694
-585.479
-167.813
-752.07
-396.332
-610.664
-443.65
-623.328
-627.221
-434.542
-974.376
-949.072
-332.966
-276.223
-274.023
-283.162
-306.612
-27.3771
-24.5553
-158.069
10.9131
-20.0896
7.39124
-18.0839
-297.924
-301.014
-1030.14
-1035.65
-546.205
-510.826
-616.143
-466.046
-1039.75
-302.874
-188.927
-375.262
1.43742
-275.983
-75.1551
45.6865
-65.8376
-294.206
-129.923
-120.966
-249.752
-236.949
-133.706
-36.4093
-98.8987
-213.38
-114.715
-131.357
-563.342
-504.638
-613.976
-459.416
-638.951
-629.639
-467.85
-292.775
-287.938
-1044.88
-1077.52
-973.685
-1055.38
-292.336
-283.859
-165.559
-147.064
-134.438
12.0077
15.5765
13.9147
8.96198
13.3522
-631.288
82.5366
23.1704
-132.64
-174.998
-134.281
-171.3
85.3188
34.3436
30.1157
47.821
-174.604
-132.975
-141.173
-186.867
-390.782
-100.745
-216.515
-123.817
-285.399
-186.296
-89.2166
-564.434
-31.31
-140.275
-256.06
-1019.03
-279.054
-271.09
-353.543
-160.522
-252.257
-207.395
-238.626
-187.239
-286.63
-140.909
-92.9406
-96.8543
-3.12342
-143.943
-999.116
-132.877
-66.4987
-184.844
-113.287
-264.521
-125.287
-49.2199
-287.196
-175.806
-239.162
-200.933
-232.04
-271.66
-228.562
-145.469
-165.815
-159.877
-127.102
-186.766
-177.359
-125.682
-263.147
-181.344
-170.141
-136.946
-290.385
-188.402
-144.517
-151.718
-149.34
-136.857
-92.1741
-90.291
-454.469
-692.074
-404.373
-596.616
-396.743
-414.113
-497.396
-313.284
-120.039
-154.881
-161.655
-255.436
-241.735
-194.412
146.877
-107.747
-22.5293
-106.406
-175.621
-121.384
-132.907
-26.0961
-94.1443
-105.202
-542.55
-564.611
-664.657
-618.245
-624.248
-668.231
-536.711
-546.344
-562.932
-631.998
-672.411
-546.813
-631.909
-670.758
-173.822
67.8797
29.9245
37.4037
66.752
31.2487
46.1378
104.185
73.5394
-12.694
33.3558
2.92446
48.2469
65.6576
-21.9252
12.1289
7.75102
15.5101
18.6375
30.3307
-181.517
-161.196
-147.766
-108.386
-80.0563
-112.838
-135.807
-85.7431
-118.397
-534.712
-538.172
-688.921
-621.595
-544.492
-615.325
-681.332
-537.378
-549.279
-628.205
-674.354
-542.683
-618.779
-676.894
-189.338
-144.906
-132.465
-87.5153
-58.5559
-599.131
-224.312
40.2346
-90.9538
-145.501
-44.7839
-393.396
-120.128
-57.4781
-370.093
-281.882
-352.442
-342.525
-408.397
-298.995
-275.439
-2.68809
6.82689
-132.122
-271.131
-118.542
-400.457
-175.937
-299.138
-206.723
-768.385
-922.115
-586.779
-177.9
-45.2839
-523.269
-156.783
-483.621
1210.47
-196.153
-472.548
-287.775
-298.134
-362.561
-461.88
-287.736
-335.753
-804.647
-1233.03
-674.681
-375.963
60.7311
-132.852
-313.791
-487.114
-404.186
-223.378
-574.998
-741.189
-639.603
-677.218
-586.918
-723.178
-653.062
-577.947
-647.67
-706.995
-661.466
-712.853
-657.239
-575.386
-870.12
-830.124
-978.095
-853.916
-866.157
-868.527
-932.135
-868.178
-790.099
-813.234
-392.243
-308.097
-350.903
-369.427
-417.759
-268.619
-352.791
-385.471
-240.496
-273.494
-360.081
-449.038
-211.057
-331.94
-413.773
42.0593
-359.12
-371.181
-416.727
-412.817
-381.096
-621.81
-593.056
-526.164
-288.377
-538.584
-593.645
-589.627
-590.303
-274.98
-505.052
30.2891
-20.173
43.5176
-21.2884
43.7426
42.1286
-143.507
-115.52
-99.8136
-63.4638
4.88216
-67.274
-87.9464
1.21827
-70.2882
61.2617
0.25657
56.3097
46.0043
-3.54689
54.8813
-569.263
-571.75
-525.359
-297.925
-525.551
-574.283
-574.098
-524.059
-300.911
-523.874
-733.524
-734.751
-842.745
-1025.36
-838.59
-739.695
-737.609
-838.753
-1028.94
-837.355
-660.685
-610.056
-531.663
-732.158
-839.02
-566.788
-521.86
-25.4014
1170.85
-310.667
-371.551
-97.8534
-29.6547
-3.09774
19.6813
13.2416
-59.732
-25.9151
-146.514
-237.527
-330.006
-214.016
-274.993
-232.475
-170.656
-114.782
-86.5755
-33.9802
-142.234
-8.10333
-197.439
-98.6663
8.71016
6.77566
12.0141
-87.1485
-233.699
-93.9247
-23.676
-105.135
-13.8507
-212.786
-315.806
-279.687
-333.515
-244.954
-260.49
-256.271
-247.756
-267.615
-194.763
-307.126
-167.53
-237.494
-284.339
-214.017
-228.483
-117.844
-179.827
-157.85
-222.155
-220.5
-203.365
-295.423
-265.684
-175.999
-391.354
-187.661
-299.751
-158.547
-161.965
-266.696
-172.547
-6.76279
-84.6256
-42.9678
-92.9886
-83.3533
-79.8223
-176.812
-185.561
-191.653
-161.518
-214.438
-206.05
-142.915
-158.335
-95.5492
-146.48
-102.531
-177.962
-149.644
-57.7659
-255.533
-113.459
-272.138
-159.687
-383.254
-117.495
-288.607
-302.254
-131.434
-220.5
-103.77
-166.006
-113.326
-231.398
-94.0585
-184.416
-98.7229
-575.254
-618.803
-699.07
-643.839
-558.163
-706.471
-660.272
-580.439
-624.963
-707.137
-670.331
-582.819
-707.376
-671.623
-573.889
-571.289
-525.632
-292.426
-525.124
-573.345
-571.493
-526.373
-285.679
-527.176
-778.057
-768.201
-849.568
-1065.58
-867.935
-744.698
-761.416
-880.124
-1079.74
-873.659
-779.824
-786.238
-855.768
-986.313
-859.344
-788.758
-788.805
-875.022
-1019.42
-866.058
-581.808
-588.828
-535.097
-288.012
-534.203
-594.878
-595.761
-530.999
-291.476
-531.545
-155.217
-148.223
-136.052
-88.0517
-89.6797
-62.7636
13.7748
-61.0075
-59.028
14.2001
-60.4845
66.7586
62.4576
11.2944
64.3981
11.8953
66.1293
64.8513
10.5388
22.4814
23.1247
40.9767
11.1562
23.5978
41.4669
41.6995
21.6815
25.8308
53.6752
35.1937
28.9333
39.9704
-213.129
-195.844
-307.758
-247.515
-250.285
-191.269
-198.893
-714.911
-827.537
-806.758
-795.552
-732.742
-720.604
-726.436
-312.057
-255.649
-139.326
-193.192
-446.813
-310.167
-215.63
-24.7755
-26.3259
-19.6395
-27.9897
-16.7863
-19.1764
-572.647
-554.498
-637.567
-620.818
-622.064
-635.185
-567.657
-588.088
-565.939
-632.773
-646.024
-586.575
-636.095
-650.664
-232.998
-389.971
78.2938
77.9867
35.8735
49.2717
69.6258
-33.4495
-53.4339
-42.965
-83.0631
-101.999
-69.6624
-568.816
-538.491
-650.002
-630.695
-578.947
-628.098
-654.715
-579.302
-562.547
-634.123
-649.59
-583.866
-628.58
-645.235
28.742
16.6072
29.7458
-808.401
-791.565
-979.258
-917.101
-700.25
-752.808
-678.154
-754.581
-724.623
-781.056
-746.981
-638.914
-632.691
-700.899
-686.864
-693.387
-680.084
-642.743
-914.152
-834.533
-763.456
-761.783
-720.651
-675.757
-609.361
-614.922
2.60307
-24.2992
5.21095
-22.9227
6.94829
5.75388
26.0997
9.87735
26.4535
-4.80805
-12.8526
6.07574
35.8443
5.50443
33.9352
13.4697
-14.5303
17.2915
-526.586
-533.388
-547.982
-547.429
-679.918
-685.283
-694.584
-691.177
-560.715
-629.419
-537.826
-615.468
-563.466
-632.528
-615.773
-680.332
-676.397
-524.533
-519.674
10.2752
60.6008
33.7896
29.1682
44.0928
-121.821
-189.791
-230.029
-243.782
-218.484
-175.877
-226.363
-229.541
-189.837
-125.591
-73.6865
-86.8467
-6.76497
-49.9094
-18.0975
-107.303
-71.5791
-75.3942
-55.3243
-88.8839
-42.8149
-609.18
-591.373
-670.529
-645.128
-592.555
-667.328
-651.766
-648.759
-630.887
-694.23
-681.965
-646.544
-701.73
-687.169
-530.157
-515.572
-540.101
-539.766
-718.819
-704.444
-695.459
-696.204
-718.409
-737.303
-757.713
-754.116
-542.405
-561.98
-616.094
-611.576
26.3457
12.8145
27.1335
28.4646
15.3282
28.6503
14.0658
41.8489
41.5327
37.3364
9.5573
37.3915
12.6569
41.2329
40.2349
36.2529
69.5052
98.1146
39.7403
46.609
21.027
10.0224
23.7701
-150.423
-155.264
-127.781
-133.511
-150.568
-132.854
-153.441
-152.76
-136.94
-134.335
-152.111
-136.526
-152.224
-152.601
-150.354
-138.901
-134.655
-148.708
78.3492
128.391
106.684
29.7262
25.1057
41.3892
31.8078
21.7403
27.7026
76.0991
45.6566
62.409
48.8316
42.2982
66.6643
54.3719
38.2917
57.6422
120.959
47.0675
-161.806
-159.082
-124.485
-134.662
-155.013
-124.089
-163.845
-170.84
-128.493
-174.122
-138.37
-172.626
-128.397
-170.068
-157.561
-164.524
-173.489
-176.189
-205.961
-280.298
-213.313
-226.638
-164.947
-219.03
-216.979
-160.245
-85.4293
-224.721
-121.087
-155.219
-227.446
-82.604
-233.077
-324.585
-225.358
-247.561
-222.329
-245.029
-263.57
-156.314
-135.222
-55.7883
-125.909
-128.959
-209.061
-81.5979
-375.945
-990.158
-452.239
-404.079
-501.304
-340.442
-357.253
-269.366
-309.948
-278.263
-299.887
-241.318
-283.87
-281.172
-202.81
-209.898
-181.337
-154.757
-215.022
-202.705
-185.501
-246.06
-272.537
-200.459
-259.018
-257.153
-217.492
-254.233
-216.143
-226.708
-157.665
-217.285
-211.374
-196.855
-224.226
-114.85
-114.099
-93.318
-93.7748
-113.613
-94.3408
-115.005
-115.747
-96.9627
-118.335
-95.0542
-117.732
-95.1393
-116.426
-149.26
-180.835
-128.865
-107.873
-132.612
-147.495
-153.616
-130.877
-77.7059
-210.818
-95.2974
-141.075
-182.227
-72.2978
-190.545
-217.31
-207.984
-230.443
-205.5
-189.16
-189.275
-102.866
-108.415
-48.3343
-75.0428
-89.596
-150.161
-56.4155
-249.328
-267.214
-272.947
-259.65
-247.33
-248.573
-257.853
-224.514
-211.839
-190.458
-201.44
-212.272
-218.864
-211.297
-254.921
-242.308
-202.319
-245.537
-245.869
-217.866
-258.771
-225.121
-275.809
-240.124
-241.828
-229.029
-244.789
-240.934
-173.806
-178.509
-154.41
-173.064
-172.628
-172.05
-149.516
-168.06
-180.266
-154.866
-174.074
-171.497
-150.534
-177.933
-153.366
-118.348
-181.598
-140.112
-150.365
-127.221
-137.22
-197.708
-289.909
-228.274
-199.45
-239.856
-215.622
-188.333
-195.18
-187.17
-207.943
-183.424
-196.414
-190.155
-204.482
-213.913
-295.791
-254.735
-234.028
-211.282
-251.172
-235.062
-183.361
-198.661
-188.814
-168.048
-177.125
-201.056
-177.937
-128.332
-128.613
-129.331
-127.649
-128.881
-127.194
-126.531
-127.535
-112.04
-113.255
-92.8
-91.5504
-113.152
-91.7645
-112.65
-111.653
-90.3717
-111.362
-90.8774
-110.697
-91.2735
-111.939
-551.076
-873.882
-471.892
-645.581
-301.239
-730.997
-814.949
-246.646
-248.255
-308.974
-423.677
-233.92
-227.475
-203.493
123.619
-67.5392
-53.6147
-128.587
-107.494
-129.994
-66.9322
-49.9373
-22.7091
-16.6936
-16.734
-60.9223
-127.124
-107.131
-47.5308
-128.963
-61.6882
-47.6117
-146.551
-141.229
-122.38
-126.488
-128.114
-141.936
-145.658
-149.776
-135.652
-150.883
-130.379
-151.585
-132.526
-148.918
-28.5329
-21.292
-21.5372
-56.6543
-40.6241
-113.829
-99.1206
-117.63
-59.151
-45.3843
-63.7967
-124.76
-49.6615
-102.723
-64.3398
-121.115
-48.4396
-577.152
-554.334
-628.128
-640.488
-581.407
-627.332
-643.686
-587.766
-570.331
-633.189
-648.03
-585.257
-633.214
-645.062
-80.0656
-224.194
-158.086
-130.309
49.6852
58.1893
23.3012
55.7185
35.2953
93.003
34.658
43.8301
75.5424
22.0946
12.9351
41.9951
59.9835
12.3377
53.8421
14.0379
19.5754
66.3583
68.9068
2.58103
47.8194
107.274
33.5223
81.4155
59.4917
45.7468
-15.7626
-15.478
35.2738
78.3583
3.71021
45.293
10.2915
-14.4759
25.785
2.00705
33.7872
42.149
74.5069
57.049
44.4206
44.8807
44.106
48.1314
53.0884
27.0993
51.535
20.2837
43.1816
28.1778
38.4816
36.1522
5.11637
36.5719
20.9676
8.63002
32.6949
12.6416
-5.78053
8.55957
0.576542
73.3122
22.3293
33.4774
28.2787
-8.24525
-196.567
-185.151
-139.142
-161.708
-153.113
-177.336
-192.826
-175.093
-136.623
-181.276
-149.024
-182.458
-131.482
-181.873
-75.1876
-58.8403
-128.734
-109.112
-127.61
-77.4231
-61.8611
-67.9865
-51.3943
-48.8775
-76.055
-133.642
-111.406
-61.6533
-131.685
-73.7233
-63.1577
-89.2035
-88.4328
-144.901
-135.934
-157.722
-95.8256
-82.9751
-93.1858
-53.2786
-56.278
-75.837
-139.148
-121.355
-64.2569
-141.186
-71.4517
-65.1661
-563.8
-541.425
-622.731
-645.63
-564.322
-619.265
-643.223
-573.905
-549.777
-620.792
-642.9
-567.457
-629.225
-647.017
-156.819
-166.925
-177.29
-173.978
-124.787
-123.11
-122.523
-122.973
-107.157
-108.292
-87.8241
-87.0328
-87.1535
-107.839
-107.846
-106.821
-86.2334
-106.923
-86.5361
-106.315
-86.6887
-107.353
-13.2406
0.285795
-78.5556
-58.0168
-77.7752
-14.823
1.15139
17.2154
30.3909
-12.2955
-57.5158
-77.2513
1.74893
-309.873
-856.619
-839.106
-731.431
-497.841
-817.603
-646.448
-629.633
-848.692
-868.075
-579.822
-661.059
-372.704
-764.723
-234.963
-888.164
-272.358
-134.79
-340.596
57.5696
-283.403
-343.114
-321.38
-120.366
32.7777
-98.809
-193.722
-182.317
-100.477
-97.5865
-288.408
-355.45
-313.601
-279.817
-283.521
-364.856
-273.004
-324.621
-309.741
-377.947
-334.737
-358.476
-320.058
-315.672
-342.385
-364.214
-399.933
-337.461
-382.109
-336.312
-336.657
-291.004
-339.797
-279.995
-326.748
-300.165
-356.934
-279.664
-317.579
24.9532
-329.096
-287.654
46.2592
-377.997
-219.858
-308.129
-282.51
-151.291
30.9352
-291.786
38.3135
-280.281
-283.365
-350.705
-458.583
-253.321
-236.376
-104.778
-269.956
-329.906
-376.868
-338.969
-307.084
-52.7909
-293.698
-277.044
-576.181
800.091
-547.996
-163.861
-329.88
-159.567
-412.102
-133.254
-233.4
-769.244
-512.91
-534.687
-173.67
-209.456
169.605
-239.871
-1005.2
-769.326
-944.489
-846.099
-894.756
-57.8006
-957.088
-193.624
-792.905
-371.264
-1047.07
-907.579
-445.998
245.373
503.7
-331.523
-448.661
455.962
-373.776
-363.354
-221.186
-209.964
-320.57
-342.831
-574.008
-295.917
-310.681
931.031
-707.326
-496.708
-746.813
-232.96
-211.569
-342.763
-446.94
-429.888
-368.186
-330.847
-434.605
-364.59
-298.175
-254.596
-401.639
-204.865
-320.364
-283.514
-262.625
-342.42
-437.137
-449.821
-377.584
-435.59
-376.745
-334.132
-671.979
-1526.31
-1139.76
-203.598
-982.072
1264.81
1991.51
-1493.97
-346.05
157.441
-475.182
-275.267
-1.72322
-374.82
-306.244
-331.513
-321.41
-121.079
-3.24742
-298.38
133.916
-330.441
-316.488
-54.6692
-304.239
-238.977
-231.722
104.607
-308.427
-289.25
-393.459
-409.427
-345.843
-330.203
-324.463
-329.653
-667.353
-675.241
-731.775
-706.901
-656.928
-709.759
-706.838
-640.877
-624.513
-695.555
-685.326
-645.092
-709.761
-688.965
-902.327
-932.378
-872.769
-914.464
-921.777
-794.139
-820.405
-895.867
-832.738
-858.926
-852.656
-903.216
-1182.25
-1289.69
-1290.31
-1174.12
-1187.87
-1268.91
-1169.73
-1306.43
-1113.3
-959.896
-1042.52
-1283.81
-1129.91
-1305.71
-1163.59
-1151.23
-791.238
-772.635
-815.375
-791.703
-849.496
-816.366
-855.709
-876.217
-834.924
-804.045
-831.37
-867.743
-340.029
-408.505
-353.073
-346.572
-330.383
-383.451
-356.53
-328.179
-316.484
-378.564
-337.366
-330.687
-368.372
-312.966
-354.653
-410.469
-399.821
-364.913
-354.474
-392.124
-365.963
-308.356
-312.746
-298.503
-313.329
-298.619
-351.548
-298.906
-324.106
-412.834
-307.956
-329.802
-308.662
-341.606
-347.136
-285.418
-263.309
-359.325
-234.149
-295.834
-304.333
-250.848
-341.718
-432.651
-417.917
-376.227
-346.098
-374.23
-366.364
-263.555
-248.828
-230.11
-212.176
-245.198
-273.325
-243.067
-383.167
-414.513
-422.128
-368.337
-402.903
-373.778
-375.575
-322.939
-325.013
-339.647
-336.385
-285.425
-277.46
-401.535
-359.066
-415.405
-399.949
-354.805
-342.176
-400.06
-364.808
-377.556
-427.977
-378.817
-367.673
-363.546
-398.374
-376.284
-630.352
-652.681
-777.668
-710.516
-746.342
-598.938
-789.898
-705.067
-738.408
-745.412
-721.538
-661.219
-575.007
-663.673
-726.567
-718.901
-435.495
-600.41
-592.766
-443.518
-350.85
-153.594
-357.03
-152.155
-437.183
-611.074
-604.249
-447.572
-346.966
-154.355
-354.176
-147.751
-614.794
-605.369
-702.747
-643.291
-584.688
-705.86
-637.613
-705.089
-698.121
-701.634
-709.999
-650.013
-585.892
-646.97
-705.927
-706.264
-419.656
-622.196
-596.508
-445.128
-373.97
-166.531
-356.278
-163.446
-462.366
-606.933
-445.863
-582.729
-352.716
-155.162
-359.903
-150.904
28.24
33.655
30.2689
-20.7835
7.25401
8.19532
41.2569
32.9
32.928
-23.9485
7.03687
4.0365
34.4427
39.3735
31.1647
32.6424
41.3779
30.4438
-129.9
-135.979
-116.153
-109.43
-136.341
-108.663
-130.512
-124.302
-98.9655
-121.373
-103.944
-120.103
-103.307
-125.369
-18.4172
-2.89584
-84.2745
-64.18
-85.2909
-18.3557
-2.71363
8.23229
24.1126
26.2621
-17.5725
-88.6659
-65.374
-5.16637
-86.3326
-21.5484
-3.30001
-35.1092
-31.4142
-109.225
-80.9874
-44.5288
-100.967
-21.2209
-5.10236
21.5295
15.2663
-27.7423
-90.4464
-74.9295
-7.86023
-95.8222
-21.1924
-13.5188
59.6558
58.0973
57.106
3.2836
30.3139
32.1349
57.2036
54.4349
55.6258
39.5385
48.833
43.1732
-8.55413
27.0549
22.5759
50.5914
51.8635
47.0199
-541.856
-536.852
-625.663
-581.077
-565.424
-639.442
-580.581
-642.387
-621.784
-629.426
-646.898
-587.522
-567.293
-584.135
-631.084
-645.245
-433.985
-564.391
-564.965
-432.555
-364.51
-169.332
-366.029
-163.935
-432.503
-564.31
-564.978
-433.748
-366.074
-165.391
-365.683
-168.718
-544.919
-548.67
-638.354
-591.063
-570.048
-650.526
-591.298
-651.598
-636.59
-637.192
-648.944
-591.187
-569.955
-589.94
-634.564
-650.985
-430.428
-563.761
-561.258
-433.886
-365.562
-167.175
-365.136
-171.091
-430.996
-555.06
-557.242
-428.34
-365.359
-171.055
-367.085
-165.847
-690.748
-685.142
-756.198
-733.531
-819.564
-754.504
-820.855
-818.774
-756.509
-735.782
-759.001
-816.454
-1257.56
-1404.29
-1266.61
-1394.87
-1253.4
-1392.61
-1254.36
-1391.46
-689.901
-692.73
-762.606
-738.884
-820.801
-761.781
-814.198
-812.584
-760.543
-735.98
-757.91
-815.961
-1278.2
-1418.66
-1284.42
-1412.89
-1270.25
-1398.05
-1262.83
-1405.78
-752.49
-822.728
-731.958
-753.598
-821.865
-1292.28
-1423.48
-1289.02
-1425.61
-617.976
-576.879
-637.21
-562.841
-619.243
-574.457
-636.152
-366.034
-173.552
-366.428
-169.408
-428.176
-554.479
-429.683
-552.726
-366.985
-174.776
-729.622
-548.765
-178.472
-1554.49
-101.702
1285.77
-1406.31
-1254.48
-1250.57
-1229.44
-1264.11
-919.918
-1239.28
-1266.71
-1113.03
-320.129
638.528
-265.124
-169.674
-286.263
-1374.03
-1387.89
-1420.19
-1402.3
-1421.87
-1429.92
-1430.78
-1436.68
-1246.78
-1248.67
-1277.11
-1259.49
-1398.93
-1377.18
-1311.01
-1341.76
-60.1843
-52.8487
-80.3491
-72.7388
-81.0915
-62.7776
-30.7809
-8.7704
-24.8302
-7.87173
33.5879
5.07201
-17.9963
0.408879
-32.6398
-72.2245
-30.588
-12.5917
-55.3639
-30.6498
-25.5235
-187.104
-192.729
-174.611
-167.691
-185.4
-219.592
-169.69
-266.82
-276.535
-308.131
-298.264
-278.953
-269.361
-270.805
-233.524
-228.052
-252.512
-299.125
-234.397
-249.544
-254.777
-218.958
-194.279
-273.559
-215.092
-237.487
-203.04
-226.36
-102.7
-71.0555
-143.326
-111.263
-96.7789
-94.5774
-116.852
-85.8167
-88.492
-56.0763
-118.142
-69.0205
-88.5109
-103.116
-55.1387
-46.0085
-23.2459
-27.8281
-44.2289
-68.7296
-41.8463
-135.421
-161.912
-145.478
-161.845
-113.727
-148.665
-152.52
4.68685
-28.1448
-15.1883
25.5622
-3.88847
16.5333
-16.9704
13.7469
21.3425
5.79678
8.76851
25.2584
-2.08178
31.9588
-7.9058
31.5387
-21.8625
7.93407
16.798
-50.5705
7.78869
9.03039
-17.2684
-306.771
-336.154
-162.936
-72.3779
-158.081
-57.6426
-140.318
-187.074
-97.6008
-256.811
-188.232
-279.196
-197.517
-265.698
-181.535
-225.039
-72.9903
-53.9083
-120.771
-83.742
-41.075
-114.254
-91.7465
-80.9094
-62.2591
-145.801
-60.4288
-118.136
-100.164
-128.447
-155.371
-187.06
-155.352
-129.405
-141.207
-138.089
-53.6128
-6.21507
-26.2254
-29.7107
-62.1802
-34.5222
-258.85
-298.477
-308.299
-265.351
-264.963
-316.662
-253.374
-296.179
-283.046
-322.47
-310.738
-288.678
-284.481
-310.395
-285.344
-270.906
-277.699
-299.776
-287.201
-274.592
-301.842
-261.241
-271.143
-296.206
-234.012
-243.56
-307.034
-252.845
-276.082
-258.1
-282.916
-255.301
-259.57
-283.086
-260.832
-250.916
-283.346
-299.827
-300.926
-267.43
-290.087
-255.147
-239.089
-221.829
-257.356
-205.844
-215.284
-262.757
-232.114
-269.571
-296.22
-253.268
-293.39
-249.292
-303.682
-264.885
-158.38
-127.14
-145.187
-162.648
-135.788
-140.621
-167.817
-196.35
-218.864
-170.81
-183.097
-181.447
-177.085
-201.078
-193.536
-161.971
-199.501
-181.696
-173.703
-171.521
-215.418
-119.233
-472.506
-319.563
-307.62
-353.258
-514.013
-98.2927
-132.321
-212.403
-169.705
-185.843
-242.369
-66.7599
-224.502
-90.1421
-319.48
-352.719
-150.967
-360.496
-254.083
-591.359
-215.398
-256.156
-206.609
-177.778
-276.946
-145.814
-212.654
-98.1494
-423.995
-279.624
-293.305
-365.249
-107.52
-262.658
-15.6595
-132.161
-179.896
-173.273
-142.984
-81.0637
-146.367
-94.4888
-101.542
-224.448
-167.003
-230.377
-95.2686
-117.728
-149.374
-282.573
-237.509
-214.022
-295.281
-241.496
-239.052
-105.653
-240.558
-164.302
-167.475
-139.26
-236.722
-140.582
14.8014
-9.8848
5.08283
-67.4986
-49.9786
-33.9114
-31.7919
-26.3137
-10.5523
-102.042
-60.4266
-69.5499
-59.5362
-90.8702
-58.9779
-42.4023
-89.4223
-53.078
-199.197
-194.044
-178.824
-162.238
-187.347
-186.23
-131.612
-91.2688
-115.96
-132.338
-149.265
-123.881
-97.6316
-118.472
-74.8463
-49.5488
-109.727
-91.1373
-110.579
-77.3088
-64.6651
-82.3967
-113.772
-123.291
-97.6751
-115.662
-83.654
-95.385
-86.0079
-131.134
-95.2697
-79.8602
-115.743
-110.053
-77.4077
-164.294
-198.894
-131.902
-170.614
-149.608
-183.849
-143.839
-88.5013
-87.989
-211.918
-140.198
-87.7829
-202.242
-79.7176
-75.3372
-49.8589
-39.3885
-184.249
-220.308
-204.67
-209.483
-210.015
-174.351
-198.512
-94.6541
-156.374
-123.47
-75.2975
-176.506
-115.287
-73.9325
-220.34
-295.302
-231.291
-207.898
-230.968
-219.809
-200.817
-241.13
-369.584
-276.149
-501.961
-251.307
-401.358
-230.803
-165.97
-197.546
-172.553
-182.403
-167.346
-143.052
-180.616
-117.794
-50.1585
-121.135
-113.419
-133.433
-98.4951
-61.026
-150.196
-178.681
-147.594
-120.992
-161.485
-126.866
-116.867
-131.67
-145.444
-115.844
-96.1102
-135.951
-130.593
-76.9798
-204.611
-221.318
-202.871
-191.547
-216.126
-181.338
-209.696
-233.883
-211.64
-346.19
-226.463
-309.356
-253.296
-201.241
-622.888
-598.869
-684.745
-670.629
-634.783
-686.211
-665.803
-647.82
-635.127
-696.302
-680.698
-643.387
-693.768
-681.162
-505.266
-514.005
-623.517
-589.087
-568.787
-652.609
-584.353
-647.715
-630.852
-617.909
-641.399
-583.889
-566.831
-578.132
-614.73
-642.734
-433.29
-557.234
-558.812
-435.901
-365.036
-164.53
-363.701
-168.205
-433.905
-561.827
-432.27
-560.022
-363.186
-169.7
-365.343
-164.26
-526.721
-526.662
-631.908
-591.456
-569.295
-649.248
-585.315
-633.685
-648.02
-626.888
-642.493
-580.568
-566.96
-585.136
-623.379
-646.248
-438.527
-554.666
-556.233
-434.74
-362.528
-166.773
-362.507
-163.005
-436.982
-567.611
-562.103
-440.812
-363.576
-165.005
-362.648
-167.958
-703.82
-703.152
-795.098
-777.271
-881.863
-797.545
-879.497
-873.871
-786.93
-773.811
-790.857
-879.991
-1298.84
-1415.68
-1280.44
-1434.16
-1319.5
-1475.65
-1450.11
-1340.13
-696.424
-698.106
-767.168
-748.873
-827.679
-771.837
-836.722
-855.67
-782.767
-754.061
-774.857
-848.294
-1368.69
-1479.41
-1486.1
-1354.91
-1367.94
-1484.6
-1496.61
-1362.72
-746.652
-736.899
-805.887
-780.689
-869.135
-800.84
-868.747
-850.948
-805.31
-782.288
-808.544
-853.918
-1163.55
-1280.23
-1160.63
-1280.19
-1168.35
-1314.77
-1291.25
-1191.79
-750.555
-751.419
-809.51
-844.532
-788.843
-808.716
-842.103
-848.66
-807.674
-790.214
-806.753
-841.484
-1304.22
-1454.31
-1428.66
-1336.18
-1270.45
-1350.87
-1390.69
-1226.51
-591.87
-576.922
-654.356
-602.003
-577.492
-661.142
-605.722
-640.348
-670.171
-667.306
-686.73
-624.655
-583.636
-617.806
-677.506
-680.051
-454.885
-602.724
-605.713
-448.445
-363.2
-160.738
-363.611
-157.798
-453.586
-611.905
-455.666
-609.617
-365.152
-158.698
-361.743
-161.054
-602
-612.091
-696.5
-639.973
-704.008
-591.531
-697.488
-641.066
-703.093
-694.059
-694.255
-635.682
-590.479
-635.264
-685.854
-698.939
-441.742
-598.172
-589.936
-450.521
-360.128
-160.32
-359.966
-162.519
-443.574
-571.339
-437.545
-579.514
-360.024
-162.687
-363.928
-157.326
-146.874
-138.598
-129.619
-132.456
-124.715
-125.246
-127.128
-125.088
-108.905
-108.88
-88.2443
-88.5574
-108.236
-88.7478
-109.426
-109.451
-90.052
-110.667
-89.1431
-110.343
-89.2743
-110.101
-16.5645
-2.49328
-83.5485
-62.1211
-82.427
-18.1571
-1.80154
13.6394
27.2947
27.5951
-15.8011
-81.1074
-61.4943
-1.37952
-81.7771
-16.4243
-1.2989
-14.3873
-0.0359429
-78.9207
-59.4381
-14.8749
-79.3015
0.0203405
14.8801
27.5095
28.3562
-14.6845
-80.72
-59.9469
-1.06533
-79.8608
-16.2306
-0.339296
14.6544
42.2043
65.2024
65.5676
64.2734
66.2188
64.9167
60.9509
61.7511
60.4444
10.6297
39.4917
38.5361
62.7456
62.995
61.5021
12.1498
40.1494
39.8381
64.6134
63.9335
62.9527
63.581
63.9465
62.7009
-1363.63
-1356.2
-1353.26
-1353.2
-1374.55
-1370.45
-1358.6
-1363.7
-1379.07
-1380.76
-1381.43
-184.101
-165.807
-173.56
-161.562
-195.479
-161.548
-163.614
-223.913
-173.477
-169.802
-163.341
-210.907
-163.62
-174.059
-146.416
-139.023
-125.342
-125.429
-125.984
-145.16
-126.292
-143.732
-137.825
-124.295
-124.577
-144.808
-123.58
-124.012
-405.472
-612.289
-237.046
-435.116
-505.612
-414.49
-439.749
-176.609
-170.316
-152.825
-151.67
-157.237
-174.041
-155.935
-516.423
-535.721
-645.784
-618.714
-518.88
-535.675
-643.634
-515.548
-642.057
-615.666
-531.837
-532.958
-642.797
-510.815
-513.545
-252.815
-200.121
-109.211
-208.997
-221.272
-246.886
-200.419
-517.518
-533.719
-650.925
-636.392
-515.897
-530.025
-658.757
-515.985
-672.655
-519.756
-638.188
-523.584
-523.872
-666.861
-138.518
-133.34
-118.809
-119.572
-118.293
-139.27
-119.139
-515.756
-517.178
-515.555
-515.856
-524.872
-475.667
-612.636
-672.854
-680.948
-446.026
-529.137
-516.118
-692.329
-424.474
-613.183
-506.763
-691.633
-434.338
-162.892
-153.019
-145.132
-146.439
-168.994
-139.917
-141.16
-640.451
-529.939
-509.714
-207.073
-116.506
-215.316
-122.42
-228.394
-216.234
-128.037
-119.619
-228.782
-290.556
-248.13
-285.694
-359.587
-260.78
-185.96
-95.1677
-253.797
-133.689
-208.031
-308.094
-93.8073
-541.772
-502.546
-671.979
-617.306
-539.993
-509.404
-672.709
-540.544
-674.31
-515.712
-622.687
-530.742
-515.757
-674.47
-140.432
-134.739
-119.559
-120.19
-139.584
-119.713
-120.73
-514.268
-179.779
-174.71
-162.953
-161.898
-164.452
-176.91
-162.425
31.0261
30.4648
46.7517
-2.44259
18.3999
43.1903
10.3591
-234.569
-175.945
-164.689
-182.589
-171.603
-238.208
-179.484
-147.392
-139.917
-128.844
-129.547
-127.177
-149.643
-127.702
-143.449
-137.08
-122.399
-122.768
-122.593
-142.568
-123.291
-177.464
-174.859
-163.078
-160.829
-177.25
-162.035
-159.037
-240.355
-187.696
-182.614
-189.378
-246.958
-157.426
-188.976
-138.344
-132.657
-117.716
-118.238
-137.875
-117.665
-118.632
-615.047
-790.701
-781.472
-906.854
-690.222
-858.641
-969.418
-814.006
-394.772
-841.026
-279.504
-584.571
-902.335
-773.446
-975.669
-902.462
-857.191
-946.599
-905.788
-953.612
-969.754
-981.538
-959.621
-914.183
-861.933
-911.017
-974.221
-961.759
-971.079
-915.001
-936.379
-887.199
-923.084
-908.499
-986.526
-960.165
-960.854
-872.555
-903.699
-898.176
-967.814
-972.994
-156.93
-146.464
-131.026
-132.464
-152.299
-133.938
-136.266
-1013.19
-920.375
-841.138
-968.174
-917
-961.25
-1019.95
-1009.61
-959.076
-838.084
-914.365
-914.498
-959.336
-1011.38
-1029.12
-922.8
-838.724
-978.671
-922.074
-975.63
-1034.05
-1023.1
-966.006
-838.5
-916.52
-918.538
-969.335
-1016.83
-1039.98
-924.994
-982.29
-838.606
-1037.84
-925.171
-983.52
-1040.14
-838.015
-925.103
-167.895
-117.541
-216.824
-78.0453
-264.787
-138.848
-90.097
-219.005
-166.589
-334.209
-275.362
-347.184
-149.515
-189.162
-98.9943
-46.7528
-165.11
-64.6337
-146.002
-141.148
-40.9191
-1046.51
-928.719
-853.913
-978.989
-936.306
-1032.22
-992.19
-1064.43
-1024.43
-861.91
-957.06
-948.169
-1009.48
-1081.16
-1108.31
-970.41
-879.425
-1047.35
-971.469
-1052.35
-1100.44
-1108.13
-1043.5
-878.24
-966.31
-972.405
-1052.27
-1098.96
-959.771
-901.408
-937.321
-854.211
-961.019
-900.433
-936.308
-964.687
-948.254
-858.966
-910.539
-906.667
-938.214
-978.717
-1061.34
-958.747
-874.11
-1032.29
-952.988
-1083.34
-1015.18
-1031.67
-968.817
-866.676
-926.952
-934.656
-989.314
-1004.41
-141.075
-135.631
-121.584
-122.032
-142.182
-120.827
-121.462
)
;

boundaryField
{
    left
    {
        type            calculated;
        value           nonuniform List<scalar> 
703
(
-172.631
-171.448
23.5496
-184.855
-189.484
-169.949
25.4205
-180.304
-200.937
-96.9238
-137.264
-153.35
-154.134
-168.332
-245.173
-174.273
-84.599
-204.891
-136.733
-159.213
-209.918
-159.764
-165.326
-53.7507
-47.1795
-167.925
-129.694
-148.536
-186.915
-56.3136
-123.896
-187.189
26.7944
-30.3951
12.0919
-3.08223
-132.172
-271.546
-234.602
-249.542
-313.57
-285.9
-266.676
-68.2665
-223.814
-297.086
-9.74169
-37.2562
-156.666
-13.3054
8.08606
-23.4526
-26.7041
-133.48
-251.355
-149.714
-170.379
-92.4213
-33.4287
-210.935
-101.781
-266.375
-153.918
-234.524
-39.2653
-262.002
-79.6845
-2.52652
-37.6522
-123.016
-276.884
43.7242
-71.7047
15.2249
10.3493
14.3488
-132.836
-3.75596
-7.93649
-174.414
-131.983
-129.959
19.1457
93.3425
-182.549
-193.493
-129.587
-136.53
-169.828
22.953
47.4203
29.6951
-236.518
-263.94
-159.622
-248.455
-280.73
-210.818
-100.752
-171.296
-178.85
-90.2212
-94.3822
-139.783
-146.756
-152.234
-155.136
-164.226
-133.152
-132.801
-146.368
-157.866
-183.89
-162.749
-118.069
-59.6311
-209.71
-227.38
-235.138
-135.236
-87.5162
-89.6408
-173.504
-204.695
-191.506
-118.799
-130.79
-175.084
-41.0132
-110.519
-99.6166
-113.813
-112.315
-40.5789
146.28
-177.764
-147.379
-196.112
-110.874
-119.485
-114.943
-140.28
-124.279
-112.749
-177.024
-142.784
-156.582
27.6485
44.6511
40.732
4.07833
24.2863
2.4423
47.3733
28.0707
-64.3961
-130.812
-84.9014
-333.292
-318.887
-273.827
-221.342
-264.518
-302.543
-355.044
-302.279
-234.752
-343.929
-334.305
-296.211
-345.474
-354.952
-337.253
-239.023
-316.428
-335.52
-192.842
-171.036
-102.718
-274.497
-211.932
-200.027
-250.973
-249.508
-313.676
-17.6301
-73.8726
-69.4713
-94.0895
-76.3481
-22.9495
-142.285
-97.0052
-113.075
-3.16254
55.2958
48.3908
60.5485
55.5265
1.51424
-19.471
48.3481
31.5009
47.9673
46.4592
-17.6156
-204.216
-326.35
-151.063
-158.968
-88.5389
-108.506
-98.8675
-25.18
-54.3565
-85.431
-173.719
-149.095
-177.816
-44.2213
-109.989
-159.634
-103.085
-101.884
-171.511
-189.094
-200.3
-170.958
-175.697
-158.45
-120.251
-112.806
-29.9892
-153.398
-198.272
-178.21
-49.6922
-206.598
-166.097
-221.347
-41.2808
-101.103
-140.59
-33.1267
-63.6516
-11.9398
-197.809
-220.373
-215.663
-173.094
-197.802
-163.812
-264.658
-237.623
-232.82
2.32577
-129.292
-34.0318
-128.075
66.1528
12.1515
63.4552
61.81
65.382
63.9723
13.1627
-85.3631
-87.0895
-134.551
-5.28441
-66.4249
-64.8113
-68.8603
-66.8522
-6.04591
20.6068
19.8233
28.647
23.1708
28.9617
26.8146
-194.592
-192.22
-241.6
-196.09
-215.532
-277.03
-40.6306
9.1376
2.08994
2.21888
8.66357
-46.1811
-255.273
-72.5057
-21.4823
-7.82463
-58.0286
-30.1449
-132.176
45.9096
34.563
55.9831
57.6054
-2.88857
-11.3124
55.2504
54.8773
26.1736
33.9045
-39.3377
-15.2642
24.2009
22.8081
42.8367
41.07
6.4718
-23.8204
10.7613
11.2986
12.5567
13.9181
-17.9866
-106.211
-67.7725
-63.4651
-0.493166
-9.84444
-46.0481
-80.2617
-61.3564
-74.9258
-108.457
-97.9756
-108.366
-244.689
-187.516
-185.405
29.0972
68.5215
-26.9772
14.8382
48.0375
49.0788
10.0918
43.8655
44.817
48.172
47.0393
13.7096
-4.07459
56.7067
55.9937
54.414
55.7937
-7.5056
-132.155
-150.204
-149.447
-150.575
-149.88
-131.126
25.434
15.9758
40.6354
33.861
52.658
-130.696
-156.837
-152.874
-166.096
-162.603
-134.243
37.2157
36.8022
46.5828
26.8483
31.0473
29.6406
-91.2628
-111.889
-110.708
-115.153
-113.031
-92.3273
-88.2954
-108.766
-107.936
-110.13
-109.222
-88.7878
-124.156
-142.711
-137.945
-148.489
-146.179
-128.08
1.85648
-0.750818
-47.0468
-107.809
-58.5187
-59.0515
-52.6077
-52.6964
-104.266
-114.2
-61.4899
-62.385
-57.3671
-57.0801
-113.24
-40.4525
11.5638
10.989
93.1246
-20.6117
-20.9446
-88.6128
-117.907
-71.7859
-71.5133
-69.892
-70.4493
-114.955
-138.651
-88.054
-97.5249
-71.6942
-75.2297
-126.396
-127.545
-21.3681
-15.0774
-143.819
-173.255
-172.962
-176.023
-182.07
-154.505
29.0123
22.6459
43.2135
52.2901
42.3835
-63.793
-9.01038
-10.1192
-8.27064
-63.3253
-1.90989
58.5883
-83.8841
-104.121
-103.591
-105.105
-104.516
-84.332
52.6144
57.2542
-13.7292
-71.5255
-13.7253
-17.0771
-13.5931
-13.9356
-70.4698
-86.88
-31.965
-40.4003
-18.2437
-24.4539
-81.4684
-27.2755
45.886
52.7465
-101.362
-121.92
-117.874
-132.562
-126.896
-106.52
34.574
30.8068
-6.11807
50.4081
54.8968
60.213
49.0449
51.6808
50.6288
56.3176
64.1902
67.3578
62.3351
62.9858
56.1853
3.80913
39.1173
38.1099
12.3888
16.362
-17.4667
45.2792
41.1722
40.7406
36.6477
36.4426
32.9944
42.404
40.1555
43.5589
41.6231
38.9752
46.6458
-25.264
8.64013
15.0485
-51.5755
-61.9622
-101.606
-117.548
-50.6526
-39.7649
-53.2347
-56.8068
-115.565
-19.3746
9.38561
15.5575
-20.1897
-6.52507
-48.523
-63.4157
-25.9224
-42.8441
-41.9733
-52.1892
-68.4963
-126.779
-90.086
-81.8013
-97.2135
-93.2586
-146.171
-97.6201
-75.9306
-68.1295
-79.3626
-84.6522
-100.931
-159.628
-188.944
-201.234
-205.26
-190.317
-160.91
-173.664
-106.457
-110.306
-146.029
-108.626
-171.16
-126.671
-103.028
-143.71
-124.847
-100.442
-108.568
-73.9457
-87.7263
-124.267
0.624982
35.4768
14.1304
35.3217
-8.42729
-54.625
-3.01037
-77.9758
-20.3345
-37.8761
49.1536
15.8358
65.0298
72.0572
72.9545
71.1407
64.0649
46.4355
45.6795
11.8766
61.5169
68.7597
70.5119
68.8397
67.363
60.2079
62.2489
69.8938
72.2031
71.2902
69.7084
62.5983
12.9599
46.4999
47.4965
-85.9161
-106.223
-105.556
-107.477
-106.72
-86.4113
55.092
56.7181
-4.76145
-65.7655
-10.5054
-11.5819
-10.3182
-10.2063
-65.2841
-68.0275
-12.2375
-13.3504
-11.8472
-11.6315
-67.4834
-5.97802
56.2467
55.0547
-172.512
-168.224
-172.632
-178.823
-184.076
-168.615
-129.521
-130.811
-137.746
-136.245
-128.022
-128.972
-155.234
-159.216
-169.15
-200.001
-208.344
-216.833
-131.702
-123.116
-123.765
-151.675
-145.348
-150.397
-250.376
-208.721
-242.088
-108.906
-107.789
-72.246
-125.194
-156.416
-137.553
-124.154
-124.942
-133.219
-164.664
-166.279
-174.338
-171.407
-190.387
-193.23
33.3376
36.7941
23.9251
-138.565
-132.023
-134.248
-126.745
-127.621
-135.61
-174.021
-161.927
-163.778
-200.037
-198.786
-182.628
-122.237
-122.813
-131.079
-136.94
-140.799
-145.262
-81.4115
-85.2667
-14.3864
-53.1467
-104.773
-92.5897
-133.996
-125.44
-126.289
)
;
    }
    bottom
    {
        type            calculated;
        value           nonuniform List<scalar> 
141
(
-194.049
-492.322
19.7681
20.0964
-491.125
-148.708
-435.233
-128.81
-469.589
-149.347
-253.723
-285.009
-496.819
-494.453
-491.087
26.5998
-487.82
-496.13
-495.605
-221.122
-112.782
-347.342
-377.416
-380.729
-463.054
-474.66
-385.686
-384.185
-385.256
-489.334
-490.542
5.28432
-493.448
-500.162
-482.553
-369.261
-362.191
-380.983
-372.507
91.2603
33.9752
-75.6407
17.8385
-125.994
-88.1226
-28.8445
-70.0344
156.29
42.0507
52.8654
-299.647
-91.6784
101.743
-109.533
-353.948
-329.784
-385.859
-385.277
8.27056
-15.6206
-35.7162
-370.374
-362.174
-378.03
-373.756
21.7727
38.5006
38.0717
52.1385
37.6592
22.9452
99.9326
39.8784
39.7518
56.2291
71.2693
30.1377
-72.6515
-96.3165
-99.6223
-51.9885
-91.2112
-74.1077
-46.1733
-67.5828
-62.5122
-91.6901
-85.999
-57.829
133.227
-23.6736
21.4731
54.3019
-131.421
-67.802
-127.209
-62.4301
-280.433
-95.0683
-101.097
-104.869
-108.091
-112.493
-108.611
-115.305
-110.7
-112.125
-101.811
-137.468
-139.512
-139.304
-138.498
-134.494
-136.381
-137.213
-136.213
-139.843
-141.497
-141.195
-39.7326
-39.136
-17.2139
-119.417
-122.537
-123.679
-123.13
-116.327
-117.729
-119.023
-118.497
-131.564
-133.583
-133.99
-133.225
-127.245
-128.78
-130.696
-130.067
31.6598
1.82535
13.214
)
;
    }
    interface
    {
        type            calculated;
        value           nonuniform List<scalar> 
1726
(
-824.493
-53.4
-67.3831
-583.718
-600.022
75.7151
-64.1086
-136.788
-601.683
-596.58
-15.2982
-761
-655.817
-28.6222
-35.6836
-22.1155
-45.2388
1.43274
-19.8152
-583.102
43.9321
-191.323
-39.26
-98.5449
-121.381
-608.196
-659.523
-20.0858
-16.1328
8.82009
3.97231
7.82579
24.0074
95.058
30.9073
-424.824
-163.459
-283.438
-202.841
-602.143
-158.88
-954.913
-227.935
-349.88
-162.14
-238.083
-187.267
-167.511
-895.226
-133.286
-148.844
-256.737
-81.8692
-290.002
-177.823
-225.483
-269.476
-156.039
-164.866
-188.191
-193.595
-279.688
-181.537
-295.561
-191.186
-608.559
147.629
197.195
-47.834
-47.0563
-595.267
-595.743
89.0223
106.05
32.742
38.0739
78.9378
-5.37492
2.23297
72.4163
15.2632
14.6802
27.1408
-129.048
-126.76
-587.643
-591.474
-343.482
-284.633
-403.222
-350.805
-410.24
-302.515
-341.766
257.761
-488.891
-299.992
-454.268
-262.043
-682.114
-675.37
-394.575
-350.15
-417.899
-270.946
-385.423
-258.465
-446.078
-216.656
-416.255
-321.515
-417.211
-411.17
31.8438
-25.4571
-22.8203
45.3077
43.6936
-29.2462
-35.0531
60.4294
-5.34819
55.369
-10.7169
263.965
-336.963
-94.8521
52.1727
15.0391
-55.1554
-150.681
-326.329
-273.11
-234.486
-114.996
-86.0246
-2.85656
-193.772
8.72698
29.3534
-232.07
-95.0814
11.0759
-208.177
-337.368
-330.645
-257.487
-259.533
-268.588
-249.745
-280.602
-220.468
-118.63
-224.243
-258.214
-376.133
-406.199
-368.239
-287.018
-96.0866
-95.9577
-184.167
-174.139
-226.374
-220.719
-169.419
-154.667
-185.966
-271.252
-282.257
-227.026
-224.83
-169.893
-233.039
-185.838
-642.101
-648.475
-18.5371
-17.6434
66.0019
5.52728
6.6775
13.354
56.5641
16.5387
52.4692
49.3408
96.7637
49.3146
-226.506
-280.718
-239.069
-201.33
-782.236
34.1505
-54.7911
-46.2527
22.537
-588.594
-597.828
120.474
75.2098
23.7211
-83.4775
-29.2457
-148.471
-590.917
-596.9
85.6456
-15.3021
-721.659
-659.529
9.90667
-30.3582
-23.6038
7.23599
87.0372
-23.4774
59.7585
-52.168
38.5431
-0.0938638
19.1187
-24.0019
-543.629
-559.948
-688.444
-700.037
-579.089
-687.762
7.23065
54.0865
35.963
-162.299
-238.496
-196.913
-223.802
-235.286
-112.039
-139.109
-3.79068
-52.7712
-114.91
-64.7161
-97.0505
-94.0905
-622.829
-654.211
-550.171
-554.244
-727.02
-702.302
-561.883
-623.804
85.5107
-20.0195
85.9858
-16.4268
8.25657
44.4901
40.6242
3.38527
7.21269
43.4798
74.0909
99.4297
32.9372
39.8879
-147.227
-122.125
-146.661
-129.593
-144.152
128.38
97.687
69.2684
43.6657
30.5206
-159.57
-115.287
-150.726
-114.76
-303.258
-276.347
-238.276
-240.174
-173.538
-243.52
-317.987
-255.707
-269.981
-175.233
-187.611
-224.66
-972.827
-467.868
-401.404
-308.387
-278.397
-244.648
-180.074
-154.842
-182.124
-267.75
-204.572
-218.822
-219.631
-158.473
-193.908
-114.051
-90.5648
-112.446
-91.8085
-174.939
-110.512
-152.461
-222.679
-131.373
-195.019
-215.264
-232.469
-193.256
-116.612
-107.936
-157.699
-262.594
-275.599
-247.442
-187.765
-205.94
-210.299
-238.271
-202.684
-218.731
-276.836
-245.455
-244.14
-152.052
-178.207
-153.373
-181.164
-152.68
-147.162
-114.33
-193.29
-119.413
-299.17
-244.232
-249.86
-212.594
-184.07
-209.653
-302.193
-262.933
-261.719
-201.718
-187.007
-201.904
-132.441
-130.254
-110.97
-90.381
-112.491
-89.115
-860.492
-142.221
-144.706
-47.4541
42.8383
-141.352
-143.748
-146.022
-119.91
-126.672
-141.245
-55.9492
27.0029
-59.1104
-125.758
-131.539
-137.465
-65.1189
-133.207
-590.116
-599.149
-223.011
-162.98
-137.584
62.8303
59.7137
95.3339
42.7111
36.8901
78.0633
-40.0095
17.0013
24.2787
9.83457
110.468
76.9083
43.9264
-12.2848
-9.41664
65.8411
4.64583
9.88892
-11.6365
7.94184
53.3221
18.6482
21.8367
32.254
28.3152
36.6197
-2.91188
94.4317
48.1945
-198.431
-141.287
-145.07
-197.781
-140.63
-138.142
-78.3595
-102.773
14.2851
-147.122
-143.704
-77.8386
-163.679
-170.903
-145.318
26.2677
-152.713
-156.365
-589.495
-591.424
-128.414
-126.255
-126.633
-106.338
-85.4178
-84.6972
-107.17
-15.8481
-93.2504
-92.5584
-17.2653
-14.1453
-92.1746
-784.454
-669.94
-819.498
-244.996
-217.946
-368.168
-334.852
-361.888
-373.282
-334.983
-356.959
-381.201
-394.099
-377.742
-338.424
-324.082
-350.511
-386.522
-361.704
-332.271
-371.919
-386.817
-381.061
-304.54
-993.654
-938.339
-539.858
-702.207
-917.415
-529.381
-40.2441
-451.514
52.7215
-455.891
-425.539
-421.323
-417.405
-169.789
-305.3
-439.081
-454.722
-438.443
-697.905
-1109.13
-360.044
-484.702
-360.77
-399.168
-419.741
-385.25
-699.641
-661.715
-932.199
-925.05
-803.509
-898.86
-861.857
-1195.44
-1199.91
-1118.14
-806.18
-860.669
-867.774
-883.963
-838.777
-405.682
-357.644
-382.611
-374.831
-337.251
-365.698
-405.921
-397.527
-390.445
-313.194
-310.807
-347.33
-411.298
-310.832
-341.086
-352.071
-223.634
-292.579
-431.396
-419.264
-375.066
-242.047
-214.341
-261.834
-410.275
-421.71
-398.352
-390.797
-364.969
-394.93
-406.753
-409.998
-397.264
-423.328
-380.508
-393.475
-648.39
-765.655
-756.119
-744.902
-474.994
-598.985
-591.308
-383.492
-485.84
-606.677
-600.725
-377.623
-694.032
-707.952
-707.815
-691.473
-472.4
-406.138
-481.122
-387.368
38.7826
-22.7581
8.68952
42.9817
37.1074
-32.6855
11.9024
40.4178
38.7105
-128.525
-113.734
-135.207
-105.396
-99.1963
-100.54
-25.9244
87.2282
-104.009
-101.722
-123.811
-46.8398
-115
-37.7683
90.344
-105.494
-111.154
67.0509
56.5408
-3.09598
34.5877
62.0507
47.4215
-13.2128
30.8625
49.793
59.7359
-621.655
-641.5
-643.858
-476.351
-393.067
-475.847
-561.714
-392.787
-652.36
-652.747
-475.198
-391.867
-472.025
-393.902
-750.892
-856.034
-849.218
-752.443
-1279.54
-1275.06
-696.485
-755.392
-851.813
-843.975
-750.191
-845.104
-1297.73
-752.41
-859.003
-1310.39
-1307.67
-639.552
-615.918
-638.209
-393.921
-470.795
-393.88
-453.622
-54.9937
-70.9898
-32.2115
-15.502
37.2104
9.7049
-75.6708
7.65842
-19.7781
-190.89
-174.816
-213.443
-306.003
-298.885
-271.289
-231.345
-293.409
-253.89
-197.304
-269.716
-234.329
-75.4574
-140.087
-98.3669
-56.9166
-113.773
-87.7652
-46.6954
1.83291
-66.4419
-160.102
-145.067
-115.958
5.44602
-5.30894
-13.6532
26.5329
-1.45438
-17.9248
-6.13743
4.88429
19.9128
46.9421
-21.2293
-57.9205
-1.58114
-308.106
-180.243
-88.111
-126.798
-260.597
-256.99
-47.1084
-121.475
-78.6664
-47.9782
-146.654
-118.069
-146.739
-186.625
-122.245
-298.782
-312.343
-316.339
-320.06
-312.548
-312.993
-270.799
-294.347
-301.251
-266.235
-294.321
-306.784
-260.232
-284.614
-283.611
-279.777
-307.746
-290.751
-222.107
-252.015
-263.377
-297.115
-291.318
-306.007
-142.38
-167.603
-170.679
-215.653
-175.726
-172.952
-133.805
-213.938
-159.405
-398.583
-491.188
-398.671
-411.094
-542.419
-425.119
-333.017
-254.611
-174.7
-257.902
-164.246
-390.651
-454.588
-445.733
-252.377
-439.081
-358.624
-334.412
-380.65
-327.406
-289.23
-97.1577
-184.988
-149.168
-162.577
-221.249
-324.074
-254.756
-251.952
-315.645
-285.081
-261.402
23.5489
-71.6134
-48.1368
-41.0408
-13.2569
-110.619
-55.0101
-43.5179
-28.3772
-204.396
-153.666
-103.064
-94.7154
-122.262
-112.66
-134.119
-93.2037
-101.762
-120.633
-79.7094
-32.2686
-79.5568
-64.4159
-87.6236
-117.633
-92.1702
-101.279
-81.4601
-92.1358
-96.3448
-169.862
-213.357
-136.966
-132.602
-155.51
-151.081
-148.356
-83.0916
-192.963
-227.156
-216.641
-212.998
-224.609
-182.787
-181.414
-305.769
-238.09
-233.788
-261.32
-185.712
-170.295
-203.781
-144.687
-151.327
-115.527
-120.098
-193.751
-133.675
-28.669
-108.136
-41.1919
-141.005
-185.603
-105.986
-108.631
-123.721
-91.3603
-94.1852
-151.506
-91.3832
-114.04
-60.5035
-206.486
-229.381
-178.45
-183.217
-201.915
-200.787
-227.782
-207.43
-213.805
-338.597
-242.189
-247.344
-214.622
-630.855
-654.434
-534.595
-657.302
-652.453
-471.634
-390.21
-471.769
-391.184
-545.423
-627.496
-651.342
-650.448
-470.771
-389.38
-473.727
-388.446
-806.658
-917.786
-911.75
-796.475
-918.689
-1317.19
-1301.78
-760.175
-860.537
-894.884
-780.883
-1379.89
-1368.73
-1381.44
-749.368
-798.462
-905.299
-868.451
-799.01
-878.935
-1180.92
-753.603
-807.15
-854.248
-859.434
-807.568
-851.661
-1321.15
-664.907
-638.46
-672.64
-495.255
-599.08
-601.89
-396.084
-498.352
-605.647
-393.04
-688.843
-706.475
-704.137
-485.683
-386.782
-480.169
-388.382
-130.708
-108.247
-85.774
-107.404
-86.3375
-98.5567
-97.4232
-20.6051
-18.2456
85.5623
-18.4734
-95.8997
-96.9387
-17.0409
-93.6004
-17.3827
-94.2205
-17.2321
85.298
-95.6042
-94.8042
-18.7178
9.40541
72.6043
64.1713
68.646
5.44389
41.8455
70.1377
6.34521
43.0283
71.7878
62.4444
71.0709
-796.751
-968.927
-896.939
-766.331
-721.898
-618.589
44.5778
-541.155
-234.875
-235.797
-62.5768
-11.023
-108.28
-11.4618
-729.073
-759.88
-155.67
-139.859
86.3656
44.8708
-175.459
45.433
-17.724
-48.6109
-132.756
61.676
63.4201
-43.138
-106.929
75.326
-313.05
-566.347
-551.098
-396.322
-249.007
-383.503
-421.73
-568.731
-578.508
-406.278
-1209.42
-1010.68
-1328.3
-1326.35
-1129.84
-1324.72
-793.111
-231.616
-236.702
-631.039
-273.626
-235.577
46.608
54.6512
-554.174
-562.049
-271.951
-274.464
-557.592
-279.798
-553.23
-277.052
-695.843
-1447.7
-1436.73
-1464.84
-1444.33
-1469.69
-282.399
-552.235
-1174
-993.244
-1238.72
-1227.61
-1054.6
-1229.16
-248.884
-1365.07
-1409.64
-1415.25
-1427.64
-1234.17
-1266.33
-1394.52
-1300.1
-297.808
-306.363
-51.4385
-97.8042
-25.5612
-91.9477
-95.4563
-53.5498
-372.962
-170.622
-286.977
-155.05
-48.6041
-554.833
-269.298
-559.583
-268.239
-259.934
-264.156
-714.728
-1462.42
-1516.73
-706.931
-1522.58
-1543.67
-1316.2
-1350.4
-1501.5
-1395.71
-600.487
-244.93
-607.864
-242.17
-611.451
-594.171
-250.957
-248.703
-128.467
65.2777
63.9341
-1352.51
-1343.57
-1366.08
-1348.37
-1370.05
119.373
42.8065
-67.8973
-68.0061
36.5629
-60.6857
115.04
0.904908
-77.2843
13.8463
-92.4255
-98.2433
88.1194
-767.352
-788.67
-888.913
-848.426
-765.299
-691.638
-776.894
-623.578
57.0595
8.15987
9.71103
88.2811
-20.8831
-20.7728
67.2885
-37.7724
37.0389
19.9334
-546.984
-618.78
-559.205
-633.13
-631.7
-691.617
-697.693
-685.575
-538.402
-614.703
-218.944
-267.431
-115.054
-111.749
-264.517
-262.207
-13.2675
-71.3036
-85.1405
-185.88
-210.924
-310.529
-219.734
-357.197
-140.168
-327.839
-107.271
-542.139
-622.363
-628.452
-553.639
-629.721
-718.17
-703.571
-741.069
-757.277
-573.817
-649.521
-619.376
-689.636
87.5437
-19.1814
87.4247
43.2255
39.253
42.3571
11.3992
24.2043
-151.928
-135.89
-135.144
-150.984
-201.228
-161.405
-131.403
-224.06
-142.543
-194.179
-149.666
-179.347
-152.95
-188.477
-154.746
126.206
46.8811
39.2099
74.0933
37.0781
76.8422
55.2448
43.7707
50.1856
17.149
-169.573
-119.509
-173.044
-119.387
-274.22
-123.158
-252.683
-109.888
-288.189
-103.634
-119.037
-293.993
-167.137
32.7222
-114.357
-94.1165
-116.569
-92.1982
-166.023
-131.994
-105.903
-107.952
-163.631
-166.515
-109.942
-107.134
-169.835
56.1234
-14.6064
-132.2
-131.421
-130.932
-131.14
-111.027
-87.6672
-109.708
-88.9315
-162.133
-106.903
-164.208
-103.996
-162.82
-103.197
-104.886
-161.034
60.3248
61.5542
44.7172
-61.3649
-62.3922
-149.308
-134.862
-151.221
-131.367
-193.119
-161.169
-135.395
-168.514
-141.769
-192.513
-191.006
-179.722
-150.816
-189.768
-177.036
-149.635
21.5975
-65.26
121.328
124.864
-41.922
-1.4832
-184.128
-128.095
-183.124
-124.802
-303.35
-93.5023
-157.262
-309.997
-297.688
-126.429
-301.261
-100.907
13.2748
-78.7462
18.0436
-80.5008
-75.9974
-126.903
-106.139
-83.7331
-105.501
-84.2846
-156.741
-101.516
-99.2931
-158.094
-157.301
-99.2092
-156.357
-99.7416
89.4263
-14.9674
-687.184
-452.545
-416.348
-355.446
-379.22
-769.016
-510.612
-870.169
-830.206
-328.241
-540.301
-534.478
-722.666
-293.627
-435.507
-253.541
-501.752
-545.245
-234.118
-371.289
-968.733
-879.499
-952.324
-339.563
-359.516
-961.76
-520.058
-966.568
-694.176
-720.799
-924.738
-667.611
-844.181
-725.152
-886.391
-850.716
-941.505
-1016.73
-570.471
-894.259
-921.744
-819.573
-866.685
-905.214
-982.578
-981.938
-973.749
-989.05
-1335.38
-1189.49
-1186.4
-1342.54
-976.151
-975.63
-982.795
-970.047
-1134.61
-956.867
-973.903
-979.736
-965.185
-1050.47
-1229.75
-953.383
-936.284
-921.859
-989.618
-1175.24
-1250.26
-778.39
-812.651
-826.91
-878.008
-721.54
-615.717
-717.815
-719.741
-659.397
-731.005
-615.063
-587.917
-481.494
-388.407
-234.717
-492.148
-384.696
-225.839
-695.894
-714.404
-707.992
-621.665
-699.985
-591.969
-495.561
-427.887
-250.481
-493.003
-397.843
-238.464
11.668
35.0508
14.2532
38.8701
40.1538
43.4117
3.0178
37.2938
34.9337
-122.754
-95.6954
-118.455
-100.301
-183.512
-148.734
-125.968
-189.335
-118.685
-177.659
-133.695
-109.983
-172.188
-113.317
93.1341
-20.1602
-23.7323
83.1668
-30.2751
-23.9488
49.1684
63.802
35.1241
62.5286
49.9709
27.3884
53.8376
-648.625
-561.072
-646.827
-625.138
-550.78
-626.801
-562.454
-476.638
-392.151
-271.735
-562.532
-474.95
-393.537
-273.651
-650.446
-651.973
-559.592
-632.002
-630.178
-558.934
-476.502
-392.218
-278.522
-555.14
-471.174
-394.02
-277.462
-692.639
-752.313
-854.781
-750.85
-850.284
-1010.65
-1007.97
-1008.36
-1010.62
-1287.31
-1440.75
-1013.78
-1017.72
-1011.03
-1019.94
-1275.4
-1435.22
-697.756
-751.038
-845.733
-752.016
-1289.4
-1022.84
-1016.84
-1020.4
-1018.97
-1302.77
-1459.29
-1029.93
-1031.96
-1028.63
-1033.73
-1283.59
-1450.92
-751.371
-859.39
-1039.56
-1472.12
-1039.73
-1036.46
-1037.66
-1038
-550.807
-393.371
-283.289
-471.294
-284.989
-722.07
-493.508
-1241.16
-1242.33
-1142.89
-1159.68
-425.411
-347.662
-1377.23
-1395.48
-1426.78
-1429
-1238.41
-1246.22
-1369.75
-1333.78
-13.1162
-27.0744
-45.5904
-20.901
-180.845
-183.605
-128.767
-179.362
-121.529
-335.549
-345.738
-316.867
-261.756
-42.7626
-66.4758
-56.7069
-26.2881
-466.748
-318.264
-163.458
-246.533
-335.818
-544.272
-251.142
-620.677
18.5746
-30.2792
3.6902
-103.933
-104.809
-65.7059
-45.1489
-38.0766
-87.3202
-83.5569
-52.7839
-122.145
-79.8759
-79.8455
-170.57
-155.25
-404.349
-491.173
-422.535
-180.638
-248.511
-304.253
-275.641
-344.589
-121.128
-176.111
-181.581
-316.012
-217.86
-321.806
-645.634
-552.813
-615.078
-647.185
-538.273
-616.808
-564.589
-559.712
-556.567
-470.97
-391.441
-269.347
-557.767
-473.063
-390.017
-267.357
-623.836
-646.942
-648.941
-545.081
-620.256
-554.126
-470.093
-389.207
-259.285
-476.112
-389.193
-264.408
-715.188
-802.763
-919.007
-802.305
-1338.49
-1063.09
-1078.01
-1063.53
-1076.02
-1476.51
-1044.23
-1030.25
-1031.96
-1043.04
-1356.18
-1498.8
-706.707
-766.605
-870.842
-774.791
-884.391
-1104.22
-1099.68
-1108.2
-1377.56
-1096.86
-1537.61
-1535.6
-1104.12
-1101.96
-1107.75
-1096.58
-742.85
-803.094
-897.299
-795.67
-1188.66
-962.247
-976.778
-966.401
-974.453
-1177.82
-1317.7
-958.478
-963.99
-957.225
-963.551
-1208.98
-1327.65
-754.308
-804.462
-851.31
-804.186
-1284.04
-1030.04
-1006.78
-1031.74
-1247.44
-1004.35
-1475.36
-1347.48
-1433.9
-1059.67
-1084.12
-1080.23
-1064.33
-688.897
-682.157
-589.089
-661.695
-670.316
-569.111
-493.754
-395.893
-240.024
-499.242
-392.601
-245.678
-695.356
-679.326
-699.734
-618.686
-685.385
-586.505
-490.976
-385.704
-251.873
-576.522
-475.898
-390.865
-244.809
-143.17
-135.278
-128.879
-128.899
-108.547
-87.6612
-109.714
-86.7566
-159.365
-100.77
-157.715
-101.879
-159.461
-104.382
-161.398
-101.702
87.7976
-18.9436
87.7776
-17.353
65.0504
44.494
70.3854
71.4857
66.6753
41.2496
68.3249
62.6709
41.7861
69.3293
69.0904
-1346.98
-1341.65
-1360.9
-1354.64
-1372.43
-1372.62
)
;
    }
    procBoundary1to0
    {
        type            processor;
        value           nonuniform List<scalar> 
224
(
-118.843
-118.843
-118.843
-221.686
-217.547
-227.726
-218.961
-221.337
-218.399
-204.576
-424.657
-204.576
-204.576
-240.983
-461.653
-185.421
-182.064
-186.477
-184.601
-186.077
-182.635
-215.637
-522.436
-65.6924
-152.623
-208.884
-297.949
-43.8219
-620.597
-213.873
-218.656
-213.057
-179.947
-180.926
-179.462
-552.255
-358.318
-561.064
-570.053
-980.475
-939.4
-624.345
-144.222
-552.255
-552.255
-980.475
-980.475
-939.4
-939.4
-258.611
-248.944
-455.918
-484.432
-580.508
-608.047
-1092.96
-1092.96
-1092.96
-985.208
-985.208
-985.208
-1070.44
-1070.44
-1070.44
-200.6
-193.625
-199.432
-181.093
-179.987
-182.588
-217.261
-229.662
-206.399
-214.719
-210.34
-221.709
-180.01
-241.312
-291.539
-310.493
-918.18
-437.946
-293.326
917.754
-697.762
-186.724
-185.625
-182.147
-183.594
-181.859
-185.272
-213.492
-174.857
-239.973
-218.252
-228.897
-217.892
-178.892
-178.202
-179.697
-624.345
-1322.5
-976.938
-928.202
-122.697
-370.411
-697.762
-624.345
-624.345
917.754
-1322.5
-1322.5
-976.938
-976.938
-928.202
-928.202
-246.173
-205.74
-385.507
-237.781
-195.764
-352.786
-1000.63
-1000.63
-1000.63
-1034.74
-1034.74
-1034.74
-190.512
-185.341
-186.28
-182.364
-183.698
-181.174
-205.74
-291.539
-195.764
-195.764
-65.6924
-300.393
-189.109
-65.6924
-438.026
-217.547
-227.726
-229.662
-206.399
-221.337
-218.399
-210.34
-221.709
-182.064
-186.477
-185.625
-182.147
-186.077
-182.635
-181.859
-185.272
-297.949
-43.8219
-174.857
-239.973
-218.656
-213.057
-228.897
-217.892
-180.926
-179.462
-178.202
-179.697
-370.411
-697.762
-245.028
-746.661
-1324.8
-999.037
2177.74
-1329.04
-1324.87
-1327.48
-1308.8
-1211.04
-1140.33
-1240.46
-1310.37
-248.944
-455.918
-385.507
-237.781
-63.8618
-1468.28
-1319.65
-1320.14
-1324.54
-1344.28
-1425.75
-1451.15
-1400.52
-1367.11
-193.625
-199.432
-185.341
-186.28
-179.987
-182.588
-183.698
-181.174
-142.393
-342.739
-438.026
-495.175
-432.31
-546.244
-403.795
-329.957
-551.145
-363.08
-461.983
-590.462
-471.656
-487.502
-598.471
-484.112
)
;
    }
    procBoundary1to3
    {
        type            processor;
        value           nonuniform List<scalar> 
23
(
-143.99
-131.86
-86.0916
-86.0916
-86.0916
17.1739
-57.135
15.0312
67.6382
-122.636
-85.8868
-106.437
-105.94
-76.937
30.1308
-13.0961
-76.937
1.70282
42.9612
66.2189
-117.169
-117.726
-137.509
)
;
    }
    procBoundary1to4
    {
        type            processor;
        value           nonuniform List<scalar> 
78
(
-508.206
-507.126
-507.126
-508.206
-508.206
-633.971
-508.627
-630.432
-500.244
-636.111
-636.111
-633.971
-508.627
-508.627
-630.432
-630.432
-1055.62
-1060.98
-508.74
-1064.89
-1068.46
-1068.46
-1068.46
-1055.62
-1055.62
-1060.98
-1060.98
-508.74
-1064.89
-604.595
-1064.89
-1064.89
-1051.17
-1054.82
-1085.79
-1085.79
-1085.79
-1097.47
-1097.47
-1097.47
-1051.17
-1051.17
-1054.82
-1054.82
-1064.77
-1451.57
-1439.98
-1462.57
-1474.58
-1481.29
-1485.44
-1483.44
-1425.07
-1431.11
-1420.78
-1421.66
-1433.38
-1437.9
-1429.45
-1423.9
-1443.11
-1440.93
-1443.27
-631.481
-630.383
-508.148
-491.357
-635.851
-508.148
-629.883
-501.493
-495.306
-493.174
-631.481
-495.373
-630.383
-496.325
-495.648
)
;
    }
    procBoundary1to5
    {
        type            processor;
        value           nonuniform List<scalar> 
55
(
-509.541
-506.468
-530.203
-464.365
-616.902
-527.935
-607.22
-303.7
-522.413
-1039.31
-303.7
-632.026
-527.935
-657.646
-607.22
-1039.31
-1039.31
-836.299
-522.413
-303.7
-303.7
-558.46
-540.019
-626.452
-611.762
-676.032
-519.457
-730.688
-750.731
-821.798
-730.688
-1292.21
-1426.37
-1426.37
-615.743
-562.022
-572.008
-634.382
-429.464
-429.464
-550.972
-367.207
-172.62
-1379.13
-506.468
-638.26
-530.203
-638.26
-638.26
-514.783
-983.558
-983.558
-1038.35
-983.558
-923.187
)
;
    }
}


// ************************************************************************* //
