/*--------------------------------*- C++ -*----------------------------------*\
| =========                 |                                                 |
| \\      /  F ield         | OpenFOAM: The Open Source CFD Toolbox           |
|  \\    /   O peration     | Version:  2012                                  |
|   \\  /    A nd           | Website:  www.openfoam.com                      |
|    \\/     M anipulation  |                                                 |
\*---------------------------------------------------------------------------*/
FoamFile
{
    version     2.0;
    format      ascii;
    class       volScalarField;
    location    "0.106/solid";
    object      sigmaEq;
}
// * * * * * * * * * * * * * * * * * * * * * * * * * * * * * * * * * * * * * //

dimensions      [1 -1 -2 0 0 0 0];


internalField   nonuniform List<scalar> 
3124
(
283.912
15.5395
219.148
797.19
207.69
26.3114
224.929
814.573
217.516
187.116
437.063
778.015
211.332
166.506
160.386
201.775
309.864
149.122
169.081
794.997
176.478
176.127
165.744
299.862
262.279
521.625
503.313
587.752
335.573
453.403
37.6142
205.433
36.554
238.618
461.497
842.395
792.048
250.15
848.686
454.801
555.538
259.886
76.4123
80.5216
94.1699
296.967
51.7063
161.276
253.625
826.201
467.678
860.907
248.066
894.581
476.313
218.591
170.742
159.164
32.0802
146.101
533.817
400.928
438.608
427.449
444.562
721.471
466.677
331.525
705.612
764.243
524.687
678.381
265.297
543.061
510.102
484.389
543.039
405.558
538.416
434.644
457.298
40.6533
41.3648
197.149
28.3855
28.5886
20.3634
34.4713
342.062
327.058
572.785
575.602
238.773
792.42
854.987
449.645
577.562
322.134
484.13
571.349
59.6528
446.22
128.145
80.9594
102.733
462.795
192.492
150.923
314.494
268.805
178.198
53.1943
162.752
227.753
162.814
227.308
254.231
813.822
762.912
510.593
272.616
865.224
493.504
343.541
362.853
582.29
602.617
517.791
586.994
431.87
379.007
196.368
172.148
159.885
28.9049
31.608
25.9304
21.4622
25.3349
957.637
60.4875
33.5727
182.202
219.823
192.987
204.816
92.4001
39.4122
30.5014
96.6871
248.09
179.788
195.856
226.676
316.778
158.282
340.105
289.204
374.723
309.677
246.175
753.954
669.579
572.468
441.035
557.501
494.047
568.808
515.303
162.273
338.538
265.633
346.102
231.618
428.295
169.941
134.293
137.59
656.21
558.265
515.712
156.981
108.805
282.514
265.783
323.323
191.589
119.767
275.76
162.071
288.314
208.638
307.302
177.762
266.693
97.945
144.465
168.113
123.998
201.926
121.372
116.559
129.955
146.03
186.693
147.628
183.352
112.279
173.243
176.908
175.144
163.711
133.535
131.182
534.292
494.741
1019.24
419.786
562.297
607.678
514.536
400.987
888.054
280.212
344.253
409.532
478.118
350.345
149.792
151.889
27.3059
155.407
219.373
174.521
191.431
31.1152
138.664
154.188
497.809
246.023
416.331
302.297
303.494
411.736
500.445
497.04
245.49
307.15
411.31
501.482
305.382
408.638
212.474
129.253
63.8882
111.6
114.645
87.5585
110.928
263.666
125.126
100.166
80.7093
68.7842
101.979
110.483
68.4205
101.464
83.7633
60.026
93.4518
108.737
253.879
234.19
203.496
150.14
110.696
154.554
194.325
119.934
158.525
530.171
246.652
452.618
317.287
530.811
314.73
451.473
522.773
248.653
309.984
422.17
510.657
312.348
437.857
230.177
169.464
157.588
127.507
92.2327
350.293
599.995
1055.18
117.306
188.455
211.357
458.736
198.528
270.514
443.789
461.476
524.306
576.07
639.556
419.843
465.124
1030.81
1094.81
249.471
517.583
429.833
658.658
353.689
331.645
274.55
834.093
384.835
724.659
1016.02
676.687
939.819
354.285
666.739
3550.94
518.087
740.872
444.828
437.275
621.541
668.154
493.967
597.786
404.452
1364.55
785.072
854.586
1235.71
412.077
595.904
650.578
701.127
546.072
503.111
454.385
266.118
383.472
505.741
416.897
340.801
496.614
277.339
400.06
322.206
407.989
326.715
490.736
398.399
351.657
502.556
407.364
406.08
423.37
483.247
399.486
359.228
360.007
583.637
471.554
530.356
611.834
643.321
411.386
563.334
561.476
331.214
412.677
590.828
655.818
266.542
516.83
618.029
1063.57
614.209
626.497
664.18
677.667
621.073
404.783
324.149
311.618
438.412
331.309
318.278
325.826
395.304
445.928
304.767
42.9905
32.8403
62.7097
34.6008
62.8962
60.5469
172.914
165.172
140.917
97.9064
26.444
100.556
128.996
24.2908
103.618
88.2352
18.0929
81.1947
66.2978
19.2322
79.041
267.978
273.834
281.255
338.88
279.643
279.916
276.961
275.637
333.753
275.772
381.169
376.905
447.819
570.185
444.707
381.674
379.509
453.318
571.753
445.073
419.308
301.621
503.207
380.166
453.758
265.231
271.212
680.901
3545.59
519.161
159.211
108.605
64.812
90.4062
73.5371
63.6945
113.309
65.9138
188.092
378.783
482.66
338.785
366.688
306.555
269.406
138.058
86.7372
103.042
221.403
45.6869
243.598
166.858
110.806
94.5091
99.9523
134.597
214.393
79.6412
87.8438
103.052
84.2424
150.444
352.45
400.028
491.295
370.677
370.631
328.242
342.587
229.122
190.967
282.941
173.222
200.892
168.715
207.244
229.731
95.4191
248.906
152.307
264.435
156.777
234.859
193.693
417.988
239.187
242.456
241.141
176.182
205.756
159.312
126.36
222.103
27.395
123.844
84.5213
136.633
134.367
138.898
112.633
193.622
231.316
165.037
231.508
143.428
133.581
60.9418
127.205
93.1021
93.4574
71.5718
143.655
84.298
117.389
96.7179
137.446
194.455
272.592
293.514
163.324
228.999
203.663
126.436
139.871
96.6837
191.907
146.234
317.969
300.041
217.304
509.385
268.512
439.973
319.652
521.455
420.223
324.037
496.545
267.736
397.41
325.741
491.643
403.112
325.971
281.309
274.033
284.618
345.876
286.745
279.722
275.042
294.206
350.905
293.311
402.7
400.448
451.372
595.815
477.404
384.392
402.117
482.734
603.69
480.966
401.867
381.743
409.789
533.997
425.125
364.382
373.799
477.268
560.458
436.192
289.417
308.604
313.87
418.445
310.595
320.414
315.33
303.775
400.447
304.486
181.443
173.708
162.87
128.197
130.411
97.287
30.0095
95.1945
92.779
30.3518
94.5902
96.1317
89.976
23.4939
92.7491
24.031
95.2185
93.3898
21.1991
8.58703
11.2687
40.8955
23.0056
14.5452
27.0188
46.213
34.3596
28.8318
62.9582
38.7308
40.6246
55.5773
236.459
304.183
269.009
317.068
302.866
266.072
282.826
494.755
333.774
425.211
317.26
374.945
405.642
423.665
443.693
437.763
596.89
413.511
531.591
525.785
401.064
39.6697
31.5514
32.3567
35.5831
30.4374
35.8655
340.128
241.949
286.383
271.842
271.714
285.619
340.807
338.167
246.913
278.132
291.5
342.342
278.549
291.111
462.574
566.789
87.0129
77.3149
100.209
76.9822
97.8261
50.3779
71.5852
61.6101
136.249
141.647
99.0153
364.43
246.992
303.369
285.981
366.01
284.531
303.946
349.811
249.556
280.941
293.787
344.663
278.897
294.205
35.2705
32.9777
36.5713
244.381
373.589
321.87
487.112
375.464
355.42
280.168
350.762
420.514
337.941
322.815
342.197
269.654
303.941
297.898
304.336
294.02
340.296
417.564
330.265
322.886
323.657
310.544
272.854
250.5
255.034
15.5215
36.7627
16.7136
39.2643
17.5593
16.2919
31.7402
28.57
32.1595
19.0512
23.2531
9.78747
49.4876
19.0699
46.8472
22.1645
29.2986
25.9112
220.212
222.374
230.53
228.366
297.843
301.5
307.908
305.088
341.273
283.966
235.009
269.092
342.139
283.482
268.479
298.433
294.732
219.13
216.21
69.8073
72.1218
95.4828
69.2658
81.922
155.581
167.866
205.812
296.206
267.585
208.198
294.146
177.065
249.406
177.272
171.517
182.644
18.0445
73.2885
31.0612
156.971
117.693
110.948
157.427
126.959
129.931
359.922
261.72
308.181
290.881
361.166
305.141
291.721
341.018
267.623
304.755
296.31
342.566
305.724
299.535
232.024
226.26
228.145
229.15
323.517
315.04
309.027
309.513
319.074
328.954
323.763
321.199
234.646
240.735
257.169
253.177
32.025
29.6101
33.0694
34.8645
31.5946
35.0382
25.9462
57.4807
56.9684
51.4243
21.7944
51.4178
24.4908
56.6347
55.1714
15.8971
66.9547
78.641
32.6647
24.9948
14.5647
13.8335
37.5881
210.768
214.756
181.571
187.426
214.613
189.307
211.681
213.221
196.387
191.691
212.93
195.064
213.725
212.233
193.621
188.312
196.713
188.139
169.475
275.475
243.799
34.2048
15.4888
30.9775
19.1158
73.6716
25.5781
103.24
97.1257
151.15
83.0762
67.7828
107.987
139.432
58.9714
93.2178
167.746
90.4737
242.853
223.736
175.928
182.58
226.21
178.002
236.31
256.491
192.66
258.144
188.684
267.562
184.639
248.169
198.939
207.638
219.403
219.075
323.191
436.289
343.567
275.61
276.477
385.858
338.624
242.551
279.649
259.464
294.037
235.986
265.362
281.579
329.177
385.23
365.994
313.049
318.891
385.055
318.996
230.349
281.636
213.495
272.443
208.125
258.466
260.857
728.991
679.665
760.677
689.086
645.903
926.251
658.838
373.12
457.704
410.193
503.323
358.66
453.378
420.788
230.403
176.652
214.226
173.852
210.597
185.451
240.031
322.967
401.734
272.083
347.312
286.962
313.521
392.792
268.579
309.928
195.977
248.191
213.127
271.183
305.816
163.891
161.205
134.654
134.905
162.837
135.585
161.874
164.454
138.004
165.002
135.956
166.588
136.106
163.125
191.788
216.901
165.241
121.341
143.246
213.147
175.69
180.213
258.478
234.574
225.877
210.894
199.459
222.735
243.324
272.386
322.16
272.136
285.485
275.298
226.662
138.646
109.065
131.122
175.082
105.119
156.564
178.655
246.763
290.374
228.69
278.948
236.07
295.115
241.547
204.564
174.2
201.61
170.582
198.31
189.006
199.113
254.83
289.264
245.951
310.248
258.499
233.89
301.586
205.059
201.566
182.474
188.435
192.518
205.791
203.207
131
141.074
147.404
131.686
140.865
133.015
123.653
135.267
169.823
164.587
185.755
156.946
133.303
164.758
113.46
75.392
129.491
106.874
115.078
98.3321
95.6901
149.41
143.219
121.024
139.616
137.654
147.634
132.018
156.887
147.783
160.973
125.933
166.49
141.713
139.183
166.213
163.699
180.262
172.529
174.282
160.219
164.638
136
108.348
116.473
114.114
126.347
119.349
118.497
163.798
164.351
165.132
163.572
164.599
162.649
161.902
163.342
161.56
160.385
134.324
132.796
162.65
133.244
159.74
161.243
131.559
158.209
131.91
160.169
132.715
158.861
522.005
323.636
641.555
640.227
755.978
371.9
369.48
413.298
292.414
514.414
532.828
633.975
332.859
285.692
170.099
96.2267
86.0444
168.389
154.109
173.022
95.1268
82.1441
27.361
31.0364
29.4026
89.684
173.814
155.448
80.6642
174.091
91.5536
80.2613
208.349
200.374
175.851
182.025
184.384
202.046
206.528
212.19
194.749
212.353
187.777
214.057
190.437
210.557
35.2225
36.7862
38.1718
85.7229
71.2796
154.144
145.758
161.772
86.0275
78.2351
93.9619
171.003
82.6297
150.827
93.685
166.735
81.659
338.379
241.627
274.492
287.809
339.212
273.594
287.781
338.413
248.423
277.193
290.274
338.132
276.74
289.174
433.541
182.117
191.252
223.628
125.84
106.392
99.2147
105.541
120.086
126.715
114.902
132.339
248.133
125.858
190.947
183.019
162.173
155.377
108.091
155.116
94.3723
124.844
142.099
108.391
96.9376
114.783
98.7863
119.129
99.4954
94.2293
85.3889
124.909
80.9858
111.649
125.411
87.5239
72.799
71.3233
69.5831
94.1781
74.5462
75.062
114.362
123.432
101.347
105.81
134.458
109.083
117.935
91.1059
91.2925
80.4975
118.162
74.1523
106.644
94.7128
86.4848
79.698
58.5283
80.7845
82.2356
94.4405
69.1485
86.4314
72.365
127.611
90.2235
105.334
81.9591
86.9855
295.93
297.264
254.184
226.104
224.549
327.323
288.099
288.709
200.464
266.782
214.24
275.635
215.868
276.465
102.466
90.5981
165.79
149.986
163.438
105.957
92.9188
92.9995
72.8607
68.8618
101.513
171.399
151.66
90.5821
166.684
100.736
92.437
115.07
144.33
229.001
180.595
196.923
167.776
113.864
132.364
75.8588
84.6505
109.52
174.484
167.878
90.6446
188.895
95.3937
97.7975
366.291
248.525
283.433
299.823
362.314
282.233
301.57
352.615
246.178
279.859
298.706
359.747
281.221
295.674
198.524
212.468
222.038
218.012
159.349
157.372
156.68
157.5
155.5
153.982
128.144
126.807
127.307
156.322
153.377
155.114
126.008
152.294
126.114
154.49
126.682
152.754
43.0084
39.8858
107.34
91.4472
106.431
43.4649
39.9718
33.693
37.3557
42.7148
90.7684
105.792
39.9544
1040.98
333.859
412.845
267.396
446.066
230.597
314.377
412.02
280.031
369.625
644.476
622.932
552.237
377.21
1152.47
497.553
183.103
1234.83
290.534
748.763
194.387
241.9
677.55
193.094
354.725
155.529
237.995
130.39
310.474
135.913
523.751
565.082
497.463
455.03
479.544
542.971
533.168
555.707
533.363
568.58
496.595
539.573
570.867
516.425
585.061
609.943
605.231
626.393
567.938
601.29
606.465
504.832
443.156
435.887
467.239
466.015
504.786
469.471
451.551
1145.18
586.719
456.532
963.036
319.47
527.384
401.754
403.187
846.107
1003.27
246.643
1050.98
624.576
291.494
681.592
487.467
346.874
243.87
902.604
245.343
579.098
600.043
724.003
624.873
875.926
602.109
659.768
533.589
1751.88
451.957
635.822
295.357
319.411
243.46
303.741
476.064
91.3998
583.885
225.789
238.138
316.962
373.718
310.948
358.488
463.829
323.683
440.045
511.395
1515.58
310.723
1387.31
519.088
865.538
480.695
442.18
431.39
1280.93
2064.32
804.043
716.12
1970.81
495.352
247.113
728.844
842.937
467.91
618.912
1131.47
302.986
643.521
3108.14
1098.53
2797.88
860.133
3029.48
918.701
650.017
717.829
712.413
710.36
682.927
676.614
693.784
546.327
405.183
555.05
358.379
528.919
511.921
385.617
641.14
687.659
651.959
677.063
666.977
695.675
624.15
1330.11
434.31
172.415
1611.84
817.594
3393.14
4464.94
2308.33
693.988
1373.14
725.283
782.982
1099.63
613.726
696.041
560.823
430.213
1205.64
1098.94
286.648
1298.21
667.369
435.53
1123.15
846.213
320.323
309.761
1253.02
342.449
705.279
723.297
667.903
679.233
753.616
706.157
683.646
362.135
286.063
311.713
301.288
348.988
315.356
306.167
342.932
265.355
307.86
299.5
351.101
307.296
298.838
382.692
381.495
368.658
363.277
344.909
318.539
351.345
335
360.071
338.758
349.206
349.177
465.247
526.079
524.564
464.868
440.717
502.053
444.751
503.432
349.782
547.144
477.844
456.077
456.751
457.214
390.678
489.276
336.468
321.066
340.493
359.625
343.042
340.179
340.107
339.425
342.758
356.04
339.21
337.857
582.499
621.92
531.279
585.272
537.882
582.746
620.585
567.831
542.267
575.413
511.622
581.101
561.52
525.283
614.496
634.469
614.749
647.851
623.94
604.04
644.346
526.607
472.77
427.775
473.24
479.077
531.296
480.487
515.8
602.676
457.218
554.733
469.821
507.204
593.57
444.552
404.721
501.756
338.72
502.812
434.414
341.512
559.904
633.273
609.107
661.282
611.317
556.776
630.106
392.581
345.979
275.054
292.559
350.475
385.647
303.344
665.184
640.424
643.187
622.422
646.459
649.705
648.893
651.09
633.327
761.267
783.031
690.597
698.509
694.948
663.196
650.603
689.43
657.976
664.317
666.564
653.377
671.412
657.395
672.288
680.015
680.08
652.327
659.23
255.433
271.743
337.332
327.742
344.291
365.184
359.373
301.761
344.291
325.926
306.908
278.892
333.676
284.299
314.094
325.949
293.048
320.737
324.001
294.976
253.04
324.182
256.952
324.215
286.761
314.166
317.956
288.538
250.178
329.005
253.698
322.169
260.018
251.378
314.131
282.518
310.703
313.122
276.596
313.854
311.262
313.091
320.328
286.868
311.371
281.849
317.985
319.279
292.219
297.499
330.307
274.301
241.353
337.588
249.371
334.438
301.609
315.902
302.355
333.383
257.29
330.344
248.859
334.442
43.0324
49.9834
45.1063
32.8871
17.2825
18.3237
59.9022
47.6177
48.2144
39.0951
17.2142
15.7589
49.136
57.3428
44.1918
46.6922
60.0218
43.4761
183.979
191.978
166.559
155.253
193.556
155.4
182.794
175.649
140.686
168.607
146.657
169.564
147.02
174.441
46.5368
41.1673
113.428
98.2325
114.229
46.0727
41.375
28.0295
29.2709
31.8369
46.4176
116.893
99.0818
41.7702
114.827
48.0635
41.6961
59.3923
61.3767
145.837
118.124
69.7065
133.756
50.7379
22.9228
25.3015
18.4004
52.6097
119.047
109.317
42.6693
125.826
48.3441
45.0303
84.8164
83.7404
81.2234
18.1038
42.1002
44.3031
82.3815
77.7188
79.1943
56.3876
70.2949
61.7353
23.0867
37.7383
32.1719
73.0177
74.1334
67.3024
225.887
222.581
276.874
254.907
266.614
281.261
253.455
281.703
276.633
277.571
283.511
257.319
267.483
253.963
279.748
281.32
252.665
285.395
287.365
249.703
212.737
238.482
213.293
235.729
252.25
288.432
287.898
252.67
212.661
230.377
210.075
234.034
227.428
229.34
283.292
260.974
275.573
288.365
259.069
286.612
285.382
282.625
285.621
259.773
275.099
258.269
282.503
286.196
246.683
283.317
282.905
248.816
206.501
220.521
203.676
223.93
247.951
281.678
283.37
244.214
207.741
228.821
208.935
226.16
304.762
300.189
335.234
378.837
354.128
334.299
356.048
357.155
335.841
379.936
336.525
354.519
542.168
618.777
544.945
614.669
541.344
615.231
541.226
615.086
304.038
305.944
340.711
379.852
360.343
340.022
357.511
355.407
338.856
376.999
337.36
358.289
538.854
614.162
539.643
613.029
539.891
612.36
539.003
614.371
333.062
354.84
380.38
332.683
353.47
538.502
613.487
538.8
612.832
271.825
252.004
278.93
259.967
274.337
249.287
276.803
202.552
219.453
202.351
218.3
241.82
279.113
242.727
278.421
201.838
217.221
1132.01
2869.41
963.695
515.162
1560.25
3584.03
2362.69
549.376
546.344
523.869
529.879
550.604
488.193
481.892
500.404
485.39
1303.98
224.563
609.572
850.938
644.579
649.603
662.224
651.908
657.353
658.99
659.393
663.275
568.185
574.498
603.976
591.313
651.604
642.403
616.029
633.346
66.8724
58.5867
107.828
76.5394
96.8535
77.9309
42.6265
66.3163
40.2449
76.3719
79.7751
92.6036
59.0171
42.32
64.018
67.4568
87.9388
40.5129
70.3051
44.2594
67.7447
294.902
251.604
230.263
211.401
266.768
297.074
242.121
412.026
480.464
451.64
426.146
462.969
390.493
437.467
365.054
310.006
386.069
417.622
332.585
416.064
356.534
344.811
265.547
374.711
319.582
333.634
288.107
371.746
128.281
81.4947
176.997
149.15
113.289
104.387
171.483
101.274
105.81
63.2703
113.414
87.27
88.6244
116.511
74.2128
46.2665
50.0501
62.0292
68.3419
68.1754
66.0127
161.363
206.998
168.128
241.559
137.301
215.972
186.443
104.371
82.7762
77.9656
87.3076
83.5021
67.7299
68.3726
74.9496
95.2106
79.0252
93.4433
76.418
75.2957
88.2722
74.3337
103.406
67.8735
82.1155
72.1453
66.7593
75.1075
87.4711
73.9606
324.285
313.509
134.041
137.538
157.888
99.6078
138.465
183.913
130.377
226.098
209.795
268.711
185.537
233.333
188.896
227.792
116.285
124.993
154.619
117.567
107.591
159.485
84.2278
98.6889
78.8181
86.7101
105.074
76.3486
94.9484
89.067
145.795
107.515
143.108
99.0601
137.806
110.554
101.854
84.2423
84.5338
102.522
118.907
88.5662
381.743
355.775
367.637
331.037
349.695
393.004
354.299
448.442
491.268
474.078
441.533
476.542
453.453
435.05
413.757
351.281
383.847
433.703
369.007
433.937
405.874
399.635
337.456
396.215
339.861
393.397
401.126
355.653
195.801
173.256
204.513
247.041
211.289
178.816
183.449
197.419
292.982
273.866
210.948
250.167
198.987
217.04
199.554
163.867
259.061
188.035
240.388
194.098
171.045
183.601
187.62
170.541
166.758
182.912
175.441
184.422
137.409
113.857
126.659
109.318
135.893
117.946
133.381
193.864
271.916
183.847
260.656
200.948
171.333
285.555
132.314
133.567
123.769
152.408
125.96
109.106
151.911
339.254
234.239
222.039
218.622
247.715
264.436
297.113
382.335
306.255
238.104
229.919
306.007
308.95
294.299
298.668
267.746
256.824
433.635
281.641
672.883
343.902
344.493
215.62
256.881
227.613
231.782
278.39
270.484
217.523
196.953
157.109
200.36
177.563
262.59
173.319
267.975
182.166
203.7
207.31
165.038
270.158
212.536
178.579
144.973
145.174
177.303
160.681
142.962
169.583
161.709
143.714
143.23
135.083
152.662
156.062
121.661
225.531
199.267
207.326
198.745
254.052
176.982
193.238
25.3225
36.2842
14.7116
99.5544
75.4728
53.3848
67.6791
30.3091
12.7949
150.723
90.6914
104.212
84.8694
153.083
76.7665
53.1175
158.02
68.333
139.612
180.711
190.878
211.867
161.258
209.962
112.374
41.6324
48.9355
48.8769
58.1318
47.203
37.5385
44.2345
75.4303
133.101
99.3524
111.569
85.3735
89.8637
105.676
55.2068
59.3562
88.3277
76.312
70.2171
45.8511
65.6473
60.7033
71.4694
97.8858
76.2273
69.1711
53.9619
86.912
69.7086
91.7947
70.4044
60.3592
92.2668
78.2227
55.3508
98.2985
134.162
127.462
124.799
126.498
103.179
114.294
105.08
76.7005
108.761
86.9456
100.673
124.653
117.127
106.001
106.939
92.1527
70.6867
70.648
109.941
75.0923
85.9309
54.4529
95.12
185.176
145.002
174.949
138.941
138.998
182.175
178.19
213.311
313.761
222.664
265.389
233.176
265.742
202.24
95.4587
109.392
138.76
130.958
114.237
113.086
118.858
102.93
148.562
106.857
153.938
116.801
92.9841
157.294
75.3164
96.1345
90.1613
81.0658
95.9754
64.1397
96.0042
124.012
157.209
172.701
178.25
138.295
151.739
167.325
198.636
183.961
163.96
147.643
206.163
190.478
148.058
243.444
247.031
277.999
248.411
294.245
253.743
232.164
353.603
261.692
307.127
296.036
351.821
308.407
294.709
344.324
271.691
306.775
298.668
346.73
305.467
297.144
224.536
227.541
285.863
267.492
271.516
297.781
263.835
293.537
291.124
285.43
294.267
267.104
270.486
262.668
284.055
293.715
255.523
295.013
293.237
257.477
216.707
240.246
212.998
245.56
255.89
290.451
253.28
292.22
216.568
254.04
219.179
248.703
228.449
225.412
285.174
263.371
274.877
289.909
259.517
285.422
289.395
283.305
291.317
261.157
272.983
261.664
286.487
289.925
264.083
298.812
300.452
259.414
227.202
273.601
228.988
268.088
262.897
303.327
300.396
267.683
224.238
257.324
219.888
264.153
315.5
316.451
353.034
406.641
376.051
355.897
375.046
374.276
350.388
405.95
353.563
375.722
550.376
618.01
546.254
624.621
551.018
634.215
622.335
556.314
312.587
311.605
342.823
390.009
362.39
345.095
365.061
370.098
352.209
392.01
346.132
368.695
554.714
625.947
625.108
550.782
555.172
622.612
633.312
553.133
328.74
322.965
357.289
391.902
370.219
350.958
370.472
363.356
352.183
389.057
354.499
363.921
491.498
547.879
484.234
553.705
504.029
583.671
569.172
516.316
322.077
323.414
343.041
348.318
365.768
345.152
352.569
360.106
347.682
371.612
347.763
356.048
538.778
620.252
611.048
548.866
536.427
588.738
606.585
521.217
249.429
241.816
298.697
273.614
292.3
302.931
272.484
295.893
304.452
300.02
306.996
277.267
295.99
273.266
304.869
303.562
290.316
312.95
315.098
282.977
257.331
326.135
258.264
321.141
288.209
314.595
289.932
314.978
256.458
305.708
249.828
316.29
251.306
256.569
308.479
281.547
313.132
312.576
312.22
280.784
311.473
309.73
310.69
282.186
312.983
278.996
308.042
311.25
276.508
310.666
309.567
283.103
237.407
276.883
233.696
284.584
278.196
308.358
271.094
310.943
243.094
299.505
247.213
290.111
188.858
176.606
166.131
170.485
159.091
160.339
162.466
160.102
157.786
154.748
128.719
128.82
156.83
129.475
155.449
158.516
131.145
157.308
129.655
159.718
130.166
156.47
45.2328
40.989
113.025
96.4916
111.935
45.9606
40.9036
30.2086
33.2787
33.5726
44.8677
110.431
95.7071
40.4732
111.318
44.6976
40.7191
43.7238
39.9804
107.816
93.1704
43.5856
108.396
40.1733
31.1293
33.5651
34.6278
43.9662
110.005
93.8434
40.3278
109.065
44.5292
40.3162
26.5321
57.8673
92.3909
94.4223
91.0281
95.3076
91.9255
86.5704
88.9532
85.7844
22.6932
54.3599
52.9406
90.3097
89.423
87.232
24.0141
55.2157
54.6237
91.5682
92.0632
89.173
90.2064
92.041
88.8478
642.98
639.514
639.332
639.593
641.467
640.612
638.94
640.364
641.266
640.748
640.247
232.695
230.329
217.955
243.68
243.345
235.929
224.683
278.757
232.667
241.381
256.788
260.871
272.208
254.583
183.908
167.048
186.447
173.464
186.51
182.678
174.109
181.256
165.01
185.437
172.583
182.516
185.225
171.929
568.02
544.489
606.366
701.215
687.752
609.056
597.162
227.362
213.723
222.844
212.558
229.763
221.943
218.636
692.531
880.358
637.882
835.802
698.704
873.503
633.213
692.837
648.85
840.244
876.781
872.923
639.311
696.597
1014.02
333.735
277.031
371.055
313.03
314.956
366.182
305.685
725.305
893.65
655.574
884.309
710.24
908.43
679.882
733.174
695.322
911.271
900.101
916.327
730.973
698.16
174.657
158.405
179.266
165.861
178.836
175.679
165.239
1000.77
992.57
993.952
991.083
653.156
820.029
757.448
572.567
572.664
804.685
658.363
639.33
543.391
720.209
730
608.895
559.668
774.43
204.854
186.355
215.09
204.198
214.363
205.543
194.987
655.341
879.832
699.769
197.997
210.19
240.153
164.487
204.866
215.717
191.651
341.514
347.003
493.654
327.062
360.236
637.793
332.118
233.175
250.242
260.712
255.276
241.798
244.063
288.711
675.72
830.635
570.605
779.206
664.534
843.297
584.809
694.978
667.563
893.291
819.87
716.803
866.849
624.071
177.22
160.605
180.278
166.673
176.041
180.717
167.372
996.425
231.035
218.919
233.957
223.713
233.132
229.899
223.724
62.5757
35.717
63.3576
29.9621
35.1642
51.2515
45.6669
292.416
240.53
292.141
275.389
280.677
303.982
265.901
184.706
168.134
189.288
177.365
187.912
187.133
175.465
181.055
164.218
184.044
170.512
184.142
179.966
171.037
229.543
217.737
233.336
223.254
230.132
232.814
222.169
326.629
260.474
295.686
282.88
310.654
308.728
292.064
174.501
157.87
177.946
164.323
173.892
178.062
164.641
703.012
450.696
499.689
321.385
515.439
512.897
296.473
843.853
904.725
621.498
858.363
678.216
560.722
1033.15
423.734
500.612
409.782
412.821
508.446
411.096
422.851
413.08
398.55
500.907
408.159
506.669
407.53
405.931
381.909
454.232
387.756
401.945
387.658
474.521
383.632
404.353
382.223
398.976
492.686
483.842
390.442
384.871
196.595
178.847
192.655
180.966
190.308
198.004
186.686
479.967
564.899
443.71
466.041
556.937
462.344
483.27
478.608
460.758
442.43
558.655
556.732
461.559
479.565
483.93
575.904
450.259
470.34
571.04
469.537
485.602
482.856
464.692
449.296
562.03
567.858
465.937
479.97
486.164
577.698
471.928
454.33
486.011
578.676
472.035
485.747
454.15
579.033
237.97
276.755
225.989
318.17
230.808
227.201
311.704
216.378
236.278
221.855
260.67
249.7
227.312
218.178
276.964
356.512
214.629
331.191
316.282
241.836
349.7
493.868
568.454
460.445
471.12
583.607
487.015
477.691
498.82
493.851
464.924
608.773
589.614
486.423
508.044
516.412
615.584
487.388
503.523
622.495
506.998
512.765
517.083
503.384
487.467
614.723
624.282
507.549
511.665
434.004
499.633
414.718
409.444
431.359
497.219
419.092
442.57
433.798
414.528
520.501
502.19
424.534
453.391
494.328
606.441
463.631
493.974
584.372
505.758
483.006
482.652
450.534
453.968
537.384
568.705
466.154
465.764
178.03
161.746
182.81
169.542
179.554
182.097
168.573
)
;

boundaryField
{
    left
    {
        type            calculated;
        value           nonuniform List<scalar> 
703
(
273.694
214.351
21.9443
222.034
226.937
221.255
34.0751
429.657
244.196
214.047
161.872
188.877
188.922
170.874
306.074
184.968
187.837
220.467
161.301
497.127
304.889
251.069
200.959
68.7881
58.1005
273.781
538.688
184.063
229.271
74.3752
188.503
290.878
84.1751
155.826
108.142
16.4502
154.725
442.872
546.854
397.324
522.396
647.84
424.041
145.134
471.328
515.295
21.7167
49.5529
193.443
36.8822
29.2579
41.7368
47.7778
305.065
488.016
185.344
207.57
150.193
54.9205
253.318
151.499
339.389
207.252
278.895
350.05
449.703
209.623
79.2442
279.413
205.566
455.344
76.0355
165.849
35.4009
31.0175
34.4817
155.281
16.6445
19.8464
215.636
190.431
178.891
59.3366
113.722
220.799
233.491
176.213
192.016
249.039
29.6406
97.9639
49.002
436.974
634.833
665.976
367.178
448.129
303.827
192.485
356.801
357.931
137.425
140.66
165.79
600.729
188.003
188.842
196.324
136.3
143.238
168.536
199.799
206.072
313.535
249.322
140.07
219.211
273.484
305.356
158.975
134.631
136.978
282.794
320.962
339.511
173.848
189.425
215.229
47.3726
176.336
162.654
171.244
179.24
47.6097
168.308
216.96
182.752
238.878
159.806
171.636
167.43
203.055
175.412
164.423
255.959
198.919
228.663
125.106
108.428
83.5394
108.14
120.398
138.043
98.9605
109.883
133.936
152.969
131.387
588.419
602.791
440.591
367.345
681.522
660.945
346.567
573.023
319.333
579.184
542.965
471.332
617.806
587.046
614.967
363.167
511.213
559.575
221.805
248.206
135.57
601.853
456.346
270.076
456.27
487.975
560.057
31.2676
141.787
139.03
157.775
143.233
37.4064
168.591
143.354
165.748
27.3578
79.912
69.9929
87.9827
80.3317
26.8457
36.6761
71.1945
47.2194
69.7379
68.1775
36.4209
494.279
291.065
186.781
192.497
130.861
222.183
189.092
62.7043
128.81
126.69
177.477
146.621
219.279
71.0491
117.646
152.878
157.934
114.758
236.838
246.935
357.588
168.453
227.416
203.756
219.342
174.431
541.399
251.984
198.504
211.398
507.957
373.28
321.498
397.132
181.999
245.325
287.291
96.3172
187.716
146.187
169.296
214.064
191.574
292.474
261.323
171.985
401.815
351.117
386.446
97.4053
148.525
116.097
126.902
96.5938
32.6517
92.3266
89.9362
95.3622
93.1288
33.6167
131.937
134.123
158.362
17.3235
136.033
134.34
138.518
136.504
17.7737
8.3022
29.8742
24.1541
35.0287
39.4891
30.5241
302.101
271.702
305.025
396.185
349.51
390.291
49.2749
35.3226
31.1071
38.348
41.3651
55.581
437.255
100.127
35.1949
35.4202
105.921
49.9967
189.575
139.208
122.449
85.0477
87.0092
17.1436
24.4975
83.7184
83.4126
50.9747
57.2986
54.0573
36.1242
49.7788
48.8267
69.8298
67.4193
27.8116
40.7112
37.7338
39.2749
39.8738
38.989
38.7305
154.14
97.7457
101.331
32.4414
36.1809
73.6884
115.774
124.657
150.296
184.717
182.1
149.122
295.469
239.497
211.84
92.5957
99.6467
273.892
34.5368
75.8163
77.5334
30.3581
70.6433
72.2709
76.3142
74.5398
33.4929
17.4756
85.7259
84.963
82.849
84.5869
19.701
189.049
208.99
209.152
210.715
207.599
184.375
65.5138
26.8337
55.0296
65.2198
124.251
179.238
231.909
219.453
251.829
242.988
185.444
77.9214
62.09
82.3114
23.5669
31.5933
30.9201
138.231
162.387
161.398
165.382
163.279
138.915
135.535
159.508
158.616
160.948
160.005
136.102
180.9
203.68
198.037
209.059
207.276
186.046
39.0128
35.6175
57.7437
172.453
132.387
135.186
127.341
127.241
168.043
176.756
140.472
135.711
138.748
139.541
179.277
47.0727
43.5602
43.3152
172.15
33.0564
29.0871
126.715
167.899
123.42
121.988
134.39
126.825
165.269
191.38
133.488
161.859
119.648
128.194
184.399
187.701
46.0348
30.3925
209.087
267.865
259.429
287.963
275.903
217.581
165.669
214.907
113.002
120.392
89.2113
133.61
123.04
122.811
123.073
133.283
17.3369
88.1904
130.19
153.691
153.171
154.824
154.121
130.716
80.7355
86.2236
27.8571
140.69
126.432
126.268
125.241
126.076
139.948
151.232
124.653
125.308
125.557
125.147
146.794
41.6763
72.6678
80.1636
148.917
174.215
168.513
190.462
181.882
156.378
60.699
56.6853
29.8788
72.504
81.4318
89.0342
73.5331
77.1538
72.85
81.2754
93.8735
98.6204
91.7409
92.2926
80.9947
26.3973
65.0794
64.6577
37.835
42.2013
35.1214
66.8453
63.8396
63.0795
59.2344
56.948
48.9373
61.9953
60.8074
66.3079
63.7283
60.0839
69.1353
44.0481
35.1934
40.5665
78.0603
91.9231
149.901
244.11
77.4382
63.235
83.0071
83.2819
227.592
62.8055
24.259
28.8695
30.7387
19.6296
117.529
98.2566
50.0833
67.9422
84.0434
97.077
94.9493
120.243
82.6953
105.608
105.722
91.7215
134.314
129.807
124.517
192.001
98.4843
103.291
115.849
218.4
279.285
301.075
265.911
278.004
226.313
185.69
145.484
119.651
199.203
166.854
203.091
171.098
168.781
185.262
194.741
208.432
226.59
217.712
215.514
182.811
96.1963
90.9893
91.8104
123.826
115.892
110.309
124.791
169.236
226.878
123.327
77.3077
35.5216
94.4282
104.799
106.332
103.486
93.0546
74.2441
73.0104
31.9783
89.0298
100.22
102.936
100.635
98.2601
87.1747
90.2455
101.686
105.254
104.001
101.475
90.7016
32.8235
73.8745
75.6166
132.603
156.211
155.386
158.035
157.001
133.286
83.7918
85.7106
17.7465
135.531
123.586
123.582
122.901
123.339
134.966
137.899
124.756
124.924
123.835
124.469
137.358
18.75
85.0916
83.7311
213.54
228.868
237.678
252.125
267.179
229.841
178.029
179.221
162.671
160.286
176.429
177.571
216.71
221.866
209.452
285.131
315.401
321.352
153.783
169.838
170.732
182.211
200.462
209.377
327.155
274.808
385.747
257.265
312.258
419.971
178.427
174.881
204.898
171.229
172.239
156.12
225.466
226.889
214.967
240.542
280.033
289.715
47.6674
43.6559
29.9958
163.593
180.316
182.787
175.02
175.981
159.696
213.346
224.427
225.307
297.169
305.281
260.505
168.989
169.52
153.364
186.244
192.402
175.059
360.096
362.984
584.54
442.487
324.413
345.343
157.051
173.124
174.445
)
;
    }
    bottom
    {
        type            calculated;
        value           nonuniform List<scalar> 
141
(
327.787
768.949
27.0905
40.4574
782.927
176.673
769.557
153.531
778.146
298.293
606.171
643.021
452.591
448.072
763.564
81.9767
793.095
463.206
457.371
411.912
126.433
332.576
367.52
735.965
537.292
509.958
257.272
266.183
255.868
762.528
445.174
68.872
493.367
476.549
788.304
289.951
329.549
267.676
282.675
122.739
36.6509
479.206
442.634
155.359
109.964
175.111
436.832
214.71
59.3737
228.679
402.92
110.446
287.24
279.789
335.921
348.892
261.384
263.521
140.317
82.0639
73.1874
304.467
317.344
271.196
274.725
27.149
66.7299
93.8612
175.314
131.666
41.95
148.487
54.9634
53.3131
219.676
148.477
187.278
492.395
283.756
278.279
219.75
276.37
462.133
275.884
181.781
122.701
261.236
214.637
364.325
176.159
334.174
188.431
229.201
265.688
297.153
446.929
408.417
243.765
157.784
141.093
441.827
447.248
446.411
444.601
458.13
474.937
461.6
456.941
300.776
303.111
291.753
294.682
315.548
318.027
306.742
309.944
288.757
289.798
285.603
95.3737
90.1076
61.7442
397.081
406.611
378.933
386.709
443.764
447.545
420.456
430.076
338.841
344.531
323.798
328.97
369.079
374.746
353.023
359.861
36.5061
94.7435
89.0513
)
;
    }
    interface
    {
        type            calculated;
        value           nonuniform List<scalar> 
1726
(
277.96
65.2637
84.8087
246.815
257.615
64.3505
80.0441
199.004
260.039
256.242
9.81214
317.176
271.566
37.2377
50.6301
18.1596
54.0077
2.94744
29.6013
246.087
65.3709
254.821
52.2558
159.798
168.724
262.425
277.703
15.678
10.885
12.6379
6.18603
11.2524
33.8483
103.747
32.2695
295.977
241.783
369.056
259.572
772.509
593.845
456.858
414.451
503.298
163.555
337.271
228.334
586.319
386.811
147.817
219.586
308.061
86.1657
275.188
161.316
294.241
174.623
108.895
140.927
198.354
128.525
121.338
141.264
187.498
114.4
775.794
103.68
208.493
57.4305
56.9015
253.253
253.672
156.15
159.106
81.7344
168.022
127.569
101.473
61.7305
112.749
52.1086
53.1127
82.6164
170.135
167.364
254.423
256.14
703.636
165.528
450.45
520.94
639.773
422.165
935.746
3334.86
748.889
425.662
656.325
444.709
271.433
279.914
585.464
528.855
643.466
408.176
556.583
381.463
651.361
272.957
621.279
905.562
663.052
669.78
44.8494
34.2615
31.1818
64.9713
62.7079
26.9431
35.4872
87.1452
6.34613
79.9366
14.2989
3325.6
102.622
90.9913
86.2606
49.0928
38.4202
185.723
475.911
360.065
302.57
127.614
70.1897
24.9469
229.273
110.678
104.204
213.891
55.6526
72.251
148.529
376.77
487.032
362.01
327.868
222.4
195.979
164.381
202.456
83.1887
257.933
154.169
173.794
224.251
164.254
123.626
136.874
139.017
117.372
203.511
243.569
147.816
64.9664
88.1861
73.1752
119.323
135.495
144.275
111.367
92.8548
136.96
298.573
274.1
274.519
13.852
12.7368
95.1935
8.19835
9.71072
17.4851
55.4335
12.8445
39.6617
48.6868
119.976
38.1475
221.708
233.037
287.773
259.655
399.728
35.0162
66.0669
57.6494
22.0869
249.337
255.228
87.1385
75.877
21.3375
107.502
64.0721
198.823
255.174
257.146
109.59
9.75154
282.497
274.486
11.0991
39.2584
35.0767
5.04389
111.701
19.6353
71.4029
60.9516
50.3349
1.34717
20.7267
33.6926
229.106
238.491
299.328
308.855
243.041
298.717
63.7434
68.8871
70.9062
138.787
187.904
239.003
288.48
167.873
158.635
215.76
5.50742
72.9503
165.985
107.834
167.339
132.838
267.418
274.512
240.571
236.706
320.003
310.184
244.359
262.574
109.495
15.6135
110.008
11.1969
11.8693
59.1974
53.3294
5.36211
10.3608
57.7766
64.995
73.7671
32.889
20.8443
201.114
173.794
199.655
184.689
188.786
152.304
260.692
156.765
32.7655
68.4708
220.28
163.469
205.016
165.057
452.879
264.993
352.135
253.527
252.423
256.18
372.303
318.341
317.76
270.223
237.067
251.612
583.247
776.189
986.539
447.523
400.109
354.048
210.493
173.122
231.723
388.302
272.303
308.476
294.067
195.026
261.559
155.989
130.354
154.526
131.593
201.289
114.613
166.318
227.184
183.397
197.369
263.779
269.184
225.976
103.305
135.471
149.438
279.111
231.24
232.178
196.522
166.901
193.08
279.737
244.266
232.047
200.312
179.946
199.149
143.732
134.743
126.921
168.151
159.661
127.152
53.2705
135.611
75.7141
141.68
110.811
126.353
152.599
124.486
130.752
169.095
177.441
155.848
102.654
114.109
108.463
166.266
163.671
153.386
130.445
155.032
129.042
293.239
182.699
187.332
55.9659
46.444
185.904
187.326
203.395
171.777
181.696
195.983
70.1953
25.9049
77.4546
163.361
172.691
181.291
85.3836
175.933
249.809
255.919
173.902
193.428
227.715
104.508
107.002
129.221
148.947
187.082
182.208
197.058
148.33
95.4736
114.229
109.871
97.339
91.8557
88.9514
124.926
111.7
124.791
69.3444
70.4092
98.0654
87.5042
72.3256
64.0367
69.6278
61.3981
87.0732
52.3197
152.368
111.064
274.927
253.398
212.602
322.998
179.298
175.34
99.5565
134.138
11.9077
186.129
180.248
95.1037
250.273
210.984
194.205
27.6572
188.761
205.078
255.721
254.287
160.919
158.366
159.085
147.632
124.246
123.333
148.702
13.899
117.162
116.174
15.8466
8.36014
115.611
186.301
395.286
248.828
436.47
194.278
573.813
516.563
536.196
561.147
495.459
536.485
628.029
596.336
561.034
439.215
461.656
494.789
588.711
686.483
790.048
267.955
225.261
356.267
246.639
351.043
317.192
1119.97
657.236
426.116
626.703
1605.75
988.849
2711.73
724.336
705.365
657.814
556.913
288.884
463.556
686.898
657.897
668.212
1168.27
127.11
969.967
695.664
942.695
711.802
649.844
718.427
285.9
271.386
409.112
377.664
314.362
336.593
338.74
461.81
436.919
347.943
332.787
346.751
343.285
341.935
341.403
618.049
534.16
580.609
569.848
510.428
557.028
628.412
611.483
601.495
468.821
466.079
523.151
598.37
450.439
497.041
478.791
316.631
406.292
631.207
607.302
551.384
330.047
290.813
360.707
634.534
642.127
639.392
740.308
748.495
676.329
638.508
692.798
660.877
649.054
665.126
642.827
260.162
327.979
334.006
343.476
241.709
310.991
313.365
206.191
239.858
302.021
306.177
206.277
304.875
320.029
321.078
304.009
246.904
213.195
248.021
214.954
56.5062
29.6177
8.54034
62.2277
52.8442
45.9774
12.4297
56.7246
54.3693
175.474
162.464
186.065
150.177
123.78
124.932
22.8032
112.661
128.208
125.766
158.234
56.8475
144.468
39.773
116.116
129.952
137.78
94.5959
81.6606
3.62155
43.8814
87.79
66.6152
18.1595
38.2597
71.9676
84.5012
271.581
288.833
288.778
217.115
179.729
217.159
278.694
178.409
295.64
293.306
213.404
174.731
213.659
175.896
319.461
356.201
359.524
323.363
540.225
539.365
305.722
327.029
363.202
359.265
323.565
361.338
536.105
319.218
356.205
535.066
535.581
286.812
269.422
284.455
173.407
210.258
172.813
33.2113
38.9002
58.6224
15.2295
13.5122
76.1449
30.1846
52.1349
31.0744
17.71
242.558
223.616
282.783
446.195
424.01
389.073
309.138
406.446
350.532
262.789
364.856
323.93
70.7463
163.931
103.227
32.9578
98.7294
73.1472
22.7204
29.3014
46.3145
195.822
156.979
129.138
103.365
101.92
75.1607
86.1599
83.6259
62.9734
65.6772
60.9452
65.7836
107.989
61.4462
62.8627
76.1351
324.79
133.812
84.5333
108.19
269.199
232.971
122.26
152.491
115.621
41.237
74.7627
68.6257
142.542
103.629
94.4676
352.747
369.553
392.506
470.045
443.379
438.342
346.987
422.748
403.349
324.324
391.679
399.752
170.039
205.768
177.269
273.804
210.234
196.201
156.616
257.311
189.05
188.478
161.881
175.683
119.4
109.318
136.594
255.382
181.761
157.028
119.404
130.211
95.2518
244.874
237.975
220.522
202.027
284.66
253.913
196.421
397.292
238.6
290.219
335.847
248.268
304.21
317.623
143.413
198.545
184.584
145.48
174.646
166.637
159.044
269.474
209.379
171.721
282.387
112.085
139.843
151.829
136.813
156.258
143.887
118.765
35.6739
101.416
70.979
83.2597
9.63188
160.836
82.3482
62.847
30.4997
184.727
185.242
65.0629
39.3368
38.3505
45.8847
49.7677
28.2374
33.8229
38.8621
73.571
147.545
87.6796
102.377
52.3869
55.0617
75.1523
64.9361
40.8137
37.4671
59.0268
71.7113
94.525
67.4199
69.56
95.4312
91.7118
54.4773
115.108
86.8566
100.711
132.634
121.703
105.374
113.465
105.359
146.856
172.798
179.621
218.891
199.293
84.1879
94.8458
134.19
121.675
105.893
94.6187
110.566
96.3714
167.381
86.8872
171.888
57.5349
87.1396
75.8277
67.3126
48.1713
86.881
77.8437
119.02
177.913
153.173
173.514
196.601
180.089
163.703
153.33
207.346
200.635
138.989
234.49
243.842
294.304
282.156
259.182
261.109
269.309
277.19
234.479
307.74
303.442
222.724
183.539
221.203
185.984
237.575
279.37
297.421
297.241
231.256
194.364
230.871
192.408
343.296
375.779
374.037
338.311
375.121
546.742
544.101
327.901
365.441
371.055
335.453
549.238
546.341
550.198
326.558
340.34
371.822
368.02
343.451
367.759
490.873
320.839
339.991
352.991
364.973
345.885
361.675
535.483
311.893
291.914
312.211
243.59
301.785
304.123
211.266
243.631
303.611
208.15
300.94
320.5
317.493
236.186
198.155
238.093
200.004
164.077
150.171
124.737
149.009
125.566
123.391
122.095
19.4522
13.42
109.455
16.9968
120.387
121.597
15.4324
117.596
15.9896
118.326
12.2368
109.087
120.073
119.04
17.5639
13.3795
102.189
92.5924
96.7607
8.00538
55.3845
98.8767
9.1473
57.0271
101.061
90.0976
100.126
230.835
302.406
384.667
321.058
301.387
256.68
59.427
227.389
186.826
182.953
285.272
361.056
330.519
350.173
319.237
321.276
194.735
196.98
269.052
86.0483
220.981
65.285
36.6143
97.0471
166.906
88.9663
91.4809
98.6594
430.038
79.0226
831.295
461.121
808.104
644.73
232.137
160.296
799.599
455.828
1030.28
693.307
124.211
214.659
543.223
532.51
605.216
455.779
329.02
257.396
261.283
264.851
262.306
262.564
67.1033
78.7256
233.678
275.901
190.227
183.609
235.822
176.095
272.673
182.107
305.134
640.372
637.251
638.697
635.983
637.972
175.149
269.987
234.147
760.304
526.604
512.359
598.972
436.682
337.068
621.529
632.355
628.794
633.443
549.413
584.296
626.305
592.108
281.186
323.591
120.528
130.186
81.7438
152.552
165.186
79.364
268.782
230.909
229.258
265.696
235.689
286.027
192.21
281.017
203.719
220.145
206.794
313.979
642.414
656.527
312.381
650.641
660.113
564.109
600.191
648.648
612.072
255.197
260.311
303.398
244.378
258.067
299.728
222.059
239.241
160.783
94.1424
92.2095
619.218
617.241
617.704
615.438
616.549
171.854
47.053
86.273
86.4564
38.0337
77.5227
76.0939
6.53428
97.3008
11.7586
109.888
167.005
112.961
349.891
361.559
452.721
324.687
320.338
275.785
345.306
260.323
68.8425
8.4629
8.08481
113.64
18.7242
19.222
83.7342
42.3673
47.9929
22.3555
230.252
272.23
236.26
277.372
279.576
301.882
306.986
295.944
224.77
266.974
157.074
234.631
113.416
193.548
123.192
126.15
19.6517
105.051
147.17
80.7167
95.8011
233.353
183.406
226.233
248.566
218.883
234.674
236.066
281.805
286.107
237.452
280.369
314.213
310.181
325.492
320.314
247.642
292.297
258.873
304.139
112.195
17.7389
111.947
57.4922
51.6066
56.1711
12.3337
37.4872
208.558
194.619
192.953
209.134
255.362
200.32
199.207
281.163
209.012
249.979
215.925
222.249
217.229
245.075
189.977
183.544
73.1887
77.1837
140.593
18.3496
100.294
96.7056
76.852
71.6333
256.273
233.007
179.717
244.305
171.805
345.043
195.325
316.127
188.285
362.854
195.308
196.698
377.074
208.877
48.7372
155.659
133.634
157.991
131.598
209.896
165.632
159.101
160.965
207.153
210.056
162.344
159.588
213.906
80.9363
43.2826
166.168
165.683
164.444
164.996
153.625
127.27
152.034
128.905
205.641
160.844
208.224
157.707
206.731
157.053
159.132
204.43
87.0606
88.729
49.4823
78.6367
81.4524
208.092
193.168
210.598
188.217
249.152
202.248
198.152
212.455
208.188
246.352
247.34
223.893
216.694
246.57
220.045
215.84
18.6903
86.2689
98.807
106.698
137.305
126.161
269.697
187.944
252.78
205.452
400.059
320.812
218.162
447.761
401.422
205.337
381.588
216.11
9.8559
96.2569
14.053
104.062
88.9497
159.083
147.355
121.969
146.511
122.768
198.814
154.857
152.122
200.629
199.633
151.88
198.379
152.771
114.69
12.7134
518.635
488.489
719.068
548.709
771.602
362.289
362.285
342.273
290.064
858.806
948.534
467.137
46.4531
283.226
136.13
220.523
506.31
59.5784
304.033
187.018
516.227
496.117
279.787
934.054
948.835
406.173
532.717
565.044
552.127
764.924
519.985
553.106
1261.4
639.742
300.779
484.094
257.975
583.241
901.506
347.831
346.853
338.989
353.574
349.225
411.672
396.281
405.257
404.464
547.752
462.914
441.508
519.727
421.41
412.268
409.848
419.363
451.544
403.561
376.198
387.77
375.166
482.478
393.167
373.308
386.717
392.149
381.459
382.553
536.297
318.521
334.479
333.831
340.676
310.585
282.995
304.511
328.374
272.388
312.915
308.253
327.011
243.267
206.736
259.552
238.657
210.1
257.063
306.724
327.895
324.854
257.738
310.938
316.177
222.988
228.203
261.089
256.772
203.39
264.3
86.3834
51.2293
16.3927
55.8115
58.3801
62.9473
1.29027
51.9847
49.0402
166.59
135.702
160.274
142.281
232.112
189.139
187.412
241.239
175.043
224.04
168.831
162.721
216.682
168.312
120.132
17.1585
21.2341
106.045
30.4751
21.7876
70.7623
90.0768
44.9877
88.3299
70.6126
32.9586
76.2199
290.82
273.746
288.511
272.183
230.874
274.405
277.792
214.733
178.93
188.661
278.216
216.855
176.382
186.62
292.647
292.753
236.823
276.689
277.344
273.455
213.511
172.856
178.669
274.278
211.246
175.158
180.995
301.884
320.857
357.896
320.969
357.455
475.368
460.198
461.532
474.987
542.345
637.848
476.433
465.587
462.529
479.417
538.859
636.55
306.823
324.492
361.406
324.912
536.862
479.577
465.018
465.314
478.316
536.266
637.334
481.914
469.654
469.527
482.933
536.855
637.746
317.284
354.997
483.208
637.714
483.892
471.367
483.633
471.287
269.463
172
174.811
209.846
173.644
1199.04
907.736
529.059
500.127
379.055
518.057
167.989
494.579
624.06
627.511
633.197
633.686
557.756
570.873
615.575
609.526
73.2017
79.5893
58.9829
68.8076
133.953
208.611
153.609
170.706
166.416
300.307
329.366
299.704
225.034
89.3129
116.225
116.369
82.5506
336.282
509.067
287.978
354.579
425.105
391.978
337.649
331.171
29.8105
44.9456
9.53969
177.694
187.235
98.4031
56.3396
45.2899
59.5246
73.7941
71.5257
50.6476
86.1215
124.485
67.5428
58.245
302.974
247.738
236.719
188.219
211.995
212.172
243.786
234.214
311.448
183.948
311.166
281.605
230.233
301.028
303.718
290.446
281.57
303.371
236.804
281.321
294.023
291.465
284.106
224.563
180.61
196.538
282.885
218.293
186.82
200.044
278.534
300.942
298.055
234.255
281.321
292.122
227.975
194.317
216.046
232.7
189.409
212.35
314.239
341.082
375.204
341.591
548.085
496.051
492.54
486.841
502.776
646.433
489.267
471.461
483.526
476.634
551.091
649.418
311.718
330.176
367.124
331.717
370.238
515.043
504.216
508.018
548.095
510.448
657.233
654.446
514.263
504.443
507.446
510.496
323.135
342.236
372.324
340.3
503.916
436.944
432.46
425.226
445.98
482.844
570.767
429.304
414.24
424.666
419.685
514.364
585.849
321.782
341.185
357.427
344.178
531.903
478.881
451.547
465.516
520.036
462.219
637.613
543.36
630.751
491.866
494.237
503.428
484.059
314.446
310.921
249.588
293.412
297.148
299.016
239.095
210.569
257.004
243.272
203.921
252.013
316.795
301.443
317.065
261.334
301.217
298.671
238.231
195.471
228.411
301.164
234.45
201.022
232.993
180.328
171.741
161.934
161.931
150.537
127.27
152.078
126.115
202.321
153.878
200.071
155.566
202.393
158.498
205.009
155.215
112.414
17.7875
112.386
15.7855
93.7797
59.2419
99.1127
100.617
94.0286
54.4228
96.2609
90.3559
55.3086
97.6094
97.3044
617.83
616.074
616.265
617.341
616.524
615.558
)
;
    }
    procBoundary1to0
    {
        type            processor;
        value           nonuniform List<scalar> 
224
(
317.035
317.035
317.035
288.782
231.725
238.526
282.146
243.804
230.815
421.023
957.611
421.023
421.023
300.553
985.03
241.606
194.93
200.603
241.249
199.941
195.061
585.298
707.996
639.026
491.649
288.576
289.309
349.586
993.449
282.264
242.879
234.756
235.571
193.079
190.903
740.921
844.708
889.745
802.227
603.637
600.97
1020.04
435.753
740.921
740.921
603.637
603.637
600.97
600.97
360.86
519.93
731.556
1001.02
883.296
965.678
682.703
682.703
682.703
606.897
606.897
606.897
667.358
667.358
667.358
261.422
211.415
221.335
237.025
191.858
194.828
283.724
230.058
229.289
274.951
230.02
251.96
488.332
402.266
259.276
624.603
548.924
498.311
870.884
3123.79
821.041
242.325
200.986
195.602
240.233
194.287
198.99
277.478
239.696
240.213
285.486
252.885
240.184
234.161
189.788
191.745
1020.04
1505.6
598.608
569.586
498.878
634.397
821.041
1020.04
1020.04
3123.79
1505.6
1505.6
598.608
598.608
569.586
569.586
367.511
307.443
815.474
291.659
278.185
204.882
618.399
618.399
618.399
642.723
642.723
642.723
246.624
202.425
202.473
238.666
196.989
192.997
307.443
259.276
278.185
278.185
639.026
525.797
455.741
639.026
748.332
231.725
238.526
230.058
229.289
243.804
230.815
230.02
251.96
194.93
200.603
200.986
195.602
199.941
195.061
194.287
198.99
289.309
349.586
239.696
240.213
242.879
234.756
252.885
240.184
193.079
190.903
189.788
191.745
634.397
821.041
3020.17
1357.81
255.851
966.392
4378.11
535.448
536.246
510.459
512.147
408.326
547.633
512.568
454.239
519.93
731.556
815.474
291.659
518.694
603.514
563.671
556.733
574.221
584.39
595.681
603.668
597.004
585.3
211.415
221.335
202.425
202.473
191.858
194.828
196.989
192.997
646.513
777.058
748.332
1030.14
946.163
884.648
928.148
816.872
854.91
886.727
955.999
891.869
964.5
1011.55
925.423
986.015
)
;
    }
    procBoundary1to3
    {
        type            processor;
        value           nonuniform List<scalar> 
23
(
168.258
157.01
125.577
125.577
125.577
33.5502
90.3844
27.1472
97.4098
156.786
125.532
151.643
153.994
105.234
37.1203
42.6232
105.234
39.7481
59.0441
93.8618
177.117
163.641
173.456
)
;
    }
    procBoundary1to4
    {
        type            processor;
        value           nonuniform List<scalar> 
78
(
986.173
1004.49
1004.49
986.173
986.173
951.397
978.103
952.449
1014.05
968.827
968.827
951.397
978.103
978.103
952.449
952.449
658.926
659.465
976.6
660.993
667.856
667.856
667.856
658.926
658.926
659.465
659.465
976.6
660.993
873.069
660.993
660.993
655.487
656.449
679.274
679.274
679.274
685.65
685.65
685.65
655.487
655.487
656.449
656.449
660.131
609.874
607.778
608.115
610.713
607.121
607.944
607.121
606.666
608.273
605.974
605.875
601.143
601.463
603.517
603.134
599.23
599.712
598.345
943.748
945.882
1029.07
1045.5
988.898
1029.07
1000.68
1035.67
1023.86
1032.08
943.748
1020.98
945.882
1022.76
1024.34
)
;
    }
    procBoundary1to5
    {
        type            processor;
        value           nonuniform List<scalar> 
55
(
789.2
700.85
881.064
446.235
856.15
503.833
300.968
318.33
270.642
576.574
318.33
958.416
503.833
419.425
300.968
576.574
576.574
452.345
270.642
318.33
318.33
341.996
235.696
281.944
266.886
295.163
216.584
379.817
331.388
353.125
379.817
537.584
612.464
612.464
271.274
259.541
248.585
276.705
242.149
242.149
278.189
200.016
214.945
638.582
700.85
656.635
881.064
656.635
656.635
997.051
471.777
471.777
484.063
471.777
576.678
)
;
    }
}


// ************************************************************************* //
