/*--------------------------------*- C++ -*----------------------------------*\
| =========                 |                                                 |
| \\      /  F ield         | OpenFOAM: The Open Source CFD Toolbox           |
|  \\    /   O peration     | Version:  2012                                  |
|   \\  /    A nd           | Website:  www.openfoam.com                      |
|    \\/     M anipulation  |                                                 |
\*---------------------------------------------------------------------------*/
FoamFile
{
    version     2.0;
    format      ascii;
    class       volScalarField;
    location    "0.106/solid";
    object      sigmaMax;
}
// * * * * * * * * * * * * * * * * * * * * * * * * * * * * * * * * * * * * * //

dimensions      [1 -1 -2 0 0 0 0];


internalField   nonuniform List<scalar> 
3124
(
-120.936
31.6718
-167.391
-444.62
-162.135
44.0981
-165.902
-444.257
-171.66
-99.2245
-103.554
-401.134
-174.764
-132.642
-85.1146
-162.005
-237.343
-138.583
-135.535
-423.316
-142.934
-142.032
-131.778
-607.915
-91.0226
-57.3226
-235.327
-282.602
-2.52176
-197.939
-29.5956
-158.517
-26.608
-332.594
-405.31
-600.618
-444.368
-346.352
-606.224
-403.801
-37.3895
-85.2271
90.1658
109.112
45.7917
-161.583
-38.9816
-97.1782
-338.569
-442.646
-405.557
-600.044
-340.527
-602.339
-405.116
-171.37
-137.572
-126.936
44.1913
-73.1962
-299.369
-15.2467
-193.263
-72.0616
-256.49
48.6176
50.3714
-470.802
-374.761
-552.067
-384.997
-421.378
-390.459
-355.024
-672.58
-609.088
-321.207
-248.15
-115.914
-240.415
-226.165
-22.0048
-20.1377
-151.266
34.4595
-15.9568
24.0743
-13.0864
-271.611
-273.109
-709.815
-717.153
-334.421
-443.32
-606.465
-401.845
-722.416
-271.116
-35.794
-354.096
43.3085
-262.023
-29.4979
106.957
-7.34368
-278.662
-61.2715
-68.9524
-178.542
-199.094
-129.546
-30.8793
-95.9077
-183.626
-110.585
-77.4807
-340.71
-436.199
-566.364
-399.494
-397.159
-595.202
-402.701
-271.68
-259.636
-721.586
-744.945
-667.002
-724.334
-243.619
-262.493
-156.852
-138.645
-127.678
36.3184
43.2246
37.214
27.0646
35.9778
-569.184
137.502
54.3295
-127.012
-168.632
-127.349
-153.687
164.478
71.0099
58.3385
134.956
-169.184
-128.506
-139.005
-177.222
-319.808
-82.5999
-182.448
-64.8066
-220.351
-147.262
-22.1667
-197.014
332.141
77.227
-169.584
-610.883
-204.102
-74.2605
-308.644
-127.387
-234.361
-204.534
-231.047
-155.841
-267.214
-136.173
-85.4611
-88.6029
342.97
86.3392
-644.007
-100.687
-52.396
-158.436
-58.1083
-217.012
-102.069
-31.5934
-204.432
-129.036
-204.968
-154.733
-207.36
-157.528
-178.879
-117.431
-128.128
-156.965
-106.752
-159.615
-122.96
-117.76
-161.64
-130.668
-135.322
-109.058
-172.822
-114.915
-119.955
-144.079
-140.949
-130.213
-84.8293
-83.0966
-259.332
-396.669
391.447
-328.114
-94.4195
-20.7879
-242.261
-216.501
590.12
-92.5586
-48.7602
-104.344
-29.1833
-119.13
282.451
-100.426
-21.9418
-98.652
-168.064
-116.199
-126.655
-24.8595
-88.7728
-98.4379
-453.343
-344.576
-479.212
-406.266
-407.312
-478.588
-453.145
-456.441
-342.744
-409.719
-480.361
-456.544
-410.234
-478.624
-151.442
192.809
80.3654
134.372
165.568
111.035
151.922
362.586
180.722
62.5448
88.9013
38.7446
135.352
158.916
40.0484
97.0143
82.8753
68.4189
86.8489
130.709
-172.745
-146.469
-144.122
-102.615
-78.5217
-111.806
-119.31
-84.7806
-116.195
-452.15
-325.723
-493.734
-406.523
-448.03
-406.128
-492.831
-454.195
-331.29
-408.623
-483.82
-456.223
-405.808
-488.915
-179.753
-136.539
-125.705
-80.4145
-49.453
-417.224
110.595
876.551
-77.0996
-128.261
8.5191
-348.827
-106.721
87.6825
-281.773
-247.835
-312.375
-289.517
-312.452
-238.289
-223.873
750.744
810.705
-86.4713
-165.902
132.402
-263.16
-103.443
-68.3854
-97.674
-607.817
-619.198
-88.6458
383.207
304.027
-286.691
-6.07433
97.6143
4336.74
74.8134
-197.065
-229.073
-230.569
-273.255
-342.496
-214.91
-231.721
-499.108
-1053.5
50.9115
13.9853
966.275
75.3547
-156.395
-52.0959
-222.382
-19.0955
-399.12
-464.545
-405.072
-410.639
-384.581
-482.668
-406.374
-432.623
-402.57
-488.51
-424.282
-488.614
-420.536
-441.947
-541.555
-556.838
-676.197
-570.43
-575.015
-525.515
-619.134
-578.142
-521.424
-538.636
-341.313
-294.026
-319.28
-320.552
-339.612
-266.808
-315.369
-325.492
-228.52
-205.02
-290.601
-341.537
-173.47
-287.205
-344.043
767.555
-264.688
-256.029
-300.077
-270.509
-305.487
-423.445
-399.907
-367.601
-230.938
-371.058
-396.634
-392.656
-404.542
-226.961
-338.731
71.4274
-15.5389
104.591
-16.8147
105.025
100.977
-139.169
-109.449
-91.445
-54.2899
24.8016
-57.6142
-81.2803
17.2995
-60.7222
147.292
11.6254
135.471
110.583
5.42706
131.971
-366.682
-369.615
-356.165
-274.642
-357.432
-370.992
-371.852
-355.2
-272.585
-355.101
-491.335
-485.18
-569.56
-706.024
-567.357
-485.89
-486.563
-571.455
-710.177
-566.105
-479.54
-403.098
-450.54
-491.273
-572.562
-364.066
-352.19
306.119
4323.3
-269.527
-329.603
-72.9077
-10.2394
55.9972
86.3516
67.4244
-29.9599
-24.6523
-117.709
-215.414
-299.367
-192.72
-231.788
-203.131
-149.519
-91.5584
-44.8972
16.6166
-112.572
34.162
-165.135
-70.3266
70.2627
77.2135
72.8351
-53.2141
-97.9334
-42.6866
47.7077
-42.8939
34.7742
-87.6738
-252.858
-253.317
-310.054
-214.736
-243.899
-224.574
-206.716
-160.835
-133.786
-103.169
-97.5392
-98.3646
-148.94
-143.287
-150.601
-65.9439
-141.688
-94.7969
-182.278
-96.486
-148.067
-189.889
-200.02
-156.373
-193.652
-174.956
-193.541
-139.725
-138.658
-166.159
-163.693
3.62167
-79.1546
-25.3002
-88.1842
-68.8327
-58.8757
-128.962
-168.071
-151.133
-141.161
-177.106
-141.805
-126.058
-106.03
-80.3519
-90.1525
-95.6203
-114.849
-128.114
-49.8849
-153.349
-101.18
-179.274
-120.663
-153.229
-48.2464
-147.162
-230.737
-119.774
-138.925
-82.1033
-86.516
-87.1254
-169.674
-10.564
-116.816
-75.5748
-448.946
-380.974
-490.835
-413.571
-448.41
-488.34
-418.851
-451.601
-387.123
-487.878
-428.315
-452.374
-486.94
-426.487
-365.638
-361.953
-356.491
-265.258
-353.705
-368.881
-363.367
-355.233
-266.124
-356.594
-521.755
-519.433
-577.571
-737.821
-589.151
-494.397
-507.908
-594.304
-749.128
-595.464
-520.71
-511.443
-569.398
-671.143
-568.876
-514.719
-510.298
-588.467
-694.771
-574.923
-374.244
-386.184
-370.837
-253.353
-371.127
-396.992
-393.973
-363.518
-253.645
-363.764
-147.399
-139.839
-129.37
-80.9247
-82.5375
-53.6673
39.5745
-51.9298
-49.926
40.4069
-51.4353
160.479
150.192
31.7856
154.823
32.9999
158.953
155.9
24.6092
26.6919
30.4981
75.7438
29.133
34.5645
61.011
80.7593
54.8429
52.4453
110.904
68.2343
68.6524
90.8522
-177.553
-181.989
-269.887
-209.366
-198.606
-160.451
-180.172
-403.607
-574.433
-491.618
-525.782
-417.639
-370.921
-424.36
-205.089
-145.237
170.084
-66.6336
-261.463
-43.7864
-136.791
-18.0284
-25.4529
-12.5677
-25.4093
-14.6359
-16.3758
-402.632
-338.899
-398.058
-383.014
-382.954
-396.65
-402.379
-407.894
-344.163
-387.973
-400.008
-406.653
-391.684
-402.755
-106.424
-204.389
131.898
114.782
110.19
97.9283
139.201
-26.842
-52.0586
-37.0697
-71.6465
-100.404
-66.7451
-408.614
-325.73
-405.904
-383.031
-404.934
-383.94
-409.225
-406.5
-340.786
-388.96
-401.933
-406.056
-384.489
-400.959
63.4415
45.6301
65.7393
-581.466
-496.671
-726.519
-530.298
-451.061
-464.117
-433.763
-452.637
-429.226
-506.595
-470.124
-433.248
-391.963
-444.073
-429.216
-439.358
-422.763
-435.576
-590.503
-542.394
-481.29
-477.738
-422.054
-411.934
-366.092
-367.987
14.6156
-18.7679
19.3461
-19.3375
20.7816
17.8054
57.0828
33.1268
57.7244
-1.32253
-6.99423
12.3205
84.9256
20.4225
80.3932
33.5167
-8.86016
41.8133
-310.988
-315.882
-325.568
-326.557
-418.782
-422.682
-424.432
-422.199
-401.398
-394.314
-330.378
-379.318
-399.712
-397.216
-380.958
-420.62
-418.701
-310.146
-308.645
45.4557
91.2848
107.029
69.3684
110.083
-81.0274
-93.8887
-178.162
-201.57
-178.737
-159.164
-172.896
-166.971
-176.603
-121.049
-11.7088
-42.5686
0.0357901
-44.4639
-13.6163
-102.616
-69.804
-71.2375
-3.2711
-83.8219
0.569448
-412.319
-360.831
-417.13
-394.372
-414.016
-415.643
-397.293
-435.294
-391.965
-437.373
-424.179
-432.481
-441.611
-429.804
-304.358
-297.342
-317.875
-317.408
-447.013
-435.739
-425.765
-426.422
-443.425
-460.148
-474.92
-471.332
-313.323
-328.769
-374.719
-374
57.6975
37.8907
59.557
62.7684
42.7812
63.1207
37.4163
98.7901
97.9521
88.3105
28.0994
88.3308
34.3489
97.334
94.8674
47.5263
127.823
164.509
67.6108
60.9503
32.5141
21.8663
58.6394
-142.893
-146.665
-120.048
-126.939
-140.745
-125.546
-146.52
-146.599
-130.491
-127.317
-147.434
-129.518
-147.232
-147.156
-144.34
-127.393
-116.689
-141.072
239.763
351.721
281.856
58.4102
34.3252
45.7068
39.9649
47.7011
47.6704
170.847
120.108
185.734
126.06
88.1801
155.13
144.951
90.7857
123.054
259.752
110.032
-146.625
-148.954
-116.125
-131.489
-141.711
-115.75
-152.767
-153.9
-121.158
-161.582
-135.624
-158.376
-119.106
-157.598
-149.249
-155.779
-165.035
-169.429
-131.401
-155.761
-110.527
-188.605
-91.9168
-127.939
-140.875
-118.408
-12.7025
-180.588
-69.7604
-118.199
-183.841
-15.7758
-175.638
-279.023
-167.727
-192.815
-161.98
-188.726
-227.638
-103.852
-17.5174
-45.9477
-88.5108
-46.6266
-153.321
-29.2085
58.5846
-444.954
-171.708
-31.2903
-39.7864
238.454
-106.356
-258.11
-280.303
-237.717
-242.684
-214.522
-252.947
-248.59
-183.705
-171.511
-155.047
-131.763
-172.703
-183.18
-167.411
-232.546
-259.196
-180.235
-226.84
-218.212
-200.443
-232.924
-203.817
-191.708
-136.997
-201.34
-201.755
-174.9
-201.323
-105.73
-107.304
-85.4036
-86.0052
-104.776
-86.1084
-107.945
-106.339
-88.2235
-110.645
-87.0238
-108.136
-86.6028
-109.041
-105.155
-143.635
-105.966
-76.5438
-96.699
-109.884
-118.043
-98.7312
-10.4183
-171.354
-50.1572
-107.529
-142.817
-13.5349
-143.828
-169.601
-159.276
-186.534
-152.835
-151.77
-144.959
-69.6794
-77.2019
-17.4461
-42.4515
-58.4801
-115.919
-13.3226
-179.389
-204.723
-177.673
-168.707
-176.5
-182.62
-163.164
-160.937
-166.238
-149.543
-137.902
-164.392
-161.865
-152.895
-192.466
-198.63
-167.269
-207.879
-201.829
-164.583
-199.435
-155.986
-173.568
-153.505
-154.674
-161.073
-166.735
-150.889
-146.114
-139.059
-129.913
-130.611
-148.844
-133.844
-123.469
-153.657
-149.165
-136.514
-159.788
-160.21
-128.578
-153.912
-118.271
-88.6813
-134.707
-97.7623
-110.139
-99.1475
-102.841
-132.146
-171.008
-136.996
-135.097
-149.652
-136.403
-125.762
-139.769
-141.02
-141.73
-126.214
-139.293
-141.469
-134.056
-145.928
-175.078
-164.816
-144.118
-141.977
-159.658
-149.185
-123.267
-115.909
-124.907
-107.711
-122.364
-127.036
-113.877
-126.656
-127.193
-127.735
-125.8
-127.194
-125.113
-124.346
-125.401
-103.44
-106.613
-85.0573
-84.2122
-104.454
-84.0792
-106.046
-103.074
-82.8718
-104.866
-83.5737
-102.187
-83.6356
-105.377
-191.34
-657.244
-26.3019
-257.39
224.675
-472.041
-550.794
-65.5554
-128.135
-11.8617
-168.431
174.698
-96.2821
-87.8563
283.98
-61.154
-42.0744
-125.819
-99.3891
-128.044
-61.0986
-37.4532
-22.1924
-10.5754
-9.81067
-54.1137
-125.821
-98.9009
-36.2025
-127.225
-55.9438
-35.0926
-141.311
-136.531
-116.682
-121.27
-122.662
-135.823
-141.448
-145.132
-129.935
-146.699
-124.721
-147.2
-127.064
-144.886
-26.555
-15.984
-17.9601
-53.5909
-32.0039
-112.825
-93.7902
-117.595
-55.4198
-37.7926
-60.5124
-123.583
-40.0063
-96.8121
-59.5367
-120.501
-40.3152
-405.62
-338.757
-386.265
-398.14
-404.013
-387.389
-401.041
-406.963
-347.322
-390.105
-401.617
-406.418
-389.094
-400.14
137.121
-198.916
-147.046
-86.624
158.843
156.187
114.986
158.169
145.537
213.452
136.505
165.743
311.04
129.843
191.999
216.586
200.967
135.559
148.989
140.884
107.706
178.565
202.095
108.179
126.643
158.267
51.7792
129.753
131.912
103.656
42.4882
106.54
85.4749
164.022
127.15
99.0139
63.843
23.5133
61.1474
81.7864
76.5922
71.1529
146.657
153.488
96.3001
130.519
129.983
132.947
124.219
112.716
130.544
87.762
150.703
89.9624
136.919
120.513
88.0299
107.119
67.3739
83.5029
101.51
102.131
57.3952
88.8366
60.9272
174.205
91.715
130.93
91.3087
67.3519
-182.652
-175.712
-108.32
-158.324
-144.024
-144.125
-182.295
-168.581
-126.899
-167.502
-146.227
-166.434
-125.647
-171.932
-71.169
-48.8812
-125.262
-105.527
-123.982
-72.2833
-54.4387
-66.0735
-46.7569
-43.4345
-71.7606
-127.788
-109.057
-57.088
-127.318
-70.0907
-57.1484
-81.061
-73.5143
-107.718
-129.424
-146.28
-66.2009
-74.8933
-92.7142
-49.0019
-53.0608
-66.8967
-132.529
-117.477
-58.6088
-127.736
-66.6905
-59.9347
-403.797
-326.774
-380.086
-403.719
-404.682
-376.794
-402.546
-405.438
-333.114
-378.564
-400.145
-403.685
-384.997
-402.51
-153.149
-163.482
-172.32
-172.083
-122.539
-120.745
-120.372
-120.6
-98.7169
-101.883
-80.4927
-79.8453
-79.7489
-99.4382
-101.38
-98.3219
-78.8596
-100.49
-79.3201
-97.812
-79.2462
-100.875
2.23585
23.472
-76.7377
-48.7382
-75.8881
-0.12486
25.0488
46.9518
67.1742
3.6455
-48.1567
-75.3354
26.051
491.47
-654.97
-564.918
-493.79
-308.903
-642.221
-354.323
-318.72
-648.157
-605.752
-96.0849
-290.121
-124.855
-498.352
731.242
-616.23
-232.44
681.619
-250.575
589.588
-242.701
-213.723
17.095
-58.4806
233.137
-69.3713
-178.575
-114.307
109.254
-68.3573
-202.105
-243.354
-201.723
-163.26
-180.585
-281.629
-166.897
-262.613
-285.918
-326.067
-289.971
-301.663
-274.239
-272.79
-257.862
-249.976
-332.202
-237.883
-313.242
-229.755
-264.55
-227.17
-285.928
-217.092
-271.984
-229.532
-296.001
-231.662
-238.099
814.156
-208.985
-165.594
726.099
-268.033
-54.6557
-188.693
-132.043
421.352
705.722
-230.671
755.319
-30.5989
-218.685
55.1694
-269.55
-145.284
-176.135
575.685
-186.897
-176.577
-258.589
-109.831
-153.985
488.073
-123.565
-49.9955
-405.995
2524.3
-410.794
104.277
-145
-61.9874
-339.844
-53.4006
167.227
-730.299
-112.25
-482.228
-62.3755
-164.87
498.327
-142.619
-710.146
-419.335
-679.914
-417.464
-498.323
1303.71
-673.366
975.47
-386.267
315.095
-693.316
-527.667
-289.94
1055.47
2052.72
152.965
-140.247
1740.92
-205.925
-169.015
297.634
534.755
-12.4551
21.2132
-232.183
-170.666
-154.174
3583.29
-667.79
1067.56
-576.429
1768.72
78.3933
-196.054
-251.327
-293.903
-117.737
-161.484
-333.013
-155.156
-229.274
-213.025
-328.903
-144.941
-269.919
-225.103
-207.279
-220.773
-296.03
-354.237
-227.963
-347.696
-213.73
-234.873
367.879
-1336.74
-1098.36
1341.93
-409.456
4490.34
6340.58
-975.809
-81.2446
1190.85
-233.958
112.602
756.368
-186.345
-11.5307
-119.088
-161.796
765.683
787.175
-229.787
1147.97
-27.5164
-164.893
824.975
225.011
-116.684
-127.389
1038.23
-196.498
9.79257
-167.203
-207.372
-137.847
-44.0985
-78.2748
-70.5898
-430.018
-419.909
-473.269
-444.248
-444.296
-450.983
-434.163
-439.317
-389.953
-443.547
-423.66
-432.1
-453.614
-431.143
-557.955
-595.795
-575.931
-596.454
-599.708
-512.063
-519.711
-586.894
-545.713
-557.656
-540.456
-582.944
-755.713
-827.174
-828.955
-744.73
-784.565
-822.951
-764.232
-868.249
-790.055
-432.083
-596.222
-943.017
-709.155
-912.085
-813.524
-699.063
-503.333
-489.889
-513.987
-524.606
-532.134
-515.651
-542.408
-562.414
-530.983
-536.755
-530.834
-556.298
-290.37
-349.998
-318.181
-280.286
-297.979
-342.046
-278.435
-297.461
-301.223
-337.115
-314.353
-291.384
-336.07
-309.591
-302.559
-343.23
-341.25
-275.464
-289.359
-343.574
-281.228
-276.747
-295.241
-275.757
-299.646
-278.771
-326.659
-281.622
-252.621
-338.413
-254.892
-257.198
-270.101
-276.058
-246.025
-231.651
-199.099
-283.585
-171.888
-223.217
-235.253
-223.898
-261.906
-341.233
-328.473
-239.608
-244.74
-296.528
-246.112
-215.013
-204.473
-215.684
-166.422
-222.368
-216.656
-218.06
-251.196
-333.581
-333.665
-282.556
-296.584
-268.884
-256.461
-97.2681
-85.1369
-58.7389
-26.9756
-11.8133
33.5813
-206.887
-198.729
-321.585
-227.314
-221.112
-165.253
-262.161
-246.691
-202.438
-318.166
-175.801
-191.96
-153.792
-252.361
-231.16
-382.939
-387.992
-480.613
-412.795
-468.353
-406.106
-483.203
-429.824
-456.018
-463.882
-455.916
-407.715
-375.889
-397.728
-458.907
-437.615
-308.2
-393.769
-386.608
-309.66
-258.594
-70.535
-267.727
-61.7749
-315.081
-413.627
-403.6
-327.594
-253.239
-59.2312
-251.685
-63.9411
-361.947
-359.922
-441.152
-399.91
-391.898
-443.338
-392.41
-439.818
-440.313
-432.507
-434.807
-392.473
-393.929
-397.117
-430.73
-434.428
-279.529
-429.014
-373.967
-332.372
-260.103
-79.9043
-239.975
-77.5201
-313.764
-402.102
-300.857
-372.639
-242.476
-64.0126
-268.864
-58.0105
69.9278
82.2838
74.4524
-15.5609
22.0326
24.5964
99.6748
79.3643
80.0671
-20.2626
21.3334
15.1618
82.3396
95.2082
74.1842
78.1771
99.8862
72.7468
-121.239
-130.209
-109.284
-102.2
-128.8
-100.811
-123.599
-115.004
-90.1191
-113.461
-95.8835
-110.455
-94.7233
-117.692
-3.57514
19.3859
-82.4401
-54.7359
-83.3651
-3.9871
20.2485
30.3503
52.0146
57.06
-1.77599
-86.6238
-55.7594
17.5297
-84.3351
-6.94912
19.8845
-26.1615
-19.7013
-106.618
-72.9276
-37.648
-98.6788
-5.98069
6.62983
45.4249
31.4946
-15.6022
-88.444
-65.8501
13.5024
-93.37
-6.80605
5.40396
142.778
139.696
136.66
16.2557
71.9335
75.9941
137.508
130.586
133.174
94.6164
117.348
103.508
-1.18534
64.1844
53.8587
121.736
124.48
112.886
-321.992
-319.347
-390.873
-358.344
-364.912
-396.71
-358.637
-400.2
-386.295
-395.027
-404.337
-363.381
-367.7
-361.987
-395.29
-403.705
-304.152
-378.235
-377.637
-305.425
-255.972
-143.696
-257.498
-149.687
-304.179
-378.195
-378.26
-304.996
-256.286
-154.543
-257.87
-147.203
-324.39
-327.723
-401.74
-364.314
-369.475
-405.855
-366.061
-408.139
-398.31
-400.746
-405.242
-365.882
-369.448
-365.309
-397.574
-407.731
-302.494
-378.058
-375.611
-305.513
-253.653
-162.106
-254.713
-154.326
-299.861
-369.614
-370.341
-299.862
-255.729
-152.033
-258.096
-157.75
-424.944
-421.379
-471.159
-489.108
-505.497
-469.001
-504.434
-498.406
-466.958
-489.385
-470.664
-498.919
-757.267
-867.295
-763.972
-860.76
-753.729
-858.863
-755.009
-857.439
-422.733
-424.46
-467.983
-488.108
-496.051
-468.319
-490.432
-490.821
-468.218
-483.687
-465.708
-492.172
-782.469
-886.892
-788.318
-881.495
-773.095
-866.174
-765.975
-873.165
-470.054
-509.514
-493.723
-472.458
-510.168
-797.713
-892.603
-793.947
-895.531
-385.578
-355.506
-395.961
-362.33
-385.244
-355.017
-396.092
-253.359
-158.985
-255.092
-163.882
-298.328
-370.005
-300.333
-368.158
-253.04
-160.949
-634.862
1183.69
91.9984
-1272.44
1288.94
4654.95
-993.217
-831.215
-831.931
-825.372
-871.599
-434.735
-942.438
-913.053
-701.02
-121.511
1938.43
-251.485
322.418
148.611
-885.444
-898.385
-930.598
-914.332
-937.162
-943.202
-945.248
-949.268
-803.011
-796.338
-805.197
-795.875
-913.391
-897.532
-838.437
-860.758
-33.7437
-29.185
-51.6195
-47.8653
-45.946
-42.8933
-4.35395
36.7536
1.26147
51.1509
106.903
77.4166
21.9174
34.3049
4.04948
-45.469
-12.1842
12.8802
-21.0797
2.25528
3.04774
-154.172
-159.947
-147.287
-144.965
-146.982
-189.3
-151.639
-243.832
-252.585
-273.599
-271.503
-241.681
-239.085
-247.635
-205.517
-185.827
-199.901
-257.688
-195.304
-207.214
-216.825
-189.161
-168.82
-246.956
-185.62
-211.696
-188.894
-192.714
-82.8112
-47.1274
-119.491
-84.4695
-71.2552
-80.5294
-90.1003
-55.611
-29.3734
-11.0955
-86.7269
-23.083
-58.8583
-57.4783
-21.3128
-20.8155
25.8368
12.2651
-1.3041
-40.3153
-12.3782
-119.753
-136.443
-109.767
-124.564
-85.227
-124.086
-113.944
26.2777
-13.5288
9.05284
63.1107
31.1826
33.2124
1.2046
38.6176
89.7232
48.6946
81.785
54.4583
41.0722
97.2504
9.3713
62.4262
0.238505
48.5004
33.4409
-11.3659
32.2809
78.3736
18.9704
-186.109
-209.985
-85.2628
-57.0697
-66.8686
-26.3486
-55.0834
-97.9419
-72.7042
-150.479
-66.2079
-137.959
-74.6274
-150.847
-62.0029
-108.969
18.3772
28.8701
2.2865
3.85753
33.0732
7.43584
-22.7567
-16.8475
-1.26545
-83.0034
25.477
-49.5632
-34.3022
-51.9941
-54.2228
-82.9781
-49.047
-47.3078
-42.7172
-54.4075
14.6494
55.1279
19.1757
24.9562
22.1453
31.2932
-204.744
-248.904
-259.872
-185.618
-201.898
-277.773
-193.281
-257.016
-270.681
-305.259
-288.936
-272.045
-264.505
-290.036
-240.65
-237.496
-247.224
-286.136
-231.903
-252.601
-276.655
-210.852
-231.853
-268.714
-207.55
-211.861
-274.534
-200.015
-126.705
-121.364
-164.019
-144.081
-142.235
-129.583
-121.597
-116.799
-71.3348
-136.729
-136.202
-121.661
-132.932
-113.427
-97.5662
-87.2398
-100.964
-90.887
-80.3299
-106.204
-105.595
-127.251
-167.347
-145.545
-138.978
-136.92
-143.036
-130.808
-87.4123
-71.8123
-100.866
-99.2134
-86.4208
-70.2577
-111.007
-139.81
-177.177
-124.433
-146.959
-142.138
-127.76
-149.694
-109.748
-64.0181
-103.178
-79.8836
-90.4591
-85.1787
-101.497
4.72827
-285.667
-193.836
-224.962
-239.381
-308.435
-3.73501
59.2901
-191.245
-158.403
-170.969
-211.479
79.5825
-203.124
10.6286
-137.642
-246.155
105.288
-229.302
83.4139
-299.706
-96.226
-211.668
-188.547
-166.572
-220.129
-68.1963
-188.27
-40.937
-263.137
-182.07
-210.919
-227.883
-13.2627
-195.683
124.051
-121.718
-156.828
-161.232
-125.57
58.2903
-120.314
-33.1582
-73.8302
-159.661
-150.584
-173.199
-56.9586
-76.5517
-90.6373
-177.821
-168.533
-148.323
-191.097
-171.477
-162.128
-36.0762
-193.905
-151.019
-160.362
-56.9365
-188.623
-111.135
38.5833
3.89627
17.9261
-61.6069
-45.4107
-29.301
-15.7424
-23.4669
-7.29362
-97.658
-56.3282
-65.913
-56.7258
-71.8704
-57.2365
-40.0092
-67.3635
-50.5736
-157.211
-157.289
-159.666
-130.913
-153.745
-169.716
-86.7807
-77.8732
-82.7338
-97.7993
-110.838
-109.139
-74.5135
-82.196
-73.1488
-20.1507
-92.0824
-81.8432
-96.5649
-71.368
-59.8905
-80.5198
-82.0728
-86.9872
-42.5326
-91.5331
-64.1208
-75.1338
-77.3799
-112.634
-88.225
-70.4654
-111.156
-77.8116
-70.4297
-126.347
-120.318
-98.5938
-120.474
-118.363
-123.477
-103.556
-73.7733
-63.6074
-149.509
-119.322
-62.5451
-144.821
-60.5937
-72.9371
-25.6596
-5.0596
-135.678
-138.877
-152.118
-139.984
-148.47
-133.58
-137.434
-88.5546
-124.69
-107.88
-63.1795
-128.867
-82.003
-68.4404
-152.189
-166.637
-174.456
-145.469
-142.34
-147.256
-155.481
-132.083
-136.795
-127.164
-273.435
-101.875
-225.241
-134.073
-127.794
-111.778
-98.1986
-137.438
-116.94
-69.2804
-154.389
-106.278
-12.9643
-94.3787
-84.8557
-104.998
-85.955
-31.7872
-103.352
-90.7501
-91.9271
-40.9562
-102.893
-86.046
-38.5697
-117.555
-128.536
-86.6469
-77.6482
-114.773
-108.515
-61.4186
-193.659
-191.578
-148.3
-157.617
-187.449
-161.576
-183.457
-172.166
-196.636
-268.792
-184.939
-217.121
-222.876
-149.333
-423.426
-366.504
-425.83
-412.94
-421.531
-427.843
-410.881
-430.146
-394.725
-436.46
-423.253
-430.324
-434.89
-423.277
-290.116
-294.094
-379.236
-355.355
-363.568
-399.281
-353.844
-396.643
-383.956
-373.012
-388.895
-351.753
-360.247
-348.089
-369.33
-391.184
-301.401
-368.91
-371.166
-301.588
-254.333
-145.713
-255.933
-138.043
-301.508
-375.283
-303.602
-372.618
-253.968
-132.744
-255.509
-139.656
-304.654
-306.938
-392.687
-363.252
-366.125
-403.082
-358.437
-394.221
-402.163
-386.92
-393.552
-351.046
-362.193
-356.806
-380.884
-399.191
-300.162
-364.105
-364.371
-300.335
-255.511
-114.462
-256.213
-123.429
-303.032
-374.858
-371.248
-305.413
-253.231
-133.239
-254.586
-124.389
-436.961
-435.128
-499.654
-525.447
-555.014
-502.446
-554.019
-548.657
-495.077
-520.626
-497.762
-555.033
-791.998
-878.553
-776.738
-893.203
-812.384
-929.1
-909.502
-830.114
-426.616
-429.628
-472.943
-495.519
-502.184
-476.764
-511.194
-530.844
-486.778
-506.362
-482.259
-522.481
-860.015
-938.417
-943.222
-849.629
-859.228
-942.702
-951.305
-856.493
-464.175
-456.827
-503.78
-517.175
-542.667
-499.76
-538.974
-516.734
-498.416
-513.196
-502.052
-522.905
-706.048
-799.324
-711.679
-793.612
-699.111
-803.283
-791.327
-711.223
-469.579
-468.738
-506.27
-520.942
-512.858
-504.297
-514.29
-514.683
-501.912
-511.657
-501.071
-509.454
-808.556
-914.945
-896.58
-831.968
-775.412
-833.903
-860.945
-743.799
-356.471
-344.525
-405.326
-365.749
-372.789
-404.386
-369.216
-390.459
-414.531
-419.761
-431.462
-386.068
-382.946
-382.012
-427.942
-426.103
-323.333
-405.837
-405.992
-323.368
-268.809
-71.9651
-269.202
-79.1489
-327.463
-413.708
-329.144
-411.128
-265.025
-87.6148
-266.371
-78.8622
-366.448
-375.383
-443.411
-397.369
-443.251
-394.926
-441.024
-401.159
-444.482
-441.996
-436.351
-396.23
-391.851
-395.684
-434.025
-441.25
-313.672
-401.839
-395.215
-319.385
-255.006
-111.665
-256.958
-100.833
-307.814
-376.423
-305.782
-382.523
-259.992
-89.0346
-262.45
-98.0841
-141.651
-134.466
-126.91
-128.271
-122.497
-122.802
-125.205
-122.713
-100.486
-102.448
-80.8828
-81.3467
-99.8417
-81.3114
-102.95
-100.985
-82.5996
-104.224
-81.9423
-101.86
-81.7979
-103.629
-1.97677
19.7129
-81.763
-52.9327
-80.6191
-4.08573
20.8204
39.4113
59.9619
60.5562
-1.05917
-79.349
-52.2974
21.1405
-79.9764
-2.12216
21.4759
0.589763
22.9877
-77.1166
-50.2349
-0.204504
-77.493
23.2691
41.7981
60.4741
62.4102
0.245027
-78.9616
-50.7718
21.5306
-78.0616
-1.91445
22.7499
38.6511
99.5216
155.776
157.587
153.466
159.116
154.991
145.802
148.444
144.474
30.2311
93.3603
90.9863
150.77
150.636
146.952
33.2672
94.8544
93.9199
154.368
153.643
150.307
151.994
153.653
149.729
-874.439
-868.126
-865.632
-865.338
-891.847
-887.635
-873.418
-878.629
-898.067
-900.419
-902.073
-179.969
-156.454
-167.908
-143.963
-189.186
-149
-156.79
-212.967
-167.772
-157.998
-139.147
-202.56
-137.851
-160.503
-143.63
-133.328
-111.03
-120.417
-111.54
-142.141
-120.945
-140.404
-131.368
-110.086
-119.779
-141.683
-109.48
-119.306
-251.582
-327.46
178.635
-272.037
-315.814
-13.1521
-247.97
-171.383
-161.894
-141.328
-148.339
-147.288
-168.714
-153.447
-506.908
-435.602
-560.77
-602.417
-504.197
-435.923
-558.698
-501.412
-558.723
-604.976
-432.369
-434.802
-557.815
-502
-323.477
-240.728
-182.921
-49.0419
-184.565
-183.947
-194.382
-182.138
-494.8
-431.858
-563.973
-601.774
-503.528
-430.157
-567.378
-489.942
-565.493
-430.895
-603.157
-426.515
-482.179
-567.886
-135.057
-126.607
-104.774
-115.175
-104.3
-135.883
-114.704
-328.626
-331.322
-329.479
-330.87
-440.193
-427.485
-533.082
-529.193
-517.076
-431.611
-458.727
-399.218
-441.028
-313.449
-483.936
-354.37
-490.435
-401.013
-158.703
-147.661
-133.203
-141.917
-164.133
-126.259
-135.47
-559.686
-430.093
-496.894
-110.924
-95.1413
-51.9404
-86.5479
-117.729
-111.687
-108.672
80.6507
-179.027
-253.208
-198.499
-213.372
-213.234
-214.075
-114.899
-63.9599
-71.5152
-110.337
-101.41
-176.091
-30.0386
-481.698
-441.259
-539.079
-577.31
-478.82
-439.317
-544.835
-482.204
-557.793
-433.119
-586.744
-482.35
-441.596
-550.715
-136.973
-128.067
-105.503
-115.762
-136.162
-105.81
-116.25
-327.391
-177.202
-168.847
-155.828
-158.579
-155.165
-173.792
-157.794
77.7313
64.2277
107.819
16.5029
35.6419
91.5935
44.2281
-223.704
-167.567
-139.559
-166.678
-139.477
-224.361
-163.891
-144.767
-134.681
-114.041
-123.357
-112.65
-147.143
-121.928
-140.074
-130.562
-108.424
-118.221
-108.612
-139.117
-118.658
-172.971
-166.349
-155.134
-158.412
-173.275
-152.605
-156.906
-218.378
-177.89
-149.524
-172.103
-234.404
-140.867
-173.583
-134.886
-125.975
-103.767
-113.851
-134.426
-103.746
-114.199
-95.4354
-493.038
-379.953
-664.518
-296.311
-428.137
-759.071
-496.553
297.798
-296.053
481.829
-100.942
-448.193
-465.256
-646.436
-635.442
-572.591
-618.558
-629.167
-629.958
-638.431
-661.331
-639.66
-627.037
-575.879
-632.706
-653.916
-641.641
-654.5
-579.346
-598.487
-561.11
-587.545
-568.659
-650.136
-626.242
-649.405
-566.628
-620.28
-583.378
-641.243
-671.106
-153.64
-141.914
-116.42
-125.908
-149.565
-119.99
-129.858
-644.68
-660.952
-570.318
-620.835
-662.113
-614.838
-650.018
-641.976
-614.386
-566.246
-657.775
-657.848
-613.596
-643.804
-664.004
-664.267
-569.802
-639.278
-662.96
-635.003
-669.22
-657.134
-623.104
-568.71
-658.109
-660.263
-627.507
-651.067
-676.554
-666.181
-643.989
-574.136
-673.706
-668.538
-646.15
-677.393
-574.076
-668.374
-133.631
-67.7551
-171.678
29.6531
-166.813
-134.542
-0.493488
-151.941
-150.607
-194.928
-229.434
-207.44
-119.199
-160.151
-61.7676
31.3083
-135.518
49.6404
-71.0639
-112.241
57.1577
-672.864
-670.769
-578.529
-630.658
-671.076
-660.801
-642.754
-690.009
-673.796
-588.303
-682.036
-684.247
-659.592
-704.296
-730.65
-685.21
-597.306
-696.579
-691.373
-701.451
-723.559
-730.57
-693.512
-595.571
-691.972
-689.509
-702.12
-723.365
-613.525
-632.167
-601.489
-567.272
-618.725
-636.067
-595.783
-611.041
-599.898
-569.876
-641.347
-638.715
-592.988
-619.058
-689.567
-676.615
-584.846
-681.565
-669.884
-708.446
-664.642
-662.827
-619.143
-576.597
-651.899
-656.235
-638.868
-641.123
-137.613
-128.95
-107.618
-117.551
-138.755
-106.887
-116.973
)
;

boundaryField
{
    left
    {
        type            calculated;
        value           nonuniform List<scalar> 
703
(
-149.537
-164.807
42.7737
-171.468
-178.236
-162.533
57.5896
-46.5255
-173.805
-87.5753
-130.203
-148.178
-149.063
-140.509
-227.412
-136.527
-74.4892
-163.631
-129.449
14.0005
-136.421
-97.3232
-155.572
-50.466
-44.908
-111.819
42.4276
-143.656
-176.772
-53.5034
-113.628
-143.992
101.573
69.2847
77.5151
4.41697
-124.539
-237.668
-17.2028
-188.323
-301.491
-71.3755
-226.501
-43.7753
-71.5577
-278.594
-3.55661
-31.0665
-148.256
-3.21489
30.4233
-14.8214
-20.1957
-77.5271
-119.975
-144.734
-161.482
-88.1399
-25.7203
-180.049
-98.0135
-195.635
-146.579
-198.741
40.8638
-234.347
8.8887
57.0893
-11.6535
-44.105
-260.948
107.007
19.7715
44.9992
34.9338
43.0717
-125.187
3.30362
-1.69683
-166.841
-124.722
-124.141
65.5621
187.42
-165.422
-183.061
-124.679
-132.882
-161.47
47.6485
136.199
70.7604
-154.28
-61.1578
86.2599
-222.263
-243.303
-190.083
-78.6225
-122.448
-169.125
-78.4073
-82.1532
-133.949
78.345
-147.047
-150.025
-154.799
-118.7
-104.756
-109.228
-122.011
-143.107
-134.344
-68.324
-42.1311
-158.917
-180.112
-202.138
-127.665
-75.7301
-77.9123
-120.2
-158.527
-104.747
-112.226
-124.07
-166.267
-38.3982
-94.1876
-83.3215
-99.4819
-94.3092
-38.6356
300.301
-154.669
-142.57
-186.362
-106.42
-112.986
-103.767
-125.776
-116.284
-106.793
-165.321
-137.557
-143.016
129.315
149.566
107.623
93.466
128.58
103.144
132.184
108.851
-34.177
-123.185
-73.0655
-242.694
-202.727
-221.535
-102.318
-11.3746
-97.3658
-188.542
-37.5209
-166.112
-294.903
-294.181
-276.548
-214.907
-279.214
-224.618
-209.798
-263.38
-265.879
-162.441
-166.315
-84.0448
-126.611
-118.268
-182.83
-229.565
-187.952
-255.357
-9.8582
-43.929
-39.6251
-73.8861
-46.9938
-15.26
-136.722
-84.895
-104.903
10.3924
133.152
116.487
146.09
133.761
18.5947
-11.8858
117.195
77.4122
115.675
112.293
-9.01825
-93.0367
-232.7
-145.975
-152.644
-85.2175
-59.5921
-64.1482
-7.90745
-19.118
-81.6563
-148.005
-130.771
-166.285
-36.616
-105.655
-135.688
-67.7124
-98.4769
-154.61
-178.138
-106.967
-146.509
-167.2
-140.959
-79.7322
-67.1928
224.377
-82.0337
-141.171
-137.893
187.757
-157.186
-111.164
-187.408
49.9275
-27.0833
-70.8484
2.71091
5.29936
75.9352
-100.249
-146.301
-143.489
-114.23
-137.899
-85.2914
-244.853
-201.716
-191.991
76.1405
-17.8243
56.8153
-55.0754
159.892
38.6318
153.167
149.216
157.955
154.442
40.7539
-73.5307
-75.3418
-126.953
1.15994
-36.4747
-34.6329
-39.0944
-36.8783
0.108722
24.6286
43.3061
49.4476
56.1282
67.5401
54.9959
-181.695
-175.376
-204.962
-81.1327
-171.396
-184.903
-36.9075
32.1542
19.7062
28.1573
40.5308
-44.8507
-125.528
-69.8748
-12.5293
10.9038
-40.5744
-24.946
-126.623
148.338
125.067
137.454
141.109
5.10032
-4.38939
136.087
135.117
70.9278
87.2376
-32.9879
-6.67675
67.2663
64.2836
108.369
104.208
27.0642
-15.6658
40.6501
42.5728
42.8836
44.1556
-10.6765
-102.44
-65.6255
-60.0404
19.3536
4.51687
-39.5872
-74.1349
-37.3114
-40.6632
-61.5912
-48.8929
-106.393
-202.839
-174.042
-163.615
105.001
162.26
63.9188
43.8394
119.728
122.414
34.049
110.299
112.818
120.283
117.413
41.43
3.16274
138.921
137.389
133.9
137
-1.19144
-124.974
-144.805
-144.94
-140.989
-142.615
-124.487
78.5395
40.3686
81.4417
83.8239
145.362
-126.782
-143.189
-140.856
-150.974
-147.36
-130.239
99.5135
93.3226
123.489
46.8736
57.2085
35.5859
-79.2291
-101.838
-100.874
-104.615
-102.68
-80.1055
-76.4519
-99.0453
-98.2206
-100.43
-99.488
-76.9567
-118.016
-137.952
-132.256
-144.374
-141.953
-121.733
25.6881
17.2827
-44.3867
-92.4362
-27.2073
-24.7526
-19.1129
-20.8588
-89.0773
-97.4555
-22.6675
-27.4924
-18.4487
-16.0327
-94.944
-39.0763
45.7975
43.4062
263.508
-18.9299
-15.6294
-86.4241
-110.487
-54.0542
-55.8065
-41.9581
-49.3043
-106.442
-130.55
-71.4927
-78.8924
-54.3977
-60.4134
-119.797
-120.668
-16.7441
-11.3785
-139.914
-161.504
-156.846
-167.051
-170.101
-150.991
138.82
139.212
132.033
128.711
90.8719
-33.0841
55.996
53.9006
57.282
-32.3631
6.77654
143.295
-71.778
-94.2428
-93.7107
-95.3973
-94.689
-72.3163
131.149
140.9
-6.20313
-41.0575
51.3044
46.2849
49.9434
50.2909
-40.2329
-62.578
18.8814
2.97383
43.8901
33.3363
-54.1477
-19.2379
116.034
130.681
-90.0184
-111.879
-107.273
-125.31
-117.988
-96.5317
90.2215
81.951
6.66805
121.136
133.655
146.444
119.712
126.013
121.643
135.487
155.295
163.072
151.298
152.492
135.112
21.83
99.7807
98.1666
42.3475
51.6992
-8.263
110.145
102.337
100.905
93.6566
91.221
80.6927
102.682
98.1645
106.886
102.415
96.0459
113.539
-19.5442
33.9181
47.8204
-48.4494
-60.1911
-98.277
-65.2195
-45.8088
-34.7893
-49.8787
-52.9925
-70.6604
2.89695
32.6745
43.4337
-14.3925
2.99071
-15.6015
-57.9318
-16.6479
-37.5294
-36.9059
-43.9243
-64.2644
-112.676
-77.5175
-74.643
-81.1736
-76.7036
-125.607
-77.819
-59.1916
0.557315
-72.2352
-71.7102
-86.2081
-131.325
-152.461
-183.815
-191.992
-158.843
-142.632
-156.807
-64.6045
-90.9815
-123.482
-68.6982
-162.647
-115.124
-69.4608
-118.776
-79.6817
-44.1771
-65.3369
14.4033
-6.33821
-74.1209
79.6619
112.307
85.0071
140.744
86.8379
42.8824
68.4988
-48.3474
60.7021
5.27224
122.334
45.9583
156.802
173.847
176.222
171.648
154.493
116.442
114.48
37.7514
148.137
166.056
170.46
166.525
162.741
145.024
149.992
168.636
174.415
172.28
168.227
150.805
39.8433
116.183
118.872
-74.0159
-96.4937
-95.8433
-97.8134
-96.9909
-74.5383
135.362
138.925
2.14494
-35.4561
53.771
51.9369
53.612
54.133
-34.9141
-37.9205
51.704
49.9207
51.6849
52.4768
-37.2987
0.713935
137.894
135.296
-165.877
-162.665
-164.613
-168.349
-171.808
-163.127
-125.132
-126.123
-131.059
-128.845
-123.9
-124.777
-153.536
-158.169
-159.316
-175.555
-190.804
-189.8
-124.093
-119.16
-119.861
-144.727
-141.154
-147.519
-200.347
-155.785
-192.681
-72.1015
-34.7353
81.5234
-92.8062
-117.242
-106.584
-120.227
-120.983
-125.649
-162.587
-162.912
-167.281
-161.498
-175.646
-177.88
77.9653
77.4047
50.7163
-132.299
-126.962
-128.875
-122.745
-123.557
-128.16
-164.199
-161.144
-162.582
-183.076
-183.801
-168.009
-118.3
-118.85
-123.528
-131.361
-135.645
-139.351
41.7415
17.6441
240.038
139.668
-13.8502
23.5082
-126.405
-121.48
-122.348
)
;
    }
    bottom
    {
        type            calculated;
        value           nonuniform List<scalar> 
141
(
-155.828
-424.712
41.6596
56.7205
-421.232
-115.179
-368.216
-96.5903
-397.232
-117.44
-187.153
-227.287
-416.483
-414.986
-424.592
98.7986
-416.888
-415.883
-416.222
-163.665
-88.5078
-287.608
-266.613
-324.467
-343.959
-395.309
-288.769
-289.256
-287.603
-422.681
-412.693
48.2914
-412.404
-415.27
-411.697
-290.112
-290.076
-288.75
-286.94
191.957
69.016
132.056
152.021
-95.6937
-55.931
38.0263
118.97
355.128
95.6468
220.024
-164.845
-87.1983
188.096
-71.1734
-279.484
-267.232
-289.395
-290.197
114.128
4.1287
-8.06089
-290.686
-293.697
-286.529
-287.163
40.487
88.3691
109.667
188.33
139.238
63.0833
226.898
77.8817
76.5828
216.578
143.148
178.617
132.823
-39.1905
-37.9328
-37.6242
-36.8887
116.468
68.6511
-26.5077
-26.7484
-33.2685
-37.021
97.7492
299.924
220.53
169.215
202.5
-44.2853
79.3919
55.4928
83.6501
-42.0773
-57.7834
-63.0443
77.1475
79.2106
69.7279
76.3095
73.5575
83.6627
82.2489
85.0289
-65.3621
-63.38
-72.9695
-69.6555
-51.7187
-48.9799
-59.8303
-56.0483
-77.5877
-75.7696
-80.5916
-7.33612
20.8437
30.4722
26.3379
33.291
8.31049
16.8018
61.1098
66.0829
44.3055
51.8335
-32.45
-27.729
-44.3271
-39.3096
-5.6575
0.782445
-20.4687
-13.7723
66.0468
79.7642
53.7327
)
;
    }
    interface
    {
        type            calculated;
        value           nonuniform List<scalar> 
1726
(
-590.416
-52.4925
-64.6313
-349.002
-360.018
93.8712
-62.0161
-126.189
-354.359
-356.004
-11.4019
-469.843
-402.802
-26.2857
-34.6581
-18.3709
-41.8243
4.28226
-19.0161
-349.421
100.917
-187.26
-36.2951
-94.678
-117.061
-359.006
-406.75
-16.2671
-12.2148
21.1935
10.0384
18.8178
55.0291
186.372
61.5295
-335.389
-159.124
-218.198
-97.8863
-250.485
59.471
-516.122
-153.614
-308.427
-129.192
-229.684
-156.577
63.3485
-514.769
-104.653
-145.447
-210.954
-59.9603
-206.38
-130.22
-201.423
-155.003
-128.427
-126.502
-159.861
-134.592
-165.515
-128.795
-177.576
-118.204
-77.0462
222.154
390.989
-46.0039
-45.1265
-358.26
-357.765
240.629
251.259
108.769
199.279
190.208
68.8642
26.861
169.691
52.9552
59.5008
80.2078
-125.907
-124.099
-344.203
-347.71
111.49
-193.275
-316.115
-310.788
-314.153
-242.023
59.1021
2745.05
-219.173
-229.111
-335.474
-190.315
-419.16
-411.288
-344.46
-318.844
-339.753
-268.869
-327.223
-197.071
-338.39
-179.506
-346.554
70.4144
-301.643
-270.866
75.0181
-24.4044
-21.8073
108.666
104.716
-25.9954
-31.6861
145.361
-4.58726
133.273
-9.87454
2783.37
-294.482
-74.8074
124.736
55.1801
-29.6237
-125.048
-295.988
-231.585
-208.814
-96.6986
-52.5228
11.8238
-167.442
70.2078
87.552
-97.8167
-47.891
30.073
-86.971
-273.283
-307.452
-240.926
-230.196
-159.289
-100.242
-145.214
-143.104
-70.9348
-187.063
-104.862
-203.762
-194.208
-207.674
-170.236
-91.776
-92.0465
-134.594
-136.518
-187.758
-152.333
-112.406
-96.6893
-118.193
-159.121
-182.756
-113.961
-151.162
-94.8726
-177.219
-120.672
-392.017
-399.156
-14.6622
-13.7504
158.759
13.5355
16.1762
28.0577
105.437
28.1462
85.0014
89.0231
211.296
76.2128
-179.7
-242.909
-187.504
-167.465
-466.447
66.1765
-54.0402
-42.8943
43.7131
-353.439
-359.11
145.17
111.172
41.6357
-80.6343
-17.7807
-146.237
-345.376
-355.637
194.399
-11.331
-447.513
-402.491
19.8688
-28.25
-23.0436
11.5136
197.769
-19.7656
130.172
-48.8784
88.6022
1.0868
39.125
-22.796
-323.846
-336.363
-422.304
-426.684
-346.987
-422.845
45.981
85.7412
103.29
-94.5654
-175.539
-157.198
-169.473
-165.897
-107.292
-100.472
-1.59017
-49.3541
-110.959
-62.7047
-66.9832
-88.7313
-373.986
-403.852
-317.319
-329.805
-446.682
-428.58
-328.094
-381.733
194.096
-16.1138
195.163
-12.4306
19.8358
103.619
93.7273
8.57073
17.2981
101.188
125.702
160.848
63.3128
51.4741
-142.952
-114.382
-142.428
-122.285
-130.433
267.001
294.872
190.181
66.8915
46.0342
-157.206
-107.03
-146.976
-106.745
-178.964
-218.142
-162.903
-186.479
-156.015
-188.61
-271.184
-199.502
-230.486
-93.9262
-160.582
-164.256
-432.22
-185.686
178.449
-283.11
-243.369
-223.471
-154.717
-132.384
-166.154
-259.005
-184.999
-205.487
-188.456
-138.719
-175.569
-109.367
-83.0532
-108.003
-83.9675
-141.096
-84.2143
-120.888
-176.755
-121.288
-151.936
-169.823
-189.582
-151.269
-86.7461
-91.6733
-122.716
-203.281
-180.464
-177.22
-147.533
-139.1
-151.505
-197.145
-168.7
-166.649
-174.31
-154.997
-165.092
-127.544
-134.406
-126.646
-150.311
-133.623
-125.148
-76.5316
-142.809
-86.4843
-173.058
-140.445
-149.239
-140.513
-125.88
-133.585
-180.865
-167.202
-163.603
-115.942
-123.064
-122.208
-129.664
-126.943
-106.771
-83.057
-108.182
-81.8592
-649.405
-138.618
-142.037
-46.1495
87.0642
-139.599
-141.611
-143.519
-114.501
-121.548
-138.449
-53.4695
50.9137
-56.6406
-123.151
-128.842
-135.541
-63.8605
-131.083
-354.434
-360.85
-200.484
-152.905
-92.5234
161.345
164.816
218.374
180.262
219.416
240.014
82.6464
141.478
115.382
121.219
159.904
137.694
99.0298
49.604
111.827
156.621
127.947
61.1797
24.956
92.8915
130.306
80.2047
73.4471
93.1383
75.6855
110.333
33.1556
221.822
149.105
-188.043
-110.225
-136.63
-154.859
-136.644
-133.931
-74.5486
-99.0098
23.3985
-140.22
-138.793
-71.3222
-125.663
-158.942
-142.726
51.7034
-145.152
-141.655
-344.321
-350
-125.01
-122.939
-123.092
-102.325
-78.5324
-77.745
-103.164
-13.2287
-90.7609
-90.0313
-14.7697
-10.1466
-89.6278
-626.168
-364.637
-620.613
-27.4547
-154.208
-258.007
-222.248
-277.89
-321.275
-290.395
-300.093
-267.853
-325.969
-308.467
-284.226
-269.499
-289.454
-280.56
-168.149
-30.3929
-202.781
-167.044
-87.5607
-123.819
-708.518
-673.077
271.808
-238.748
-543.394
-376.195
912.873
41.4324
2066.66
-263.073
-289.967
-320.411
-342.382
-102.623
-243.045
-299.476
-359.275
-350.114
252.116
-1069.18
121.147
-264.88
78.2869
-179.84
-234.531
-152.931
-425.231
-403.904
-589.711
-592.802
-510.551
-589.257
-558.88
-754.661
-782.848
-789.293
-504.849
-538.191
-548.196
-566.755
-530.91
-347.24
-324.771
-341.866
-333.737
-314.58
-333.999
-338.675
-339.041
-342.042
-298.572
-297.17
-323.903
-337.837
-262.303
-279.763
-284.564
-165.632
-229.794
-340.22
-331.662
-301.04
-200.719
-168.916
-208.712
-329.505
-333.306
-292.687
-159.884
-97.0341
-206.185
-313.229
-243.132
-260.493
-314.29
-182.646
-249.345
-391.659
-469.551
-468.237
-457.932
-299.947
-388.237
-380.244
-253.347
-313.286
-405.321
-395.803
-248.012
-431.385
-449.101
-446.053
-432.777
-277.335
-263.931
-295.362
-237.549
93.8488
-21.2414
16.432
103.717
88.9335
-31.9874
23.6489
95.991
92.0675
-124.233
-107.129
-131.562
-97.8017
-96.7917
-98.1458
-22.2628
198.523
-101.795
-99.3745
-120.637
-43.8063
-112.051
-34.6269
205.119
-103.037
-108.435
159.976
136.059
-2.66613
77.86
148.3
112.791
-12.1982
68.4562
119.878
142.743
-385.501
-403.175
-406.058
-301.965
-249.655
-302.673
-371.81
-248.42
-411.855
-413.501
-302.104
-246.015
-297.27
-249.278
-456.063
-515.083
-506.96
-454.929
-758.906
-755.252
-425.91
-454.142
-505.145
-500.845
-452.09
-501.022
-782.983
-458.046
-518.5
-797.308
-793.847
-402.745
-380.318
-402.666
-247.105
-297.245
-246.237
-423.591
-38.8256
-53.1019
-17.4718
-14.0353
107.59
32.0797
-53.3502
9.22301
-7.7161
-161.118
-150.344
-185.63
-272.199
-272.775
-242.245
-191.246
-253.134
-217.58
-175.308
-245.118
-210.845
-59.2768
-121.146
-80.0234
-30.0035
-87.43
-66.7427
-33.9331
14.7073
-49.1028
-140.18
-115.874
-94.3054
27.0331
20.273
10.9022
62.9315
33.5135
2.88749
-2.3657
27.0905
85.2483
80.5928
-18.7944
-19.5848
66.9063
-186.955
-93.8289
-33.635
-35.0232
-130.461
-147.232
28.6313
2.72796
3.98039
-24.8402
-84.8045
-53.4918
-53.801
-83.2615
-49.065
-251.324
-265.732
-277.48
-302.635
-291.114
-292.578
-239.668
-279.6
-276.575
-229.118
-268.078
-274.766
-125.639
-165.86
-131.037
-128.113
-138.1
-131.306
-83.6905
-97.84
-104.006
-168.301
-135.657
-143.781
-100.11
-102.627
-114.06
-175.594
-132.483
-122.635
-44.9362
-113.621
-74.7315
-287.985
-295.362
-250.045
-210.37
-331.542
-268.152
-226.014
-107.176
-162.021
-215.658
-68.001
-149.358
-181.349
-233.401
-166.835
-271.496
-231.988
-191.119
-234.871
-207.629
-212.732
-12.4691
-161.542
-131.275
-71.2053
-115.215
-186.387
-180.234
-174.162
-201.681
-183.471
-169.641
57.6901
-67.4334
-44.369
-22.5757
-9.70226
-107.007
-51.3849
-40.48
-24.6602
-167.154
-116.679
-56.5741
-81.9351
-92.7625
-83.1541
-100.183
-85.5902
-74.6653
-87.3553
-75.6541
19.1401
-79.2994
-61.5701
-85.041
-81.8202
-35.4352
-45.4772
-66.6118
-63.9532
-89.7248
-131.854
-126.656
-108.375
-100.338
-126.643
-119.267
-111.311
-80.5908
-140.09
-142.049
-162.421
-155.033
-154.915
-142.175
-136.299
-171.176
-180.216
-155.041
-119.291
-114.487
-155.248
-122.661
-98.0261
-112.202
-70.2992
-83.2248
-175.547
-118.343
33.5632
-101.211
6.52024
-140.65
-99.2589
-35.6878
-47.3919
-112.077
-37.0188
-51.1577
-125.898
-78.6484
-110.289
-46.3662
-197.781
-194.883
-146.141
-159.648
-185.918
-191.72
-204.577
-198.211
-207.763
-220.308
-218.64
-200.553
-199.84
-381.409
-404.461
-305.564
-408.139
-405.65
-299.543
-247.266
-298.383
-249.631
-318.038
-386.871
-409.327
-408.774
-296.657
-251.065
-302.056
-248.068
-494.707
-563.02
-557.25
-487.701
-563.45
-791.458
-778.163
-458.053
-511.899
-540.501
-472.284
-856.396
-847.56
-856.564
-463.347
-487.367
-552.052
-524.936
-489.352
-531.829
-708.186
-469.408
-503.056
-527.693
-521.738
-500.336
-517.172
-808.311
-412.356
-386.851
-421.149
-318.816
-398.412
-398.62
-264.486
-325.852
-403.455
-257.455
-435.415
-449.345
-449.206
-313.287
-248.959
-304.275
-253.204
-127.665
-104.223
-78.8582
-103.39
-79.3508
-96.0935
-94.9064
-18.0837
-14.2772
194.145
-15.78
-93.3681
-94.3747
-14.3681
-91.0905
-14.8431
-91.653
-13.2275
193.526
-93.0807
-92.2418
-16.1822
22.4816
173.004
154.348
163.714
13.2394
97.1127
167.258
15.2221
99.9476
171.061
150.18
169.429
-570.653
-709.036
-567.85
-480.496
-424.445
-374.566
88.9012
-322.131
-104.424
-118.066
-34.7711
38.4144
-27.7229
58.1727
-446.666
-473.42
-147.551
-119.475
349.083
87.5758
-166.634
109.076
-9.04478
-27.3705
-130.225
148.388
152.563
46.6702
90.2139
86.4113
126.541
-459.628
-29.3399
-263.245
-165.187
-225.688
-86.9241
-475.661
207.655
-229.198
-1187.35
-819.577
-852.794
-865.323
-612.151
-917.269
-497.835
-188.461
-172.71
-370.181
-194.408
-185.983
111.989
131.425
-332.774
-372.044
-202.73
-205.538
-335.859
-205.267
-363.86
-204.269
-426.631
-897.059
-889.193
-919.803
-898.611
-925.592
-204.854
-364.004
-1059.62
-394.982
-810.792
-817.418
-571.244
-871.54
-78.5436
-867.15
-907.567
-916.624
-927.482
-785.827
-788.173
-895.477
-819.395
-98.9983
-186.222
31.0008
30.3251
27.5035
-72.9961
-70.5626
-45.0326
-149.119
-119.547
-224.586
-92.8734
-26.3915
-363.063
-204.81
-369.226
-201.317
-196.435
-204.693
-438.893
-911.952
-958.846
-429.314
-970.92
-989.907
-822.664
-826.952
-951.243
-867.037
-364.468
-185.586
-406.095
-195.111
-375.467
-394.438
-198.269
-187.07
-125.078
157.003
153.787
-854.73
-847.51
-873.237
-854.321
-878.734
283.149
86.8768
-66.2879
-65.2786
73.6464
-58.6787
122.924
6.74387
-72.7497
24.1365
-84.0361
-67.5213
200.262
-472.02
-515.552
-500.549
-543.44
-475.78
-420.058
-473.402
-375.338
82.5989
15.393
17.235
200.887
-18.3568
-18.3281
149.822
-34.7438
84.6899
41.4782
-327.049
-381.902
-337.245
-395.609
-392.384
-424.711
-425.536
-422.16
-321.251
-380.703
-98.7735
-65.29
-74.7341
-80.7742
-148.419
-179.207
-10.9835
-67.4387
-61.4956
-129.156
-139.604
-101.144
-148.539
-192.561
-114.297
-192.946
-101.452
-312.551
-375.618
-379.264
-329.024
-389.125
-438.98
-428.959
-458.717
-471.43
-339.152
-399.084
-381.334
-432.548
198.857
-16.5526
198.551
100.659
90.687
98.475
23.6183
58.8898
-148.039
-129.682
-128.271
-147.892
-197.061
-151.903
-116.185
-217.946
-131.038
-191.515
-142.746
-172.219
-144.037
-185.282
-146.163
293.171
90.0154
49.2965
203.959
39.1979
168.114
125.646
106.547
81.5636
228.043
-166.198
-112.808
-169.814
-110.623
-263.199
-103.751
-244.512
-90.9966
-276.986
-87.637
-95.0574
-279.702
-157.6
80.098
-109.458
-85.7232
-111.546
-84.0294
-163.189
-129.26
-92.5486
-94.4964
-160.561
-163.851
-96.2329
-93.6705
-167.313
134.983
0.114361
-129.733
-128.539
-127.725
-127.889
-106.873
-80.6072
-105.643
-81.7347
-158.756
-93.6167
-161.031
-90.8408
-159.394
-90.1529
-91.8324
-157.53
145.121
147.993
91.483
-60.6184
-61.4764
-146.946
-129.46
-148.803
-126.26
-187.869
-157.26
-124.443
-164.547
-132.163
-187.222
-186.436
-174.378
-143.069
-185.707
-174.424
-140.452
38.9947
-63.5685
129.134
178.006
83.9158
123.74
-172.761
-119.112
-177.047
-119.048
-290.959
-35.7617
-125.851
-257.543
-275.255
-102.273
-288.213
-92.2685
19.3858
-73.4024
30.022
-68.5982
-69.2079
-123.352
-102.114
-76.8166
-101.5
-77.3015
-153.233
-88.3742
-86.2263
-154.656
-153.793
-86.1926
-152.855
-86.7527
203.306
-12.2947
-310.558
-375.591
42.1009
-271.131
-78.3893
-502.386
-372.531
-622.807
-636.741
22.6051
127.848
-455.111
-699.323
-178.175
-311.495
-131.64
-135.837
-493.2
-34.5642
-194.581
-560.119
-483.177
-692.094
137.5
141.699
-612.955
-409.63
-437.844
-320.864
-192.961
-426.174
-479.851
168.442
-225.336
-643.73
-415.587
-723.559
-450.301
-143.008
-582.226
-602.199
-509.458
-547.772
-583.694
-660.758
-645.011
-652.362
-649.461
-860.581
-745.516
-763.973
-892.087
-645.122
-627.827
-638.733
-636.597
-706.085
-625.999
-648.844
-642.624
-661.772
-603.667
-887.176
-642.785
-597.649
-593.132
-649.083
-807.584
-786.896
-489.417
-509.746
-525.26
-561.305
-459.58
-418.437
-448.924
-439.82
-390.938
-449.249
-406.362
-371.339
-302.545
-260.47
-175.723
-323.123
-248.258
-181.038
-425.669
-442.206
-439.198
-369.543
-423.419
-364.299
-330.446
-261.282
-197.035
-302.659
-267.798
-169.495
57.2395
85.4231
29.7294
93.7047
97.0259
104.892
3.8776
88.2305
82.9492
-118.023
-87.1752
-113.425
-92.0053
-179.453
-143.011
-114.749
-184.587
-105.998
-174.452
-130.026
-96.5553
-169.474
-100.473
212.131
-17.6394
-21.445
187.736
-27.3622
-21.2452
118.141
152.231
79.6668
149.237
119.228
59.5826
128.646
-410.389
-371.673
-409.7
-389.516
-331.05
-389.828
-371.352
-304.139
-249.755
-204.228
-371.946
-302.419
-250.576
-202.128
-411.016
-412.94
-337.763
-394.6
-392.265
-369.438
-303.336
-247.661
-202.444
-364.46
-298.486
-250.199
-204.992
-424.816
-456.716
-513.309
-454.935
-508.669
-640.215
-630.83
-630.432
-640.566
-764.733
-892.71
-642.611
-637.848
-632.109
-647.651
-756.027
-887.248
-426.538
-451.853
-500.516
-453.202
-773.192
-654.983
-641.157
-645.09
-650.846
-787.979
-914.479
-663.084
-657.929
-653.917
-667.434
-767.273
-904.852
-458.579
-519.558
-675.587
-928.837
-675.034
-663.163
-672.165
-665.363
-362.367
-248.014
-205.218
-298.348
-204.377
176.385
-45.3452
-817.111
-844.858
-849.084
-742.226
-398.824
-27.2686
-877.815
-896.122
-925.433
-927.535
-781.299
-777.382
-878.002
-842.524
5.78732
-11.831
-5.59144
11.5261
-72.9437
-65.6831
-0.394196
-63.2746
-1.08878
-203.678
-237.836
-96.9653
-147.348
8.81455
22.2683
13.4665
20.4944
-347.492
-159.729
-132.816
-100.236
-263.838
-218.292
-178.934
-328.397
46.7121
-27.0167
11.3659
-80.8426
-77.2299
-62.3744
-42.8082
-34.6597
-77.5571
-60.3435
-28.7489
-88.8205
-71.206
-63.2457
-123.58
-104.404
-169.932
-254.382
-218.593
-126.86
-181.929
-177.179
-223.456
-199.915
-87.2331
-131.374
-84.9362
-255.028
-173.871
-216.974
-397.338
-358.833
-367.389
-399.833
-308.166
-369.333
-368.666
-365.539
-365.296
-298.544
-249.987
-200.528
-366.628
-301.362
-249.304
-204.17
-382.283
-402.211
-406.107
-319.844
-375.96
-359.085
-298.37
-251.135
-202.176
-302.579
-250.385
-198.628
-436.69
-491.605
-563.174
-491.041
-812.744
-688.304
-693.244
-679.894
-699.668
-922.874
-669.547
-649.1
-658.74
-660.562
-827.841
-945.749
-432.085
-462.579
-520.409
-469.868
-531.792
-727.886
-715.512
-723.523
-854.049
-722.235
-983.679
-979.432
-727.786
-717.559
-722.491
-720.972
-458.679
-492.931
-546.985
-486.411
-702.232
-606.325
-608.132
-602.188
-613.133
-713.145
-818.197
-609.816
-609.643
-613.003
-604.685
-712.033
-815.395
-468.133
-499.769
-521.056
-497.308
-773.355
-661.058
-632.98
-653.782
-746.49
-639.991
-932.323
-828.4
-893.104
-688.49
-700.956
-706.348
-683.461
-437.532
-432.379
-355.778
-413.132
-419.996
-370.565
-322.144
-264.026
-194.646
-326.022
-260.514
-185.036
-441.204
-427.139
-445.699
-381.47
-433.017
-388.128
-315.671
-250.076
-189.593
-376.264
-303.72
-254.649
-194.311
-138.435
-130.326
-125.285
-125.37
-104.5
-80.6534
-105.67
-79.727
-155.858
-87.6204
-154.244
-88.8865
-155.951
-91.3231
-157.915
-88.686
199.355
-16.3985
199.34
-14.6809
156.408
103.689
167.688
170.277
158.974
95.5488
162.828
150.685
97.0048
165.144
164.6
-850.483
-845.625
-868.319
-860.206
-881.619
-882.834
)
;
    }
    procBoundary1to0
    {
        type            processor;
        value           nonuniform List<scalar> 
224
(
-38.191
-38.191
-38.191
-212.781
-182.157
-201.042
-212.206
-198.297
-193.347
-95.2861
-241.79
-95.2861
-95.2861
-233.153
-278.08
-184.127
-166.12
-170.091
-183.097
-169.195
-166.024
-96.5109
-222.771
175.842
0.497384
-173.788
-283.028
174.251
-571.272
-209.639
-200.334
-196.579
-178.434
-163.78
-162.201
-8.89843
-200.904
-538.276
-376.226
-712.221
-609.939
-165.175
51.4881
-8.89843
-8.89843
-712.221
-712.221
-609.939
-609.939
-237.67
-32.2593
-275.058
-300.417
-545.199
-569.637
-783.556
-783.556
-783.556
-705.336
-705.336
-705.336
-762.05
-762.05
-762.05
-198.189
-177.154
-180.832
-179.584
-162.73
-165.501
-205.023
-202.462
-161.321
-209.542
-190.072
-201.015
-36.5938
-165.402
-268.259
88.1986
-507.423
-84.3412
346.56
3610.27
-652.096
-185.902
-169.557
-166.663
-182.011
-164.855
-168.183
-198.087
-101.75
-215.536
-213.472
-212.313
-200.124
-177.39
-161.041
-162.717
-165.175
-923.706
-713.331
-645.819
83.5703
-151.233
-652.096
-165.175
-165.175
3610.27
-923.706
-923.706
-713.331
-713.331
-645.819
-645.819
-215.584
-193.436
-140.3
-229.216
-155.696
-266.094
-709.966
-709.966
-709.966
-733.575
-733.575
-733.575
-189.831
-168.215
-170.187
-180.82
-166.505
-164.331
-193.436
-268.259
-155.696
-155.696
175.842
-63.4123
-31.3681
175.842
-240.268
-182.157
-201.042
-202.462
-161.321
-198.297
-193.347
-190.072
-201.015
-166.12
-170.091
-169.557
-166.663
-169.195
-166.024
-164.855
-168.183
-283.028
174.251
-101.75
-215.536
-200.334
-196.579
-212.313
-200.124
-163.78
-162.201
-161.041
-162.717
-151.233
-652.096
1717.29
263.729
-1134.61
-454.213
6142.9
-852.156
-839.905
-875.853
-854.713
-855.158
-665.865
-790.27
-901.808
-32.2593
-275.058
-140.3
-229.216
265.828
-907.554
-799.921
-810.97
-790.884
-803.55
-870.75
-891.531
-848.493
-822.18
-177.154
-180.832
-168.215
-170.187
-162.73
-165.501
-166.505
-164.331
174.235
-186.077
-240.268
-317.197
-287.785
-522.475
-280.069
-211.575
-455.951
-267.801
-311.564
-556.323
-319.084
-319.783
-564.62
-326.079
)
;
    }
    procBoundary1to3
    {
        type            processor;
        value           nonuniform List<scalar> 
23
(
-135.682
-125.103
-78.9567
-78.9567
-78.9567
46.9174
-47.87
39.6882
162.602
-120.629
-78.5405
-100.025
-97.4497
-75.0298
66.6589
2.43425
-75.0298
25.8447
101.47
158.239
-103.231
-113.365
-134.076
)
;
    }
    procBoundary1to4
    {
        type            processor;
        value           nonuniform List<scalar> 
78
(
-320.89
-313.952
-313.952
-320.89
-320.89
-567.419
-323.383
-569.356
-307.148
-566.743
-566.743
-567.419
-323.383
-323.383
-569.356
-569.356
-761.49
-767.908
-323.31
-772.704
-771.014
-771.014
-771.014
-761.49
-761.49
-767.908
-767.908
-323.31
-772.704
-571.008
-772.704
-772.704
-758.312
-761.837
-782.997
-782.997
-782.997
-790.295
-790.295
-790.295
-758.312
-758.312
-761.837
-761.837
-774.157
-888.395
-877.597
-899.389
-909.976
-919.242
-922.559
-920.905
-863.77
-868.797
-859.896
-861.346
-876.945
-881.866
-871.582
-865.392
-889.274
-886.233
-890.108
-568.38
-569.077
-318.478
-263.706
-567.267
-318.478
-569.403
-314.701
-276.89
-274.938
-568.38
-277.984
-569.077
-275.397
-273.595
)
;
    }
    procBoundary1to5
    {
        type            processor;
        value           nonuniform List<scalar> 
55
(
-441.766
-498.45
-428.25
-400.223
-605.102
-450.928
-402.808
-271.491
-352.545
-723.939
-271.491
-568.347
-450.928
-479.383
-402.808
-723.939
-723.939
-574.225
-352.545
-271.491
-271.491
-399.693
-331.634
-394.14
-377.947
-418.948
-307.909
-492.795
-470.976
-510.963
-492.795
-798.586
-897.04
-897.04
-383.273
-360.821
-352.912
-394.176
-297.71
-297.71
-365.881
-254.393
-166.597
-900.485
-498.45
-560.203
-428.25
-560.203
-560.203
-326.673
-647.057
-647.057
-676.664
-647.057
-668.912
)
;
    }
}


// ************************************************************************* //
