/*--------------------------------*- C++ -*----------------------------------*\
| =========                 |                                                 |
| \\      /  F ield         | OpenFOAM: The Open Source CFD Toolbox           |
|  \\    /   O peration     | Version:  2012                                  |
|   \\  /    A nd           | Website:  www.openfoam.com                      |
|    \\/     M anipulation  |                                                 |
\*---------------------------------------------------------------------------*/
FoamFile
{
    version     2.0;
    format      ascii;
    class       volScalarField;
    location    "0.105/solid";
    object      epsilonEq;
}
// * * * * * * * * * * * * * * * * * * * * * * * * * * * * * * * * * * * * * //

dimensions      [0 0 0 0 0 0 0];


internalField   nonuniform List<scalar> 
3125
(
5.25821e-06
3.86659e-06
2.7392e-06
1.28309e-06
1.0754e-07
6.57376e-06
4.02526e-06
5.10827e-06
4.6532e-06
6.31499e-06
4.43681e-06
3.046e-06
1.44375e-06
2.57707e-06
1.61179e-06
2.86113e-06
1.25396e-07
1.15605e-07
1.43564e-06
9.80338e-08
1.28805e-05
1.18045e-05
4.334e-06
5.9149e-06
7.35244e-06
3.38609e-06
5.7348e-06
7.94974e-06
6.15679e-06
4.08889e-06
3.22499e-06
5.51652e-06
7.49349e-08
5.92813e-07
1.45958e-06
8.0201e-07
7.24772e-07
1.45352e-06
6.86104e-07
7.24168e-08
6.39738e-07
6.32259e-07
1.36783e-05
1.24422e-05
1.25729e-05
1.04746e-05
4.496e-06
7.59539e-06
9.36846e-06
1.15265e-05
4.65079e-06
9.6312e-06
8.21902e-06
1.01835e-05
1.33383e-05
1.10348e-05
5.3332e-06
7.8951e-06
9.795e-06
1.21382e-05
5.57057e-06
1.00786e-05
8.59476e-06
1.07178e-05
4.49729e-06
6.14711e-06
7.63676e-06
3.81651e-06
5.92985e-06
8.30626e-06
6.40177e-06
4.21826e-06
3.61839e-06
5.70135e-06
4.12532e-06
2.79671e-06
1.92828e-06
1.57948e-06
2.54033e-06
3.90021e-06
2.09022e-06
2.69522e-06
1.58197e-06
2.62671e-06
4.28145e-06
2.91729e-06
2.14141e-06
1.65425e-06
2.6315e-06
4.02375e-06
2.31925e-06
2.78929e-06
1.6814e-06
2.74398e-06
1.10763e-07
6.60327e-07
1.53208e-06
9.07327e-07
7.76682e-07
1.55053e-06
7.58588e-07
1.02812e-07
7.28714e-07
6.80375e-07
1.76808e-05
7.66486e-06
5.46608e-06
6.38329e-06
5.13928e-06
3.70704e-06
4.72547e-06
1.05877e-05
9.46322e-06
3.19478e-06
2.90145e-06
3.55775e-06
6.83286e-08
1.54134e-07
1.40626e-06
1.12258e-06
1.13315e-06
1.50775e-06
1.05371e-06
6.43987e-08
2.87484e-07
3.42108e-07
1.77601e-05
8.4027e-06
1.72356e-05
1.5918e-05
4.1832e-06
5.27953e-06
5.70766e-06
7.50919e-06
4.95694e-06
7.0471e-06
1.09723e-05
1.21538e-05
1.73119e-05
1.59858e-05
4.87453e-06
5.62958e-06
6.11436e-06
8.21704e-06
6.06154e-06
7.66823e-06
1.10154e-05
1.22015e-05
5.49913e-06
6.41645e-06
5.4722e-06
4.22546e-06
5.01136e-06
1.06294e-05
9.50146e-06
3.35588e-06
3.23343e-06
3.74178e-06
5.17364e-06
4.33781e-06
1.60501e-06
1.49923e-06
1.78765e-06
3.07728e-06
2.41468e-06
2.73314e-06
1.67641e-06
2.23334e-06
5.2068e-06
4.37181e-06
1.7878e-06
1.5869e-06
1.8864e-06
3.2317e-06
2.67877e-06
2.87006e-06
1.718e-06
2.27265e-06
2.90503e-07
3.27454e-07
8.65509e-08
1.87295e-07
1.49019e-06
1.25981e-06
1.20532e-06
1.55001e-06
1.09738e-06
7.24032e-08
3.37582e-07
3.74679e-07
1.63993e-05
8.6654e-06
7.69433e-06
6.70185e-06
5.15947e-06
4.98651e-06
6.00662e-06
7.21642e-06
5.2125e-06
6.30069e-06
5.66287e-06
6.64074e-06
5.17641e-06
3.547e-06
4.19219e-06
4.5903e-06
6.40951e-06
4.55279e-06
5.01779e-06
8.03696e-06
9.09858e-06
9.88231e-06
7.16091e-06
8.84682e-06
7.53238e-06
6.9046e-06
8.51087e-06
3.40068e-06
4.67846e-06
3.8171e-06
3.06326e-06
4.06255e-06
3.68147e-06
4.88253e-06
4.40166e-06
3.96012e-06
4.70614e-07
2.20563e-07
7.26643e-08
2.49545e-07
1.78713e-07
5.04099e-07
3.31367e-07
2.49917e-07
1.42125e-06
1.12368e-06
1.13492e-06
9.62544e-07
7.8243e-07
1.0447e-06
1.01922e-06
7.73588e-07
1.04278e-06
5.70143e-07
9.19922e-07
1.49065e-06
1.0978e-06
1.0646e-06
6.01929e-07
9.88641e-07
9.37925e-07
6.03397e-08
2.80819e-07
3.31111e-07
4.74868e-07
6.96197e-07
4.33554e-07
3.6677e-07
6.85613e-07
4.21918e-07
1.67303e-05
9.38538e-06
1.59909e-05
1.16612e-05
1.47817e-05
1.42074e-05
1.54852e-05
1.13613e-05
1.32108e-05
1.43843e-05
4.34008e-06
6.29343e-06
5.8525e-06
5.82838e-06
8.34041e-06
6.33433e-06
7.02933e-06
8.59384e-06
6.506e-06
8.47924e-06
1.07029e-05
7.92713e-06
4.80453e-06
6.44235e-06
6.89459e-06
1.0432e-05
7.20648e-06
7.74519e-06
1.37888e-05
1.25563e-05
1.02363e-05
9.04463e-06
1.13232e-05
1.28262e-05
9.32543e-06
1.16934e-05
1.63086e-05
1.23339e-05
1.50615e-05
1.42653e-05
1.55504e-05
1.20047e-05
1.34446e-05
1.46521e-05
5.10123e-06
6.78719e-06
6.27953e-06
6.17016e-06
8.69034e-06
6.73164e-06
7.51182e-06
8.96189e-06
6.92336e-06
9.16992e-06
1.12403e-05
8.53388e-06
5.81331e-06
6.95975e-06
7.48882e-06
1.09459e-05
7.71219e-06
8.32557e-06
1.38444e-05
1.26059e-05
1.03954e-05
9.48313e-06
1.15075e-05
1.30494e-05
9.78659e-06
1.18869e-05
7.72882e-06
6.73522e-06
5.23714e-06
5.17521e-06
6.09326e-06
7.31927e-06
5.41103e-06
6.39094e-06
5.98771e-06
6.8829e-06
5.45498e-06
4.01865e-06
4.42607e-06
4.86215e-06
6.63895e-06
4.77993e-06
5.28239e-06
8.07203e-06
9.13585e-06
1.00337e-05
7.46474e-06
8.97742e-06
7.64013e-06
7.19253e-06
8.63524e-06
3.55592e-06
4.82835e-06
3.9949e-06
3.42422e-06
4.2852e-06
3.87422e-06
5.0403e-06
4.61763e-06
4.14655e-06
4.8892e-06
3.52696e-06
4.11638e-06
3.32508e-06
4.07354e-06
3.33702e-06
3.17893e-06
3.87184e-06
1.76644e-06
2.19233e-06
1.88619e-06
1.52026e-06
1.96491e-06
1.82952e-06
2.2721e-06
2.10206e-06
1.93678e-06
3.2663e-06
3.35845e-06
2.87637e-06
2.25251e-06
2.29703e-06
2.62205e-06
3.18624e-06
2.38834e-06
2.751e-06
3.09092e-06
2.43556e-06
1.64806e-06
1.9984e-06
2.16631e-06
2.96193e-06
2.1476e-06
2.35412e-06
4.96445e-06
3.66488e-06
4.18593e-06
3.36099e-06
4.10788e-06
3.46999e-06
3.24405e-06
3.93996e-06
1.96448e-06
2.30635e-06
1.9886e-06
1.60596e-06
2.04626e-06
1.92536e-06
2.38204e-06
2.18565e-06
2.03598e-06
3.41496e-06
3.4671e-06
3.00804e-06
2.49812e-06
2.41517e-06
2.75387e-06
3.29077e-06
2.5021e-06
2.87773e-06
3.12738e-06
2.47415e-06
1.71157e-06
2.10481e-06
2.2298e-06
3.02642e-06
2.25648e-06
2.41774e-06
5.12192e-07
2.56349e-07
9.9491e-08
2.95059e-07
2.18325e-07
5.58075e-07
3.82261e-07
2.93442e-07
1.50351e-06
1.18855e-06
1.20619e-06
1.08353e-06
8.37828e-07
1.11285e-06
1.08125e-06
8.28651e-07
1.1102e-06
6.12782e-07
9.63658e-07
1.55408e-06
1.18627e-06
1.12691e-06
6.58479e-07
1.07372e-06
9.99319e-07
7.69034e-08
3.12738e-07
3.63851e-07
5.47066e-07
7.4728e-07
4.7091e-07
4.0258e-07
7.36436e-07
4.59293e-07
2.05906e-05
2.11198e-05
6.19496e-06
6.54668e-06
1.22226e-05
1.17751e-05
1.99184e-08
2.76056e-08
1.54913e-06
1.36274e-06
2.04299e-05
2.09521e-05
2.00648e-05
1.95425e-05
1.26758e-05
1.31345e-05
1.99108e-05
1.93952e-05
1.26052e-05
1.30595e-05
6.17454e-06
6.52413e-06
1.21563e-05
1.1713e-05
5.85124e-06
5.5155e-06
1.74612e-06
1.95333e-06
5.83261e-06
5.49879e-06
1.74364e-06
1.95032e-06
1.74497e-07
1.05253e-07
1.7975e-07
2.32809e-08
3.25867e-08
1.5472e-06
1.36133e-06
1.79487e-07
8.3118e-08
1.64415e-07
9.03547e-08
1.60977e-07
1.73966e-07
8.16083e-08
1.40092e-05
1.31899e-05
1.23687e-05
1.266e-05
1.43514e-05
1.04947e-05
1.0756e-05
1.20841e-05
1.1344e-05
1.16049e-05
1.10053e-05
1.02654e-05
8.81564e-06
8.41936e-06
4.5909e-06
4.54713e-06
4.21799e-06
4.4243e-06
4.8245e-06
5.74378e-06
6.3259e-06
5.67684e-06
5.51464e-06
6.06432e-06
6.353e-06
6.78084e-06
7.14148e-06
7.1123e-06
6.91189e-06
6.55673e-06
6.56603e-06
5.36627e-06
5.58839e-06
5.95644e-06
5.33243e-06
5.80211e-06
5.17583e-06
5.5311e-06
9.21895e-06
9.62886e-06
8.56526e-06
7.69416e-06
7.68359e-06
7.43989e-06
8.27205e-06
5.97638e-06
6.59183e-06
6.40245e-06
6.21244e-06
6.86196e-06
3.91548e-06
3.85328e-06
4.28153e-06
3.99122e-06
4.17906e-06
4.02686e-06
3.7468e-06
4.80227e-06
5.3776e-06
5.30166e-06
5.13666e-06
5.16975e-06
4.98779e-06
4.94386e-06
3.75699e-07
2.84013e-07
7.16503e-08
1.01243e-07
5.11945e-08
8.54448e-08
8.97409e-08
5.70905e-07
5.61148e-07
5.02802e-07
4.83218e-07
4.70834e-07
1.2839e-06
1.45041e-06
1.40657e-06
1.34375e-06
1.29258e-06
1.39091e-06
1.34125e-06
7.95083e-07
6.87621e-07
8.19906e-07
7.46265e-07
7.80055e-07
7.05216e-07
8.39253e-07
4.80477e-07
5.97782e-07
1.45938e-06
1.41171e-06
1.33011e-06
1.29097e-06
1.32798e-06
6.61796e-07
6.55775e-07
7.82996e-07
7.5632e-07
7.54981e-07
1.04774e-07
6.66417e-08
1.15823e-07
4.99235e-08
9.50687e-08
1.23156e-07
4.79178e-08
5.31078e-07
5.97925e-07
5.42004e-07
6.55154e-07
5.10614e-07
6.1732e-07
5.65528e-07
1.4673e-05
1.40208e-05
1.37414e-05
1.50425e-05
1.40896e-05
1.21587e-05
1.13905e-05
1.27483e-05
1.2843e-05
1.16662e-05
1.31662e-05
1.18631e-05
1.3669e-05
1.20789e-05
1.22671e-05
1.17906e-05
1.33309e-05
1.64903e-05
1.69887e-05
1.00959e-05
1.07679e-05
1.13503e-05
1.03738e-05
1.16742e-05
6.96988e-06
6.9981e-06
7.37343e-06
7.84109e-06
6.76238e-06
7.60763e-06
7.21775e-06
8.03351e-06
9.05634e-06
8.58228e-06
9.10797e-06
8.25093e-06
8.81013e-06
8.34966e-06
9.80975e-06
1.0508e-05
1.10842e-05
1.12502e-05
1.00371e-05
1.08257e-05
1.02616e-05
8.68997e-06
9.30438e-06
9.89607e-06
8.81683e-06
9.55404e-06
8.46978e-06
9.05327e-06
1.59965e-05
1.55071e-05
8.86201e-06
7.95125e-06
8.49133e-06
8.211e-06
9.16215e-06
9.81997e-06
1.1029e-05
9.89502e-06
9.54627e-06
1.07105e-05
1.43062e-05
1.33959e-05
1.30008e-05
1.39421e-05
1.30532e-05
1.63797e-05
1.68722e-05
1.10612e-05
1.1355e-05
1.18191e-05
1.21651e-05
1.13851e-05
7.76875e-06
7.29776e-06
8.15686e-06
8.08241e-06
7.53325e-06
8.3541e-06
7.52159e-06
9.05624e-06
1.00615e-05
9.00726e-06
9.51431e-06
8.75467e-06
9.32362e-06
9.76808e-06
1.12795e-05
1.11167e-05
1.25224e-05
1.18365e-05
1.157e-05
1.0845e-05
1.22045e-05
9.86781e-06
1.03582e-05
1.0365e-05
9.26246e-06
9.52022e-06
1.06582e-05
9.5942e-06
1.58913e-05
1.54074e-05
9.18032e-06
8.88714e-06
8.60072e-06
9.49676e-06
8.89474e-06
1.07407e-05
1.14765e-05
1.0404e-05
1.11374e-05
1.04237e-05
8.77803e-06
8.38455e-06
4.73991e-06
4.71823e-06
4.50542e-06
4.97949e-06
4.72495e-06
6.14832e-06
6.52881e-06
5.89709e-06
6.25773e-06
5.89879e-06
7.03809e-06
7.06532e-06
7.38191e-06
7.81459e-06
6.83601e-06
7.278e-06
7.55072e-06
5.89484e-06
6.05367e-06
6.16232e-06
5.52903e-06
5.73834e-06
6.29261e-06
5.67783e-06
9.17816e-06
9.58504e-06
8.868e-06
8.02171e-06
8.31077e-06
8.55991e-06
8.02501e-06
6.40267e-06
6.80486e-06
6.66096e-06
7.08579e-06
6.66171e-06
4.27232e-06
3.98527e-06
4.41723e-06
4.30421e-06
4.16508e-06
4.50675e-06
4.0881e-06
5.25583e-06
5.81911e-06
5.47691e-06
5.32323e-06
5.12101e-06
5.58907e-06
5.46478e-06
4.36233e-06
4.01585e-06
3.92123e-06
3.81796e-06
4.13891e-06
3.67955e-06
3.96367e-06
2.72443e-06
2.97179e-06
2.91102e-06
2.89508e-06
3.10177e-06
1.61502e-06
1.56281e-06
1.52472e-06
1.7036e-06
1.50123e-06
1.64708e-06
1.67864e-06
2.23801e-06
2.47233e-06
2.44959e-06
2.38985e-06
2.37346e-06
2.32398e-06
2.31192e-06
3.41856e-06
3.68311e-06
3.80695e-06
3.71553e-06
3.58112e-06
3.62635e-06
3.51638e-06
2.65487e-06
2.62493e-06
2.85454e-06
2.59096e-06
2.78168e-06
2.5124e-06
2.73609e-06
3.40461e-06
3.13874e-06
1.59673e-06
1.53745e-06
1.71556e-06
1.66823e-06
1.74006e-06
2.55862e-06
2.72604e-06
2.46185e-06
2.39775e-06
2.54686e-06
4.50587e-06
4.29111e-06
4.07072e-06
4.27744e-06
4.08199e-06
3.67107e-06
3.95398e-06
2.93941e-06
3.09609e-06
3.0287e-06
3.22201e-06
3.11636e-06
1.82097e-06
1.63814e-06
1.78054e-06
1.71056e-06
1.75646e-06
1.83826e-06
1.70067e-06
2.4764e-06
2.69703e-06
2.54305e-06
2.47834e-06
2.40253e-06
2.61892e-06
2.54246e-06
3.73232e-06
3.80933e-06
4.10647e-06
3.8337e-06
3.90806e-06
3.63727e-06
3.91351e-06
2.91635e-06
2.85636e-06
2.9518e-06
2.68749e-06
2.83591e-06
3.02055e-06
2.76563e-06
3.397e-06
3.13225e-06
1.7008e-06
1.81732e-06
1.71542e-06
1.84568e-06
1.85033e-06
2.76794e-06
2.84145e-06
2.57604e-06
2.66025e-06
2.60173e-06
3.78802e-07
2.88028e-07
1.1436e-07
1.41481e-07
1.22516e-07
1.38619e-07
1.53843e-07
6.90615e-07
6.37191e-07
5.65054e-07
5.41416e-07
5.93315e-07
1.46971e-06
1.52318e-06
1.41388e-06
1.58686e-06
1.41138e-06
1.58355e-06
1.46709e-06
9.39471e-07
8.16779e-07
8.75402e-07
7.96964e-07
8.93623e-07
9.18222e-07
8.39815e-07
4.82583e-07
5.99304e-07
1.56176e-06
1.42449e-06
1.58526e-06
1.42843e-06
1.45967e-06
7.90518e-07
7.36756e-07
8.60109e-07
8.40454e-07
8.93367e-07
1.68303e-07
9.39024e-08
1.43763e-07
1.17074e-07
1.48059e-07
1.60315e-07
1.11051e-07
6.45043e-07
7.17553e-07
5.86144e-07
7.02049e-07
6.08468e-07
6.2036e-07
7.41669e-07
1.91099e-05
1.81288e-05
1.95992e-05
5.02932e-06
4.34298e-06
4.31287e-06
5.01627e-06
7.27332e-06
6.90621e-06
5.80653e-06
5.76522e-06
6.13136e-06
6.80254e-06
6.07104e-06
6.46345e-06
3.72334e-06
3.4141e-06
3.76875e-06
3.3941e-06
3.61773e-06
3.27261e-06
3.29765e-06
3.56908e-06
1.08979e-05
1.13335e-05
1.1375e-05
1.02079e-05
1.09615e-05
1.01511e-05
9.83299e-06
1.05536e-05
2.68345e-06
2.48615e-06
2.53806e-06
2.6186e-06
2.77936e-06
2.67133e-06
2.62362e-06
2.84165e-06
8.81491e-08
5.12189e-08
4.47957e-08
6.70845e-08
4.84826e-08
1.20105e-07
1.00308e-07
7.41879e-08
1.18464e-06
1.25359e-06
1.2627e-06
1.17464e-06
1.10791e-06
1.02373e-06
1.10448e-06
1.02912e-06
1.02242e-06
1.18712e-06
1.51768e-06
1.34777e-06
1.34544e-06
1.03019e-06
1.19633e-06
1.18289e-06
1.55819e-07
1.24898e-07
1.671e-07
1.06653e-07
2.36223e-07
3.35483e-07
2.40706e-07
3.29309e-07
3.94961e-06
5.63615e-06
5.6942e-06
3.27697e-06
3.30091e-06
3.39243e-06
3.37277e-06
3.87219e-06
3.87651e-06
3.80053e-06
3.80001e-06
4.16814e-06
4.22075e-06
4.38885e-06
4.33633e-06
5.49186e-06
5.43551e-06
5.24021e-06
5.29537e-06
1.89599e-05
1.82112e-05
1.94427e-05
7.36606e-06
6.34072e-06
6.43271e-06
7.23932e-06
1.86238e-05
1.67933e-05
1.8141e-05
1.85091e-05
1.9024e-05
1.63541e-05
1.71856e-05
1.76615e-05
3.91774e-06
3.51225e-06
3.87543e-06
3.52724e-06
4.02611e-06
3.63717e-06
3.62762e-06
4.06485e-06
4.88206e-06
4.22651e-06
4.89906e-06
4.25045e-06
4.766e-06
4.15473e-06
4.13656e-06
4.74524e-06
1.40682e-05
1.35988e-05
1.17939e-05
1.13616e-05
1.22178e-05
1.30807e-05
1.17555e-05
1.26469e-05
1.84802e-05
1.68667e-05
1.80036e-05
1.83746e-05
1.8883e-05
1.64246e-05
1.70603e-05
1.75302e-05
5.06924e-06
4.49937e-06
4.57553e-06
4.96804e-06
5.22335e-06
4.78481e-06
4.70716e-06
5.3275e-06
6.92697e-06
6.17683e-06
6.08727e-06
7.05031e-06
6.74271e-06
5.84069e-06
5.92791e-06
6.6227e-06
1.39839e-05
1.35191e-05
1.17302e-05
1.14061e-05
1.21498e-05
1.30035e-05
1.18016e-05
1.25743e-05
3.20576e-06
3.17798e-06
3.07541e-06
3.10702e-06
2.38848e-06
2.44236e-06
2.56151e-06
2.51124e-06
4.05637e-06
4.00306e-06
3.84072e-06
3.89506e-06
2.89779e-06
2.96342e-06
3.11717e-06
3.05374e-06
1.30568e-06
1.38246e-06
1.52379e-06
1.44955e-06
2.31994e-06
2.26266e-06
2.13398e-06
2.19429e-06
1.59145e-06
1.68085e-06
1.84959e-06
1.76262e-06
2.80943e-06
2.74094e-06
2.58281e-06
2.65433e-06
7.24642e-06
6.88143e-06
5.79556e-06
5.79827e-06
6.11804e-06
6.78417e-06
6.10412e-06
6.44764e-06
4.72015e-06
4.37214e-06
4.81882e-06
4.29693e-06
4.5763e-06
4.09986e-06
4.17423e-06
4.48003e-06
1.08436e-05
1.12753e-05
1.13157e-05
1.02483e-05
1.09064e-05
1.01038e-05
9.87232e-06
1.05023e-05
3.26216e-06
2.99972e-06
3.07552e-06
3.17469e-06
3.37815e-06
3.25073e-06
3.17571e-06
3.46657e-06
5.48913e-06
4.88803e-06
5.17911e-06
4.86903e-06
5.18813e-06
4.60935e-06
4.58214e-06
4.87679e-06
1.41799e-06
1.32471e-06
1.34066e-06
1.40165e-06
1.49837e-06
1.5489e-06
1.47449e-06
1.57446e-06
2.45808e-06
2.4025e-06
2.52498e-06
2.34682e-06
2.36585e-06
2.20531e-06
2.26462e-06
2.297e-06
2.39818e-06
2.17085e-06
1.69966e-06
1.85361e-06
1.89095e-06
2.3015e-06
2.03932e-06
2.09169e-06
5.48033e-06
4.92141e-06
5.17255e-06
4.85552e-06
5.17285e-06
4.64302e-06
4.57953e-06
4.87218e-06
1.73988e-06
1.60616e-06
1.69739e-06
1.64848e-06
1.8336e-06
1.87161e-06
1.78232e-06
1.92423e-06
2.97492e-06
2.90229e-06
2.82501e-06
3.06212e-06
2.86636e-06
2.65152e-06
2.73033e-06
2.77918e-06
2.39403e-06
2.1671e-06
1.71359e-06
1.89446e-06
1.9039e-06
2.31225e-06
2.07941e-06
2.10351e-06
1.23897e-06
1.16031e-06
1.01325e-06
1.09357e-06
1.40641e-07
1.7542e-07
3.35383e-07
2.42544e-07
1.51004e-06
1.41793e-06
1.24245e-06
1.33697e-06
1.02503e-07
2.0036e-07
4.361e-07
3.16703e-07
9.51984e-08
5.9227e-08
5.21496e-08
9.5185e-08
6.04052e-08
1.39036e-07
1.30962e-07
9.05969e-08
1.4631e-06
1.52207e-06
1.55567e-06
1.42862e-06
1.37238e-06
1.25044e-06
1.3457e-06
1.27868e-06
1.02212e-06
1.18602e-06
1.53265e-06
1.39061e-06
1.36139e-06
1.04793e-06
1.23969e-06
1.19972e-06
1.87253e-07
7.4078e-08
1.60972e-07
8.47763e-08
1.63697e-07
8.21606e-08
1.81729e-07
1.94224e-07
9.32229e-08
1.96668e-07
8.71662e-08
3.19036e-07
4.34754e-07
3.15358e-07
4.38109e-07
1.52293e-05
1.68102e-05
1.56068e-05
7.64807e-06
8.03005e-06
8.22723e-06
7.35755e-06
7.86116e-06
7.14868e-06
7.02666e-06
7.50157e-06
4.87992e-06
5.43584e-06
5.13523e-06
4.76469e-06
4.84892e-06
5.30637e-06
4.63465e-06
5.06305e-06
5.71829e-06
5.66224e-06
5.39605e-06
6.77857e-06
6.90573e-06
6.49197e-06
5.44266e-06
5.06707e-06
5.55444e-06
5.28902e-06
5.80714e-06
6.60044e-06
5.93371e-06
6.21032e-06
6.15133e-06
6.87503e-06
6.46013e-06
6.14404e-06
5.95178e-06
6.68476e-06
6.35372e-06
3.31103e-06
3.02095e-06
3.25632e-06
3.05563e-06
3.41369e-06
3.17821e-06
3.46524e-06
3.14839e-06
5.55913e-06
6.18138e-06
6.23809e-06
5.93699e-06
5.75433e-06
6.01873e-06
5.73265e-06
1.04686e-05
1.00455e-05
8.5998e-06
8.38532e-06
8.97858e-06
9.75436e-06
8.73922e-06
9.36349e-06
9.23554e-06
9.53263e-06
8.91347e-06
7.4206e-06
6.93974e-06
7.69651e-06
7.18839e-06
7.98244e-06
9.18741e-06
8.28163e-06
8.59546e-06
7.06999e-06
7.85353e-06
7.36612e-06
6.65175e-06
6.69418e-06
7.41439e-06
6.45174e-06
7.13617e-06
8.17972e-06
7.97204e-06
7.66682e-06
4.08717e-06
4.47811e-06
4.56536e-06
4.38404e-06
4.37048e-06
4.26179e-06
4.20381e-06
3.09844e-06
2.93034e-06
3.15575e-06
2.89123e-06
2.99899e-06
2.75851e-06
2.93905e-06
2.80198e-06
4.6194e-06
5.0903e-06
4.76359e-06
4.56748e-06
4.96506e-06
4.43924e-06
4.75411e-06
1.40383e-07
2.05565e-07
4.20355e-07
3.79338e-07
3.29725e-07
1.79327e-07
2.95946e-07
2.4938e-07
7.92654e-08
7.42616e-08
8.4496e-08
1.71607e-07
2.3572e-07
2.23742e-07
1.58506e-07
1.51311e-07
1.17855e-07
2.03277e-07
1.36538e-07
5.35777e-07
4.12942e-07
4.44784e-07
4.15763e-07
3.16078e-07
3.02097e-07
3.98454e-07
3.84562e-07
3.2819e-07
2.78327e-07
3.58969e-07
1.18024e-06
1.2318e-06
1.07665e-06
1.13223e-06
1.07974e-06
1.18269e-06
1.23521e-06
8.00802e-07
7.19609e-07
7.19909e-07
8.04165e-07
8.7476e-07
9.54923e-07
9.54363e-07
8.72362e-07
8.87289e-07
9.17996e-07
9.74333e-07
1.03209e-06
9.82116e-07
8.75549e-07
9.34471e-07
8.69197e-07
7.27516e-07
5.21589e-07
6.78181e-07
6.33264e-07
8.8771e-07
7.94696e-07
7.55332e-07
1.4781e-06
1.34098e-06
1.33766e-06
1.21156e-06
1.06371e-06
1.08246e-06
1.17503e-06
1.20237e-06
1.19892e-06
1.0769e-06
1.20393e-06
6.32181e-07
7.06746e-07
7.34286e-07
8.83746e-07
9.57001e-07
9.68093e-07
8.54619e-07
8.58982e-07
8.18637e-07
9.56419e-07
8.4226e-07
1.92149e-07
1.96479e-07
2.58254e-07
3.00728e-07
1.76569e-07
2.76893e-07
2.11998e-07
5.63746e-07
6.52015e-07
6.47076e-07
5.64368e-07
4.90173e-07
4.06949e-07
4.0588e-07
4.9593e-07
4.46162e-07
4.53676e-07
3.41534e-07
3.89127e-07
4.25356e-07
3.61838e-07
4.77071e-07
3.56546e-06
3.55373e-06
3.46502e-06
3.48067e-06
3.63924e-06
3.64682e-06
3.72494e-06
3.72151e-06
4.73708e-06
4.68449e-06
4.50833e-06
4.56077e-06
4.86488e-06
4.91813e-06
5.10422e-06
5.05002e-06
1.56964e-05
1.71548e-05
1.60931e-05
1.48541e-05
1.5585e-05
1.44812e-05
1.19632e-05
1.12186e-05
1.26612e-05
1.15038e-05
1.2995e-05
1.51819e-05
1.37429e-05
1.41108e-05
1.79983e-05
1.74914e-05
1.53194e-05
1.46297e-05
1.57801e-05
1.67133e-05
1.50557e-05
1.62448e-05
1.10635e-05
1.09352e-05
1.23298e-05
1.06535e-05
1.20008e-05
1.22986e-05
1.35988e-05
1.26555e-05
1.33777e-05
1.39899e-05
1.30151e-05
4.32069e-06
3.84705e-06
3.8483e-06
4.35247e-06
4.20975e-06
3.73954e-06
4.17436e-06
3.74379e-06
7.17927e-06
8.08947e-06
8.08261e-06
7.66401e-06
7.39039e-06
7.84407e-06
7.43976e-06
7.81755e-06
8.84974e-06
8.32318e-06
7.89044e-06
7.60317e-06
8.56576e-06
8.119e-06
9.58344e-06
1.09756e-05
1.03126e-05
9.77328e-06
1.05684e-05
9.35832e-06
1.00166e-05
4.49272e-06
3.95372e-06
3.94689e-06
4.46449e-06
4.60622e-06
4.04341e-06
4.63066e-06
4.05596e-06
8.91152e-06
1.0163e-05
1.00582e-05
9.53156e-06
9.80536e-06
9.13431e-06
9.29154e-06
1.4543e-05
1.50226e-05
1.48629e-05
1.3374e-05
1.44107e-05
1.35195e-05
1.29631e-05
1.39628e-05
9.56155e-06
1.05945e-05
9.89139e-06
8.76656e-06
8.738e-06
9.77224e-06
8.47329e-06
9.46559e-06
1.09569e-05
1.05621e-05
1.02249e-05
1.1945e-05
1.2445e-05
1.15944e-05
9.60896e-06
9.00513e-06
1.0082e-05
9.27466e-06
1.03948e-05
1.20674e-05
1.09029e-05
1.12469e-05
1.53023e-05
1.58898e-05
1.49111e-05
1.2666e-05
1.32223e-05
1.23767e-05
1.35807e-05
1.27135e-05
1.5474e-05
1.41375e-05
1.45228e-05
1.78699e-05
1.7369e-05
1.52168e-05
1.469e-05
1.5672e-05
1.65938e-05
1.51184e-05
1.61311e-05
1.16784e-05
1.28668e-05
1.2043e-05
1.25144e-05
1.17125e-05
1.26281e-05
1.38436e-05
1.30005e-05
1.37552e-05
1.42461e-05
1.33762e-05
5.75852e-06
5.22208e-06
5.14115e-06
5.86867e-06
5.59401e-06
4.92107e-06
5.48696e-06
5.00023e-06
8.01944e-06
8.42198e-06
8.01326e-06
8.90879e-06
7.77181e-06
8.27358e-06
8.62959e-06
8.79207e-06
9.23658e-06
8.25759e-06
9.19165e-06
8.50474e-06
8.53116e-06
9.47811e-06
1.09916e-05
1.15372e-05
1.03082e-05
1.15771e-05
1.05755e-05
1.18893e-05
1.07064e-05
6.15174e-06
5.36765e-06
5.45056e-06
6.0384e-06
6.32635e-06
5.68582e-06
6.44306e-06
5.60073e-06
1.01445e-05
1.06541e-05
1.00432e-05
1.12677e-05
9.78049e-06
1.09614e-05
1.0424e-05
1.44536e-05
1.49281e-05
1.47656e-05
1.34275e-05
1.43186e-05
1.34374e-05
1.30146e-05
1.38758e-05
9.78491e-06
1.07617e-05
1.01262e-05
9.18331e-06
1.01416e-05
9.49484e-06
9.81721e-06
9.19281e-06
1.11324e-05
1.08214e-05
1.04717e-05
1.22594e-05
1.26579e-05
1.18942e-05
1.00936e-05
1.04698e-05
9.80071e-06
1.08018e-05
1.01104e-05
1.22704e-05
1.11751e-05
1.15327e-05
2.85979e-06
2.89924e-06
3.00487e-06
2.96939e-06
2.79013e-06
2.747e-06
2.63073e-06
2.6774e-06
3.52267e-06
3.57963e-06
3.73642e-06
3.68068e-06
3.42464e-06
3.36574e-06
3.20956e-06
3.27066e-06
1.80001e-06
1.73063e-06
1.59133e-06
1.66313e-06
1.86773e-06
1.93416e-06
2.0656e-06
2.00227e-06
2.17848e-06
2.09793e-06
1.93139e-06
2.01538e-06
2.26167e-06
2.33927e-06
2.49787e-06
2.42314e-06
7.61859e-06
7.998e-06
8.19726e-06
7.39154e-06
7.83422e-06
7.12757e-06
7.06031e-06
7.47765e-06
4.9856e-06
5.51626e-06
5.24497e-06
4.94429e-06
5.475e-06
5.17949e-06
5.22457e-06
4.94971e-06
5.80169e-06
5.78125e-06
5.51023e-06
6.92124e-06
7.00405e-06
6.62806e-06
5.6517e-06
5.73074e-06
5.41429e-06
5.99167e-06
5.6541e-06
6.69459e-06
6.058e-06
6.3403e-06
6.80184e-06
7.13058e-06
6.38697e-06
7.035e-06
6.60985e-06
6.56933e-06
7.29082e-06
4.11294e-06
3.71947e-06
3.79306e-06
4.02082e-06
4.24681e-06
3.98136e-06
4.34102e-06
3.90735e-06
6.11581e-06
6.39872e-06
6.16741e-06
6.78333e-06
5.95118e-06
6.34065e-06
6.53584e-06
1.04178e-05
9.99822e-06
8.56657e-06
8.42104e-06
8.94207e-06
9.71074e-06
8.77568e-06
9.32347e-06
9.44796e-06
9.67678e-06
9.11547e-06
7.74118e-06
7.9567e-06
7.4664e-06
8.25612e-06
7.74351e-06
9.32464e-06
8.46425e-06
8.78754e-06
7.21971e-06
7.9665e-06
7.52336e-06
6.92457e-06
7.66178e-06
7.19365e-06
7.37145e-06
6.92538e-06
8.29824e-06
8.14571e-06
7.83206e-06
4.46074e-06
4.62067e-06
4.53625e-06
4.92584e-06
4.34881e-06
4.714e-06
4.6533e-06
3.80078e-06
3.60893e-06
3.53505e-06
3.8914e-06
3.67626e-06
3.35411e-06
3.58695e-06
3.42836e-06
5.05091e-06
5.25654e-06
4.72744e-06
5.14233e-06
4.92239e-06
5.36346e-06
4.85003e-06
4.6302e-06
4.62519e-06
4.3862e-06
3.72172e-06
3.43517e-06
3.70773e-06
3.62437e-06
3.92067e-06
4.36752e-06
3.91576e-06
4.14803e-06
4.55856e-06
4.25666e-06
3.484e-06
3.56699e-06
3.74629e-06
4.29551e-06
3.81653e-06
4.01682e-06
3.15193e-06
3.25052e-06
3.50023e-06
3.07045e-06
3.29823e-06
3.04803e-06
3.40296e-06
3.25557e-06
3.68953e-06
3.63398e-06
3.46944e-06
1.8159e-06
1.83987e-06
1.77076e-06
1.88968e-06
1.73161e-06
1.6231e-06
1.65652e-06
1.69501e-06
1.73242e-06
1.83211e-06
1.90483e-06
1.92104e-06
1.85342e-06
1.77379e-06
1.79809e-06
2.10617e-06
2.24373e-06
2.04022e-06
2.04761e-06
1.97802e-06
2.17994e-06
2.17789e-06
3.25922e-06
3.5349e-06
3.27667e-06
3.19345e-06
3.44958e-06
3.10315e-06
3.35313e-06
2.04805e-06
1.91708e-06
1.98311e-06
1.97564e-06
2.13636e-06
2.12484e-06
2.20698e-06
2.06214e-06
2.80087e-06
3.01823e-06
3.10764e-06
3.03738e-06
2.94261e-06
2.95031e-06
2.88489e-06
2.63549e-06
2.88234e-06
3.23026e-06
2.86453e-06
2.98494e-06
2.52044e-06
2.64606e-06
2.74833e-06
1.6254e-06
1.81317e-06
1.77956e-06
1.85438e-06
1.94485e-06
2.0448e-06
1.80403e-06
1.88943e-06
1.98596e-06
2.1084e-06
1.94057e-06
2.84694e-06
2.75206e-06
2.65234e-06
2.30212e-06
2.09077e-06
2.20617e-06
2.24178e-06
2.37356e-06
2.54945e-06
2.283e-06
2.46436e-06
4.73222e-06
4.69831e-06
4.48492e-06
3.86516e-06
3.83772e-06
3.67964e-06
4.05468e-06
3.87812e-06
4.43876e-06
4.00892e-06
4.2438e-06
4.54636e-06
4.2458e-06
3.48812e-06
3.60235e-06
3.74883e-06
4.29465e-06
3.85137e-06
4.01774e-06
3.28037e-06
3.62659e-06
3.48655e-06
3.42132e-06
3.29877e-06
3.13364e-06
3.46894e-06
3.34268e-06
3.78036e-06
3.70096e-06
3.55828e-06
2.20717e-06
2.21663e-06
2.13192e-06
2.29568e-06
2.10964e-06
1.95769e-06
2.02017e-06
2.0447e-06
1.94473e-06
1.9113e-06
2.00385e-06
2.1065e-06
1.87845e-06
2.072e-06
1.97026e-06
2.3378e-06
2.32971e-06
2.13287e-06
2.2472e-06
2.26579e-06
2.20296e-06
2.39253e-06
3.5607e-06
3.6481e-06
3.30483e-06
3.54179e-06
3.46906e-06
3.72524e-06
3.39327e-06
2.48367e-06
2.30541e-06
2.38803e-06
2.39595e-06
2.58607e-06
2.55905e-06
2.67353e-06
2.4783e-06
3.07115e-06
3.11898e-06
3.14462e-06
3.36325e-06
2.9883e-06
3.1895e-06
3.23013e-06
2.63048e-06
2.87659e-06
3.23575e-06
2.90163e-06
2.99189e-06
2.52999e-06
2.68389e-06
2.7566e-06
1.70482e-06
1.87671e-06
1.85959e-06
1.9585e-06
2.1533e-06
2.13536e-06
1.9965e-06
1.99033e-06
2.04949e-06
2.18949e-06
2.02114e-06
2.93128e-06
2.81611e-06
2.73565e-06
2.41357e-06
2.31623e-06
2.28553e-06
2.48521e-06
2.44097e-06
2.61324e-06
2.36477e-06
2.54684e-06
7.14048e-07
7.98148e-07
9.46682e-07
8.64571e-07
6.47391e-07
5.60616e-07
4.0552e-07
4.93188e-07
8.87968e-07
9.85683e-07
1.16221e-06
1.06572e-06
8.07973e-07
7.07343e-07
5.2337e-07
6.26939e-07
1.46332e-07
2.10551e-07
4.41189e-07
4.19414e-07
3.50701e-07
1.99574e-07
3.34156e-07
2.70313e-07
1.10657e-07
1.10482e-07
1.24495e-07
2.1245e-07
2.76826e-07
3.15374e-07
1.99741e-07
2.2948e-07
1.5448e-07
2.47033e-07
1.76474e-07
5.97913e-07
4.63869e-07
5.02746e-07
4.72418e-07
3.60823e-07
4.05625e-07
4.49288e-07
4.98421e-07
3.75673e-07
3.26862e-07
4.12404e-07
1.35867e-06
1.29938e-06
1.19651e-06
1.23813e-06
1.30249e-06
1.25025e-06
1.35087e-06
1.00564e-06
8.91785e-07
9.90126e-07
9.10172e-07
1.09396e-06
1.16826e-06
1.18872e-06
1.07124e-06
1.04095e-06
9.76864e-07
1.09335e-06
1.12869e-06
9.92423e-07
1.14451e-06
1.02206e-06
8.69298e-07
7.28223e-07
5.41962e-07
7.21504e-07
6.53158e-07
9.06157e-07
8.38351e-07
7.74526e-07
1.55682e-06
1.40423e-06
1.41549e-06
1.30313e-06
1.17821e-06
1.22165e-06
1.30065e-06
1.33851e-06
1.26186e-06
1.15229e-06
1.28072e-06
6.9795e-07
7.65392e-07
8.03198e-07
9.65008e-07
1.06083e-06
1.10867e-06
9.48316e-07
9.99242e-07
8.78878e-07
1.03001e-06
9.13753e-07
2.63079e-07
2.25048e-07
3.31524e-07
3.36946e-07
2.39055e-07
2.46115e-07
3.58362e-07
7.2356e-07
8.10809e-07
7.09313e-07
8.21597e-07
6.35298e-07
5.23463e-07
5.34456e-07
6.28092e-07
5.49387e-07
4.93708e-07
4.23843e-07
4.3033e-07
5.15923e-07
5.24797e-07
4.54032e-07
1.46916e-07
9.11538e-08
1.58819e-07
1.14555e-07
1.55988e-07
1.5285e-07
9.73328e-08
1.71654e-07
1.32979e-07
1.68931e-07
1.13863e-07
6.116e-08
1.36063e-07
5.63441e-08
1.23044e-07
1.2973e-07
4.88723e-08
1.73074e-07
8.43463e-08
1.56691e-07
9.25411e-08
1.77686e-07
1.52532e-07
1.01349e-07
6.27253e-06
6.89414e-06
7.82098e-06
7.11971e-06
6.99426e-06
6.18757e-06
7.25254e-06
4.30365e-06
4.71275e-06
4.89015e-06
5e-06
4.39753e-06
4.6137e-06
4.76362e-06
4.1897e-06
4.51143e-06
4.86224e-06
4.37592e-06
4.47466e-06
4.6365e-06
4.09563e-06
2.97159e-06
3.03182e-06
3.31438e-06
3.07179e-06
3.12773e-06
2.87782e-06
3.18534e-06
3.07592e-06
3.41726e-06
3.43505e-06
3.34194e-06
3.2455e-06
3.30131e-06
3.17024e-06
1.23155e-06
1.38824e-06
1.33937e-06
1.31385e-06
1.31672e-06
1.2975e-06
1.25049e-06
1.14891e-06
1.0761e-06
1.22327e-06
1.12325e-06
1.21364e-06
1.16245e-06
1.06504e-06
1.41025e-07
7.50492e-08
1.43368e-07
6.77272e-08
1.5106e-07
8.28435e-08
1.34036e-07
2.30895e-07
3.18197e-07
2.44986e-07
3.53932e-07
2.44993e-07
2.28247e-07
3.26402e-07
8.35773e-06
7.51463e-06
8.59034e-06
9.02585e-06
7.66333e-06
8.17035e-06
9.23729e-06
4.60567e-06
4.85504e-06
5.01854e-06
5.42115e-06
4.51251e-06
4.95437e-06
5.1462e-06
4.72204e-06
5.40465e-06
5.19937e-06
5.56378e-06
5.09979e-06
4.8146e-06
5.27584e-06
5.97933e-06
6.73045e-06
6.98587e-06
7.35446e-06
6.06574e-06
6.6303e-06
6.85326e-06
5.85806e-06
6.58758e-06
7.20033e-06
6.36869e-06
6.46885e-06
6.71975e-06
5.7706e-06
5.61987e-06
5.15173e-06
5.7893e-06
5.92528e-06
5.28198e-06
5.46794e-06
6.09866e-06
5.77408e-06
6.45621e-06
5.5594e-06
5.9507e-06
5.42651e-06
5.93058e-06
6.27769e-06
7.80213e-06
7.34667e-06
8.81235e-06
8.03238e-06
7.98536e-06
7.1999e-06
8.60514e-06
7.62123e-06
8.19318e-06
7.84972e-06
6.8903e-06
7.03496e-06
8.39602e-06
7.44208e-06
5.17103e-06
5.01091e-06
5.31644e-06
5.75162e-06
4.88315e-06
5.3182e-06
5.58355e-06
5.02599e-06
5.25249e-06
5.16305e-06
4.62089e-06
4.74596e-06
5.41535e-06
4.8832e-06
3.45711e-06
3.17872e-06
3.48254e-06
3.49011e-06
3.28868e-06
3.3392e-06
3.62193e-06
3.57616e-06
3.89459e-06
3.61096e-06
3.51622e-06
3.4038e-06
3.7579e-06
3.69769e-06
1.48718e-06
1.47474e-06
1.42999e-06
1.59414e-06
1.40098e-06
1.56589e-06
1.52143e-06
1.57399e-06
1.70941e-06
1.7471e-06
1.6899e-06
1.65539e-06
1.66142e-06
1.61506e-06
2.68234e-06
2.91779e-06
2.95835e-06
2.96081e-06
2.77577e-06
2.82253e-06
2.84716e-06
2.58215e-06
2.62772e-06
2.84645e-06
2.61745e-06
2.71218e-06
2.73622e-06
2.48969e-06
1.75401e-06
1.56069e-06
1.68546e-06
1.65773e-06
1.65706e-06
1.6552e-06
1.75881e-06
1.85011e-06
1.96583e-06
1.8458e-06
1.78502e-06
1.74819e-06
1.95034e-06
1.86202e-06
3.10929e-06
3.0672e-06
3.3591e-06
3.10903e-06
3.22364e-06
2.95933e-06
3.23209e-06
2.99751e-06
2.98336e-06
2.98878e-06
2.74544e-06
2.85115e-06
3.10594e-06
2.88599e-06
1.46277e-06
1.47189e-06
1.39398e-06
1.5571e-06
1.37625e-06
1.56031e-06
1.45844e-06
1.36972e-06
1.26343e-06
1.29942e-06
1.19442e-06
1.28921e-06
1.36018e-06
1.27276e-06
3.06292e-07
4.02879e-07
2.71777e-07
3.83752e-07
2.71459e-07
2.98267e-07
4.20259e-07
9.37445e-06
9.69964e-06
8.85236e-06
8.11432e-06
8.27854e-06
9.91771e-06
9.17781e-06
5.79686e-06
6.21309e-06
5.40943e-06
5.49902e-06
5.25804e-06
5.9742e-06
6.02398e-06
5.62096e-06
4.95823e-06
5.33688e-06
5.65209e-06
5.1074e-06
5.44676e-06
5.83694e-06
3.77737e-06
3.91167e-06
4.01615e-06
4.32363e-06
4.138e-06
3.68277e-06
4.00964e-06
3.88859e-06
4.38577e-06
4.24025e-06
4.45612e-06
3.98315e-06
4.26214e-06
4.14188e-06
4.9346e-06
4.93545e-06
4.37374e-06
4.70591e-06
4.51771e-06
4.76758e-06
5.11109e-06
5.10354e-06
4.81002e-06
5.46947e-06
4.86093e-06
5.27422e-06
4.6634e-06
5.28913e-06
3.6566e-06
3.62227e-06
3.53735e-06
3.27674e-06
3.40786e-06
3.77704e-06
3.50695e-06
3.80865e-06
3.67559e-06
3.67614e-06
4.09485e-06
3.54101e-06
3.96296e-06
3.93459e-06
3.47859e-06
3.78296e-06
3.89392e-06
3.93393e-06
3.5734e-06
3.77381e-06
3.68552e-06
3.37063e-06
3.53543e-06
3.4634e-06
3.80716e-06
3.27621e-06
3.65341e-06
3.56037e-06
4.43949e-06
4.76227e-06
4.23095e-06
4.25247e-06
4.60249e-06
4.08996e-06
4.59157e-06
4.27844e-06
3.81218e-06
4.25779e-06
4.1053e-06
4.11963e-06
3.9501e-06
4.42338e-06
1.27331e-06
1.43724e-06
1.35443e-06
1.32406e-06
1.26027e-06
1.37362e-06
1.33433e-06
1.17546e-06
1.07724e-06
1.22869e-06
1.13562e-06
1.16783e-06
1.08006e-06
1.23382e-06
8.21399e-07
7.81375e-07
7.391e-07
8.69365e-07
8.21965e-07
7.38533e-07
8.71811e-07
9.01091e-07
9.90389e-07
1.04178e-06
9.56402e-07
9.8433e-07
9.06031e-07
9.51536e-07
8.06792e-07
7.62272e-07
7.29563e-07
8.62196e-07
8.14548e-07
7.1935e-07
8.53071e-07
8.95925e-07
9.88237e-07
1.03961e-06
9.51906e-07
9.86919e-07
9.00826e-07
9.45481e-07
2.0573e-07
3.06842e-07
2.35548e-07
3.17328e-07
2.17242e-07
2.93054e-07
2.25042e-07
5.7555e-07
7.0267e-07
6.56062e-07
6.0919e-07
6.59622e-07
5.73286e-07
6.10648e-07
4.95747e-07
4.0588e-07
4.37189e-07
5.22065e-07
4.10629e-07
4.89598e-07
5.31523e-07
5.48245e-07
6.72732e-07
6.45182e-07
5.98007e-07
6.33275e-07
5.61469e-07
5.84053e-07
4.63756e-07
3.93488e-07
4.07368e-07
5.10258e-07
3.79198e-07
4.77555e-07
4.95836e-07
1.11735e-05
1.03802e-05
9.60259e-06
9.95068e-06
1.01912e-05
1.06268e-05
1.0905e-05
5.14174e-06
5.69875e-06
5.92679e-06
6.14544e-06
5.79623e-06
5.23264e-06
5.59884e-06
5.02347e-06
5.53517e-06
5.34778e-06
5.99849e-06
4.93185e-06
5.66484e-06
5.44755e-06
6.33358e-06
6.40429e-06
5.56229e-06
5.99549e-06
5.71584e-06
6.15317e-06
6.59749e-06
6.51542e-06
6.02611e-06
6.16417e-06
6.98969e-06
5.87069e-06
6.69851e-06
6.79266e-06
7.25552e-06
7.79575e-06
6.65689e-06
6.85356e-06
6.49823e-06
7.44341e-06
7.59168e-06
7.06862e-06
6.18277e-06
6.67909e-06
7.18858e-06
6.33995e-06
6.88298e-06
7.38925e-06
8.78658e-06
9.4827e-06
7.95018e-06
8.29423e-06
7.78686e-06
8.98179e-06
9.26705e-06
8.59201e-06
7.46122e-06
8.11011e-06
8.83955e-06
7.62363e-06
8.39835e-06
9.05261e-06
5.44138e-06
5.85279e-06
6.05884e-06
6.59219e-06
5.35163e-06
6.18996e-06
5.95283e-06
5.56133e-06
6.45445e-06
6.20957e-06
6.74298e-06
5.65004e-06
6.3227e-06
6.10946e-06
7.82251e-06
8.00146e-06
6.81664e-06
7.38483e-06
7.63247e-06
6.97671e-06
8.20874e-06
8.01357e-06
7.29905e-06
8.62783e-06
7.56447e-06
8.20548e-06
7.13778e-06
8.41757e-06
6.41419e-06
6.13234e-06
6.61602e-06
7.2025e-06
5.9945e-06
7.01388e-06
6.57988e-06
6.25076e-06
6.64058e-06
5.70743e-06
6.44703e-06
6.08949e-06
5.84285e-06
6.82428e-06
7.1986e-06
6.72634e-06
6.35495e-06
6.43926e-06
6.63763e-06
6.93642e-06
6.97567e-06
7.42491e-06
7.04378e-06
6.54217e-06
7.36465e-06
6.83948e-06
7.14924e-06
7.65436e-06
8.3616e-06
8.25165e-06
7.31353e-06
7.8905e-06
8.02622e-06
7.67486e-06
8.60338e-06
8.12275e-06
7.25144e-06
7.11734e-06
7.58266e-06
7.80319e-06
7.46147e-06
7.88705e-06
1.03753e-05
1.01356e-05
9.71177e-06
8.95611e-06
9.47575e-06
1.06389e-05
9.8928e-06
1.01141e-05
9.01026e-06
8.74409e-06
9.41321e-06
9.24148e-06
9.65198e-06
9.85555e-06
6.91826e-06
6.28738e-06
7.13451e-06
7.3972e-06
6.42758e-06
6.74791e-06
7.59079e-06
7.09059e-06
7.98871e-06
6.72859e-06
7.31059e-06
7.26536e-06
6.58604e-06
7.79043e-06
9.09582e-06
8.47946e-06
7.91466e-06
8.10938e-06
8.70956e-06
8.84821e-06
8.33042e-06
9.34635e-06
8.78091e-06
9.1765e-06
8.11912e-06
8.94194e-06
9.59954e-06
8.55465e-06
6.53957e-06
6.51895e-06
5.80768e-06
6.2434e-06
6.05097e-06
6.31437e-06
6.75589e-06
6.32658e-06
5.67494e-06
5.63006e-06
5.91372e-06
5.86121e-06
6.11259e-06
6.11708e-06
4.4686e-06
4.11536e-06
4.56943e-06
4.62278e-06
4.23517e-06
4.77505e-06
4.33479e-06
4.6045e-06
5.08977e-06
4.48748e-06
4.71456e-06
4.74268e-06
4.36492e-06
4.93225e-06
5.50929e-06
5.14779e-06
4.94479e-06
4.96007e-06
5.33472e-06
5.13389e-06
5.31385e-06
5.70839e-06
5.49135e-06
5.71776e-06
5.11232e-06
5.52475e-06
5.91096e-06
5.31122e-06
4.04656e-06
3.76574e-06
3.69949e-06
3.68076e-06
3.8296e-06
3.92716e-06
3.88019e-06
4.21669e-06
4.13695e-06
3.84591e-06
4.25991e-06
3.98188e-06
4.09195e-06
4.39044e-06
4.07368e-06
3.98938e-06
4.14598e-06
4.47096e-06
3.87198e-06
4.20311e-06
4.324e-06
3.94647e-06
4.03573e-06
3.63479e-06
4.00928e-06
3.82089e-06
3.74967e-06
4.17764e-06
4.93359e-06
4.96391e-06
4.45797e-06
4.78902e-06
4.78316e-06
5.12186e-06
4.62141e-06
4.74891e-06
4.29538e-06
4.43111e-06
4.30092e-06
4.60554e-06
4.56787e-06
4.45669e-06
1.93006e-06
2.12083e-06
2.1028e-06
2.08856e-06
2.00259e-06
2.01995e-06
2.02799e-06
1.83877e-06
1.80587e-06
1.83971e-06
1.98693e-06
1.75027e-06
1.90306e-06
1.93202e-06
1.58237e-06
1.54267e-06
1.45075e-06
1.62127e-06
1.54893e-06
1.47662e-06
1.65078e-06
1.69093e-06
1.75174e-06
1.72435e-06
1.87541e-06
1.64937e-06
1.80229e-06
1.76171e-06
2.15379e-06
2.35949e-06
2.18318e-06
2.15809e-06
2.07222e-06
2.27665e-06
2.23404e-06
2.0337e-06
1.85645e-06
2.04636e-06
1.99198e-06
1.96316e-06
1.91656e-06
2.11153e-06
3.2151e-06
3.47033e-06
3.14725e-06
3.13409e-06
3.01993e-06
3.35974e-06
3.32123e-06
3.07291e-06
2.77065e-06
3.00413e-06
3.03164e-06
2.89417e-06
2.93341e-06
3.17497e-06
2.20404e-06
2.22024e-06
2.2052e-06
2.40396e-06
2.11327e-06
2.30817e-06
2.31374e-06
2.29994e-06
2.51953e-06
2.51083e-06
2.51191e-06
2.39172e-06
2.41368e-06
2.41673e-06
2.531e-06
2.48792e-06
2.29657e-06
2.50695e-06
2.40242e-06
2.41184e-06
2.61939e-06
2.6624e-06
2.64895e-06
2.89128e-06
2.62781e-06
2.79652e-06
2.52951e-06
2.75384e-06
2.25088e-06
2.2344e-06
2.19868e-06
2.39892e-06
2.13408e-06
2.28861e-06
2.35446e-06
2.15066e-06
2.07204e-06
1.93907e-06
2.09315e-06
2.04862e-06
2.03809e-06
2.17911e-06
1.80239e-06
1.62277e-06
1.71029e-06
1.67643e-06
1.78348e-06
1.7338e-06
1.689e-06
1.91853e-06
2.00395e-06
1.81686e-06
1.96432e-06
1.89277e-06
1.8477e-06
2.03753e-06
2.41233e-06
2.46078e-06
2.26437e-06
2.47186e-06
2.33206e-06
2.35129e-06
2.5436e-06
2.28433e-06
2.11742e-06
2.14898e-06
2.08382e-06
2.20639e-06
2.23308e-06
2.15943e-06
3.5582e-06
3.60758e-06
3.53467e-06
3.27668e-06
3.39179e-06
3.71733e-06
3.45272e-06
3.40267e-06
3.11481e-06
3.14098e-06
3.15286e-06
3.25171e-06
3.30111e-06
3.25073e-06
2.56349e-06
2.33304e-06
2.52643e-06
2.5122e-06
2.43506e-06
2.45747e-06
2.62644e-06
2.66885e-06
2.86179e-06
2.64066e-06
2.63891e-06
2.7774e-06
2.53677e-06
2.74355e-06
2.81611e-06
2.59269e-06
2.62475e-06
2.59503e-06
2.72783e-06
2.67824e-06
2.72077e-06
2.95749e-06
2.98058e-06
3.00793e-06
2.74994e-06
2.86626e-06
3.10234e-06
2.84933e-06
1.46946e-06
1.51431e-06
1.40277e-06
1.57107e-06
1.46748e-06
1.4083e-06
1.57798e-06
1.36321e-06
1.26503e-06
1.30366e-06
1.20301e-06
1.36546e-06
1.30455e-06
1.25894e-06
9.93509e-07
8.36155e-07
9.29041e-07
8.82809e-07
9.30355e-07
9.7683e-07
8.97772e-07
1.08446e-06
1.16696e-06
1.10914e-06
1.02036e-06
1.18066e-06
1.01463e-06
1.07183e-06
9.56684e-07
8.14768e-07
9.21444e-07
8.74673e-07
9.09509e-07
9.70751e-07
8.58834e-07
1.05585e-06
1.1658e-06
1.10352e-06
1.01531e-06
1.00574e-06
1.15656e-06
1.0678e-06
2.77109e-07
3.93415e-07
2.62929e-07
3.48849e-07
2.89639e-07
2.52057e-07
3.76792e-07
7.09666e-07
7.52455e-07
6.5576e-07
7.88238e-07
6.56597e-07
8.06422e-07
6.94075e-07
6.18084e-07
5.03315e-07
4.73512e-07
5.64277e-07
5.18943e-07
5.71897e-07
5.99204e-07
6.65871e-07
7.21171e-07
6.44388e-07
7.79046e-07
6.2834e-07
7.61876e-07
6.83681e-07
5.70356e-07
4.92385e-07
4.43165e-07
5.52229e-07
5.35921e-07
4.74442e-07
5.88404e-07
)
;

boundaryField
{
    left
    {
        type            calculated;
        value           nonuniform List<scalar> 0();
    }
    bottom
    {
        type            calculated;
        value           nonuniform List<scalar> 0();
    }
    interface
    {
        type            calculated;
        value           nonuniform List<scalar> 
2171
(
8.93385e-08
1.09911e-07
9.54219e-08
7.37799e-08
6.64879e-08
6.17222e-08
1.02387e-07
9.2149e-08
1.75953e-05
5.45335e-06
6.36759e-06
1.05525e-05
9.43409e-06
6.652e-08
5.95535e-08
1.51351e-07
1.50165e-06
1.04798e-06
3.5315e-08
1.78817e-05
1.71538e-05
1.58466e-05
1.09349e-05
1.21091e-05
1.74285e-05
1.60881e-05
1.10701e-05
1.22666e-05
5.51571e-06
6.43811e-06
1.06809e-05
9.54401e-06
5.16175e-06
4.32802e-06
1.67019e-06
2.22676e-06
5.22188e-06
4.38292e-06
1.72e-06
2.27609e-06
8.4428e-08
8.82928e-08
1.8646e-07
1.55161e-06
1.09794e-06
3.91038e-08
1.6334e-05
7.67353e-06
6.68499e-06
5.14808e-06
5.99293e-06
7.19885e-06
6.28611e-06
8.01466e-06
9.07129e-06
9.85395e-06
8.82299e-06
7.51368e-06
8.48843e-06
4.66201e-07
2.17481e-07
6.9714e-08
6.39054e-08
1.76742e-07
5.00441e-07
2.47559e-07
5.65341e-07
9.14344e-07
1.48506e-06
1.0595e-06
5.97885e-07
9.33038e-07
3.109e-08
1.6804e-05
1.59282e-05
1.47267e-05
1.41488e-05
1.54171e-05
1.31652e-05
1.43318e-05
1.37331e-05
1.25091e-05
1.02063e-05
1.12879e-05
1.27828e-05
1.16562e-05
1.63791e-05
1.51229e-05
1.43499e-05
1.56481e-05
1.34949e-05
1.47106e-05
1.39249e-05
1.26747e-05
1.04269e-05
1.15455e-05
1.30971e-05
1.19272e-05
7.75869e-06
6.75879e-06
5.24514e-06
6.10434e-06
7.33537e-06
6.40318e-06
8.10422e-06
9.17565e-06
1.00633e-05
9.00136e-06
7.65765e-06
8.65747e-06
4.87848e-06
4.10732e-06
3.31722e-06
4.06433e-06
3.17148e-06
3.86326e-06
3.08339e-06
2.42879e-06
1.64231e-06
2.16009e-06
2.9548e-06
2.34771e-06
4.97156e-06
4.19069e-06
3.36798e-06
4.11785e-06
3.24642e-06
3.94405e-06
3.13354e-06
2.47819e-06
1.71127e-06
2.23023e-06
3.02833e-06
2.41848e-06
5.11554e-07
2.55426e-07
9.63557e-08
1.01121e-07
2.17321e-07
5.568e-07
2.92241e-07
6.12339e-07
9.63952e-07
1.5536e-06
1.12597e-06
6.57218e-07
9.98287e-07
4.93874e-08
6.18666e-06
1.21999e-05
2.0039e-08
2.05047e-05
6.18611e-06
1.21886e-05
5.84342e-06
5.84339e-06
1.74706e-06
7.75295e-08
2.24074e-08
1.55039e-06
5.32715e-08
5.6195e-08
3.25061e-08
1.3956e-05
1.23598e-05
1.26507e-05
1.04849e-05
1.13485e-05
1.16095e-05
1.02561e-05
8.80222e-06
4.57904e-06
4.21715e-06
4.4234e-06
5.74228e-06
6.30895e-06
6.34934e-06
7.14468e-06
6.91497e-06
6.55286e-06
5.3635e-06
5.5907e-06
5.80456e-06
5.17322e-06
9.20451e-06
8.53985e-06
7.69119e-06
5.97474e-06
6.57396e-06
6.21063e-06
3.91359e-06
3.99237e-06
4.18037e-06
3.74498e-06
4.7999e-06
5.37976e-06
5.17179e-06
4.9853e-06
3.7191e-07
6.67892e-08
6.50815e-08
4.26522e-08
4.88254e-08
8.39407e-08
5.70211e-07
5.57903e-07
1.28256e-06
1.40569e-06
1.29165e-06
1.38954e-06
7.94005e-07
6.86664e-07
7.79068e-07
7.04222e-07
1.45357e-06
1.41096e-06
1.29019e-06
6.61092e-07
6.52087e-07
1.04216e-07
5.04121e-08
3.55641e-08
4.69175e-08
9.42544e-08
2.38823e-08
4.52109e-08
5.30257e-07
5.97011e-07
5.09761e-07
6.16408e-07
1.47084e-05
1.37642e-05
1.41133e-05
1.21763e-05
1.28619e-05
1.31858e-05
1.188e-05
1.36178e-05
1.20704e-05
1.17826e-05
1.64527e-05
1.00902e-05
1.13118e-05
6.96554e-06
7.37674e-06
6.75828e-06
7.61106e-06
8.02779e-06
9.06034e-06
8.24492e-06
8.81404e-06
9.80119e-06
1.10887e-05
1.00282e-05
1.08301e-05
8.68329e-06
9.30846e-06
9.55819e-06
8.46344e-06
8.83533e-06
7.94802e-06
8.20751e-06
9.81468e-06
1.09922e-05
1.43397e-05
1.34178e-05
1.6432e-05
1.10773e-05
1.18414e-05
1.1402e-05
7.77599e-06
8.09172e-06
8.36391e-06
7.52833e-06
9.06627e-06
1.00746e-05
9.33424e-06
9.78061e-06
1.12949e-05
1.25406e-05
1.15861e-05
1.2222e-05
9.87971e-06
1.03719e-05
1.06725e-05
9.60545e-06
1.59411e-05
9.19229e-06
8.61127e-06
1.0756e-05
1.14973e-05
1.04383e-05
4.73997e-06
4.50865e-06
6.15416e-06
6.53275e-06
5.9042e-06
7.04388e-06
7.82341e-06
7.28424e-06
7.55905e-06
5.89854e-06
6.05938e-06
6.29872e-06
5.68115e-06
8.8789e-06
8.32073e-06
6.40895e-06
6.80951e-06
6.66847e-06
4.27356e-06
4.30715e-06
4.50997e-06
4.0891e-06
5.25848e-06
5.82443e-06
5.59399e-06
5.46775e-06
4.35105e-06
4.01506e-06
3.67425e-06
2.7238e-06
2.9028e-06
1.6136e-06
1.5239e-06
1.49984e-06
1.64634e-06
2.23652e-06
2.47222e-06
2.37195e-06
2.32375e-06
3.41684e-06
3.80795e-06
3.57935e-06
3.62722e-06
2.65333e-06
2.62494e-06
2.78184e-06
2.51089e-06
1.59067e-06
1.53671e-06
1.66749e-06
2.55798e-06
2.71815e-06
4.50555e-06
4.29404e-06
4.08463e-06
3.67719e-06
2.94069e-06
3.02654e-06
3.11783e-06
1.82019e-06
1.71047e-06
1.83827e-06
1.69987e-06
2.4759e-06
2.69786e-06
2.6185e-06
2.54311e-06
3.73291e-06
4.10912e-06
3.90884e-06
3.91587e-06
2.91615e-06
2.85737e-06
3.02175e-06
2.76531e-06
1.69818e-06
1.71565e-06
2.76904e-06
2.83916e-06
3.79825e-07
1.17155e-07
1.07734e-07
1.12035e-07
1.22818e-07
1.53925e-07
6.90412e-07
6.35223e-07
5.93105e-07
1.46889e-06
1.5867e-06
1.58273e-06
1.46685e-06
9.3871e-07
8.16346e-07
9.17789e-07
8.39083e-07
1.55917e-06
1.58543e-06
7.90329e-07
7.34646e-07
1.68564e-07
7.89973e-08
1.02657e-07
1.18108e-07
1.60554e-07
9.12277e-08
1.12155e-07
6.44395e-07
7.17125e-07
6.19939e-07
7.40975e-07
1.89853e-05
1.80396e-05
5.01986e-06
5.00748e-06
5.78862e-06
5.75157e-06
6.78014e-06
6.05641e-06
3.72004e-06
3.6145e-06
1.08792e-05
1.13238e-05
1.01748e-05
1.01088e-05
9.80192e-06
2.68214e-06
2.61753e-06
2.77807e-06
3.84059e-08
4.41748e-08
6.27846e-08
1.16783e-07
9.72985e-08
1.18439e-06
1.01811e-06
1.51035e-06
1.34177e-06
1.02339e-06
1.19044e-06
1.55251e-07
1.13397e-07
1.06333e-07
9.37285e-08
2.35756e-07
1.91064e-05
1.83379e-05
7.37989e-06
1.85045e-05
1.67151e-05
1.84633e-05
1.62793e-05
1.70816e-05
3.91357e-06
4.02185e-06
4.87401e-06
4.89037e-06
1.17394e-05
1.13219e-05
1.30157e-05
1.17133e-05
1.86207e-05
1.69784e-05
1.65316e-05
1.71838e-05
5.07392e-06
4.97413e-06
5.23038e-06
6.94123e-06
1.40244e-05
1.17971e-05
1.14642e-05
1.30827e-05
1.18631e-05
7.26096e-06
5.81717e-06
5.81646e-06
6.81176e-06
6.12401e-06
4.72541e-06
4.8227e-06
4.57951e-06
1.08706e-05
1.13787e-05
1.02967e-05
1.01561e-05
9.91775e-06
3.26275e-06
3.17604e-06
5.47244e-06
4.87692e-06
4.59892e-06
4.56875e-06
1.41761e-06
2.45717e-06
2.39363e-06
1.69209e-06
1.84728e-06
2.29334e-06
2.03287e-06
5.50019e-06
4.93508e-06
4.65539e-06
4.59476e-06
1.73971e-06
1.64853e-06
1.83372e-06
2.97599e-06
3.06247e-06
2.86654e-06
2.39819e-06
1.7184e-06
1.89691e-06
2.31866e-06
2.08235e-06
1.30782e-07
5.80438e-08
9.3278e-08
5.14399e-08
5.11769e-08
9.56698e-08
1.38898e-07
1.30424e-07
1.46311e-06
1.5555e-06
1.37223e-06
1.53701e-06
1.39185e-06
1.05106e-06
1.24061e-06
1.8688e-07
4.01184e-08
8.38452e-08
3.7602e-08
7.96955e-08
2.337e-08
1.81533e-07
1.94064e-07
3.88137e-08
8.70916e-08
1.2695e-08
3.18996e-07
1.51686e-05
1.67422e-05
7.63712e-06
8.19721e-06
7.33815e-06
7.12451e-06
7.00857e-06
4.8685e-06
5.42374e-06
4.84787e-06
5.29257e-06
5.70543e-06
5.64879e-06
6.76166e-06
6.88922e-06
5.06592e-06
5.5399e-06
5.28776e-06
6.58493e-06
5.91947e-06
6.14787e-06
6.46297e-06
5.94852e-06
6.68771e-06
3.30859e-06
3.25421e-06
5.5562e-06
6.2408e-06
5.75124e-06
6.0213e-06
8.56752e-06
8.36145e-06
9.71475e-06
8.71369e-06
9.20886e-06
9.50585e-06
6.93742e-06
7.67461e-06
9.16214e-06
8.25907e-06
7.05206e-06
7.83365e-06
6.69203e-06
7.39356e-06
8.15858e-06
7.95073e-06
4.0852e-06
4.56696e-06
4.37194e-06
4.25974e-06
3.09662e-06
4.61715e-06
4.76533e-06
4.96695e-06
4.43709e-06
1.37351e-07
4.15095e-07
3.75327e-07
1.7558e-07
2.92395e-07
7.26257e-08
7.5222e-08
7.05886e-08
2.35047e-07
2.2251e-07
1.57757e-07
1.15743e-07
2.01336e-07
5.31744e-07
4.09677e-07
3.1544e-07
3.0031e-07
3.2539e-07
2.75817e-07
1.17895e-06
1.07565e-06
1.07849e-06
1.18171e-06
8.00575e-07
8.86141e-07
9.73315e-07
9.80911e-07
8.74531e-07
8.64853e-07
5.15817e-07
6.73074e-07
8.81049e-07
7.89323e-07
1.4718e-06
1.33553e-06
1.06295e-06
1.07741e-06
1.19364e-06
1.07115e-06
6.27678e-07
7.02386e-07
9.56227e-07
9.63348e-07
8.13976e-07
9.50933e-07
1.91768e-07
2.57659e-07
1.76036e-07
2.76433e-07
5.63532e-07
4.89968e-07
4.45453e-07
3.40841e-07
4.24576e-07
3.61249e-07
1.57685e-05
1.72317e-05
1.47959e-05
1.5525e-05
1.12114e-05
1.26157e-05
1.14962e-05
1.51245e-05
1.36918e-05
1.5234e-05
1.45681e-05
1.66141e-05
1.49909e-05
1.09284e-05
1.22861e-05
1.22561e-05
1.35509e-05
1.33288e-05
1.39398e-05
4.31531e-06
7.17468e-06
8.08624e-06
7.38555e-06
7.8476e-06
7.81214e-06
8.32691e-06
7.59805e-06
8.56958e-06
9.57528e-06
1.03169e-05
1.05728e-05
9.35056e-06
4.48618e-06
4.45851e-06
8.90449e-06
1.00625e-05
9.80957e-06
9.12692e-06
1.47818e-05
1.33212e-05
1.34506e-05
1.29132e-05
9.53336e-06
1.05628e-05
8.73397e-06
9.74149e-06
1.09234e-05
1.05291e-05
1.19045e-05
1.24038e-05
9.00081e-06
1.00498e-05
9.27001e-06
1.20281e-05
1.0868e-05
1.53713e-05
1.59572e-05
1.32507e-05
1.2396e-05
1.55384e-05
1.41974e-05
1.53193e-05
1.47789e-05
1.67119e-05
1.52116e-05
1.28936e-05
1.20615e-05
1.17301e-05
1.26771e-05
1.38966e-05
1.38124e-05
1.43018e-05
5.76764e-06
5.87615e-06
5.60049e-06
8.02721e-06
8.91966e-06
8.28188e-06
8.63993e-06
8.80149e-06
9.20307e-06
8.54001e-06
9.49008e-06
1.10062e-05
1.15933e-05
1.19062e-05
1.07203e-05
6.16035e-06
6.04868e-06
6.33789e-06
1.0157e-05
1.12833e-05
1.09764e-05
1.04372e-05
1.48632e-05
1.35039e-05
1.3521e-05
1.30872e-05
9.81519e-06
1.07953e-05
1.0157e-05
9.50731e-06
1.11682e-05
1.08581e-05
1.23057e-05
1.27031e-05
1.04865e-05
9.81387e-06
1.01242e-05
1.23131e-05
1.12141e-05
8.23457e-06
7.41921e-06
7.15741e-06
7.08588e-06
4.99234e-06
5.52523e-06
5.47649e-06
5.18372e-06
4.95359e-06
5.81169e-06
5.7911e-06
6.93612e-06
7.0188e-06
5.73277e-06
5.4189e-06
6.70805e-06
6.06901e-06
6.80717e-06
7.04241e-06
6.57422e-06
7.29868e-06
4.115e-06
6.11989e-06
6.7903e-06
6.34512e-06
6.54237e-06
1.04432e-05
8.60666e-06
8.45566e-06
9.75983e-06
8.81284e-06
9.47625e-06
9.70437e-06
7.96466e-06
7.47465e-06
7.75233e-06
9.35037e-06
8.48697e-06
7.23601e-06
7.98553e-06
7.66885e-06
7.2014e-06
8.31883e-06
8.16672e-06
4.46223e-06
4.92972e-06
4.71754e-06
4.65505e-06
3.8034e-06
5.05324e-06
5.14655e-06
5.36802e-06
4.85206e-06
4.61937e-06
4.61507e-06
3.4345e-06
3.69794e-06
4.35797e-06
3.90639e-06
4.55242e-06
3.47366e-06
3.55872e-06
4.28297e-06
3.80781e-06
3.24986e-06
3.49088e-06
3.06981e-06
3.04004e-06
3.39519e-06
3.68056e-06
3.62582e-06
1.81546e-06
1.88912e-06
1.73112e-06
1.73099e-06
1.90426e-06
1.85198e-06
1.77313e-06
2.1047e-06
2.03975e-06
1.97655e-06
2.17958e-06
3.25756e-06
3.27724e-06
3.4503e-06
3.10152e-06
2.04737e-06
1.97513e-06
2.13574e-06
2.7993e-06
3.10807e-06
2.9429e-06
2.94872e-06
3.22042e-06
2.8573e-06
2.51192e-06
2.63908e-06
1.61892e-06
1.80728e-06
1.94416e-06
2.03803e-06
1.8033e-06
1.97991e-06
2.10148e-06
2.83922e-06
2.74519e-06
2.09009e-06
2.19913e-06
2.2411e-06
2.54282e-06
2.27589e-06
4.73807e-06
4.70457e-06
3.83641e-06
3.68176e-06
4.44424e-06
4.0124e-06
3.49859e-06
3.61027e-06
4.30853e-06
3.86028e-06
3.62502e-06
3.48844e-06
3.30044e-06
3.13471e-06
3.47183e-06
3.78317e-06
3.70442e-06
2.20747e-06
1.94398e-06
2.10674e-06
2.0713e-06
1.97038e-06
2.33722e-06
2.24757e-06
2.20231e-06
2.39304e-06
3.5611e-06
3.54366e-06
3.72734e-06
3.3935e-06
2.48363e-06
2.39637e-06
3.07108e-06
3.36489e-06
3.19091e-06
3.23021e-06
3.24526e-06
2.90701e-06
2.53707e-06
2.68858e-06
1.70328e-06
1.87662e-06
2.1507e-06
2.13589e-06
1.99077e-06
2.04964e-06
2.18866e-06
2.9319e-06
2.81758e-06
2.31367e-06
2.2862e-06
2.61433e-06
2.36423e-06
4.4241e-07
4.18634e-07
1.99733e-07
3.33297e-07
1.13741e-07
1.06332e-07
1.10684e-07
2.75704e-07
3.15183e-07
2.29389e-07
1.53788e-07
2.45703e-07
5.95857e-07
4.62571e-07
3.59341e-07
4.05415e-07
4.98202e-07
3.7443e-07
3.25149e-07
1.35784e-06
1.23779e-06
1.24943e-06
1.35058e-06
1.00553e-06
9.10114e-07
1.09392e-06
1.04016e-06
1.12831e-06
1.14371e-06
1.02166e-06
8.71663e-07
5.43582e-07
7.21281e-07
9.08904e-07
8.38377e-07
1.55513e-06
1.40356e-06
1.17575e-06
1.22161e-06
1.26106e-06
1.15025e-06
6.9581e-07
7.64193e-07
1.05846e-06
1.10859e-06
9.99138e-07
8.77735e-07
1.02793e-06
2.62918e-07
3.36692e-07
2.46032e-07
3.57975e-07
7.23495e-07
8.21503e-07
6.3523e-07
5.48798e-07
4.29986e-07
5.24406e-07
4.53516e-07
2.05356e-05
1.5447e-06
2.00122e-05
1.26517e-05
1.99826e-05
1.26395e-05
1.74165e-06
4.76426e-07
1.59607e-05
8.79743e-06
9.19902e-06
3.39945e-06
3.40274e-06
4.84077e-07
4.35314e-06
7.26317e-06
3.41953e-06
3.27744e-06
2.48833e-06
2.67405e-06
8.55193e-08
1.25373e-06
1.02372e-06
1.24107e-07
3.35493e-07
3.94322e-06
5.63326e-06
3.27277e-06
3.38724e-06
3.86568e-06
3.79451e-06
4.16397e-06
4.38635e-06
5.48995e-06
5.23659e-06
6.35721e-06
3.5181e-06
3.64359e-06
4.23597e-06
4.16382e-06
1.40396e-05
1.84377e-05
4.50834e-06
4.79186e-06
6.18927e-06
5.85525e-06
3.2012e-06
3.07189e-06
2.38677e-06
2.55886e-06
4.054e-06
3.8368e-06
2.89528e-06
3.11556e-06
1.30527e-06
1.52293e-06
2.31785e-06
2.13273e-06
1.5907e-06
1.84905e-06
2.80815e-06
2.58082e-06
4.37768e-06
4.10718e-06
3.00303e-06
3.25286e-06
4.86258e-06
1.3249e-06
1.54932e-06
2.40448e-06
2.20679e-06
4.86395e-06
1.60673e-06
1.87176e-06
2.90367e-06
2.65388e-06
1.23836e-06
1.01297e-06
1.39896e-07
3.35149e-07
1.50968e-06
1.24196e-06
1.00778e-07
4.35959e-07
1.52207e-06
1.25072e-06
1.02463e-06
9.17927e-08
4.34659e-07
3.02481e-06
3.18266e-06
1.0451e-05
2.9339e-06
2.76146e-06
7.19471e-07
9.54901e-07
6.5194e-07
4.06571e-07
3.55971e-06
3.46013e-06
3.63372e-06
3.71873e-06
4.7346e-06
4.5041e-06
4.86084e-06
5.10193e-06
1.79545e-05
3.8545e-06
3.74645e-06
3.96172e-06
4.05187e-06
1.45126e-05
1.79302e-05
5.23079e-06
4.93185e-06
5.38029e-06
5.69635e-06
1.44964e-05
2.85693e-06
3.00097e-06
2.78687e-06
2.62849e-06
3.51916e-06
3.73424e-06
3.42274e-06
3.20653e-06
1.79882e-06
1.59072e-06
1.86683e-06
2.064e-06
2.17774e-06
1.9303e-06
2.26017e-06
2.49686e-06
7.63431e-06
3.72527e-06
3.98557e-06
3.61199e-06
3.35859e-06
1.84069e-06
1.62359e-06
1.91801e-06
2.12618e-06
2.63077e-06
4.5542e-06
2.21703e-06
1.9587e-06
2.307e-06
2.55986e-06
2.63504e-06
7.13847e-07
9.46286e-07
6.47121e-07
4.05282e-07
8.87635e-07
1.16197e-06
8.07818e-07
5.23043e-07
1.45603e-07
8.91885e-07
1.16821e-06
8.10732e-07
5.23448e-07
2.10624e-05
6.53776e-06
1.17538e-05
2.50519e-08
1.35832e-06
2.103e-05
1.94922e-05
1.3109e-05
1.9464e-05
1.30958e-05
6.53671e-06
1.17434e-05
5.50823e-06
1.94887e-06
5.5087e-06
1.954e-06
1.21542e-07
2.8503e-08
1.36432e-06
6.98126e-08
1.01115e-07
7.97156e-08
1.42962e-05
8.4068e-06
4.81205e-06
5.51326e-06
6.04823e-06
9.61351e-06
7.43712e-06
8.24787e-06
6.84318e-06
2.80413e-07
8.81862e-08
4.82544e-07
4.68011e-07
5.93698e-07
1.32241e-06
7.55576e-07
7.50934e-07
1.50796e-05
1.32817e-05
1.69491e-05
1.03678e-05
1.16341e-05
1.54733e-05
9.13418e-06
9.5413e-06
1.06753e-05
1.39739e-05
1.30743e-05
1.69272e-05
1.21889e-05
1.54548e-05
9.50987e-06
8.90592e-06
1.11568e-05
8.40269e-06
4.98001e-06
4.7285e-06
6.261e-06
9.60726e-06
8.56979e-06
8.03439e-06
7.09122e-06
3.81722e-06
4.12817e-06
3.95809e-06
2.89444e-06
3.09322e-06
3.13386e-06
1.73378e-06
2.39708e-06
2.53927e-06
4.27675e-06
3.96068e-06
3.22003e-06
3.13747e-06
1.84306e-06
1.85067e-06
2.65785e-06
2.60268e-06
2.88646e-07
1.38978e-07
5.39558e-07
6.01053e-07
1.42587e-06
1.45976e-06
8.38265e-07
8.93223e-07
1.94691e-05
4.32279e-06
6.26596e-06
7.10975e-06
6.18176e-06
7.24207e-06
6.89666e-06
6.11202e-06
6.44259e-06
4.18641e-06
4.50798e-06
4.63282e-06
4.09263e-06
3.76509e-06
3.39943e-06
4.30047e-06
4.88604e-06
4.39397e-06
4.75976e-06
3.56623e-06
3.30257e-06
1.13135e-05
1.09134e-05
1.05084e-05
3.07386e-06
3.41506e-06
3.29922e-06
2.84012e-06
3.16801e-06
2.54039e-06
2.62617e-06
2.96956e-06
3.06985e-06
2.8759e-06
3.1833e-06
4.88441e-08
4.44326e-08
7.07892e-08
1.10763e-06
1.14813e-06
1.07493e-06
1.16121e-06
1.06427e-06
1.26238e-06
1.17471e-06
1.23069e-06
1.33805e-06
1.31582e-06
1.24922e-06
1.02889e-06
1.10453e-06
1.18266e-06
1.33823e-06
1.1758e-06
2.30465e-07
3.17558e-07
2.27696e-07
3.29012e-07
3.25908e-07
1.66441e-07
2.40497e-07
1.40066e-07
6.50927e-08
8.07237e-08
1.333e-07
5.69251e-06
3.29604e-06
3.3682e-06
3.87028e-06
3.79362e-06
4.21829e-06
4.33214e-06
5.43222e-06
5.29327e-06
1.95953e-05
6.44614e-06
7.25505e-06
8.34967e-06
9.04316e-06
8.16324e-06
9.25503e-06
1.80269e-05
1.89759e-05
1.75525e-05
4.71836e-06
5.39951e-06
4.06015e-06
4.81048e-06
5.271e-06
3.87168e-06
3.53315e-06
4.60186e-06
5.01423e-06
4.50907e-06
5.14161e-06
3.63401e-06
4.75807e-06
5.85227e-06
6.57936e-06
6.71107e-06
5.76546e-06
4.26007e-06
5.97388e-06
6.97631e-06
6.05955e-06
6.84419e-06
4.73792e-06
4.14553e-06
1.35717e-05
1.21599e-05
1.25854e-05
1.81383e-05
1.8949e-05
1.76593e-05
5.76926e-06
6.46369e-06
5.33302e-06
5.92476e-06
6.28494e-06
4.58179e-06
4.71702e-06
5.61435e-06
5.93143e-06
5.46343e-06
6.10499e-06
6.75378e-06
7.61382e-06
8.20722e-06
8.41044e-06
6.63555e-06
7.43566e-06
6.10281e-06
7.06272e-06
5.93937e-06
7.79535e-06
8.8284e-06
7.97764e-06
8.62077e-06
1.35575e-05
1.22206e-05
1.26492e-05
3.17411e-06
3.10279e-06
2.44e-06
2.50927e-06
3.99899e-06
3.89279e-06
2.96197e-06
3.051e-06
1.38175e-06
1.44904e-06
2.2612e-06
2.19244e-06
1.68041e-06
1.76172e-06
2.73869e-06
2.65321e-06
6.89507e-06
6.14157e-06
6.47316e-06
5.02109e-06
5.25668e-06
5.41967e-06
4.87926e-06
4.30507e-06
5.16679e-06
5.7569e-06
5.31299e-06
5.58867e-06
4.4845e-06
4.17908e-06
1.1304e-05
1.09657e-05
1.05582e-05
3.37987e-06
3.5735e-06
3.89538e-06
3.75868e-06
3.69427e-06
3.07725e-06
3.46742e-06
3.17958e-06
3.45395e-06
3.49045e-06
3.33677e-06
3.62225e-06
5.16364e-06
5.18121e-06
4.86233e-06
1.49805e-06
1.57293e-06
1.70795e-06
1.57404e-06
1.66031e-06
1.61365e-06
1.34038e-06
1.40191e-06
1.4862e-06
1.42864e-06
1.40002e-06
1.52003e-06
1.47482e-06
2.36491e-06
2.58042e-06
2.62601e-06
2.73444e-06
2.48805e-06
2.52388e-06
2.34863e-06
2.68059e-06
2.95646e-06
2.77388e-06
2.84535e-06
2.29626e-06
2.26626e-06
2.16628e-06
1.88324e-06
2.08371e-06
5.19073e-06
5.18216e-06
4.88889e-06
1.84895e-06
1.96477e-06
1.92405e-06
1.94886e-06
1.86105e-06
1.69745e-06
1.78309e-06
1.7527e-06
1.65677e-06
1.65418e-06
1.75775e-06
2.99488e-06
2.98304e-06
3.10556e-06
2.77998e-06
2.88399e-06
2.82783e-06
2.7314e-06
3.10706e-06
3.35903e-06
3.22076e-06
3.23206e-06
2.17115e-06
1.90922e-06
2.10937e-06
1.15997e-06
1.09308e-06
1.7496e-07
2.42028e-07
1.41732e-06
1.33668e-06
2.00135e-07
3.16465e-07
5.54604e-08
6.00694e-08
9.02102e-08
1.36875e-06
1.26255e-06
1.35921e-06
1.27198e-06
1.42903e-06
1.46186e-06
1.55607e-06
1.55919e-06
1.45751e-06
1.27866e-06
1.34566e-06
1.18895e-06
1.3653e-06
1.20328e-06
3.06061e-07
4.02363e-07
2.97967e-07
4.38043e-07
4.19891e-07
1.9633e-07
3.15177e-07
5.06712e-08
4.30093e-08
6.49448e-08
1.55435e-05
9.36223e-06
8.1037e-06
8.26742e-06
9.1661e-06
8.01836e-06
7.83319e-06
7.47556e-06
5.12318e-06
4.63368e-06
5.04995e-06
5.38331e-06
6.47598e-06
5.79185e-06
6.19523e-06
5.61637e-06
4.95454e-06
5.10349e-06
5.44242e-06
5.792e-06
5.40506e-06
5.2539e-06
5.9691e-06
3.41121e-06
3.88582e-06
4.38249e-06
3.46243e-06
3.98009e-06
4.25905e-06
3.05962e-06
3.77457e-06
4.01337e-06
4.13505e-06
3.68019e-06
3.15271e-06
5.09963e-06
4.80655e-06
5.27011e-06
4.6601e-06
4.9309e-06
4.37081e-06
4.5146e-06
4.76408e-06
1.0029e-05
8.94401e-06
9.32645e-06
8.8882e-06
7.18583e-06
7.95943e-06
8.57158e-06
7.34711e-06
6.44975e-06
7.11639e-06
7.64667e-06
3.80605e-06
3.67333e-06
3.53884e-06
3.96025e-06
3.65412e-06
3.27475e-06
3.40579e-06
3.50458e-06
2.99718e-06
3.36823e-06
3.53315e-06
2.93753e-06
3.27398e-06
3.651e-06
3.15366e-06
2.89463e-06
3.47621e-06
3.89127e-06
3.57078e-06
3.77131e-06
2.8051e-06
4.27544e-06
3.80979e-06
4.11678e-06
3.94759e-06
4.43632e-06
4.22817e-06
4.59917e-06
4.0873e-06
2.02222e-07
3.24887e-07
2.45055e-07
8.17006e-08
1.50321e-07
1.34739e-07
4.4118e-07
3.97795e-07
3.82275e-07
3.55947e-07
1.17417e-06
1.07609e-06
1.16663e-06
1.07883e-06
1.27196e-06
1.35315e-06
1.25902e-06
1.37222e-06
8.74541e-07
9.00413e-07
9.89251e-07
9.54116e-07
9.83634e-07
9.04967e-07
7.19712e-07
8.04104e-07
8.20809e-07
7.38168e-07
8.2095e-07
7.37925e-07
8.72282e-07
8.94825e-07
9.87143e-07
9.85749e-07
8.99791e-07
8.0577e-07
7.28676e-07
8.13586e-07
7.18413e-07
7.23288e-07
6.27176e-07
7.48913e-07
1.33149e-06
1.17425e-06
1.19707e-06
1.19797e-06
7.29416e-07
8.5385e-07
8.54554e-07
8.37021e-07
2.05398e-07
3.06415e-07
2.16872e-07
2.92647e-07
1.13374e-07
5.35366e-08
1.2252e-07
4.61288e-08
4.95315e-07
4.05221e-07
4.05646e-07
4.10098e-07
4.88864e-07
6.4687e-07
5.64206e-07
5.75022e-07
6.55185e-07
6.59107e-07
5.72494e-07
4.95844e-07
4.63111e-07
3.92958e-07
3.78665e-07
4.76923e-07
5.4749e-07
6.44373e-07
6.32422e-07
5.60744e-07
3.54852e-06
3.47518e-06
3.64083e-06
3.71572e-06
4.68032e-06
4.55829e-06
4.91572e-06
5.04617e-06
1.61684e-05
1.11888e-05
9.96786e-06
1.02092e-05
1.09196e-05
1.44254e-05
1.29476e-05
1.40573e-05
1.74497e-05
1.56902e-05
1.61503e-05
1.06471e-05
1.19589e-05
1.26109e-05
1.29684e-05
4.20447e-06
5.01906e-06
5.52978e-06
4.92789e-06
5.65911e-06
3.85576e-06
4.34659e-06
4.16957e-06
3.75073e-06
5.13753e-06
5.9204e-06
5.79021e-06
5.2279e-06
6.50941e-06
6.02063e-06
5.8655e-06
6.6922e-06
6.32788e-06
5.55765e-06
5.71093e-06
6.14778e-06
7.06162e-06
6.17697e-06
6.33382e-06
6.87632e-06
7.24815e-06
6.65008e-06
6.49176e-06
7.43569e-06
8.58174e-06
7.45242e-06
7.6144e-06
8.38854e-06
8.77583e-06
7.94003e-06
7.77717e-06
8.97057e-06
4.59958e-06
5.55652e-06
6.44659e-06
5.64462e-06
6.31526e-06
3.95484e-06
4.62345e-06
4.06451e-06
5.43632e-06
6.05214e-06
5.34712e-06
6.18287e-06
8.00462e-06
7.29068e-06
8.19611e-06
7.1298e-06
7.81397e-06
6.80946e-06
7.62435e-06
6.96914e-06
1.49905e-05
1.43338e-05
1.389e-05
9.86163e-06
8.46953e-06
9.43626e-06
1.01936e-05
1.15559e-05
1.03611e-05
1.12103e-05
1.4977e-05
1.36108e-05
1.27336e-05
1.45857e-05
1.74266e-05
1.57795e-05
1.62438e-05
1.25396e-05
1.30521e-05
1.34305e-05
6.24462e-06
6.64902e-06
5.49498e-06
6.08437e-06
6.83296e-06
5.15285e-06
5.00809e-06
6.40874e-06
7.2125e-06
7.02359e-06
6.57343e-06
7.43112e-06
7.05173e-06
6.84693e-06
7.66104e-06
7.20434e-06
6.44563e-06
6.64447e-06
6.98095e-06
8.13048e-06
7.26005e-06
7.47063e-06
7.89425e-06
8.36987e-06
7.90093e-06
7.68471e-06
8.61219e-06
1.01266e-05
9.02428e-06
9.2562e-06
9.86742e-06
1.03885e-05
9.72808e-06
9.49131e-06
1.06528e-05
7.0845e-06
8.00158e-06
7.25827e-06
7.80294e-06
5.46016e-06
6.45284e-06
5.61433e-06
6.91148e-06
7.40828e-06
6.74215e-06
7.60217e-06
9.35695e-06
8.79412e-06
9.61076e-06
8.56721e-06
9.10581e-06
8.12053e-06
8.85761e-06
8.34221e-06
1.49732e-05
1.44113e-05
1.39639e-05
1.01585e-05
9.83148e-06
9.20464e-06
1.05062e-05
1.1938e-05
1.08198e-05
1.15741e-05
2.89567e-06
2.9662e-06
2.74446e-06
2.67446e-06
3.57758e-06
3.67699e-06
3.36246e-06
3.26892e-06
1.7299e-06
1.6621e-06
1.93277e-06
2.0012e-06
2.09664e-06
2.01476e-06
2.3384e-06
2.42142e-06
8.01493e-06
7.86892e-06
7.50984e-06
5.25268e-06
5.22555e-06
5.51896e-06
6.64156e-06
5.99431e-06
5.65909e-06
6.35251e-06
6.33061e-06
5.67939e-06
5.86605e-06
6.12072e-06
6.54401e-06
6.2492e-06
6.05635e-06
6.76074e-06
4.2506e-06
4.60084e-06
5.09321e-06
4.73809e-06
4.93559e-06
3.79667e-06
4.02397e-06
4.3436e-06
3.91389e-06
4.4643e-06
4.62536e-06
4.77769e-06
4.3314e-06
5.71133e-06
5.49531e-06
5.91423e-06
5.31484e-06
5.5119e-06
4.96292e-06
5.13707e-06
5.31614e-06
1.0022e-05
8.98499e-06
9.36942e-06
9.14181e-06
8.26502e-06
8.81203e-06
7.54115e-06
7.37768e-06
6.93263e-06
7.85141e-06
4.21745e-06
4.1382e-06
3.98293e-06
4.39141e-06
4.04712e-06
3.68134e-06
3.83037e-06
3.88056e-06
3.67746e-06
3.94275e-06
4.03704e-06
3.81799e-06
4.17896e-06
3.54018e-06
3.89298e-06
3.58908e-06
3.43093e-06
4.07052e-06
4.4729e-06
4.19911e-06
4.32589e-06
4.75035e-06
4.29695e-06
4.56907e-06
4.45852e-06
4.93531e-06
4.79148e-06
5.12385e-06
4.62359e-06
4.37588e-06
3.62367e-06
3.91043e-06
4.1382e-06
4.25087e-06
3.73526e-06
4.00507e-06
3.28928e-06
3.24728e-06
3.4608e-06
1.83757e-06
1.8044e-06
1.65616e-06
1.7491e-06
1.90155e-06
1.77145e-06
1.69561e-06
1.9288e-06
2.10123e-06
2.00107e-06
2.01861e-06
1.68941e-06
1.75033e-06
1.64798e-06
1.80073e-06
1.58089e-06
1.44943e-06
1.54757e-06
1.47518e-06
2.03206e-06
1.855e-06
1.96168e-06
1.91496e-06
2.1521e-06
2.18166e-06
2.07071e-06
2.27492e-06
3.07083e-06
2.76893e-06
2.89239e-06
2.9314e-06
3.21292e-06
3.14534e-06
3.01807e-06
3.35747e-06
2.29844e-06
2.51784e-06
2.39013e-06
2.41204e-06
1.98417e-06
2.20618e-06
2.06332e-06
2.20259e-06
2.20363e-06
2.11188e-06
2.30654e-06
2.66051e-06
2.64727e-06
2.79457e-06
2.52786e-06
2.52916e-06
2.29501e-06
2.40064e-06
2.41024e-06
2.87757e-06
2.97564e-06
2.73943e-06
1.77293e-06
1.88289e-06
1.93377e-06
2.64482e-06
2.36627e-06
2.45706e-06
4.4899e-06
4.05368e-06
3.88049e-06
4.248e-06
4.25308e-06
3.76036e-06
4.03039e-06
3.41954e-06
3.34428e-06
3.56044e-06
2.10949e-06
2.14897e-06
2.07111e-06
2.04731e-06
2.17808e-06
2.13319e-06
2.29556e-06
2.02035e-06
2.04496e-06
2.2494e-06
2.39798e-06
2.28775e-06
2.35256e-06
1.91771e-06
2.00309e-06
1.89191e-06
2.03671e-06
1.80156e-06
1.67554e-06
1.78258e-06
1.68816e-06
2.28358e-06
2.11661e-06
2.2323e-06
2.15864e-06
2.41163e-06
2.47118e-06
2.35058e-06
2.54294e-06
3.40257e-06
3.11469e-06
3.25172e-06
3.2505e-06
3.55826e-06
3.53502e-06
3.392e-06
3.71753e-06
2.58668e-06
2.66702e-06
2.86117e-06
2.77503e-06
2.74299e-06
2.38862e-06
2.67357e-06
2.48025e-06
2.56134e-06
2.51147e-06
2.45583e-06
2.62563e-06
2.95706e-06
2.9803e-06
3.102e-06
2.84896e-06
2.8156e-06
2.59445e-06
2.67764e-06
2.72027e-06
2.88153e-06
3.00046e-06
2.7644e-06
1.85825e-06
1.99388e-06
2.02001e-06
2.73581e-06
2.48273e-06
2.44177e-06
2.54663e-06
7.97824e-07
8.64337e-07
5.6045e-07
4.92957e-07
9.85489e-07
1.06533e-06
7.07058e-07
6.26812e-07
2.10638e-07
3.51553e-07
2.70804e-07
1.25125e-07
1.99108e-07
1.75757e-07
5.00731e-07
4.47629e-07
4.10552e-07
1.36241e-06
1.26419e-06
1.36459e-06
1.25816e-06
1.46865e-06
1.57017e-06
1.46661e-06
1.57715e-06
1.08376e-06
1.16606e-06
1.18858e-06
1.17985e-06
1.07101e-06
9.90053e-07
1.07142e-06
9.92818e-07
8.82071e-07
9.76003e-07
8.97165e-07
1.05513e-06
1.16498e-06
1.15581e-06
1.06702e-06
9.55995e-07
8.73957e-07
9.69995e-07
8.58172e-07
7.30355e-07
6.55117e-07
7.7687e-07
1.41363e-06
1.29815e-06
1.33855e-06
1.27877e-06
8.01063e-07
9.46016e-07
9.11598e-07
2.76913e-07
3.93004e-07
2.89419e-07
3.76424e-07
1.73164e-07
9.28738e-08
1.7774e-07
1.02024e-07
6.17634e-07
5.02767e-07
5.34368e-07
5.18483e-07
5.98563e-07
7.09371e-07
6.28012e-07
7.0914e-07
7.87498e-07
8.05856e-07
6.9342e-07
5.69823e-07
4.91875e-07
4.73969e-07
5.87822e-07
6.65293e-07
7.78363e-07
7.61255e-07
6.83055e-07
3.8019e-08
2.64931e-08
1.70023e-08
6.37791e-08
5.66932e-08
7.44598e-08
1.95212e-08
1.91784e-08
1.96947e-08
2.21224e-08
)
;
    }
    procBoundary7to2
    {
        type            processor;
        value           nonuniform List<scalar> 8(3.9954e-06 3.9954e-06 4.69096e-06 4.69096e-06 4.69096e-06 3.81323e-06 4.83392e-06 4.8089e-06);
    }
    procBoundary7to3
    {
        type            processor;
        value           nonuniform List<scalar> 
49
(
5.40679e-06
6.8378e-06
2.16523e-05
2.14775e-05
1.35008e-05
1.29526e-05
1.46954e-05
1.07247e-05
1.23651e-05
1.18669e-05
1.12559e-05
1.43657e-05
1.54145e-05
1.44405e-05
1.24568e-05
1.30567e-05
1.1944e-05
1.34921e-05
1.85796e-05
2.00915e-05
5.14734e-06
4.43156e-06
3.94083e-06
3.94083e-06
5.8424e-06
1.86651e-05
1.99284e-05
7.55961e-06
6.60115e-06
1.72235e-05
1.59864e-05
1.75821e-05
1.64925e-05
6.39466e-06
7.97789e-06
7.15991e-06
7.38626e-06
8.54683e-06
8.77905e-06
7.8344e-06
9.45532e-06
9.57165e-06
9.04025e-06
8.44319e-06
1.01369e-05
1.14444e-05
9.82145e-06
1.04348e-05
1.08751e-05
)
;
    }
    procBoundary7to6
    {
        type            processor;
        value           nonuniform List<scalar> 
328
(
3.26251e-06
2.49528e-06
1.2594e-06
3.35775e-06
3.35775e-06
3.35775e-06
3.92747e-06
3.92747e-06
3.92747e-06
3.73585e-06
3.73585e-06
3.73585e-06
4.57053e-06
4.57053e-06
4.57053e-06
3.26251e-06
3.26251e-06
2.49528e-06
2.49528e-06
3.61511e-06
3.61511e-06
3.61511e-06
2.72475e-06
2.72475e-06
2.72475e-06
1.40898e-06
1.40898e-06
1.40898e-06
2.37141e-06
2.37141e-06
2.37141e-06
1.5426e-06
1.5426e-06
1.5426e-06
2.58825e-06
2.58825e-06
2.58825e-06
1.2594e-06
1.2594e-06
1.42525e-07
1.38045e-06
1.38045e-06
1.38045e-06
1.32465e-07
2.9552e-06
2.84564e-06
7.9679e-07
6.37062e-07
3.62241e-06
3.62241e-06
3.62241e-06
3.70367e-06
3.70367e-06
3.70367e-06
4.09398e-06
4.09398e-06
4.09398e-06
4.21276e-06
4.21276e-06
4.21276e-06
2.9552e-06
2.9552e-06
2.84564e-06
2.84564e-06
3.24518e-06
3.24518e-06
3.24518e-06
3.1185e-06
3.1185e-06
3.1185e-06
1.84101e-06
1.84101e-06
1.84101e-06
1.97868e-06
1.97868e-06
1.97868e-06
2.01076e-06
2.01076e-06
2.01076e-06
2.16006e-06
2.16006e-06
2.16006e-06
7.9679e-07
7.9679e-07
6.37062e-07
6.37062e-07
8.79824e-07
8.79824e-07
8.79824e-07
7.07706e-07
7.07706e-07
7.07706e-07
3.16365e-06
2.61563e-06
1.10735e-06
3.44949e-06
3.44949e-06
3.44949e-06
3.85612e-06
3.85612e-06
3.85612e-06
3.85573e-06
3.85573e-06
3.85573e-06
4.45088e-06
4.45088e-06
4.45088e-06
3.16365e-06
3.16365e-06
2.61563e-06
2.61563e-06
3.49326e-06
3.49326e-06
3.49326e-06
2.85847e-06
2.85847e-06
2.85847e-06
1.55595e-06
1.55595e-06
1.55595e-06
2.24398e-06
2.24398e-06
2.24398e-06
1.70186e-06
1.70186e-06
1.70186e-06
2.44874e-06
2.44874e-06
2.44874e-06
1.10735e-06
1.10735e-06
2.79812e-07
4.74682e-07
2.39957e-07
3.26741e-07
1.74971e-07
1.74682e-07
1.21571e-06
1.21571e-06
1.21571e-06
3.16429e-07
5.32319e-07
1.81593e-07
1.76635e-07
3.12343e-07
4.29524e-07
3.06125e-06
2.7324e-06
9.53149e-07
4.74682e-07
3.5377e-06
3.5377e-06
3.5377e-06
3.78156e-06
3.78156e-06
3.78156e-06
3.97504e-06
3.97504e-06
3.97504e-06
4.33166e-06
4.33166e-06
4.33166e-06
3.06125e-06
3.06125e-06
2.7324e-06
2.7324e-06
3.37001e-06
3.37001e-06
3.37001e-06
2.98967e-06
2.98967e-06
2.98967e-06
1.70006e-06
1.70006e-06
1.70006e-06
2.11305e-06
2.11305e-06
2.11305e-06
1.85802e-06
1.85802e-06
1.85802e-06
2.30604e-06
2.30604e-06
2.30604e-06
9.53149e-07
9.53149e-07
4.74682e-07
4.74682e-07
1.04872e-06
1.04872e-06
1.04872e-06
5.32319e-07
5.32319e-07
5.32319e-07
1.81593e-07
1.76635e-07
1.21396e-07
3.1212e-06
3.11934e-06
3.21145e-06
3.20803e-06
3.7303e-06
3.69685e-06
3.61789e-06
3.64648e-06
3.82128e-06
3.79016e-06
3.91241e-06
3.94182e-06
4.6735e-06
4.69813e-06
4.56615e-06
4.54135e-06
3.02529e-06
3.03209e-06
2.9405e-06
2.92866e-06
2.33238e-06
2.2916e-06
2.40529e-06
2.44139e-06
3.66793e-06
3.70124e-06
3.5811e-06
3.54526e-06
2.83098e-06
2.77591e-06
2.9102e-06
2.96173e-06
1.34219e-06
1.27032e-06
1.40847e-06
1.477e-06
2.17486e-06
2.22016e-06
2.10446e-06
2.05501e-06
1.65058e-06
1.56459e-06
1.72996e-06
1.81273e-06
2.63823e-06
2.69724e-06
2.55998e-06
2.49687e-06
1.12989e-06
1.20447e-06
1.06403e-06
9.8696e-07
1.80324e-07
1.56549e-07
2.39957e-07
3.26741e-07
1.39573e-06
1.48496e-06
1.31608e-06
1.22397e-06
2.01009e-07
1.15603e-07
3.12343e-07
4.29524e-07
3.38972e-06
3.37621e-06
3.293e-06
3.30149e-06
3.45789e-06
3.47646e-06
3.56204e-06
3.53834e-06
4.15923e-06
4.18579e-06
4.0632e-06
4.03525e-06
4.31024e-06
4.28457e-06
4.41176e-06
4.43693e-06
2.74966e-06
2.72778e-06
2.82969e-06
2.84649e-06
2.62331e-06
2.65002e-06
2.54716e-06
2.51571e-06
3.33828e-06
3.29702e-06
3.42174e-06
3.46028e-06
3.17041e-06
3.21494e-06
3.08962e-06
3.04154e-06
1.67614e-06
1.73779e-06
1.60893e-06
1.54384e-06
1.86329e-06
1.80553e-06
1.9319e-06
1.98552e-06
2.04931e-06
2.1242e-06
1.97071e-06
1.89156e-06
2.27362e-06
2.20259e-06
2.3517e-06
2.41886e-06
7.76585e-07
6.94892e-07
8.42083e-07
9.21497e-07
5.4507e-07
6.29426e-07
4.79246e-07
3.94592e-07
9.70746e-07
8.74813e-07
1.05012e-06
1.14452e-06
6.9674e-07
7.95504e-07
6.17183e-07
5.15803e-07
1.74971e-07
1.74682e-07
1.50613e-07
)
;
    }
}


// ************************************************************************* //
