/*--------------------------------*- C++ -*----------------------------------*\
| =========                 |                                                 |
| \\      /  F ield         | OpenFOAM: The Open Source CFD Toolbox           |
|  \\    /   O peration     | Version:  2012                                  |
|   \\  /    A nd           | Website:  www.openfoam.com                      |
|    \\/     M anipulation  |                                                 |
\*---------------------------------------------------------------------------*/
FoamFile
{
    version     2.0;
    format      ascii;
    class       volScalarField;
    location    "0.107/solid";
    object      sigmaMin;
}
// * * * * * * * * * * * * * * * * * * * * * * * * * * * * * * * * * * * * * //

dimensions      [1 -1 -2 0 0 0 0];


internalField   nonuniform List<scalar> 
3125
(
-196336
-398481
-504.686
-41794.3
-413697
-54830.8
-55775.8
-393580
-425786
-72821.1
-76641.4
-414536
-187269
-54336.1
-379102
-47720
-203191
-410278
-199156
-71726.5
-399545
-59700.2
-184824
-48195.3
-176367
-31543.7
-46258.3
-47293.6
-191341
-50123.2
-187662
-36209.3
-57332.3
-50659.2
-334.248
-28719.2
-41256.6
-503.708
-43483.3
-370.16
-32569.6
-44205.1
-284175
-297697
-5758.29
-8638.31
-541858
-525261
-306045
-515636
-260308
-55740.6
-152749
-179979
-219258
-55868.7
-189491
-499806
-203955
-245696
-556081
-539242
-359350
-540290
-308700
-75240.1
-191225
-224698
-271138
-75775.2
-236135
-524040
-244416
-292245
-270520
-109842
-142038
-144117
-52219.9
-119561
-283356
-190780
-153614
-89910.3
-51284.3
-111822
-293415
-307270
-286536
-131644
-170992
-180383
-67529.6
-148987
-299947
-229046
-184949
-110228
-65815
-138939
-112194
-103024
-99964
-107689
-72891.7
-38876.6
-40169.5
-57472.5
-83030
-40966.3
-63580.3
-99022.8
-42610.7
-64714.2
-116404
-106931
-119439
-114998
-85834.1
-46221.4
-45900.9
-67799
-101172
-49244.2
-75701.1
-105800
-48526.2
-75685
-7065
-326.056
-12944.8
-34705.6
-18975.8
-19067.1
-9855.01
-36006.8
-18250.7
-354.023
-15180.5
-14029.8
-6007.91
-9014.29
-7557.84
-217.302
-13957
-39201.7
-20791.6
-20816.2
-10555.6
-40574.6
-19887.6
-215.408
-16483.1
-15163.3
-232475
-354028
485.785
-24977.2
-609748
-460471
-580388
-456739
-55226.3
-78005.5
-79944.5
-90073
-55881.8
-88554.4
-438085
-312327
-346118
-624866
-473415
-606594
-482208
-73769.1
-103200
-106371
-123138
-76469.2
-120608
-460520
-332609
-367983
-221494
-153454
-179417
-75990.6
-53739.4
-73895.4
-336848
-300646
-268568
-59524.7
-49040.9
-62148.7
-240361
-364897
-235163
-164764
-192416
-99920.5
-70482.5
-96537.9
-355687
-320477
-286754
-74156.5
-61903.2
-78120
-151952
-69616.4
-144793
-145267
-121185
-34171.6
-34729
-38228.5
-56803.4
-44649.4
-53979.6
-67488.9
-45575.1
-61215.8
-157453
-72346.4
-155419
-154810
-130187
-39701.4
-39749.7
-44268.4
-70106.1
-54801
-65977
-72234.5
-48598.8
-65409.9
-543.605
-192.358
-2940.22
-31104.3
-25693.8
-27350.7
-25384.9
-40780.6
-27997.9
-783.745
-5247.75
480.549
-26011.3
-592.46
-174.501
-3017.49
-35184.5
-28790.5
-30582
-27211.6
-43294.9
-29627
-646.375
-5770.57
-245035
-339624
-281.25
-20207.9
-592567
-476420
-400814
-290496
-379623
-563986
-406631
-443359
-275247
-338412
-358815
-55527.6
-83599.2
-81807.6
-109988
-161606
-114764
-124463
-170684
-119587
-144521
-209135
-139420
-55913.7
-85319.7
-86970.9
-199211
-129393
-134378
-453277
-393762
-358421
-261270
-217508
-279841
-318433
-231425
-298903
-607473
-489632
-455035
-342269
-432383
-589824
-430569
-468721
-325379
-387927
-410005
-74573.2
-112387
-109433
-143212
-202232
-149887
-163274
-213393
-156576
-190092
-259365
-183390
-76182.4
-115235
-117974
-247693
-169980
-176685
-476177
-417472
-380624
-303075
-260085
-323718
-366169
-276035
-344758
-233402
-217078
-188916
-132571
-120149
-146564
-176426
-130882
-161187
-105261
-135707
-100577
-53035.8
-69460.1
-71720.1
-127523
-91327
-95933.6
-323158
-227359
-257561
-243207
-177992
-225673
-192265
-165601
-208687
-73200.8
-97000.7
-77695.9
-50227
-67113.1
-64676.9
-104303
-86753.8
-82211.3
-253262
-350177
-247660
-232436
-202564
-155663
-144318
-172083
-206798
-157441
-189139
-136554
-169721
-129923
-69084.7
-89463.4
-93051.5
-159251
-116756
-123322
-341445
-243317
-275209
-282854
-213998
-263087
-225029
-199292
-243802
-90985.1
-119548
-97341.7
-63941.2
-85775.4
-81994.3
-129122
-110234
-103761
-141566
-77465.7
-119223
-90513.2
-106529
-135442
-92314.9
-113412
-81491.1
-83152.2
-94502.9
-36613.3
-44869.2
-41606.8
-37562.2
-45778.7
-42027.4
-50924.6
-51542.6
-46478.8
-68725.5
-76351.2
-64264.1
-42887.8
-48016.5
-51052.4
-69870.4
-55367.7
-59812.9
-74897.3
-85484.1
-67054
-44628.3
-49586.2
-53228.7
-72487.3
-56948.9
-62512.8
-146742
-80477.8
-139909
-107725
-124857
-144416
-99121.7
-121734
-96517.4
-96973.8
-110534
-43040.1
-53144.3
-48735.7
-42995.6
-52897.1
-48673.6
-60323.8
-60196.6
-54451.6
-84694.8
-92395
-78479
-52104.7
-57491.9
-61770.3
-83902.1
-66289.8
-72342.8
-80127.7
-91639.7
-71833.7
-50822.7
-57026.4
-61102.5
-84198.4
-66080.5
-72233.2
-1463.34
-11649
-4635.25
-181.833
-3170.31
-2531.55
-11368.5
-8022.51
-6603.08
-33079.2
-29373.9
-28573.9
-22448.4
-19415.1
-23455.5
-24162
-19458.5
-24033.4
-20871.3
-14352
-24262.8
-36699.8
-29756.2
-29425.5
-16776.8
-23840.2
-22790.4
-700.156
-3894.9
-4594.29
-11099.6
-15142.2
-10694.9
-9155.53
-14768.6
-10052
-295.537
-21058.5
-1548.65
-12081.5
-4797.37
-140.489
-3452.78
-2732.52
-12238.7
-8564.08
-7018.78
-37417.7
-32798.2
-31943.5
-24864.7
-21243.3
-25934.4
-26670.2
-21273.6
-26562.4
-22378.5
-15021.2
-25506.7
-41405.5
-33164.2
-32854.7
-18293.4
-26273.8
-25157
-554.978
-4262.97
-5043.84
-11973.6
-16422
-11525.8
-9812.29
-15997.2
-10809.9
-208129
-383469
295.873
-35790.9
-644521
-429112
-544341
-613573
-586959
-568558
-359863
-408234
-374370
-365558
-388463
-379052
-346820
-660043
-441495
-618533
-640476
-595086
-647060
-418940
-429694
-386167
-421165
-400162
-436399
-404494
-174667
-198426
-177219
-175426
-187814
-185682
-164942
-321252
-364826
-360457
-352189
-346747
-333931
-339040
-215330
-394964
-208844
-210905
-187030
-203733
-197873
-215669
-197470
-376050
-384745
-372287
-406109
-390176
-358617
-391233
-173593
-54977.3
-146181
-166872
-165374
-165736
-155432
-156788
-155597
-49275.4
-53682.7
-44962.1
-46594.1
-50966.1
-52473.7
-43784
-179769
-57164.2
-175447
-176390
-192069
-176443
-186319
-166032
-180676
-59481.9
-57487.6
-49778.7
-52428.4
-56085.8
-59430.2
-52777.6
-376.101
-275.415
-421.967
-190.869
-141.766
-280.304
-242.349
-33685.9
-35590.6
-39285.1
-41014.8
-33956.6
-38580.5
-35778.5
313.491
-37248.7
-423.795
-291.437
-184.597
-434.456
-301.841
-148.55
-265.074
-40462.8
-38141.3
-43790.1
-45822.7
-46423.1
-38171.1
-39614
-2483.14
-865.487
-2474
-719.305
-270893
-311457
-3410.46
-12021.2
-558622
-508820
-470379
-531606
-492063
-478161
-507515
-456025
-492877
-427744
-484139
-476764
-463532
-461627
-441795
-449094
-573082
-522556
-539455
-556669
-502450
-547131
-517573
-563503
-523968
-493327
-507944
-487404
-530894
-472536
-514800
-508570
-226792
-257918
-256477
-252095
-244445
-237872
-240497
-260681
-296407
-268732
-263940
-281206
-249182
-275949
-279802
-321362
-269158
-273355
-267795
-292225
-255621
-278910
-281838
-307838
-313571
-280213
-305771
-292789
-319533
-294753
-121686
-94180.8
-103579
-116649
-101861
-102181
-110325
-95836.6
-110411
-81134.1
-90669.6
-93676.9
-94199.9
-85791.4
-88343.5
-86523.2
-126215
-97785.9
-124950
-124502
-109250
-118140
-118017
-127837
-115693
-98065
-96923
-100737
-108769
-92542.6
-99721.6
-106716
-6103.86
-4740.55
-7012.69
-8760.88
-4766.06
-8382.17
-6356.68
-1050.79
-243.606
-1031.26
-296.747
-992.074
-1201.53
-218.662
-13954.4
-13093.1
-9678.36
-11543.7
-12750.3
-11000.5
-14685.5
-1156.27
-474.422
-1424.42
-331.071
-1252.64
-1203.76
-428.172
-3556.02
-12541.9
-6983.12
-5055.42
-9223.4
-8096.06
-6667.17
-5471.15
-9700.55
-1182.09
-163.939
-1205.11
-189.362
-1361.01
-1123.49
-152.415
-16443.1
-14036.1
-12193.4
-11227.4
-15552.4
-14840.6
-12864.7
-1386.1
-328.883
-1606.9
-163.395
-1400.16
-1422.23
-231.481
-220177
-368652
683.695
-30180.2
-627075
-444704
-401353
-413020
-529263
-596910
-554762
-537925
-570790
-553153
-514352
-425134
-59341.6
-67049.1
-58743.2
-66910.1
-46752.4
-47083.4
-47348.4
-46918.1
-57846.3
-65372.3
-58334.5
-65597.5
-62368.5
-74106.6
-73784.9
-63535.9
-47534.2
-46559.1
-64215.3
-75051.8
-62938.1
-75460.5
-46774.1
-47652.8
-300724
-290411
-373110
-423075
-417205
-406587
-402744
-392760
-386506
-269983
-279986
-642400
-457375
-512697
-525989
-602507
-623473
-563759
-613299
-579344
-630131
-586605
-552953
-539535
-119445
-138743
-120154
-137345
-95556.7
-95637.5
-97746.3
-97489.8
-116690
-132289
-115824
-133817
-135063
-160769
-161518
-135152
-106672
-105334
-137819
-165680
-137561
-165070
-104445
-105616
-395605
-383164
-433557
-445032
-428666
-467307
-414361
-451786
-448278
-358394
-370625
-153439
-145804
-184645
-209839
-209749
-206928
-198658
-196207
-194836
-130947
-138212
-55875.1
-62156.5
-62558.6
-56128.4
-46747.7
-46514.1
-46196.5
-46331.2
-57261.5
-64106
-56896.1
-63788.1
-231058
-240428
-308738
-350734
-319916
-313245
-333230
-326028
-296440
-259886
-250191
-49297.9
-53975.1
-53108.1
-49634.5
-42336.3
-41863.9
-42876.7
-43239.9
-48114.4
-51085.8
-47660.7
-52037.8
-227726
-379839
-210232
-200059
-220471
-222918
-220298
-240250
-208990
-227849
-232296
-180084
-189884
-109272
-121856
-123628
-108114
-93336.6
-93437.5
-112047
-128771
-113054
-127123
-91129.4
-90860.2
-310267
-322011
-362051
-370118
-331750
-361979
-345073
-376522
-348241
-346078
-334085
-86426.4
-96555.6
-94283.9
-88231.9
-73563.5
-72292.8
-83662.2
-88586.8
-81737.1
-90951.5
-75798.2
-76921
-162636
-62121.6
-103498
-110023
-137157
-155364
-137399
-136757
-146963
-146036
-128393
-123736
-116840
-32812.6
-35546.8
-34152.5
-33910.8
-29887.2
-28488
-30776.2
-32041.8
-31558.8
-30940.5
-30096.6
-32668.7
-44772.4
-46748.4
-47884.2
-44068.8
-40728.5
-41306.9
-45919
-50013.9
-46503.6
-48965.6
-40151.6
-39455.7
-53146.8
-48550.9
-55075.9
-60417.9
-63955
-65187.5
-57297.4
-58685.8
-61156.3
-39941.8
-44158.8
-168475
-64582.2
-142592
-151559
-164802
-165484
-146039
-158672
-155889
-169541
-154432
-170309
-160915
-46856.6
-51327.6
-49353.7
-48588.3
-41719.9
-39473
-43936.9
-46103.8
-44277.2
-42981
-41725.1
-45749.5
-74203.3
-77131.1
-79646.2
-72080.3
-68626.7
-70047.5
-76953.5
-85305.8
-78972.7
-82868.5
-66379.4
-64824.2
-71875.3
-65378.1
-66541.7
-64690.6
-69718.9
-74502.3
-62752.4
-66800.7
-73921.7
-53125.9
-59063.3
-2505.45
-1151.35
-627.005
-138.084
-553.974
-1438.06
-87.2751
-632.556
-1385.68
-455.423
-148.594
-552.915
-111.287
-548.026
-141.275
-453.609
-63.8512
-473.869
-25843.2
-24480.6
-26409
-24108.1
-25995.3
-27524.3
-24927.9
-23272.2
-27195.9
-29629.3
-28800.8
-27796
-25020.9
-28504.8
-29097.3
-30295
-24358.1
-26298.7
-28978.2
-30861.3
-24832.1
-35949.9
-32106.6
-4571.03
-7089.41
-4205.59
-7302.14
-2369.31
-639.519
-4739.26
-7618.51
-2084.52
-540.38
-628.96
-1992.92
662.303
-31420.8
-2836.9
-1317.43
-715.952
-178.416
-1511.17
-625.25
-685.022
-147.617
-1526.1
-526.059
-154.498
-562.965
-77.3568
-578.099
-179.721
-552.74
-106.596
-552.175
-34094.7
-31998
-34783.8
-31485.9
-34934.2
-37262
-36597.8
-40230.9
-39177.5
-37450.7
-32739.8
-30352.5
-32177.6
-36941.2
-34862.2
-32468.2
-27996.7
-28393.8
-32891.4
-33800.5
-29650.3
-47407.2
-42048.9
-5435.23
-8230.38
-5000.12
-8523.1
-2069.07
-786.588
-2140.72
-494.602
-1908.75
-628.545
-2075.24
-2811.44
-680.215
-2495.03
-436.099
-573.144
-2318.09
-5662.42
-8912.42
-257849
-325436
-1584.01
-15886.4
-575531
-492544
-324680
-359064
-369589
-316024
-285664
-244995
-334553
-380300
-277463
-231958
-270011
-237380
-389492
-378072
-484905
-547735
-538869
-522763
-499545
-523125
-507781
-355312
-366470
-297928
-348585
-306377
-338297
-246984
-206951
-212071
-239902
-254752
-224548
-262022
-219275
-288521
-318021
-328061
-280286
-59575.9
-68415.3
-60287.4
-68458.3
-47660.4
-47047
-61178.6
-69842.1
-69885.8
-60356.7
-47020.3
-47533.1
-98455.7
-85185.2
-84930.1
-100030
-118456
-134496
-138200
-116382
-122730
-146634
-124847
-142818
-95785.3
-81975.8
-82315.4
-94199.8
-104390
-87894.2
-88079.3
-102821
-136060
-164418
-138263
-160367
-107300
-90995.8
-90892.1
-108870
-131443
-151437
-129289
-155372
-123079
-100082
-99969.3
-121492
-165342
-203645
-167767
-199121
-126488
-103038
-103225
-128090
-160052
-188987
-193392
-157689
-62802.6
-72502.3
-61749
-72724.4
-47017.3
-47720.2
-61077
-71320.2
-62017.9
-71186
-47719
-46922.8
-116629
-96938.9
-118211
-96985.4
-145300
-169605
-173774
-143049
-150260
-183436
-179145
-152564
-113477
-93920.1
-111902
-93949.8
-311456
-322063
-413830
-468624
-431845
-420619
-400095
-446656
-434757
-343991
-333098
-230253
-269585
-260341
-237798
-191135
-161429
-165926
-184860
-197944
-176883
-172231
-204428
-221898
-242234
-251192
-214593
-254213
-279021
-288539
-246431
-225473
-199963
-232365
-194999
-263114
-308040
-271127
-298253
-218173
-183423
-188227
-211485
-590218
-506022
-446570
-474991
-487220
-436003
-411577
-379200
-420879
-371549
-457980
-511804
-499468
-468626
-401555
-354725
-392319
-362343
-499281
-486131
-555079
-573191
-548232
-596584
-570772
-532868
-579993
-459866
-472863
-414216
-462856
-424691
-450743
-363345
-321393
-328931
-354257
-373203
-345580
-382373
-337998
-403013
-426755
-438736
-392639
-123462
-142278
-122911
-143554
-101426
-100807
-126215
-148232
-147089
-126606
-99231.9
-99683.1
-186669
-166845
-164250
-190350
-210081
-227901
-234028
-205184
-216613
-247576
-221506
-241398
-181331
-157109
-159782
-177620
-199367
-171350
-173849
-195723
-239666
-275040
-244547
-268788
-204776
-180795
-178380
-208375
-233003
-255038
-228110
-261253
-235264
-199025
-201153
-231810
-286229
-330949
-291027
-324627
-240762
-207780
-205745
-244158
-279381
-310565
-316882
-274559
-132333
-157214
-132406
-156342
-102190
-102997
-129589
-151781
-129356
-152789
-104387
-103404
-222829
-194448
-226329
-192217
-256135
-282634
-288915
-251268
-262900
-302863
-296566
-267749
-217363
-185339
-213812
-187660
-408352
-420994
-478173
-491982
-443163
-482993
-463172
-457757
-498831
-446755
-433931
-329416
-368107
-356598
-339419
-289179
-256519
-263800
-280516
-298594
-279828
-272467
-307381
-318782
-333911
-345231
-308929
-360354
-379655
-391335
-350215
-335492
-312412
-344488
-304920
-371297
-414887
-381561
-403050
-325824
-288607
-296038
-316931
-161415
-169411
-215911
-245540
-221083
-217911
-205274
-232647
-229076
-186110
-177755
-120245
-139479
-132677
-125797
-101630
-88653.3
-92070.4
-97032.2
-106383
-100009
-111183
-96480.1
-114309
-119617
-126096
-109010
-137849
-146404
-153527
-132045
-126455
-116960
-131675
-113184
-144412
-168232
-160788
-150469
-121195
-104653
-116185
-108303
-87589.8
-76123.9
-76636.6
-85984.3
-110227
-130076
-112278
-126478
-90049.7
-79470.4
-79046.4
-91638.5
-106291
-118756
-104268
-122249
-54922.5
-60972.4
-54782.9
-60469.7
-45303.8
-45245.8
-45832.7
-45790.5
-53617.7
-58737.5
-59323.6
-53641.2
-82003.6
-73803.6
-83628.9
-73213.8
-94874.3
-104159
-107451
-92878.9
-98485.4
-114709
-100496
-111322
-79744.7
-70289.8
-70972.9
-78096.6
-221633
-212597
-272408
-309681
-306803
-300606
-284313
-293901
-288198
-194827
-203522
-191686
-207797
-216169
-184873
-172238
-155359
-178305
-151016
-199464
-233382
-224713
-206523
-165943
-140985
-145180
-160088
-170832
-199563
-191497
-177392
-142625
-122076
-137196
-125989
-163651
-175825
-157342
-183579
-148407
-135394
-131340
-154048
-66716.1
-62418.1
-61472.1
-68443.5
-73937.3
-78080.2
-81033.3
-71929.7
-76967.1
-87276.3
-84241.7
-78964
-64763.4
-58471.3
-59518.8
-63002.9
-51053.1
-55060.5
-50831.9
-55825.6
-44557
-44719.9
-44034.9
-43769.8
-52277.4
-57612.6
-52379.9
-56931.7
-72156.8
-64425.7
-70466.8
-65293.9
-87426
-100470
-97267.3
-89417.7
-84121.4
-90635.3
-93744.7
-82126.6
-74256.9
-68138.5
-75922.8
-67367.7
-266419
-335669
-220778
-231308
-256653
-260390
-231868
-252904
-244376
-243618
-265800
-253066
-242205
-177032
-197949
-188456
-185380
-155697
-139166
-145366
-148528
-163489
-158964
-170902
-152578
-168328
-170052
-179201
-160262
-203009
-207535
-217347
-194394
-194908
-187332
-202749
-180619
-212308
-237359
-227246
-221173
-186595
-166404
-178966
-172960
-163357
-142679
-145491
-159589
-193851
-220616
-198732
-214551
-168585
-152656
-149909
-172332
-187488
-201374
-182623
-207371
-104040
-118369
-105338
-116497
-85978.6
-85354.2
-101263
-111040
-113028
-99825.3
-88191.2
-88646.1
-150639
-138303
-154421
-135416
-165367
-175646
-181478
-160567
-171523
-194318
-176357
-188395
-145544
-128155
-131095
-141754
-298458
-286988
-321134
-327412
-318563
-347635
-334583
-305602
-333493
-264286
-275465
-278524
-289780
-300671
-269016
-262715
-247986
-271240
-240790
-288783
-322741
-311626
-298473
-253595
-225313
-232406
-245219
-249655
-279059
-268407
-258966
-219320
-195197
-211284
-202045
-239837
-247550
-230744
-257943
-228063
-217081
-210105
-236280
-115648
-109486
-106407
-119423
-123194
-127343
-132718
-118638
-128795
-144460
-138960
-133426
-110942
-99236.2
-102340
-107183
-92698.7
-99924
-91013.4
-102115
-82337.6
-83129.6
-95482.8
-107603
-97040.7
-105515
-80104.3
-79155.5
-128033
-113637
-124237
-116665
-149784
-168868
-163138
-154537
-143878
-150897
-156523
-139186
-132945
-123876
-136742
-120886
-131478
-85661.8
-93020.6
-95492.2
-101324
-88205
-88130.8
-84465.4
-92534.6
-81158.5
-98331.5
-113374
-107221
-103388
-83876.6
-73973.8
-79667.4
-77184.5
-97072.2
-90928.4
-111599
-125903
-128097
-127703
-119861
-119072
-118937
-79139.4
-84900
-78629
-89940.1
-83206.8
-84432.9
-67837.8
-60507.2
-63543.2
-63996.1
-71628.4
-70214.3
-75648.2
-67096.9
-73935.1
-74048.1
-79228.8
-69593.9
-36569.2
-36746.5
-35354.4
-38269.1
-34759.4
-35790
-37746.7
-40867.2
-39436.5
-38833.5
-34013.7
-32855.3
-37025.8
-37773
-36056.4
-39090.5
-36950.7
-35245.9
-37834.6
-34712.6
-39181.6
-42736.1
-41384.1
-40126.2
-35307.7
-32526.3
-34351.8
-33183.5
-42821.6
-39470.7
-41101.9
-40808.5
-48213.3
-52871
-50345
-50192.3
-44552.8
-44331.6
-42805.5
-46513
-45835.9
-45100
-43678.8
-47743.3
-57461.1
-52373.8
-53616.5
-55629.6
-67008.6
-75023.8
-69032.5
-72129.3
-59314
-56589
-55448.9
-61105.9
-64231.2
-66386.6
-69214.4
-62187.3
-42096.3
-45664.7
-42922.9
-44421.1
-37401.9
-36486.9
-40942.7
-41992.8
-39992.5
-43325.5
-38052
-38847.5
-51946.1
-50582.4
-53827.5
-49255.7
-54897.7
-55433.2
-58150.1
-52798
-57457.7
-63596.5
-60820.1
-59524.1
-50181
-46062.8
-48257.7
-47494.2
-57946.9
-62932.6
-74189.5
-82624.2
-70929.7
-72013.2
-67537.2
-78209.1
-79110.7
-73516.6
-68141.3
-45622
-51115.7
-46891.9
-49307.8
-40473.1
-36700.8
-39467.9
-37269
-43431.2
-45128.2
-42308.8
-46775.5
-42100.8
-39139.1
-43060.4
-38614.8
-57001
-55283.7
-59818.9
-53102
-56767.1
-57144.3
-60436.5
-54197.6
-61087.1
-69186.8
-65205.5
-64329.5
-53420
-48133.6
-51014.1
-49918
-136332
-88969.5
-136115
-135466
-143860
-128681
-134104
-132215
-141014
-126203
-144132
-161161
-152375
-151891
-126894
-113728
-120256
-119527
-133690
-125172
-134507
-134317
-136419
-148102
-144320
-127098
-137830
-108695
-116741
-113942
-127360
-121034
-119370
-100484
-90320
-95662.9
-94431.7
-107019
-107336
-113376
-101757
-106693
-104128
-111689
-99955
-54417.9
-54233.1
-51982.9
-56953.8
-52620.4
-54570.4
-57077
-62600.4
-59925.3
-59445.6
-50381.7
-48331.2
-52969.8
-54484.7
-51373.1
-56393.7
-51584.7
-48741.4
-52741.8
-47907.4
-55588.5
-61204.3
-59391.6
-57010.9
-49446
-45038.4
-48116.6
-46096.5
-63574.1
-57867.9
-60989.9
-60084.2
-72000.9
-79520.9
-76048.3
-74957.7
-67423.8
-67634.8
-64494.5
-70979.3
-67555.2
-65752.7
-63621.6
-70130.2
-94421.9
-85065.5
-88198.7
-90723.8
-108728
-121301
-113200
-116078
-98868.1
-95235.5
-92112
-102600
-103472
-105180
-110253
-99095.2
-67136.4
-73957
-69349.5
-71393.6
-58634.7
-56808.9
-64432.1
-65648.8
-62132.5
-68275.9
-60875.5
-62577.1
-82762.6
-81248.8
-86409
-78098.3
-84882.3
-84601.4
-89348.6
-80719.6
-89748.8
-99594.2
-94686.4
-94026.3
-78592.9
-71242.6
-74991
-74388.3
-78751.8
-85789.2
-89698.6
-88360.3
-77025.8
-82567.2
-81653.8
-84619.3
-90985.3
-100761
-93209.4
-62814.7
-70088.1
-63919.8
-68399.6
-55709.8
-50270.5
-54623.3
-50946.9
-60736.7
-64008.6
-59399
-65837.2
-57314.2
-52476.1
-58143.9
-52133.7
-80343.3
-76365.5
-83017.5
-74365.5
-82501.1
-84543.7
-88243.5
-79426.8
-86752
-96899.8
-93118.4
-89782.5
-76688
-69119.4
-73983.8
-71266.2
-4113.81
-6134.5
-4167.57
-2875.71
-1527.05
-2676.16
-2584.11
-2941.88
-4322.46
-10606.1
-8191.15
-1807.24
-3175.76
-1495.47
-3703.08
-845.062
-248.009
-962.307
-111.346
-762.533
-911.86
-206.936
-968.248
-251.656
-1036.31
-167.207
-2182.02
-4721.31
-4328.43
-2498.8
-806.446
-21.4586
-657.625
-148.382
-7850.56
-4854.36
-7073.15
-5478.24
-10662.6
-13781.7
-13257.7
-11237.4
-9924.69
-11652.9
-9118.52
-12535
-8602.67
-6696.7
-6202.28
-9117.15
-27522
-25148.6
-27177
-25282.8
-30247.9
-33027.7
-32535.3
-30449.1
-29280.2
-30823.5
-28900.1
-31454.3
-28107.2
-25721.5
-25785.5
-28288.6
-20809
-23019.1
-22673.6
-20970.5
-18993.7
-17060.3
-20299.8
-22090.2
-19272.7
-17279.8
-19423.2
-17278.6
-21203.9
-23390
-23504.1
-21276.9
-19218.9
-16408
-18945.2
-16812.8
-21302.9
-23594.6
-23678.2
-21043.3
-19380.5
-17248.5
-19462.4
-17028.7
-21802.6
-18682.7
-17253.7
-16770.6
-20103.6
-22067.8
-20876.3
-16232.8
-18201.2
-13066
-15837.2
-29050.7
-25431
-28786.5
-25916.8
-31414.4
-34001.8
-34490.8
-31287.1
-32054.8
-35624.2
-31991.6
-35361.9
-28792.3
-26031.5
-28712.8
-25839.6
-20187.3
-22521.5
-19437.3
-23149.5
-18182.6
-16013
-15464.4
-18606.8
-17642
-13996.6
-14850.6
-16811.2
-20526.9
-23585.5
-20944.5
-23362.7
-3558.82
-6595.91
-3941.08
-6284.52
-1340.21
-281.982
-1255.88
-380.878
-3222.83
-5334.37
-2856.6
-5703.9
-1607.3
-511.73
-1705.42
-422.761
-11664.5
-9127.97
-9333.42
-11504.1
-13480.1
-15604.1
-11833.9
-9557.9
-13448.6
-15610.2
-15636.1
-13324.4
-10777.7
-8694.6
-8343.86
-11108.8
-12281
-14349.7
-11818.9
-14739.7
-10219.3
-7340.7
-9781.5
-7775.16
-12733.7
-15388.1
-15153.9
-13050.4
-1647.49
-16567.4
-4767.23
-7151.87
-4698.44
-3050.48
-2791.78
-1701.48
-2863.42
-4516.38
-3332.79
-12795.3
-9787.9
-2045.49
-3552.44
-1695.27
-4129.94
-961.856
-191.52
-1050.37
-83.5453
-851.477
-1033.12
-160.488
-1042.42
-159.549
-1129.34
-112.221
-2488.98
-5368.67
-4877.15
-2874.95
-860.448
-32.4651
-721.4
-111.511
-9106.59
-5588.85
-8202.55
-6351.24
-12754.5
-16609.4
-15917.6
-13465
-11824.6
-13969.6
-10827.7
-15016.9
-10019.9
-7824.2
-7217.66
-10678.8
-36278.9
-32840.2
-35835.6
-33089.8
-40589.6
-44745
-44130.3
-40940.3
-39462.8
-41896.3
-38854.8
-42739.2
-37044.2
-33600.5
-33628.4
-37213.7
-26398.3
-29403.2
-29031.4
-26630.5
-23547
-21041.5
-23989.6
-21319.8
-24094.1
-21327.8
-25717.7
-28174
-26950.9
-29949.7
-30056.9
-26986.5
-23900.1
-20260.2
-23514.2
-20747.1
-27022.5
-30150.5
-30301.6
-26713.3
-24068.4
-21301.9
-24216.2
-21041.5
-27691.7
-23516.9
-20438.5
-17983.5
-23460.4
-23431.2
-24835.1
-19318.1
-18915.4
-16057.4
-19649
-37784.7
-32722.2
-37358.7
-33431
-41887.9
-45849.2
-46313.3
-41745.6
-42336.4
-47231.3
-42074.6
-47103.9
-37659
-33830.7
-37675.3
-33561.1
-25389.6
-28541.2
-24410.4
-29347.4
-22488.2
-19708.2
-19017.8
-23074.1
-21766.8
-17115.5
-18195.3
-20752.9
-25944.3
-30092.2
-26491.2
-29725.3
-4176.63
-7653.34
-4633.85
-7239.97
-1709.96
-414.566
-1636.26
-407.695
-1686.2
-1841.26
-290.566
-1519.26
-148.068
-1382.23
-232.928
-3749.43
-6082.77
-3308.96
-6559.8
-1826.12
-362.401
-1984.17
-258.468
-13810.9
-10773.7
-11058.3
-13581.1
-16243
-18848.4
-16217.6
-18846.2
-18937.6
-16036.7
-13992.2
-11323.1
-12694.1
-10261.5
-9822.22
-13113.6
-14775.6
-17293.9
-14205.7
-17826.4
-12035.3
-8600.16
-11471.3
-9149.24
-15320.2
-18625.3
-18295.6
-15718.9
-2093.59
-962.79
-2307.51
-805.851
-1685.05
-906.933
-1951.68
-676.834
-1679.62
-772.459
-1747.47
-1467.29
-560.35
-1407.13
-608.38
-1388.49
-1653.62
-499.785
-493595
-482439
-522015
-450509
-479875
-425709
-468821
-494011
-507864
-437452
-466325
-326264
-336578
-323097
-287878
-348834
-314484
-298079
-338247
-319908
-373967
-335095
-361404
-350361
-309416
-579397
-550225
-508591
-594252
-550109
-536948
-564554
-509843
-494933
-521362
-535599
-522973
-549863
-394400
-358348
-343965
-354699
-371137
-381003
-366667
-407993
-391713
-397304
-356356
-384232
-421646
-379515
-159589
-163273
-161713
-139961
-172567
-150883
-147501
-168531
-163795
-191912
-170799
-182192
-177665
-155888
-291400
-324322
-276874
-290142
-302841
-312381
-266966
-280105
-246708
-288852
-278792
-300457
-269021
-256304
-198733
-175448
-173518
-177099
-185361
-188130
-186575
-209605
-206752
-205960
-183273
-195621
-220633
-196896
-354556
-345544
-342094
-309391
-367678
-333049
-330375
-341522
-306579
-308378
-297544
-320555
-328696
-318034
-134094
-154083
-131982
-136909
-142368
-145222
-124811
-126019
-110461
-128685
-128077
-136483
-117255
-118185
-47475.5
-45939.2
-50513.3
-41952
-51300
-42535.4
-46350.2
-52675.7
-56019.3
-62905.4
-55834.9
-56995.9
-58120
-51215.8
-167545
-165627
-167194
-147050
-177698
-156155
-158119
-157584
-139999
-138140
-137785
-146793
-148651
-147907
-58914.9
-49213.7
-53817.7
-51848.5
-55015.3
-52617.2
-57542.2
-65561.4
-70115.5
-67579.9
-59690.6
-61188.2
-72489.5
-63876.9
-993.138
-2622.24
-2319.74
-1560.56
-1262.62
-2000.73
-1324.4
-33414.5
-40805.3
-37549.1
-36298.6
-37845.3
-36000.9
-33549
-29233
-26003.9
-27212.3
-32031.3
-31442.1
-25315.6
-29604
-1107.84
-2887.11
-2408.12
-1626.05
-1315.89
-2219.34
-1512.68
-40980
-43649.3
-46121.5
-38564
-46617.1
-38454.8
-40990.5
-35666.5
-31328.8
-28956
-33847.8
-33520.6
-30712
-35886.7
-426377
-439396
-377575
-418330
-388853
-413358
-452777
-439570
-412909
-480086
-431461
-452863
-401388
-466459
-387713
-425968
-365322
-382275
-400446
-354289
-412843
-375096
-331563
-386838
-369683
-362665
-342326
-399686
-506184
-465096
-442890
-456585
-478913
-469384
-491861
-520675
-496016
-507049
-456185
-535189
-493012
-483045
-463453
-451223
-405368
-443102
-437638
-477571
-430489
-449380
-404789
-410675
-392490
-435487
-424008
-417202
-206350
-233056
-198652
-207777
-190040
-216302
-222536
-196576
-172592
-201959
-197883
-187031
-180851
-212083
-236814
-243900
-208227
-236982
-226474
-217173
-254795
-247371
-236398
-277273
-247632
-258089
-227119
-266013
-255028
-249587
-222587
-249306
-238457
-238752
-266839
-243351
-217460
-216638
-212059
-231920
-227380
-227675
-291058
-261047
-253492
-260728
-272542
-278891
-271601
-303459
-294523
-296211
-264712
-315967
-284363
-283351
-96017.2
-96616.1
-84214.6
-99003.3
-90229.5
-89102.7
-104072
-103181
-103332
-119804
-106315
-110561
-96920.7
-111862
-75977.4
-89323.8
-77967.5
-79222.3
-82412.6
-72350.9
-82364.9
-69771.8
-61350.9
-69149
-72882.9
-63825.6
-66559.4
-75588.7
-120305
-103975
-106218
-106528
-111997
-114275
-111656
-129261
-130999
-128905
-114191
-138434
-120378
-122790
-95135
-96113.7
-84985.4
-98525.8
-88612.5
-103237
-91261.2
-87284.2
-77026.9
-74337.1
-78019.3
-79755.2
-81292.2
-83790.5
-7306.92
-10368.1
-10845.9
-8995.8
-8433.68
-9647.95
-7893.69
-5243.34
-4293.35
-3840.5
-6791.66
-3448.06
-6268.32
-5710.84
-15126.5
-13149.4
-13451.4
-17474.8
-12250.3
-16261.9
-16211.9
-18262
-22513.1
-23240.6
-20690.6
-21656.9
-19306.5
-19590.2
-8374.63
-10863.5
-9352.55
-12425.7
-8238.68
-9591.76
-11201.5
-5924.01
-4784.5
-3982.76
-6972.2
-3850.9
-5934.1
-7005.58
-17936.7
-13836.6
-18250.7
-15633.5
-17112.4
-14397.5
-19047.5
-21841.6
-26863.5
-24668.8
-21772.7
-26092.8
-20742.7
-22880.1
)
;

boundaryField
{
    left
    {
        type            calculated;
        value           nonuniform List<scalar> 0();
    }
    bottom
    {
        type            calculated;
        value           nonuniform List<scalar> 0();
    }
    interface
    {
        type            calculated;
        value           nonuniform List<scalar> 
2120
(
-196271
-398028
-451.235
-42030.3
-413216
-425034
-202976
-409558
-184779
-48417.3
-191152
-50310.7
-160.101
-446.737
-43689.2
-188.424
-283941
-297438
-6073.81
-8946.62
-541129
-524560
-555031
-538226
-292975
-306797
-112291
-103137
-116412
-106960
-180.788
-277.154
-6326.49
-9321.12
-165.173
-164.095
-232340
-353662
170.047
-25248.9
-608885
-459897
-623662
-472549
-240050
-364287
-151972
-69795.5
-157354
-72470.1
-45.6061
-777.743
142.761
-26268.9
-38.5451
-640.734
-244877
-339283
-604.818
-20488.9
-591734
-475816
-606304
-488731
-252920
-349598
-141604
-77629.8
-146667
-80579.1
-107.347
-662.899
-634.395
-21329.5
-101.273
-526.883
-208039
-383045
87.515
-36038.3
-643589
-428598
-544095
-586533
-359837
-346811
-658759
-440701
-616887
-417789
-435278
-403385
-174796
-177265
-187854
-165077
-321271
-333930
-215079
-394281
-208301
-196965
-375020
-405070
-389102
-390233
-173570
-55184.7
-146329
-166926
-155570
-156854
-49460.1
-43968
-179611
-57328.9
-175013
-185846
-59433
-52425.3
-59395.6
-52755.6
-495.352
-167
-58.6444
-63.8859
-341.622
-33876.2
-39429.4
-34108
-38763.8
83.7005
-37471.8
-557.808
-56.1302
-152.063
-59.1716
-379.817
-40486
-45838.7
-46423.9
-39650.5
-834.317
-623.675
-270685
-311169
-3730.99
-12321.2
-557855
-508154
-470224
-491768
-507198
-455892
-427648
-441673
-571989
-521578
-537994
-545748
-562074
-522549
-491988
-507185
-226891
-244438
-237956
-260749
-249261
-279394
-320852
-268435
-291493
-278212
-281073
-306998
-318721
-293953
-121761
-94311.6
-103744
-110425
-96004.5
-81310.8
-93786.4
-85912
-88512.6
-126192
-97839.5
-124677
-117923
-127582
-115453
-97884.9
-99556.3
-106503
-6292.01
-8570.12
-180.444
-203.133
-169.016
-14147.7
-11191.7
-402.512
-302.568
-408.407
-3881.3
-12836.9
-7131.98
-5627.58
-9839.35
-171.466
-146.399
-142.352
-16555.2
-12991
-274.983
-138.553
-177.805
-220065
-368254
403.11
-30438.3
-626173
-444161
-529031
-514144
-58144.4
-48367.8
-49163
-56689.5
-60560.8
-50071.8
-62368.6
-49068.7
-300636
-373076
-417003
-402565
-386449
-641151
-456545
-510214
-600894
-611762
-628548
-585033
-550426
-116918
-96681.9
-99027.2
-114433
-131911
-108576
-134327
-106150
-393716
-432371
-447047
-184772
-198692
-194950
-130999
-54897.6
-48332.2
-47593.5
-56249.2
-308764
-319829
-333128
-296479
-48737.3
-43130.1
-43817.1
-47580.2
-227444
-379188
-209209
-219895
-227295
-231680
-107307
-94429.8
-109829
-92083.4
-361055
-347287
-344406
-85073.4
-74074.5
-82500.3
-76411.8
-162631
-62315.3
-137306
-147034
-128547
-123855
-32629.7
-30076.4
-31050.4
-31386.5
-44348.3
-41479.5
-45478.5
-40768.7
-53274.3
-55260.9
-61334.7
-40018.2
-168342
-64724.9
-141885
-164399
-169159
-154065
-46408
-41833.8
-44102.2
-43942.5
-73284.7
-69104.5
-75855.1
-66770
-66470.2
-73821.5
-52927.5
-764.406
-699.338
-216.895
-1535.54
-526.04
8.39054
-9.90621
-232.758
35.5121
-48.8222
75.6106
-25725.8
-26152.2
-25021.3
-27074.8
-29286.7
-24511.7
-29131.7
-25019.1
-4521.02
-2278.4
-699.188
-4700.95
-2020.54
-592.828
-670.09
366.587
-31658.9
-865.931
-798.484
-292.012
-1681.69
-622.577
14.5831
8.17364
-293.763
52.3806
96.0308
-33907.5
-35019.2
-36305.8
-32789.7
-32102.5
-34904.6
-28473.8
-33854.7
-29714.8
-5402.01
-744.042
-470.334
-556.074
-2752.26
-470.838
-2465.36
-392.27
-450.71
-5622.06
-257663
-325122
-1908.91
-16176.3
-574732
-491906
-323267
-288455
-332508
-280786
-484738
-499350
-522789
-296121
-249983
-257255
-287327
-58218.1
-49713.9
-59781.9
-48858.4
-100748
-117203
-121081
-98194.7
-107129
-134167
-109900
-129958
-126491
-162913
-129728
-158057
-61187
-49083.8
-59503.6
-50012.4
-119550
-143569
-148104
-116547
-413743
-431628
-400029
-446418
-228884
-193503
-199891
-221098
-253225
-227696
-261532
-220853
-589087
-505079
-443838
-413332
-454530
-403720
-553585
-569234
-578528
-457607
-411081
-365264
-374711
-400573
-120911
-102903
-123370
-100540
-188047
-207872
-213848
-182881
-201156
-236557
-206405
-230480
-237582
-282418
-242934
-276209
-129168
-103691
-126738
-106074
-224719
-253290
-259443
-219412
-476867
-461907
-326903
-290645
-299647
-316906
-358198
-336762
-368477
-327512
-161448
-216014
-205386
-119587
-102845
-107325
-114089
-137511
-127631
-143598
-122679
-89685.1
-108809
-92036.3
-105247
-54075.6
-46489.2
-47192.7
-52806.7
-83701.9
-94024.8
-97281.2
-81530.8
-272470
-284358
-293843
-194829
-191058
-173919
-198294
-168004
-169846
-144392
-163177
-149828
-67871.1
-73416.9
-76143.2
-65980.4
-50385.5
-45702.7
-45020.2
-51583.9
-73654.3
-86421.1
-83443.1
-75671.3
-266040
-335125
-255963
-243725
-251831
-175686
-156412
-163838
-167475
-201918
-195403
-210687
-187480
-164675
-191421
-169735
-185585
-102124
-86771.6
-99576.7
-89112.3
-151574
-163758
-169419
-146654
-320259
-333664
-332646
-276919
-263562
-286577
-254855
-247745
-220384
-238498
-228728
-116215
-122128
-127303
-111677
-91285
-83095.6
-93853.5
-80750.2
-128943
-147993
-142551
-133691
-131536
-85807.8
-92901.4
-88856.9
-97815
-84838.5
-111764
-128181
-120016
-119167
-78241.6
-68568
-72154.8
-73900.3
-36324.3
-35175.8
-37496.1
-34326
-37330.4
-36857.2
-38916.8
-35637.9
-43337.8
-47835.3
-45028.9
-45664
-58424.4
-66351.2
-60218
-63844
-41754.7
-37859.9
-40619.1
-38626
-52630.4
-54626.9
-56946.4
-50904.6
-74366.6
-67716.7
-45450
-40808.4
-43629.7
-42182.7
-57032.3
-57118.1
-60814.9
-53940.1
-136283
-89043.5
-135481
-134322
-143051
-127459
-134206
-147789
-143982
-113106
-100907
-107129
-106259
-53915.9
-52874.1
-56433.2
-50572.6
-53042.8
-51344.7
-55089.8
-49633.9
-63868.8
-71290
-67593.6
-67148.9
-94990.5
-107518
-99285.7
-102652
-66280.6
-58915.6
-63729.7
-61234.4
-83040.1
-84283
-88801.3
-79019.5
-78402.5
-89543.6
-82461.3
-81528.2
-62406.9
-55899.5
-60688.5
-57203.7
-80084
-82519.3
-86142
-76987.3
-4349.91
-1687.83
-2753.58
-3110.97
-1821.55
-160.205
-71.2039
-136.227
-914.468
-228.176
-152.953
-2140.27
-782.363
-12.8652
-90.3435
-7964.07
-10601
-9958.04
-8600.16
-27705
-30079.1
-29436.4
-28077
-20730.5
-19013.6
-20359.5
-19221.3
-21252.7
-19234.8
-21210.7
-19448.4
-21915.3
-17446.7
-20261.6
-21064.4
-29161.7
-31492.2
-31969.8
-28977.3
-20175.9
-18254.5
-17770.1
-20518
-3506.19
-1289.03
-302.514
-399.331
-3188.24
-1525.2
-548.53
-471.245
-11646.5
-13454.8
-11801.4
-13404.1
-10771.6
-12236.6
-10255.3
-12686.2
-1980.28
-16849.8
-4837.03
-4853.05
-3022.42
-3496.86
-12842.4
-2063.34
-152.055
-54.1003
-114.704
-1028.65
-90.8678
-79.302
-2440.38
-868
14.2852
-51.3596
-9227.06
-12630.5
-11834.8
-10001.3
-36373.7
-40271.8
-39464.7
-36935.4
-26233.4
-23546.2
-23908.5
-25733.4
-26890.3
-23888.5
-26848.2
-24095.9
-20537.2
-24916.6
-19023.3
-16074.7
-37792.8
-41789.8
-42106.2
-37756.5
-25298.2
-22513.6
-21852.4
-25822.4
-4114.31
-403.135
-381.512
-279.86
-1499.34
-125.233
-213.646
-3715.57
-1776.48
-345.149
-274.355
-13817.7
-16201.1
-16137.9
-13961.5
-12668.5
-14704.1
-12087
-15225.8
-401028
-69293.9
-67383.3
-76989.6
-78187.9
-269893
-140232
-133559
-162753
-167892
-356592
-153540
-63891.7
-66065.9
-231020
-259865
-55142.3
-52065.5
-179174
-122918
-130045
-308695
-97273.5
-89122.7
-103564
-35892.5
-31170.7
-47508.9
-50946.4
-169489
-51526.3
-43065
-77526.6
-85868
-71590.2
-2571.93
-24587.1
-29831.7
-25097.7
-36070.9
-7040.07
-406.378
-2912.7
-101.845
-32007.9
-40340.8
-47262.6
-8190.07
-370.806
-359796
-229650
-389226
-355077
-349606
-204909
-222830
-318665
-70710.3
-72378.9
-83827
-136602
-149357
-80621.4
-86320.6
-167486
-89411.6
-153850
-98027.7
-207420
-100952
-192037
-75336.7
-73906.8
-95110.9
-172333
-186853
-92112.8
-311301
-343821
-270420
-159880
-175650
-242712
-279581
-198495
-308968
-181634
-475284
-375983
-512471
-351098
-496962
-463450
-318116
-342690
-426992
-143771
-149950
-164437
-229083
-249322
-154605
-168519
-277041
-178075
-256463
-195518
-333505
-204424
-312526
-159172
-153513
-191412
-284319
-305137
-182173
-406320
-444650
-368562
-253923
-277569
-334048
-379839
-309841
-415409
-285674
-186183
-139954
-87909.4
-99524.8
-119803
-146655
-116317
-168794
-103730
-74972.6
-132460
-78320.6
-120563
-62656
-60206.7
-72845.3
-105681
-116766
-69326.1
-221667
-208195
-154340
-234125
-139660
-200215
-120959
-176147
-134571
-61790.3
-79069.1
-88718.3
-57832.7
-56277.7
-59031.9
-63631.5
-102211
-91879.5
-67354.5
-219652
-198179
-137814
-157849
-170050
-207560
-185952
-237639
-164764
-140495
-222121
-150553
-202336
-119443
-111908
-136496
-176402
-195597
-126280
-297005
-262939
-289874
-246033
-323134
-223046
-279393
-193252
-247608
-215422
-108233
-127758
-145335
-97937.2
-100618
-108490
-112059
-169937
-151476
-122353
-95618.3
-84116.2
-113765
-73390
-97200
-79212.3
-90251.3
-60066.4
-69983.2
-74121.8
-37129.9
-41385.7
-37589.7
-35440.1
-43190.5
-32336.4
-39191.7
-53537.6
-44063.8
-45450.1
-51871.5
-76184.6
-56097.9
-67137.8
-46380.2
-42554.1
-50210.8
-55969.4
-64496
-45680
-58023.6
-73647.3
-51284.7
-36495.1
-45077.1
-39134.7
-55314.6
-57012.4
-69424.7
-47817.2
-135442
-131350
-161346
-112650
-133063
-108176
-127504
-89494.8
-106699
-104087
-54402.3
-62903.5
-54111.8
-48719.3
-61464.4
-44645.6
-57289.1
-79905.8
-67077.2
-65808.9
-84029.2
-121997
-94236.2
-105455
-74381.1
-65921.2
-80482.9
-84757.8
-100128
-70447.6
-100313
-70161.6
-49877
-63747.8
-52418.7
-76313
-84109.1
-97005.6
-68525.7
-4178.42
-10704.7
-3147.69
-144.334
-4770.55
-7.37323
-4819.15
-13854.5
-11672.4
-6677.23
-25029
-33302.6
-30709.5
-25791.8
-23109.1
-17282.5
-23334.1
-16390.1
-23730.6
-17178.7
-13144.6
-25406.1
-34010.2
-35733
-25919.1
-22580.1
-15966
-13962.4
-23635.6
-6617.69
-193.155
-5298.13
-365.364
-9040.82
-15620.5
-8643.61
-14383.9
-7251.21
-15380.2
-3530.37
-135.435
-5435.04
-34.4164
-5554.07
-16664.7
-13971.7
-7803.7
-32601.4
-44897.8
-41678.1
-33524.1
-29442.9
-21269.1
-29853.8
-20147.2
-30215.1
-21176
-27659.6
-32663.7
-45733
-47276.5
-33603.7
-28563.3
-19609.8
-17064.4
-30083.1
-7705.79
-137.088
-6049.21
-312.401
-10673.6
-18835
-10209.5
-17299.3
-8477.02
-18620.5
-360323
-346633
-444.815
-255.678
-374221
-388298
-645443
-420092
-203257
-215149
-45102.1
-51107.1
-191623
-180263
-457.952
-282.695
-954.659
-845.854
-256451
-268697
-281159
-7181.62
-4940.64
-9847.06
-12919.7
-476486
-461374
-529546
-513490
-305003
-101964
-108578
-8247.82
-11366.2
-14963.3
-209766
-554381
-570384
-480027
-412701
-466497
-424758
-493739
-57487.4
-69063.7
-48783.9
-48645.7
-67697.9
-57231.6
-76771.3
-61805.6
-48970.4
-78492.9
-61008.1
-50069.7
-338513
-290289
-350618
-279935
-326533
-314764
-466114
-450629
-523565
-562775
-548120
-577578
-536940
-592397
-117751
-138720
-96821.9
-98703.4
-135196
-113452
-163599
-131826
-107143
-167186
-134258
-107408
-381246
-406643
-420258
-393093
-368844
-379736
-168824
-145849
-177960
-138324
-159878
-151172
-55201.1
-64381.3
-48018.6
-47803.4
-65659.3
-55831.6
-280392
-240436
-269315
-250129
-291686
-303122
-49035
-54208.4
-42708.3
-44128.8
-53083.9
-47162.6
-239664
-361060
-375556
-199041
-208909
-219897
-198078
-188962
-187514
-124795
-106048
-94475.3
-128285
-110942
-91863.2
-320448
-340377
-327593
-353372
-332396
-366453
-94891.9
-86946.8
-72835.2
-91591.7
-80512.3
-77494.8
-137475
-64083.3
-57436.5
-126294
-110147
-118460
-116900
-134374
-142653
-33944
-34220.6
-28703.1
-32294.1
-32936.8
-29946.7
-48708.2
-43679.2
-42011.1
-49833.4
-46026.3
-40118.1
-52908.8
-48628
-58359.3
-44283.6
-47703.3
-42761.7
-158331
-74422.6
-66740.7
-150838
-157082
-147443
-167007
-160107
-177121
-48941.6
-48707.6
-39595.3
-46250.3
-45903.7
-41359
-80135.6
-71106.1
-70496.6
-83332.4
-77934.2
-65238.6
-65106.1
-65430
-72328.8
-58813.6
-58851.3
-52544.3
-1111.12
-1201.84
-2155.95
-496.785
-24011.5
-26553.4
-27659.7
-23377.8
-27962.4
-28657.7
-28621.1
-29446.4
-25527.6
-32182.2
-33630
-38066.7
-7302.95
-4158.44
-487.135
-7576.37
-1902.1
-446.017
-1389.57
-1239.54
-2368.09
-591.155
-34853.7
-31262.5
-37342
-37495.3
-38921.5
-30399.5
-35670.2
-36857
-30739.9
-41916.8
-40960.9
-46572.7
-4939.1
-8570.31
-613.128
-2258.46
-498.787
-8877.46
-874.176
-711.652
-790.705
-221094
-232647
-306727
-16397.5
-538507
-370656
-314100
-242547
-381076
-272657
-235532
-439764
-377793
-453042
-366254
-426577
-413576
-305076
-338986
-210480
-242264
-265183
-217101
-329035
-278594
-70849.8
-58992.3
-48999.4
-72324.6
-58892.7
-49468.2
-102604
-83466.2
-140752
-114847
-123478
-145074
-81064.1
-96339.4
-86608.4
-105265
-136656
-162937
-89204.1
-111775
-127519
-158264
-98012.4
-124572
-165635
-202337
-101040
-131672
-155398
-196987
-75459.2
-60060.4
-49893.1
-73870.7
-60513.4
-49104.2
-121451
-95055.4
-177015
-141026
-150703
-182035
-92245
-114662
-375335
-321935
-362919
-332905
-387948
-400669
-236907
-260860
-164802
-186673
-206951
-170565
-251981
-213327
-289421
-244958
-235203
-193085
-298856
-270038
-213569
-186880
-595081
-481764
-497557
-487851
-432712
-423168
-367749
-499792
-465748
-393949
-359291
-483760
-519008
-533487
-504559
-470650
-490273
-422107
-451008
-326203
-355645
-384414
-334547
-439294
-389662
-145151
-120227
-102210
-148700
-123905
-101059
-192016
-161587
-235651
-202591
-219143
-242702
-157527
-178881
-171289
-197225
-241866
-270340
-175382
-210292
-225175
-263127
-197961
-233840
-287688
-326727
-202067
-246617
-270925
-319294
-158196
-129405
-104578
-154624
-126353
-105005
-228511
-188883
-291050
-247985
-264741
-298384
-184784
-215569
-418996
-447912
-434058
-461944
-431785
-476024
-337405
-356758
-261698
-281464
-308958
-269702
-345656
-306571
-391823
-347549
-346291
-301817
-403260
-379264
-318090
-293624
-169499
-196871
-187329
-206648
-177775
-216600
-125521
-132896
-91652.3
-97864.5
-112530
-95648.8
-126528
-108425
-154047
-131312
-133299
-112165
-161074
-150066
-117241
-107740
-75582.8
-87826.7
-111130
-128433
-77795.2
-93891.8
-102957
-124465
-53891.3
-62073
-46497.1
-47081.7
-60872.3
-52874.5
-85567.4
-72155.9
-109349
-91773.8
-99550.4
-112981
-70104.1
-79652
-212581
-247667
-258382
-237108
-203577
-226774
-216866
-183798
-180519
-149580
-225151
-205812
-161637
-144263
-191858
-176844
-138492
-125258
-184187
-156445
-155961
-130122
-69798.5
-60754.4
-82333.9
-71190.3
-78366.4
-85357.1
-58961.6
-64029.4
-50208.4
-57119.5
-45803
-44812.6
-58273
-51644.1
-71747.9
-64588
-98647
-88656.7
-81215
-95336.9
-66489.8
-77563.8
-252284
-265136
-346750
-242535
-230179
-231144
-240969
-254172
-265943
-184411
-188466
-144384
-148809
-171701
-151083
-179410
-159053
-217601
-192913
-203722
-178830
-227287
-219961
-179387
-171716
-143540
-160628
-196680
-215620
-147568
-173761
-180359
-208763
-117455
-103511
-86191.5
-114008
-98052.1
-89516.1
-155634
-133392
-182648
-158624
-174604
-189255
-129432
-142591
-302438
-285528
-314906
-274120
-290080
-277953
-301035
-266960
-272603
-238362
-311741
-296735
-245975
-230600
-268482
-257496
-211864
-200529
-258249
-228980
-237440
-208000
-120244
-104975
-133499
-117290
-132232
-139452
-101216
-107674
-102913
-89521.4
-83847.8
-106294
-95490.1
-79837.1
-124892
-115282
-163804
-153070
-137546
-157490
-119163
-137749
-71055.8
-78332.2
-101676
-87756.2
-93619.3
-80493.3
-107376
-103221
-80289.2
-76896.7
-90997.9
-103447
-110831
-96277.8
-85030.4
-89363.3
-83132.2
-84533.9
-63361.3
-64433
-76491
-66585.2
-79502
-69266.4
-38701.3
-35141.5
-36174
-39904.9
-38551.8
-33199
-39510.9
-35820.2
-38195
-34494.5
-41251.5
-40391.4
-34204.3
-33410.8
-40875.4
-41195.3
-50121.2
-50635
-42477.2
-47131.5
-43357.3
-48295.9
-53184.4
-56421.1
-68580.4
-72997.9
-54879.3
-62194.7
-61604.5
-70241.9
-45082.7
-42550.5
-36979.8
-43939.5
-39698.4
-39385.6
-54665.8
-48812.2
-58930.4
-52357.4
-59197.6
-61463.7
-47175.2
-48835.7
-63062.4
-70016.9
-64069.5
-76226.4
-68217.6
-82668.2
-49366.7
-46906.2
-39447.3
-37403.4
-47199.6
-42051.7
-43197.8
-38488.8
-60023.1
-52884.1
-61057
-53817.9
-64381.5
-65206.4
-50188.7
-50925.4
-137546
-90846
-144025
-127725
-141654
-124994
-152361
-151151
-120420
-118779
-128869
-124560
-138007
-116206
-119949
-111335
-120504
-119336
-95134.5
-94493.1
-113868
-100809
-111815
-99235.5
-57200.3
-51437.8
-54803.5
-60146.2
-58846.2
-48537.4
-56631.4
-50895.5
-52945
-47506.8
-59074.6
-57027.9
-47825.1
-46130.3
-60531
-60202.6
-75553.7
-75057.2
-63810.8
-71335.6
-63022.5
-70454.4
-87322.3
-91068.7
-112259
-116419
-90948.4
-103249
-98019.2
-110866
-71722
-68541.8
-57113.9
-68638.8
-61385.5
-62907.9
-86906.3
-77189
-89805.1
-79891.4
-93318.9
-94895.7
-73731.4
-75211.4
-87060.5
-85424.9
-79563.6
-92776.6
-94880.7
-102950
-68219.3
-63863.1
-54441.5
-50871.4
-66080.1
-58907.3
-58204.2
-51819.6
-83106.8
-73859
-88605.1
-78724
-89734.7
-92775.3
-71249.3
-73639.8
-6217.46
-5426.31
-3623.19
-7498.9
-8267.26
-9848.46
-3784.66
-1472.61
-992.764
-93.1516
-4297.94
-2477.16
-636.639
-93.503
-7077.24
-5521.68
-13288.3
-11211.7
-9079.9
-12662.3
-6118.06
-9186.42
-27090.1
-25383.6
-32472.4
-30577.9
-28746.5
-31708.2
-25654.2
-28484.4
-22589.6
-21029.3
-17074.8
-22145.3
-19466.1
-17217.7
-23623.5
-21182.1
-19026
-16743.4
-23670.6
-21062.5
-19432.2
-17024
-18759.7
-18467.3
-21866.9
-15329.3
-15945.6
-12453.6
-28869.2
-25872.6
-34745.2
-31127.9
-31976.4
-35460.4
-25867.9
-28745.1
-19408.9
-23272.5
-15422.8
-18670.7
-16850
-14867.5
-23484.6
-20870.6
-6248.26
-3896.57
-1187.44
-260.808
-5735.41
-2803.22
-1646.7
-313.607
-9283.95
-11482.7
-15597.5
-9483.57
-13283.6
-15609.6
-8254.83
-11114.8
-11764.1
-14770
-7733.7
-9781.39
-12997.1
-15182.6
-1873.58
-23526.1
-6065.89
-7221.6
-4002.87
-9839.28
-8509.34
-11322.9
-4242.37
-1685.09
-1116.06
-106.537
-4850.31
-2851.44
-726.682
-104.183
-8197.36
-6392.81
-15920.3
-13416.3
-10782.4
-15125
-7100.71
-10752.4
-35685.6
-33055.5
-43962.8
-40887.1
-38545.2
-42876.3
-33390.1
-37324
-26604.5
-28902.7
-21021.9
-24107.9
-21208.3
-28193.9
-30116.4
-26814.4
-23544.6
-20630.4
-30248.1
-26620.6
-24168.3
-20960.9
-21911.3
-23492
-26142.9
-19660.3
-18025.4
-14502.8
-37393
-33274.3
-46456.9
-41442.7
-42015.4
-47058
-33450.2
-37617
-24353.9
-29399.3
-18892.7
-23103.9
-20765.1
-18160.8
-29785
-26333.3
-7202.6
-4597.66
-1347.24
-201.635
-6621.48
-3246.96
-1957.11
-226.87
-13545.1
-11003.5
-18832.9
-15965.2
-18905.7
-11247.3
-9708.02
-13142.9
-14089.8
-17851.2
-9106.06
-11450.2
-15641.4
-18294.4
-536.097
-620.207
-518.864
)
;
    }
    procBoundary6to2
    {
        type            processor;
        value           nonuniform List<scalar> 
65
(
-55603.9
-76701
-662090
-630346
-677799
-657577
-321881
-229575
-376606
-283000
-250568
-293294
-91530.7
-125560
-494693
-494693
-521499
-521499
-521499
-422369
-149683
-477939
-196782
-391048
-343408
-462467
-559509
-603247
-584023
-634611
-610882
-664081
-634611
-47367.9
-76801.3
-64855.9
-566615
-107560
-169228
-140310
-437035
-209561
-173224
-106417
-131635
-388462
-430952
-524150
-480122
-338717
-297895
-212369
-249656
-293294
-250568
-250568
-343408
-391048
-564332
-609242
-507393
-536087
-462467
-564537
-564537
)
;
    }
    procBoundary6to7
    {
        type            processor;
        value           nonuniform List<scalar> 
328
(
-38331.6
-36551.8
-25091.7
-38277.3
-42089.7
-41337.9
-36533.8
-40440.5
-41736.4
-53807
-84011.4
-83858.3
-52638.9
-88925.1
-90125.9
-41262.5
-41925.6
-38618.9
-38674.1
-53624.3
-82473.3
-82468.5
-48646.1
-66529.6
-67608.3
-27106.1
-27437.1
-28540.2
-35894.7
-37919
-37751.6
-32714.2
-38039.6
-40106.9
-47317.9
-64746.1
-63523
-26447.1
-25195.5
-1069.07
-29829.4
-36029.7
-33871.5
-982.349
-38088.7
-37845.4
-17520.3
-14344.1
-37785.3
-41226.6
-42225
-37528.3
-42168.6
-41094.5
-53770.3
-86966.4
-87584.5
-53587.5
-88446.7
-87671
-41028.2
-40655.2
-40296.3
-40571.3
-52340.4
-76743.7
-77217.6
-51650.3
-75094.6
-74466.3
-31903
-33565.1
-32885.5
-33132
-34332.2
-34879.9
-40149.4
-51582.4
-49836.6
-42228.2
-53497.9
-55115.6
-16914.5
-18668.9
-15478.9
-13505.3
-19928.9
-20839.1
-23214.4
-16138.8
-18746
-16241.9
-38322.2
-37085
-22836.4
-38163.5
-41352.7
-42182.8
-36899.1
-41922.4
-40696.6
-53893.8
-85061
-85379.5
-53011.2
-89705.6
-88643.9
-41697.2
-41130.4
-39313.9
-39371.8
-53320.8
-80746
-80908.5
-49812.5
-70285.1
-69363
-28901.4
-30409.5
-29442.5
-35116.2
-36753.9
-37038.9
-35400.7
-44065.9
-42104.1
-45805.2
-60344.5
-61708.9
-22709.2
-24126.6
-5884.27
-5884.27
-5884.27
-5884.27
-5884.27
-5884.27
-26737.1
-29614
-31851
-6429.42
-6429.42
-6429.42
-6429.42
-6429.42
-6429.42
-38239.1
-37515.2
-20313.8
-10857.6
-37998.1
-42230.4
-41310.9
-37229.7
-40918.1
-42064.1
-53877.2
-86566.4
-86099.4
-53334.3
-88224.5
-89152.1
-40930.1
-41401.4
-40022.1
-39855.1
-52903
-79150.2
-78841.9
-50809.4
-72004.4
-72785.3
-30494.3
-31261.5
-32073.6
-34196
-36035.5
-35613.7
-37877.8
-46035.6
-47899.2
-44115.3
-58490.1
-57004.6
-21543.1
-19957.2
-9719.16
-11873.4
-23440.2
-27576.6
-25277.3
-12116.6
-11476
-14064.1
-2508.73
-2283.8
-850.987
-41337.9
-42089.7
-42182.8
-41352.7
-41736.4
-40440.5
-40696.6
-41922.4
-83858.3
-84011.4
-85379.5
-85061
-90125.9
-88925.1
-88643.9
-89705.6
-41925.6
-41262.5
-41130.4
-41697.2
-38674.1
-38618.9
-39371.8
-39313.9
-82468.5
-82473.3
-80908.5
-80746
-67608.3
-66529.6
-69363
-70285.1
-28540.2
-27437.1
-29442.5
-30409.5
-37751.6
-37919
-37038.9
-36753.9
-40106.9
-38039.6
-42104.1
-44065.9
-63523
-64746.1
-61708.9
-60344.5
-25195.5
-26447.1
-24126.6
-22709.2
-2477.87
-697.204
-5180.94
-7801.61
-33871.5
-36029.7
-31851
-29614
-2988.91
-862.16
-6148.01
-9114.53
-42225
-41226.6
-41310.9
-42230.4
-41094.5
-42168.6
-42064.1
-40918.1
-87584.5
-86966.4
-86099.4
-86566.4
-87671
-88446.7
-89152.1
-88224.5
-40655.2
-41028.2
-41401.4
-40930.1
-40571.3
-40296.3
-39855.1
-40022.1
-77217.6
-76743.7
-78841.9
-79150.2
-74466.3
-75094.6
-72785.3
-72004.4
-32885.5
-33565.1
-32073.6
-31261.5
-34879.9
-34332.2
-35613.7
-36035.5
-49836.6
-51582.4
-47899.2
-46035.6
-55115.6
-53497.9
-57004.6
-58490.1
-18668.9
-16914.5
-19957.2
-21543.1
-13505.3
-15478.9
-11873.4
-9719.16
-23214.4
-20839.1
-25277.3
-27576.6
-16241.9
-18746
-14064.1
-11476
-2089.65
-2066.82
-872.972
)
;
    }
}


// ************************************************************************* //
