/*--------------------------------*- C++ -*----------------------------------*\
| =========                 |                                                 |
| \\      /  F ield         | OpenFOAM: The Open Source CFD Toolbox           |
|  \\    /   O peration     | Version:  2012                                  |
|   \\  /    A nd           | Website:  www.openfoam.com                      |
|    \\/     M anipulation  |                                                 |
\*---------------------------------------------------------------------------*/
FoamFile
{
    version     2.0;
    format      ascii;
    class       volScalarField;
    location    "0.106/solid";
    object      epsilonEq;
}
// * * * * * * * * * * * * * * * * * * * * * * * * * * * * * * * * * * * * * //

dimensions      [0 0 0 0 0 0 0];


internalField   nonuniform List<scalar> 
3125
(
3.42958e-09
5.38714e-09
3.71508e-09
3.43948e-09
3.6965e-09
5.32087e-09
4.89744e-09
6.66847e-09
3.43061e-09
8.50326e-07
2.06906e-06
1.80824e-06
3.69911e-09
3.72875e-09
3.4419e-09
3.46246e-06
3.48377e-06
1.83565e-06
2.04363e-06
2.90453e-06
3.40371e-06
2.83404e-06
7.77427e-10
3.38881e-09
8.11438e-10
5.58406e-10
3.85114e-08
3.9657e-09
7.72091e-10
3.66333e-09
4.07248e-09
3.73884e-09
4.77189e-10
6.54923e-10
6.38459e-10
6.69637e-10
3.38927e-09
8.10168e-10
8.13339e-10
6.73752e-10
6.71731e-10
5.45535e-06
5.93121e-06
5.84422e-10
3.8363e-09
7.09651e-08
1.95981e-06
4.07332e-06
5.50377e-06
7.41814e-09
5.02158e-06
2.04069e-06
5.47206e-06
4.45363e-06
5.96743e-06
7.66576e-09
3.41487e-06
3.73509e-06
1.72879e-06
3.22991e-06
4.05082e-06
3.49237e-06
1.70258e-06
3.15977e-06
6.30838e-10
3.66341e-09
3.93306e-09
3.6804e-09
8.01299e-10
6.91196e-10
4.6425e-10
5.28386e-10
6.65218e-10
5.67125e-10
6.69499e-06
7.40574e-06
3.79961e-06
5.69122e-06
6.70426e-06
6.00469e-06
3.73738e-06
6.62915e-06
6.6905e-06
7.50153e-06
5.37507e-06
4.79631e-06
1.92196e-06
3.80902e-06
4.33541e-06
4.94613e-06
1.95233e-06
4.41156e-06
4.13254e-06
4.71281e-06
6.59822e-06
5.94748e-06
3.11275e-06
4.67617e-06
5.24367e-06
5.91667e-06
3.18264e-06
5.32572e-06
5.2265e-06
5.85669e-06
4.42153e-06
4.59569e-06
2.61487e-06
4.03466e-06
5.13687e-06
4.51071e-06
2.53872e-06
3.9549e-06
2.73529e-09
3.41668e-09
2.71116e-09
3.96297e-09
9.22214e-09
5.28484e-09
3.73907e-09
3.48911e-09
2.74424e-09
2.77794e-09
3.6826e-09
4.65689e-09
4.16507e-09
3.72773e-09
3.28518e-09
3.41591e-09
2.72475e-09
2.70249e-09
8.04661e-06
8.35344e-06
9.99176e-07
1.42916e-06
1.67728e-06
3.02466e-06
2.76641e-07
3.03237e-06
2.08438e-06
3.15629e-06
8.20652e-06
9.22488e-06
4.7064e-06
2.29894e-06
1.78146e-06
2.18277e-06
6.08939e-06
5.73792e-06
1.64992e-06
1.8539e-06
3.68148e-09
3.77505e-09
3.52224e-09
2.73682e-09
2.7908e-09
8.16244e-06
8.48845e-06
3.94548e-06
3.96118e-06
4.54041e-06
4.05807e-06
3.56748e-06
4.23647e-06
9.70887e-06
9.64378e-06
7.93984e-06
7.60843e-06
1.86363e-06
2.34005e-06
2.46127e-06
2.98643e-06
2.01416e-06
2.8521e-06
6.20706e-06
6.56092e-06
8.05192e-06
7.71359e-06
2.97425e-06
3.21385e-06
3.36494e-06
4.00071e-06
3.32728e-06
3.83164e-06
6.30378e-06
6.65925e-06
4.78891e-06
3.16461e-06
2.7624e-06
3.01406e-06
6.18547e-06
5.83161e-06
2.38119e-06
2.56305e-06
1.9656e-09
8.01193e-10
1.9401e-09
3.41145e-09
2.69488e-09
2.7058e-09
8.03445e-10
1.92931e-09
1.93602e-09
2.95086e-09
8.79601e-10
3.80006e-09
1.30529e-08
1.21601e-08
6.11788e-09
9.88919e-10
5.70126e-09
4.19387e-09
2.7906e-09
1.97244e-09
7.52193e-10
1.99864e-09
7.4556e-10
2.00854e-09
3.67084e-09
4.29247e-09
4.03481e-09
2.98057e-09
3.18983e-09
2.77162e-09
5.0616e-10
2.40598e-09
2.16059e-09
5.44342e-10
2.33106e-09
2.20572e-09
6.54705e-10
2.22003e-09
6.58575e-10
2.23834e-09
2.23141e-09
3.41034e-09
2.69425e-09
2.69791e-09
1.95149e-09
8.2048e-10
1.93023e-09
1.92848e-09
8.23396e-10
1.9264e-09
2.26148e-09
6.7774e-10
2.26896e-09
2.25456e-09
6.79611e-10
2.2577e-09
7.31821e-06
5.68598e-06
7.60803e-06
8.73492e-06
8.45108e-06
5.75711e-06
7.9642e-06
7.70061e-06
1.6123e-09
9.02382e-10
1.3347e-09
1.00965e-09
1.60666e-09
1.43018e-09
4.89824e-07
1.80056e-08
1.78186e-07
1.75737e-06
3.24781e-06
3.13282e-06
2.61425e-06
5.37039e-06
1.29165e-07
3.5681e-06
1.94483e-07
3.79729e-06
5.45605e-06
3.68361e-06
7.06798e-09
8.84332e-08
1.21778e-07
3.51319e-06
5.24027e-06
3.6632e-06
2.08186e-06
3.25182e-06
3.19293e-06
5.30801e-06
3.79358e-06
3.70772e-06
8.82862e-06
9.11225e-06
6.73667e-06
5.84019e-06
1.71586e-07
8.27489e-06
9.97348e-08
8.04629e-06
5.91362e-06
8.22543e-06
2.4074e-09
9.98171e-08
2.13471e-08
5.15972e-06
4.8188e-06
3.11177e-06
4.24008e-06
4.6534e-06
3.18645e-06
4.34242e-06
2.63479e-06
3.51575e-06
2.49175e-06
1.75493e-06
2.03247e-06
2.1434e-06
3.44356e-06
2.3069e-06
2.44441e-06
5.27445e-06
5.62144e-06
5.50557e-06
3.80832e-06
5.18278e-06
4.75827e-06
3.72849e-06
5.07597e-06
2.88518e-06
2.08681e-06
1.67643e-06
1.99492e-06
1.8895e-06
2.95287e-06
2.26151e-06
2.13004e-06
2.19367e-09
6.1118e-10
2.17486e-09
6.03271e-10
2.16466e-09
3.67014e-09
3.84074e-09
3.55248e-09
2.93033e-09
2.81755e-09
1.96131e-09
7.82196e-10
2.00094e-09
2.12014e-09
7.66348e-10
2.02211e-09
1.75578e-09
4.10401e-10
2.03114e-09
4.38997e-10
2.15627e-09
2.02207e-09
2.26952e-09
6.46603e-10
2.24594e-09
6.3103e-10
2.18582e-09
2.26488e-09
7.84111e-06
6.99426e-06
8.16825e-06
8.93445e-06
8.59652e-06
7.09686e-06
8.62479e-06
8.27888e-06
3.94177e-06
4.49232e-06
4.57326e-06
4.43226e-06
6.83315e-06
5.0721e-06
5.04356e-06
6.85427e-06
5.12611e-06
4.54465e-06
6.27494e-06
4.74726e-06
3.65214e-06
4.45458e-06
4.2945e-06
6.36606e-06
4.99811e-06
4.81392e-06
9.05704e-06
9.50567e-06
8.91355e-06
7.71702e-06
9.18763e-06
8.74558e-06
7.7253e-06
9.11627e-06
7.21798e-06
5.12927e-06
6.90863e-06
7.14866e-06
7.495e-06
5.04637e-06
6.48229e-06
6.80322e-06
1.89243e-06
2.63026e-06
2.50406e-06
2.6839e-06
4.03293e-06
2.83204e-06
3.03571e-06
4.10817e-06
2.8828e-06
3.4596e-06
4.71732e-06
3.29941e-06
1.98322e-06
2.67476e-06
2.80602e-06
4.64081e-06
3.08808e-06
3.24561e-06
7.03177e-06
6.67889e-06
5.6138e-06
4.37981e-06
5.93966e-06
6.37422e-06
4.4628e-06
6.04845e-06
7.73238e-06
6.31486e-06
7.40469e-06
7.24967e-06
7.59877e-06
6.22218e-06
6.96305e-06
7.29477e-06
3.04349e-06
3.56804e-06
3.41459e-06
3.57569e-06
4.91832e-06
3.74949e-06
3.98358e-06
4.99932e-06
3.80725e-06
4.47895e-06
5.65884e-06
4.28653e-06
3.25389e-06
3.61895e-06
3.77811e-06
5.57464e-06
4.04265e-06
4.22481e-06
7.13215e-06
6.77772e-06
6.07216e-06
5.49582e-06
6.40643e-06
6.85197e-06
5.58578e-06
6.51791e-06
5.24793e-06
4.90289e-06
4.06581e-06
4.64313e-06
5.07747e-06
4.15455e-06
4.75113e-06
3.51841e-06
4.35473e-06
3.3454e-06
2.68942e-06
2.81382e-06
2.96476e-06
4.27459e-06
3.11519e-06
3.28819e-06
5.36389e-06
5.71417e-06
5.96089e-06
4.86822e-06
5.62792e-06
5.18697e-06
4.77876e-06
5.5173e-06
3.63715e-06
2.82759e-06
2.46085e-06
2.76431e-06
2.61281e-06
3.71636e-06
3.05794e-06
2.88487e-06
9.51147e-06
9.6249e-06
1.25798e-05
1.16896e-05
7.24209e-06
7.10363e-06
9.23353e-06
9.34494e-06
1.24598e-05
1.12067e-05
9.39346e-06
9.27154e-06
7.3807e-06
7.51941e-06
9.11751e-06
8.99757e-06
7.12921e-06
7.26646e-06
6.99214e-06
6.85522e-06
8.53745e-10
7.94147e-10
8.79645e-10
8.18548e-10
8.91017e-10
9.06121e-10
2.20895e-10
6.64291e-10
3.43968e-10
1.87292e-09
3.11114e-09
1.76477e-09
8.49001e-10
7.7491e-10
8.58965e-10
2.00885e-10
4.58297e-10
2.99552e-10
7.12985e-10
6.34877e-10
6.81038e-10
1.35043e-09
6.33873e-10
1.33318e-09
6.56954e-10
1.38589e-09
1.36038e-09
8.86891e-10
8.23544e-10
9.10555e-10
8.93504e-10
8.27953e-10
9.1523e-10
1.39493e-09
6.6607e-10
1.37506e-09
1.38934e-09
6.66612e-10
1.37225e-09
6.0613e-06
5.53428e-06
4.99098e-06
5.0602e-06
6.14654e-06
1.01909e-05
1.01088e-05
5.35774e-06
5.88254e-06
6.59084e-06
5.33301e-06
6.53133e-06
5.70751e-10
6.9346e-10
4.5955e-10
1.85801e-09
2.96552e-09
1.37012e-09
3.18907e-06
3.82147e-06
4.85161e-06
2.79069e-06
3.70113e-06
4.51204e-06
2.30421e-06
4.15622e-06
4.77556e-06
4.95419e-06
5.51488e-06
4.2e-06
4.74246e-06
4.95691e-06
5.83927e-09
1.84208e-08
1.28882e-08
4.0244e-06
4.53324e-06
5.09614e-06
4.46927e-06
4.53125e-06
4.60113e-06
3.97071e-06
4.21042e-06
4.77734e-06
5.42674e-06
4.93236e-06
4.76304e-06
4.2138e-06
4.89568e-06
1.02698e-05
1.0357e-05
4.91544e-06
5.3399e-06
3.12181e-06
4.30672e-06
5.89495e-06
3.07004e-06
5.36825e-06
6.64043e-06
5.98027e-06
5.34691e-06
6.66933e-06
6.27435e-09
1.89223e-08
1.4949e-08
6.14342e-06
6.00799e-06
3.10138e-06
3.82e-06
3.33805e-06
3.03171e-06
3.73437e-06
2.8952e-06
3.37547e-06
3.30048e-06
3.66158e-06
3.23357e-06
2.95267e-06
3.31008e-06
2.61847e-06
2.84684e-06
3.3006e-06
2.92691e-06
2.90937e-06
2.56544e-06
2.98954e-06
6.27931e-06
6.41572e-06
4.52548e-06
3.68675e-06
3.96953e-06
3.61117e-06
4.4356e-06
3.17194e-06
3.90626e-06
3.57048e-06
3.24326e-06
3.99314e-06
2.46195e-06
2.78513e-06
3.09022e-06
2.86479e-06
2.72435e-06
2.51324e-06
2.80325e-06
1.34019e-09
6.14419e-10
1.31125e-09
8.80189e-10
8.0904e-10
8.90868e-10
7.49282e-10
7.27099e-10
8.01156e-10
7.15593e-10
4.08158e-10
8.16273e-10
4.95305e-10
1.22696e-09
1.17355e-09
1.38595e-09
6.55771e-10
1.36597e-09
5.8241e-10
1.27675e-09
1.28614e-09
7.08141e-06
6.79321e-06
7.0834e-06
7.18442e-06
7.18628e-06
9.9053e-06
9.8222e-06
7.85524e-06
7.3037e-06
7.83221e-06
7.72182e-06
7.73894e-06
6.89211e-06
5.19786e-06
6.40571e-06
7.2828e-06
5.89861e-06
7.44396e-06
6.71778e-06
7.14532e-06
7.54589e-06
6.11815e-06
6.77116e-06
6.17311e-06
7.05753e-06
7.64443e-06
6.3896e-06
5.49048e-06
6.09384e-06
6.72038e-06
5.5724e-06
6.81768e-06
6.29938e-06
6.86966e-06
7.44522e-06
6.54477e-06
6.05501e-06
5.98131e-06
7.33789e-06
6.96729e-06
9.98648e-06
1.00793e-05
7.40366e-06
7.29973e-06
7.96294e-06
7.83873e-06
7.95527e-06
7.96625e-06
7.9386e-06
7.59185e-06
8.04156e-06
8.07734e-06
5.9746e-06
4.91933e-06
5.29381e-06
4.84581e-06
5.88675e-06
8.48534e-06
8.62076e-06
4.38465e-06
4.87979e-06
5.3455e-06
4.46276e-06
5.43673e-06
3.0696e-06
3.44133e-06
3.36803e-06
3.88332e-06
3.01084e-06
3.43615e-06
3.50754e-06
3.37041e-06
3.85315e-06
3.91194e-06
4.25945e-06
3.43154e-06
3.78302e-06
3.8438e-06
3.85664e-06
4.46447e-06
4.40484e-06
4.87014e-06
3.91455e-06
4.33863e-06
4.39532e-06
3.55424e-06
3.92337e-06
4.48788e-06
3.98041e-06
3.99357e-06
3.49287e-06
4.04911e-06
8.34881e-06
8.21156e-06
4.61575e-06
3.76288e-06
4.21462e-06
3.83949e-06
4.70633e-06
4.30641e-06
5.25409e-06
4.62935e-06
4.22812e-06
5.16259e-06
6.97964e-06
6.98283e-06
6.50272e-06
6.87889e-06
6.88429e-06
8.22205e-06
8.35585e-06
6.32006e-06
6.03861e-06
6.28683e-06
6.38461e-06
6.412e-06
5.09846e-06
4.28174e-06
4.75676e-06
5.32959e-06
4.35458e-06
5.41363e-06
5.02152e-06
5.48355e-06
5.91912e-06
4.79525e-06
5.16195e-06
4.72114e-06
5.56113e-06
5.83439e-06
6.12535e-06
5.40962e-06
6.62537e-06
5.82975e-06
6.21133e-06
5.32982e-06
6.53245e-06
5.71772e-06
6.00426e-06
5.40819e-06
4.86973e-06
4.94471e-06
6.08992e-06
5.63916e-06
8.08708e-06
7.95131e-06
5.5095e-06
5.31619e-06
5.59387e-06
5.60635e-06
5.68439e-06
6.22857e-06
6.18925e-06
5.76619e-06
6.09182e-06
6.13747e-06
5.90775e-06
5.7745e-06
4.77449e-06
4.64158e-06
4.33244e-06
4.54579e-06
4.68284e-06
4.86718e-06
4.20904e-06
4.5153e-06
5.24544e-06
4.13641e-06
4.94441e-06
5.16118e-06
4.47778e-06
4.65207e-06
4.11453e-06
3.70217e-06
3.77437e-06
4.73737e-06
4.3992e-06
6.04165e-06
6.17606e-06
5.41272e-06
5.04729e-06
5.5033e-06
5.31599e-06
5.41264e-06
4.86601e-06
4.73755e-06
4.6e-06
4.83367e-06
4.95746e-06
4.24122e-06
4.56658e-06
3.87526e-06
3.63008e-06
3.55804e-06
4.48088e-06
4.32032e-06
3.3578e-09
3.3175e-09
2.74656e-09
2.72484e-09
3.36907e-09
2.73501e-09
3.30888e-09
3.35418e-09
2.72062e-09
2.7161e-09
3.30002e-09
2.72527e-09
3.35117e-09
3.30286e-09
5.65903e-09
4.76619e-09
4.29938e-09
4.26977e-09
5.19409e-09
4.69959e-09
5.16426e-09
6.60172e-09
6.00003e-09
4.70247e-09
6.69282e-09
5.28568e-09
7.49767e-09
5.82801e-09
3.43856e-09
3.44566e-09
3.48413e-09
3.4477e-09
3.39067e-09
3.32815e-09
2.75423e-09
2.75267e-09
3.37661e-09
2.76375e-09
3.33906e-09
3.40382e-09
2.7896e-09
3.36984e-09
2.76491e-09
3.4221e-09
2.77504e-09
3.35493e-09
3.43883e-09
3.41128e-09
3.41133e-09
3.40991e-09
5.0678e-09
6.00003e-09
4.7021e-09
4.4135e-09
4.49919e-09
4.46559e-09
3.97874e-09
3.54878e-09
4.76252e-09
3.73664e-09
4.25795e-09
4.27222e-09
3.38446e-09
3.95913e-09
3.40027e-09
4.10374e-09
3.544e-09
4.08908e-09
9.2205e-09
6.59382e-09
1.07965e-08
1.73184e-08
3.35575e-09
3.31477e-09
2.73656e-09
2.71429e-09
3.36764e-09
2.72156e-09
3.30558e-09
3.35327e-09
2.7083e-09
3.29688e-09
2.7065e-09
3.34769e-09
2.71766e-09
3.29978e-09
8.85966e-06
8.15121e-06
8.9699e-06
9.83604e-06
9.73327e-06
8.25349e-06
9.18026e-06
9.07682e-06
1.65627e-06
5.41302e-06
4.11712e-06
1.71531e-06
1.16955e-06
2.70365e-07
4.20303e-07
3.49126e-07
7.1162e-07
1.15519e-06
4.48288e-07
2.63954e-06
2.69469e-06
2.62452e-06
2.68045e-06
2.6683e-06
2.59772e-06
2.67768e-06
2.61626e-06
1.07648e-05
1.11614e-05
9.96171e-06
8.837e-06
1.0294e-05
1.01336e-05
9.25286e-06
1.02858e-05
5.60527e-06
5.47217e-06
5.23462e-06
4.59462e-06
5.11183e-06
2.51702e-06
2.5479e-06
2.49983e-06
2.58987e-06
2.47535e-06
2.56701e-06
2.52748e-06
2.49094e-06
6.82747e-06
6.96534e-06
6.74511e-06
5.97194e-06
6.61732e-06
6.36246e-06
5.85476e-06
6.48973e-06
2.3381e-06
2.39046e-06
2.41651e-06
2.33173e-06
3.44303e-09
3.40943e-09
3.40882e-09
3.4084e-09
3.45007e-09
3.46292e-09
3.52881e-09
3.47759e-09
3.39441e-09
3.32707e-09
2.74629e-09
2.7484e-09
3.37835e-09
2.76159e-09
3.34177e-09
3.41801e-09
2.80735e-09
3.39477e-09
2.76705e-09
3.45213e-09
2.7767e-09
3.36574e-09
1.06499e-05
6.06336e-06
5.5425e-06
2.86434e-06
2.86402e-06
2.83614e-06
2.84504e-06
3.47493e-06
3.48583e-06
4.04583e-06
3.99651e-06
3.60312e-06
3.66938e-06
3.71959e-06
3.65217e-06
2.77751e-06
2.79905e-06
2.8189e-06
2.79901e-06
2.87548e-06
2.87011e-06
2.86785e-06
2.87723e-06
3.20764e-06
3.2708e-06
3.3251e-06
3.26214e-06
3.62105e-06
3.5557e-06
3.50859e-06
3.57324e-06
8.6026e-06
8.27187e-06
8.71247e-06
9.55235e-06
9.45136e-06
8.38041e-06
8.92426e-06
8.81964e-06
4.56311e-06
4.05204e-06
3.9524e-06
4.79771e-06
4.92779e-06
4.57463e-06
4.44418e-06
5.12175e-06
4.57954e-06
4.06574e-06
4.07961e-06
4.53535e-06
4.62433e-06
4.15069e-06
4.13487e-06
4.67027e-06
1.05159e-05
1.09404e-05
1.06368e-05
9.96841e-06
1.05361e-05
1.00594e-05
9.98161e-06
1.04406e-05
8.74634e-06
7.83107e-06
8.6303e-06
9.01806e-06
9.14617e-06
7.72052e-06
8.39141e-06
8.51187e-06
2.52351e-06
2.61081e-06
2.54223e-06
2.5665e-06
2.56626e-06
2.58323e-06
2.6298e-06
2.54614e-06
2.67806e-06
2.63484e-06
2.64355e-06
2.6988e-06
2.63711e-06
2.69536e-06
2.63592e-06
2.6672e-06
7.79691e-06
7.65818e-06
6.87307e-06
6.32491e-06
7.00117e-06
7.25751e-06
6.44289e-06
7.12934e-06
8.4901e-06
7.94025e-06
8.37516e-06
8.74792e-06
8.87418e-06
7.82744e-06
8.139e-06
8.25804e-06
3.92175e-06
3.54721e-06
3.56206e-06
3.88066e-06
3.96427e-06
3.62882e-06
3.61524e-06
4.00458e-06
4.45022e-06
4.01225e-06
3.99976e-06
4.49263e-06
4.40866e-06
3.9354e-06
3.94718e-06
4.36755e-06
7.54105e-06
7.40376e-06
6.63875e-06
6.42221e-06
6.76535e-06
7.01873e-06
6.54074e-06
6.89204e-06
2.77683e-06
2.75356e-06
2.7271e-06
2.75205e-06
2.54219e-06
2.58519e-06
2.55162e-06
3.21408e-06
3.15064e-06
3.09079e-06
3.15469e-06
2.80868e-06
2.74111e-06
5.37872e-06
5.24825e-06
5.02327e-06
4.67546e-06
4.90269e-06
3.79499e-06
3.49313e-06
3.83701e-06
3.47692e-06
3.74999e-06
3.40386e-06
3.42171e-06
3.7068e-06
6.58236e-06
6.71859e-06
6.51229e-06
6.0673e-06
6.386e-06
6.13428e-06
5.94932e-06
6.25997e-06
3.22137e-06
3.01781e-06
2.9905e-06
3.27172e-06
9.27151e-10
8.77745e-10
2.29174e-09
1.95236e-09
2.27835e-09
9.31129e-10
8.82412e-10
8.06509e-10
8.85465e-10
8.9462e-10
9.23125e-10
2.2653e-09
1.94266e-09
8.80185e-10
2.26727e-09
9.23566e-10
8.84635e-10
3.32951e-09
3.27738e-09
2.70445e-09
2.69574e-09
2.70463e-09
3.32773e-09
3.27928e-09
3.33686e-09
2.71444e-09
3.29395e-09
2.6996e-09
3.34535e-09
2.70907e-09
3.28593e-09
8.18613e-10
8.878e-10
9.06788e-10
9.18632e-10
8.78379e-10
2.25195e-09
1.92666e-09
2.24928e-09
9.18676e-10
8.83665e-10
9.19941e-10
2.2593e-09
8.79992e-10
1.9288e-09
9.21409e-10
2.25334e-09
8.84473e-10
1.86175e-09
1.23255e-09
3.58558e-09
3.17025e-09
3.88939e-09
1.65683e-09
1.36332e-09
7.83191e-10
7.05524e-10
5.18059e-10
2.11078e-09
4.7515e-09
3.45327e-09
1.71661e-09
4.27527e-09
2.42589e-09
1.53145e-09
1.67172e-08
2.04218e-08
1.42067e-08
8.94987e-09
1.02307e-08
2.28096e-08
1.4612e-08
1.18768e-08
7.06787e-09
8.33967e-09
7.36715e-09
9.74166e-09
8.65702e-09
1.0447e-08
1.22661e-09
8.91358e-10
1.15869e-09
3.04027e-09
2.08723e-09
7.60096e-09
5.05984e-09
6.55629e-09
3.04326e-09
2.1097e-09
2.97742e-09
5.2867e-09
1.87456e-09
4.68843e-09
2.64499e-09
6.05408e-09
2.01106e-09
9.34149e-10
8.78412e-10
2.2988e-09
1.97585e-09
2.30379e-09
9.33256e-10
8.83357e-10
7.69256e-10
8.31217e-10
8.54026e-10
9.37918e-10
2.32961e-09
1.98534e-09
8.82023e-10
2.31491e-09
9.44381e-10
8.84877e-10
8.24895e-10
2.33853e-09
8.83292e-10
9.47182e-10
3.39872e-09
3.38594e-09
3.41003e-09
3.38942e-09
3.81524e-09
3.83764e-09
4.07641e-09
4.10213e-09
3.75677e-09
3.60342e-09
3.01243e-09
3.03767e-09
3.08752e-09
3.67545e-09
3.67057e-09
3.8496e-09
3.27342e-09
3.84759e-09
3.1091e-09
3.96828e-09
3.16463e-09
3.75349e-09
1.34138e-09
1.12611e-09
3.34208e-09
2.62237e-09
3.13777e-09
1.50121e-09
1.04006e-09
4.87761e-10
4.87934e-10
4.13404e-10
1.22993e-09
2.84076e-09
2.49738e-09
9.51985e-10
2.97423e-09
1.16274e-09
9.82153e-10
1.03513e-09
9.00092e-10
2.52176e-09
2.20427e-09
2.58507e-09
1.01234e-09
9.06486e-10
5.8663e-10
5.51065e-10
6.23924e-10
1.06617e-09
2.74917e-09
2.26346e-09
9.31361e-10
2.65316e-09
1.12374e-09
9.17557e-10
5.27493e-08
1.01001e-07
3.93607e-08
2.39804e-08
2.12182e-09
2.16109e-09
2.08529e-09
6.42348e-10
1.37224e-09
1.34694e-09
2.17782e-09
2.14207e-09
2.10047e-09
6.56522e-10
1.37756e-09
1.36316e-09
2.15483e-09
2.18701e-09
2.11165e-09
2.14919e-09
2.19396e-09
2.11539e-09
3.32967e-09
3.27765e-09
2.7032e-09
2.69186e-09
3.32866e-09
2.70153e-09
3.27867e-09
3.33506e-09
2.70837e-09
3.29162e-09
2.69331e-09
3.34543e-09
2.69986e-09
3.28414e-09
9.22818e-10
8.82921e-10
2.27913e-09
1.93926e-09
2.26223e-09
9.27675e-10
8.88463e-10
8.32355e-10
9.05753e-10
9.19103e-10
9.22731e-10
2.25122e-09
1.93153e-09
8.84157e-10
2.25906e-09
9.19406e-10
8.8881e-10
9.18321e-10
8.79018e-10
2.2505e-09
1.9219e-09
9.18315e-10
2.24589e-09
8.85019e-10
8.32392e-10
9.07553e-10
9.22486e-10
9.1725e-10
2.25239e-09
1.92093e-09
8.83193e-10
2.24206e-09
9.20445e-10
8.87734e-10
2.16696e-09
2.22149e-09
2.13237e-09
6.73648e-10
1.40233e-09
1.38659e-09
2.22609e-09
2.17691e-09
2.14158e-09
2.16212e-09
2.19972e-09
2.12227e-09
6.68981e-10
1.40395e-09
1.37866e-09
2.21749e-09
2.17502e-09
2.13409e-09
6.7091e-06
7.41673e-06
6.80183e-06
5.61142e-06
5.18818e-06
6.31105e-06
5.12632e-06
6.22999e-06
7.51338e-06
6.98198e-06
6.8929e-06
9.93275e-06
1.00237e-05
9.56564e-06
8.64115e-06
9.47144e-06
9.28013e-06
8.54687e-06
9.3771e-06
5.82313e-06
5.24464e-06
6.38911e-06
5.2934e-06
6.46288e-06
7.30751e-06
7.87917e-06
7.23302e-06
7.0688e-06
7.79099e-06
7.15263e-06
1.38418e-09
1.42082e-09
1.21827e-09
8.21993e-10
4.12098e-10
3.99383e-10
1.38236e-09
1.10874e-09
1.14702e-09
1.22911e-09
4.96888e-10
7.54951e-10
2.12936e-09
1.424e-09
1.40237e-09
1.14204e-09
1.34395e-09
1.13772e-09
6.11436e-08
3.33054e-08
1.73253e-08
3.61648e-08
3.37002e-08
3.5678e-08
6.03893e-08
1.02586e-07
2.11911e-07
2.66302e-07
7.25386e-08
3.01322e-07
6.3503e-08
1.23686e-07
2.2729e-06
2.41947e-06
2.38755e-06
2.31447e-06
2.06643e-06
1.49916e-06
1.72863e-06
2.05963e-06
3.51793e-06
5.26151e-06
4.41805e-06
4.77549e-06
3.76306e-06
4.10691e-06
4.73746e-06
1.63055e-06
8.16691e-08
1.17932e-06
1.65426e-06
2.16417e-07
3.5133e-07
1.01346e-07
1.28348e-06
1.52045e-07
5.87878e-07
4.08325e-06
5.50171e-06
4.55479e-06
4.88312e-06
3.95097e-06
4.68683e-06
4.93039e-06
7.04962e-09
3.79234e-09
7.26996e-09
1.93582e-08
3.6866e-09
2.15277e-08
9.21901e-09
3.09434e-08
6.47432e-08
2.26475e-08
2.2222e-08
1.5161e-07
4.29304e-08
7.26362e-08
4.27471e-08
7.38953e-08
2.16195e-08
4.07473e-06
5.16932e-06
4.6443e-06
4.73177e-06
4.59004e-06
4.12036e-06
4.66765e-06
2.54892e-06
2.44778e-06
2.448e-06
2.55944e-06
2.5647e-06
2.63886e-06
2.63074e-06
2.5476e-06
4.19055e-06
5.37082e-06
4.69277e-06
4.79246e-06
4.73297e-06
4.15983e-06
4.84781e-06
1.05938e-05
1.04488e-05
9.65982e-06
8.92346e-06
9.76157e-06
9.99718e-06
9.02046e-06
9.86732e-06
5.6622e-06
7.61453e-06
4.4213e-06
6.56379e-06
3.72256e-06
5.67441e-06
5.1078e-06
6.6027e-06
4.73518e-06
6.43821e-06
1.60791e-06
1.80705e-07
9.87394e-07
8.17316e-06
7.45978e-06
7.30098e-06
1.33623e-07
1.4494e-07
3.39593e-07
7.37578e-06
8.12013e-06
7.42905e-06
5.97364e-06
5.18623e-06
6.64527e-06
5.31139e-06
6.68279e-06
8.18924e-06
7.46905e-06
7.47122e-06
4.08833e-09
4.10614e-09
8.74371e-09
3.64482e-08
8.25551e-08
3.26148e-08
1.04505e-08
4.87232e-08
2.11302e-08
5.73889e-06
5.87313e-06
5.73128e-06
5.04551e-06
5.60631e-06
5.35796e-06
4.93185e-06
5.48187e-06
3.03781e-06
2.8281e-06
3.48166e-06
2.76207e-06
3.39886e-06
4.13844e-06
3.86941e-06
3.77677e-06
4.24683e-06
4.54913e-06
4.15149e-06
3.2619e-06
2.89502e-06
3.56516e-06
2.96291e-06
3.6494e-06
4.44546e-06
3.96275e-06
4.05679e-06
2.83837e-06
3.58843e-06
3.10165e-06
3.18047e-06
2.78223e-06
3.16724e-06
3.24504e-06
2.42258e-06
2.51453e-06
2.43481e-06
2.48014e-06
2.46346e-06
2.5049e-06
2.44955e-06
2.5419e-06
2.67228e-06
3.37183e-06
3.0368e-06
3.11635e-06
2.7269e-06
2.97266e-06
3.05274e-06
6.68982e-06
6.55254e-06
5.85669e-06
5.38967e-06
5.98255e-06
6.23547e-06
5.50533e-06
6.10881e-06
5.02845e-06
5.39764e-06
4.92922e-06
3.88867e-06
3.46191e-06
4.25712e-06
3.53618e-06
4.34612e-06
5.29003e-06
4.73189e-06
4.83035e-06
4.34277e-06
4.86368e-06
4.43929e-06
3.64918e-06
3.38829e-06
4.16859e-06
3.31536e-06
4.08058e-06
4.96959e-06
4.63387e-06
4.53632e-06
2.26555e-06
2.81813e-06
2.54738e-06
2.622e-06
2.49027e-06
2.31331e-06
2.56282e-06
2.40431e-06
2.45286e-06
2.39396e-06
2.4845e-06
2.3639e-06
2.45191e-06
2.37227e-06
2.42314e-06
2.41153e-06
3.02125e-06
2.6054e-06
2.68181e-06
2.66444e-06
2.36193e-06
2.74224e-06
2.1117e-09
2.13731e-09
2.06386e-09
6.09091e-10
1.32361e-09
1.30761e-09
2.14168e-09
2.09768e-09
2.06333e-09
1.31209e-09
2.08582e-09
3.39662e-09
3.38702e-09
3.40856e-09
3.38635e-09
3.70354e-09
3.64234e-09
3.556e-09
3.58606e-09
3.55664e-09
3.54464e-09
2.96273e-09
2.88671e-09
3.6132e-09
2.90749e-09
3.49683e-09
3.51766e-09
2.82998e-09
3.42534e-09
2.84762e-09
3.48064e-09
2.86929e-09
3.45687e-09
9.33003e-10
8.83948e-10
2.28641e-09
1.96679e-09
2.29764e-09
9.28951e-10
8.88742e-10
8.00115e-10
8.59916e-10
8.85638e-10
9.35309e-10
2.33857e-09
1.98032e-09
8.88359e-10
2.30898e-09
9.46837e-10
8.91457e-10
9.739e-10
8.94854e-10
2.47865e-09
2.08031e-09
9.98073e-10
2.42662e-09
8.95439e-10
7.63601e-10
8.46013e-10
8.38346e-10
9.60647e-10
2.35699e-09
2.04527e-09
8.90556e-10
2.39101e-09
9.50986e-10
8.94236e-10
1.53111e-09
1.86223e-09
1.63524e-09
3.91837e-10
1.02797e-09
9.38566e-10
1.9302e-09
1.85184e-09
1.739e-09
4.5666e-10
1.09305e-09
1.11676e-09
2.02341e-09
2.05778e-09
1.9468e-09
1.89246e-09
2.03154e-09
1.90555e-09
2.16388e-09
2.20452e-09
2.12125e-09
6.45122e-10
1.37258e-09
1.35756e-09
2.21841e-09
2.1502e-09
2.12186e-09
6.1496e-10
1.35646e-09
1.32794e-09
2.0631e-09
2.1848e-09
2.06248e-09
2.14473e-09
2.21188e-09
2.09725e-09
3.28672e-07
1.70978e-07
2.01306e-06
1.44026e-06
2.59046e-06
2.56206e-06
1.87571e-06
2.27529e-06
2.68712e-06
2.72183e-06
2.8044e-06
2.784e-06
3.83034e-06
3.91598e-06
4.12689e-06
4.00707e-06
3.83911e-06
3.76543e-06
3.7031e-06
3.77314e-06
2.85124e-06
2.83483e-06
2.8181e-06
2.83634e-06
2.84906e-06
2.86353e-06
2.87251e-06
2.86032e-06
3.42788e-06
3.36468e-06
3.31436e-06
3.37739e-06
3.41358e-06
3.47712e-06
3.5254e-06
3.46141e-06
7.44107e-06
7.9498e-06
7.54725e-06
6.89294e-06
7.39488e-06
7.39989e-06
7.28884e-06
7.2917e-06
8.05872e-06
7.76281e-06
7.65439e-06
9.64749e-06
9.73742e-06
9.33302e-06
8.81749e-06
9.22848e-06
9.02654e-06
8.70588e-06
9.12767e-06
7.2005e-06
7.50252e-06
7.51072e-06
7.61181e-06
7.6243e-06
8.21428e-06
8.50623e-06
8.09844e-06
7.87278e-06
8.3914e-06
7.98473e-06
4.97858e-06
4.37321e-06
4.40668e-06
4.92019e-06
5.0762e-06
4.61549e-06
5.16628e-06
4.54371e-06
7.22369e-06
6.79983e-06
6.19378e-06
7.77415e-06
6.11663e-06
7.2485e-06
7.76708e-06
7.20729e-06
6.81432e-06
6.23106e-06
7.78754e-06
6.20273e-06
7.26685e-06
7.71683e-06
6.48213e-06
6.18399e-06
5.73831e-06
7.01979e-06
5.65511e-06
6.91745e-06
6.57692e-06
4.81763e-06
4.31484e-06
4.29009e-06
4.87087e-06
4.76552e-06
4.20685e-06
4.71656e-06
4.22633e-06
6.77183e-06
6.45667e-06
5.82119e-06
7.12433e-06
5.90295e-06
7.23103e-06
6.67354e-06
1.0339e-05
1.01791e-05
9.4419e-06
9.19268e-06
9.56722e-06
9.89062e-06
9.33231e-06
9.70228e-06
8.10309e-06
9.22153e-06
8.44288e-06
7.7139e-06
8.21399e-06
8.2481e-06
8.26688e-06
8.27804e-06
9.40628e-06
8.6783e-06
8.80969e-06
8.32921e-06
8.87117e-06
8.44416e-06
7.66033e-06
8.20687e-06
8.25318e-06
8.12474e-06
8.16283e-06
8.98859e-06
8.64638e-06
8.54387e-06
6.61493e-06
7.11619e-06
6.51951e-06
5.21181e-06
4.69485e-06
5.70844e-06
4.77086e-06
5.79797e-06
7.01302e-06
6.32564e-06
6.42304e-06
8.88747e-06
8.75493e-06
7.89484e-06
7.26492e-06
8.02065e-06
8.26919e-06
7.38043e-06
8.14552e-06
4.96317e-06
4.61804e-06
5.61831e-06
4.54062e-06
5.52769e-06
5.92957e-06
6.5899e-06
6.02931e-06
6.22746e-06
6.69692e-06
6.12865e-06
2.61165e-06
2.61139e-06
2.66249e-06
2.58843e-06
2.56791e-06
2.64707e-06
2.58955e-06
2.59826e-06
3.12886e-06
3.95797e-06
3.57381e-06
3.64105e-06
3.18865e-06
3.50475e-06
3.57415e-06
3.30951e-06
4.18369e-06
3.64324e-06
3.70832e-06
3.24887e-06
3.71301e-06
3.7759e-06
3.79742e-06
4.79381e-06
4.20251e-06
4.25651e-06
4.27105e-06
3.7373e-06
4.3259e-06
2.60751e-06
2.67603e-06
2.62257e-06
2.6325e-06
2.65131e-06
2.63107e-06
2.62415e-06
2.68724e-06
3.61552e-06
4.56432e-06
4.13329e-06
4.18719e-06
4.06359e-06
3.67661e-06
4.11808e-06
7.93543e-06
8.07369e-06
7.76822e-06
6.91443e-06
7.64105e-06
7.38556e-06
6.79677e-06
7.51345e-06
5.12802e-06
5.72228e-06
5.22786e-06
4.29706e-06
3.99407e-06
4.88835e-06
3.91657e-06
4.79721e-06
5.83092e-06
5.42819e-06
5.32794e-06
5.82953e-06
6.26582e-06
5.72928e-06
4.546e-06
4.07186e-06
4.97967e-06
4.1499e-06
5.07111e-06
6.15721e-06
5.52854e-06
5.62893e-06
7.33557e-06
7.62347e-06
7.23056e-06
6.40832e-06
6.67971e-06
6.69204e-06
6.77896e-06
6.78745e-06
7.51424e-06
7.0214e-06
7.12588e-06
8.61916e-06
8.48833e-06
7.64855e-06
7.36669e-06
7.77283e-06
8.01829e-06
7.4831e-06
7.89614e-06
6.13014e-06
6.58097e-06
6.59779e-06
6.48263e-06
6.50452e-06
6.60402e-06
7.07391e-06
6.70835e-06
6.91701e-06
7.1845e-06
6.81267e-06
4.12677e-06
3.75757e-06
3.74571e-06
4.16632e-06
4.08593e-06
3.68122e-06
4.04611e-06
3.69387e-06
5.17538e-06
4.83748e-06
4.50061e-06
5.58167e-06
4.42751e-06
5.25226e-06
5.49766e-06
5.40626e-06
5.08052e-06
4.57387e-06
5.66576e-06
4.64739e-06
5.32922e-06
5.74997e-06
6.04114e-06
5.74384e-06
5.17328e-06
6.35178e-06
5.25108e-06
6.44133e-06
5.95854e-06
4.2464e-06
3.80913e-06
3.82062e-06
4.20669e-06
4.28674e-06
3.88358e-06
4.32692e-06
3.87218e-06
5.79704e-06
5.49113e-06
5.09637e-06
6.26349e-06
5.0202e-06
6.17628e-06
5.87722e-06
7.67815e-06
7.81491e-06
7.52347e-06
7.01426e-06
7.3978e-06
7.14531e-06
6.89609e-06
7.2717e-06
5.77004e-06
6.18352e-06
5.87411e-06
5.40596e-06
5.80028e-06
5.86537e-06
5.70328e-06
5.77489e-06
6.29496e-06
6.08248e-06
5.97826e-06
6.49968e-06
6.74071e-06
6.39534e-06
5.6759e-06
5.89736e-06
5.95593e-06
5.99453e-06
6.04661e-06
6.62935e-06
6.18674e-06
6.29102e-06
2.66598e-06
2.69428e-06
2.72457e-06
2.69793e-06
2.66104e-06
2.63093e-06
2.59284e-06
2.62475e-06
2.96149e-06
3.02661e-06
3.09225e-06
3.02784e-06
2.95758e-06
2.8917e-06
2.81826e-06
2.88501e-06
5.50993e-06
5.64183e-06
5.51178e-06
5.13244e-06
5.38874e-06
5.14446e-06
5.01741e-06
5.26628e-06
3.97722e-06
4.25955e-06
4.40722e-06
4.16456e-06
4.31517e-06
4.53554e-06
4.43184e-06
4.33072e-06
4.83943e-06
4.96831e-06
4.73707e-06
4.24344e-06
4.35476e-06
4.49917e-06
4.45017e-06
4.59107e-06
4.85953e-06
4.53328e-06
4.63501e-06
4.78975e-06
4.43498e-06
3.99138e-06
4.99221e-06
4.06388e-06
4.71213e-06
5.07678e-06
3.56786e-06
3.24864e-06
3.27007e-06
3.52199e-06
3.61589e-06
3.34742e-06
3.66034e-06
3.32789e-06
4.55614e-06
4.19452e-06
3.91899e-06
4.90746e-06
3.84664e-06
4.63424e-06
4.82251e-06
6.44648e-06
6.31099e-06
5.63534e-06
5.48027e-06
5.75939e-06
6.00891e-06
5.59703e-06
5.8839e-06
5.66605e-06
5.84974e-06
5.56216e-06
4.95773e-06
5.12278e-06
5.23094e-06
5.21934e-06
5.32186e-06
5.73874e-06
5.35478e-06
5.45839e-06
4.94205e-06
5.2968e-06
5.0449e-06
4.68934e-06
5.02629e-06
5.13991e-06
4.92991e-06
5.04876e-06
5.40691e-06
5.25129e-06
5.14798e-06
3.92226e-06
3.5581e-06
3.34263e-06
4.22276e-06
3.27104e-06
4.13636e-06
4.00239e-06
3.42503e-06
3.18942e-06
3.16612e-06
3.47232e-06
3.37368e-06
3.08006e-06
3.32482e-06
3.10541e-06
4.16185e-06
3.79574e-06
3.41431e-06
4.30897e-06
3.48614e-06
4.39501e-06
4.08226e-06
3.77661e-09
3.57705e-09
3.41808e-09
3.87761e-09
3.79082e-09
3.86993e-09
3.56784e-09
6.63089e-09
5.3261e-09
6.10013e-09
6.70103e-09
6.13738e-09
7.05531e-09
5.85724e-09
3.814e-09
3.44943e-09
3.5885e-09
3.89092e-09
3.79767e-09
3.89917e-09
3.59918e-09
5.18115e-09
4.56623e-09
4.91735e-09
5.72853e-09
5.47609e-09
5.4088e-09
4.65936e-09
3.78194e-09
3.41749e-09
3.88593e-09
3.57818e-09
3.8749e-09
3.79337e-09
3.56809e-09
3.82163e-09
3.4574e-09
3.90017e-09
3.59092e-09
3.80537e-09
3.91567e-09
3.60599e-09
3.74879e-09
3.3884e-09
3.83985e-09
3.53641e-09
3.83964e-09
3.74675e-09
3.53745e-09
2.83601e-08
2.76668e-08
2.20817e-08
2.9698e-08
4.6878e-08
2.8822e-08
2.25679e-08
4.23877e-09
3.8178e-09
4.24712e-09
3.89216e-09
4.33786e-09
4.14772e-09
3.9659e-09
3.74996e-09
3.38875e-09
3.84078e-09
3.53712e-09
3.74964e-09
3.84203e-09
3.53821e-09
6.99519e-08
9.51424e-08
1.51524e-07
5.51083e-08
6.9539e-08
7.49767e-08
8.17261e-08
4.00788e-09
3.62204e-09
4.16589e-09
3.82715e-09
4.0703e-09
4.10447e-09
3.77466e-09
3.77851e-09
3.41455e-09
3.86729e-09
3.56413e-09
3.8641e-09
3.77748e-09
3.56354e-09
8.28339e-09
7.44887e-09
9.60682e-09
8.08927e-09
9.94432e-09
9.01562e-09
6.90739e-09
3.83035e-09
3.46785e-09
3.93594e-09
3.63647e-09
3.91957e-09
3.85459e-09
3.61846e-09
4.86739e-09
4.34122e-09
4.81311e-09
4.30229e-09
5.02194e-09
4.67754e-09
4.45337e-09
3.78033e-09
3.41475e-09
3.86959e-09
3.56375e-09
3.86875e-09
3.77934e-09
3.56386e-09
8.90089e-07
1.13013e-06
2.54545e-06
7.06498e-07
3.54417e-06
8.92671e-07
7.4393e-07
1.66429e-06
2.16544e-06
2.76284e-06
2.94817e-06
2.72276e-06
1.88851e-06
2.00499e-06
2.52087e-06
2.72285e-06
3.07492e-06
2.67014e-06
2.74852e-06
2.53786e-06
2.69444e-06
2.55596e-06
2.72751e-06
3.11838e-06
2.81711e-06
2.79652e-06
2.71272e-06
2.52861e-06
2.19301e-06
2.08945e-06
2.17306e-06
2.26058e-06
2.18296e-06
2.07551e-06
2.14513e-06
2.14577e-06
2.09281e-06
2.2203e-06
2.01132e-06
2.02357e-06
2.11975e-06
2.15608e-06
1.97946e-06
1.88218e-06
1.82087e-06
1.71716e-06
1.71253e-06
1.8597e-06
1.96986e-06
3.85304e-09
3.48296e-09
3.98368e-09
3.66858e-09
3.94556e-09
3.89302e-09
3.63403e-09
4.89808e-06
3.45918e-06
4.53679e-06
5.1903e-06
3.92026e-06
5.34575e-06
4.76154e-06
5.28472e-06
5.8195e-06
4.00431e-06
4.57155e-06
3.97006e-06
5.43171e-06
5.73779e-06
4.79462e-06
3.55204e-06
4.11763e-06
5.09596e-06
3.56947e-06
4.7503e-06
5.16034e-06
4.8645e-06
5.2966e-06
4.17641e-06
3.67154e-06
3.65436e-06
5.22896e-06
4.91171e-06
2.22128e-06
2.14115e-06
2.19946e-06
2.37928e-06
2.2309e-06
2.15687e-06
2.22846e-06
2.2696e-06
2.28572e-06
2.22581e-06
2.42124e-06
2.20836e-06
2.2605e-06
2.25579e-06
2.50759e-06
2.67264e-06
2.6454e-06
2.94253e-06
2.49551e-06
2.64607e-06
2.6166e-06
2.46151e-06
2.55756e-06
2.89604e-06
2.56911e-06
2.59511e-06
2.5886e-06
2.47097e-06
3.98723e-06
2.82235e-06
3.26461e-06
4.17509e-06
2.83574e-06
3.94909e-06
4.22977e-06
4.04728e-06
4.34078e-06
2.92148e-06
3.31397e-06
2.90856e-06
4.08473e-06
4.28643e-06
4.64167e-06
3.46836e-06
5.03076e-06
3.94292e-06
4.68324e-06
3.45222e-06
4.96961e-06
4.57701e-06
4.849e-06
3.88753e-06
3.35572e-06
3.37053e-06
4.90747e-06
4.53762e-06
3.84948e-06
2.75031e-06
3.11395e-06
4.11797e-06
2.7364e-06
3.88865e-06
4.06267e-06
3.78846e-06
3.94888e-06
3.06472e-06
2.65046e-06
2.66506e-06
4.00489e-06
3.74822e-06
3.20893e-06
3.41312e-06
2.51199e-06
2.23658e-06
2.21842e-06
3.3523e-06
3.25615e-06
3.75919e-09
3.3976e-09
3.85983e-09
3.55785e-09
3.77247e-09
3.84814e-09
3.5466e-09
1.47106e-08
1.66028e-08
1.93912e-08
1.1067e-08
1.37267e-08
1.41111e-08
1.38139e-08
4.35812e-09
3.90906e-09
4.61032e-09
4.17148e-09
4.49629e-09
4.46402e-09
4.06118e-09
3.76097e-09
3.39617e-09
3.86288e-09
3.55766e-09
3.77429e-09
3.84993e-09
3.54625e-09
1.45685e-07
1.67759e-07
1.61066e-06
4.03985e-07
3.61154e-07
5.70773e-07
1.64175e-07
2.29843e-06
2.9012e-06
2.63159e-06
3.23497e-06
2.57329e-06
2.38713e-06
2.88155e-06
2.18976e-06
2.32226e-06
2.82672e-06
3.20247e-06
1.93462e-06
2.50485e-06
2.88385e-06
2.95091e-06
2.68955e-06
3.52319e-06
4.14331e-06
2.52847e-06
3.17829e-06
4.13895e-06
3.56328e-06
4.36682e-06
3.0973e-06
3.78476e-06
3.03358e-06
3.61722e-06
4.36086e-06
3.48529e-06
2.80402e-06
3.75083e-06
4.26823e-06
2.95657e-06
3.34801e-06
4.32615e-06
3.5196e-06
4.01463e-06
3.56481e-06
3.04625e-06
3.08015e-06
4.07473e-06
3.47555e-06
3.56004e-06
3.13461e-06
3.61595e-06
4.18955e-06
3.1098e-06
3.59551e-06
4.13354e-06
2.50796e-06
2.88826e-06
2.68252e-06
3.24498e-06
2.42594e-06
2.71825e-06
2.90334e-06
2.50915e-06
2.73342e-06
2.85955e-06
3.22138e-06
2.55095e-06
2.73296e-06
2.87061e-06
3.65256e-06
4.35472e-06
3.13488e-06
3.77649e-06
3.64308e-06
3.15771e-06
4.32777e-06
3.64418e-06
3.15223e-06
4.24207e-06
3.74533e-06
3.62443e-06
3.16095e-06
4.28872e-06
2.57703e-06
2.99468e-06
2.37249e-06
2.58696e-06
2.33538e-06
2.62439e-06
2.93784e-06
2.53047e-06
2.26364e-06
2.53868e-06
2.82531e-06
2.29942e-06
2.48453e-06
2.88126e-06
2.07379e-06
1.88738e-06
1.99423e-06
2.06825e-06
2.01918e-06
2.08437e-06
1.89636e-06
2.11984e-06
2.06844e-06
1.95921e-06
2.10674e-06
2.10933e-06
2.04253e-06
1.94862e-06
2.35135e-06
2.60587e-06
2.12814e-06
2.35197e-06
2.16126e-06
2.30846e-06
2.6599e-06
2.39495e-06
2.22902e-06
2.76964e-06
2.39836e-06
2.43942e-06
2.19454e-06
2.71462e-06
2.06817e-06
1.97401e-06
2.04481e-06
2.3433e-06
1.94472e-06
2.1063e-06
2.29257e-06
2.0492e-06
1.83508e-06
1.97175e-06
1.96004e-06
2.03873e-06
1.94772e-06
1.82761e-06
2.00428e-06
1.90297e-06
1.76934e-06
1.92347e-06
2.01437e-06
1.92619e-06
1.77534e-06
2.2251e-06
2.55219e-06
2.09619e-06
2.21742e-06
2.26641e-06
2.06437e-06
2.4992e-06
2.18472e-06
2.00329e-06
2.39474e-06
2.17307e-06
2.14504e-06
2.03376e-06
2.44661e-06
3.96457e-09
3.58479e-09
4.02127e-09
3.70223e-09
3.9283e-09
4.05522e-09
3.73313e-09
5.28018e-06
3.91772e-06
4.52762e-06
5.64669e-06
3.90625e-06
5.7145e-06
5.22956e-06
5.35818e-06
5.83079e-06
3.98025e-06
4.53969e-06
5.43738e-06
3.94236e-06
5.76924e-06
6.37541e-06
4.88773e-06
5.07139e-06
5.71879e-06
5.87774e-06
5.54815e-06
6.2141e-06
6.72301e-06
6.29403e-06
5.05298e-06
5.61809e-06
6.23396e-06
5.64848e-06
6.77098e-06
6.67796e-06
5.58299e-06
5.08438e-06
6.12366e-06
5.62952e-06
6.19741e-06
6.59807e-06
6.73438e-06
6.30875e-06
5.10248e-06
5.67276e-06
5.65069e-06
6.2526e-06
6.78994e-06
5.98948e-06
5.01954e-06
4.61197e-06
5.50389e-06
5.57767e-06
5.09429e-06
5.90688e-06
6.07433e-06
5.73155e-06
4.67922e-06
5.24537e-06
5.65415e-06
5.16963e-06
6.16104e-06
5.10758e-06
3.85247e-06
4.4051e-06
5.58048e-06
3.84776e-06
5.16059e-06
5.5103e-06
5.03369e-06
5.36778e-06
3.75545e-06
4.35213e-06
4.98351e-06
3.76947e-06
5.43799e-06
6.42815e-06
5.52908e-06
4.94118e-06
6.05042e-06
5.46411e-06
6.51669e-06
5.97125e-06
6.33904e-06
5.811e-06
5.32044e-06
4.87964e-06
5.39416e-06
6.24939e-06
5.89098e-06
2.34974e-06
2.36851e-06
2.4052e-06
2.58857e-06
2.37377e-06
2.34142e-06
2.34746e-06
2.30068e-06
2.31397e-06
2.27708e-06
2.54492e-06
2.30933e-06
2.34477e-06
2.29634e-06
2.72093e-06
3.0521e-06
2.40965e-06
2.73258e-06
2.44798e-06
2.67232e-06
3.10976e-06
2.77003e-06
2.52577e-06
2.78255e-06
3.22641e-06
2.48633e-06
2.8198e-06
3.16799e-06
2.97152e-06
3.46408e-06
2.6868e-06
2.98466e-06
2.64568e-06
3.02286e-06
3.40422e-06
2.9206e-06
2.56511e-06
2.93307e-06
3.28538e-06
2.60549e-06
2.86994e-06
3.34454e-06
3.38051e-06
3.95343e-06
3.01029e-06
3.40661e-06
2.97184e-06
3.42898e-06
3.89201e-06
3.33084e-06
2.89204e-06
3.35246e-06
3.7687e-06
2.93267e-06
3.28019e-06
3.83023e-06
2.38248e-06
2.41955e-06
2.43476e-06
2.71732e-06
2.39064e-06
2.46665e-06
2.44243e-06
2.43133e-06
2.52819e-06
2.51805e-06
2.76267e-06
2.42293e-06
2.49636e-06
2.49347e-06
3.12599e-06
3.52446e-06
2.72753e-06
3.13991e-06
3.07433e-06
2.76907e-06
3.58499e-06
3.17755e-06
2.85148e-06
3.70714e-06
3.19306e-06
3.22908e-06
2.81002e-06
3.64602e-06
4.24142e-06
3.09541e-06
3.51605e-06
4.56243e-06
3.08275e-06
4.50792e-06
4.27824e-06
4.18147e-06
4.3972e-06
2.99525e-06
3.46594e-06
4.14458e-06
3.00792e-06
4.45142e-06
4.81408e-06
3.92911e-06
3.63374e-06
4.46203e-06
4.52452e-06
3.99445e-06
4.74419e-06
4.88399e-06
4.64978e-06
3.69119e-06
4.12537e-06
4.58757e-06
4.05977e-06
4.95372e-06
5.16361e-06
4.38991e-06
3.92422e-06
4.90066e-06
4.32323e-06
4.83805e-06
5.23395e-06
5.09344e-06
4.71271e-06
3.86596e-06
4.19103e-06
4.25706e-06
4.77494e-06
5.02359e-06
5.74765e-06
4.94591e-06
5.43116e-06
4.41355e-06
5.36102e-06
5.82623e-06
4.8732e-06
5.67065e-06
5.22448e-06
4.34992e-06
4.73106e-06
5.29164e-06
4.80169e-06
5.59535e-06
4.37569e-06
3.17161e-06
3.67187e-06
4.61946e-06
3.18462e-06
4.33862e-06
4.67466e-06
4.437e-06
4.78925e-06
3.27608e-06
3.72389e-06
4.47494e-06
3.26239e-06
4.73273e-06
5.37613e-06
4.45687e-06
4.10297e-06
4.96441e-06
4.52448e-06
5.30482e-06
5.02788e-06
5.44829e-06
5.15773e-06
4.66147e-06
4.16316e-06
4.59255e-06
5.5212e-06
5.09279e-06
4.60377e-06
3.864e-06
3.46049e-06
4.39863e-06
4.33567e-06
3.79883e-06
4.67402e-06
4.53316e-06
4.20809e-06
3.40327e-06
3.66877e-06
4.27169e-06
3.73384e-06
4.46239e-06
3.58227e-06
2.4782e-06
2.86463e-06
3.71607e-06
2.49424e-06
3.77385e-06
3.53943e-06
3.64487e-06
3.89028e-06
2.57971e-06
2.91404e-06
3.68645e-06
2.56445e-06
3.83338e-06
4.24806e-06
3.40906e-06
3.17307e-06
3.94854e-06
3.474e-06
4.01369e-06
4.17605e-06
4.31985e-06
4.14345e-06
3.60386e-06
3.23032e-06
3.53886e-06
4.39121e-06
4.07912e-06
3.73658e-06
3.61458e-06
2.76971e-06
3.08542e-06
3.5469e-06
3.02078e-06
3.81064e-06
3.43162e-06
2.40855e-06
2.71342e-06
3.65561e-06
2.39182e-06
3.47593e-06
3.5968e-06
3.36723e-06
3.47559e-06
2.30521e-06
2.66379e-06
3.32153e-06
2.3227e-06
3.53536e-06
4.03091e-06
3.34429e-06
3.00004e-06
3.88234e-06
3.27943e-06
4.10359e-06
3.81636e-06
3.95779e-06
3.68248e-06
3.15e-06
2.94276e-06
3.21474e-06
3.88444e-06
3.74931e-06
)
;

boundaryField
{
    left
    {
        type            calculated;
        value           nonuniform List<scalar> 
670
(
3.3319e-09
5.12706e-09
4.01444e-09
5.26654e-09
3.9981e-09
6.5275e-09
3.33983e-09
4.69421e-09
3.33091e-09
1.1609e-06
4.0278e-09
4.00116e-09
3.34134e-09
3.19278e-06
3.29048e-09
3.82951e-10
3.70508e-10
4.42839e-08
5.87793e-09
1.12958e-09
4.29759e-09
3.96708e-09
3.70754e-10
8.80747e-10
3.94075e-10
3.61046e-09
3.81517e-10
3.81396e-10
3.29111e-09
8.66806e-10
8.8218e-10
8.40733e-10
8.68813e-10
3.67208e-06
1.34106e-08
8.06427e-08
1.28683e-08
4.15885e-06
6.83173e-10
5.51027e-09
4.19579e-09
3.96779e-09
8.29989e-10
7.32683e-10
5.95208e-10
8.58819e-10
7.99058e-10
3.5666e-09
3.70355e-10
3.71432e-10
6.50264e-06
5.37142e-06
3.31617e-09
2.81146e-09
2.831e-09
9.87864e-09
4.84864e-09
3.69797e-09
4.03711e-09
4.72271e-09
3.98301e-09
2.83833e-09
2.8709e-09
3.38934e-09
3.54625e-09
3.25278e-09
3.96829e-09
2.82606e-09
2.80482e-09
3.31466e-09
1.77981e-06
2.57257e-07
1.44065e-06
6.39907e-06
4.06651e-09
3.98386e-09
3.41828e-09
2.887e-09
2.83512e-09
1.03641e-05
3.63463e-06
2.79597e-09
2.80631e-09
3.31213e-09
3.8171e-10
2.89712e-09
2.88919e-09
2.9118e-09
2.90117e-09
3.82959e-10
1.22236e-08
5.67716e-09
1.38934e-08
1.77297e-09
4.0549e-09
5.43565e-09
3.35815e-09
3.79528e-09
1.56121e-09
4.45843e-09
3.97311e-09
3.70866e-10
2.94221e-09
2.91738e-09
2.94988e-09
3.70778e-10
2.8814e-09
5.72283e-10
3.1789e-09
3.3056e-09
3.05665e-09
3.15029e-09
4.79011e-10
3.88199e-09
3.19569e-09
3.03582e-09
3.83613e-10
2.89988e-09
2.91501e-09
2.88933e-09
2.89854e-09
3.9006e-10
3.30989e-09
2.80329e-09
2.79555e-09
8.81007e-10
2.26456e-09
2.27906e-09
2.27962e-09
2.2871e-09
8.69451e-10
8.51627e-10
2.22113e-09
2.21934e-09
2.24715e-09
2.24086e-09
8.54066e-10
4.21563e-07
2.52109e-07
2.58661e-06
8.47147e-09
8.74613e-08
1.1511e-07
7.18334e-07
1.64639e-07
1.90769e-08
1.297e-07
1.82316e-08
2.02401e-09
6.68196e-06
8.26648e-08
4.70027e-07
9.2788e-10
1.38468e-09
1.71574e-09
1.44495e-09
1.62829e-09
1.15545e-09
4.1203e-09
3.97269e-09
8.02978e-10
2.16383e-09
2.20092e-09
2.17811e-09
8.15579e-10
6.75937e-10
2.04459e-09
2.20367e-09
1.85564e-09
2.11884e-09
6.23102e-10
8.61665e-10
2.25802e-09
2.30325e-09
2.22265e-09
2.30687e-09
8.27731e-10
3.00102e-09
2.90656e-09
3.44384e-09
3.68633e-10
2.97541e-09
3.03517e-09
2.92146e-09
2.96154e-09
3.75988e-10
9.4908e-06
4.05333e-06
1.38512e-05
1.56882e-05
3.95109e-10
2.01401e-09
1.98584e-09
1.94886e-09
1.98841e-09
3.88088e-10
3.34466e-09
2.80534e-09
5.27345e-09
1.14333e-09
1.0356e-09
1.23712e-09
3.85257e-10
1.97321e-09
1.94802e-09
8.00573e-10
1.44617e-09
1.29028e-09
1.83999e-09
1.84057e-09
4.15972e-10
3.92116e-10
2.02251e-09
1.99003e-09
1.98513e-09
2.02573e-09
4.00249e-10
8.54715e-10
1.7886e-09
1.82064e-09
1.83507e-09
1.78827e-09
8.47619e-10
8.19546e-10
1.74695e-09
1.78714e-09
1.81827e-09
1.77385e-09
8.40623e-10
2.70673e-06
2.44824e-06
3.41667e-06
1.09868e-08
1.95427e-08
2.4949e-08
2.53719e-08
1.98493e-08
9.19268e-09
4.92121e-06
2.63971e-06
3.05769e-06
7.18825e-10
9.89945e-10
1.0893e-09
4.17242e-09
2.20444e-09
2.91249e-09
1.7726e-09
1.73093e-09
8.04642e-10
7.22681e-10
1.63298e-09
1.67263e-09
1.24999e-09
1.29965e-09
5.82179e-10
8.56562e-10
1.79373e-09
1.81638e-09
1.74044e-09
1.71113e-09
7.73452e-10
3.80985e-10
1.93036e-09
1.87921e-09
1.97902e-09
2.01361e-09
3.91577e-10
9.79758e-06
7.71172e-06
4.83954e-06
7.54413e-06
8.27495e-06
2.81517e-09
3.32926e-09
3.32666e-09
3.34255e-09
3.33311e-09
2.82208e-09
4.2874e-09
5.38211e-09
6.3774e-09
4.44308e-09
4.8025e-09
3.93825e-09
2.84727e-09
3.36279e-09
3.35062e-09
3.39246e-09
3.37626e-09
2.85821e-09
3.42315e-09
4.06762e-09
4.22364e-09
3.85969e-09
3.95598e-09
3.33454e-09
2.81511e-09
3.33229e-09
3.34202e-09
3.32482e-09
3.32921e-09
2.81131e-09
3.69894e-07
4.95616e-07
4.61504e-07
1.01474e-05
3.77918e-06
2.8629e-09
3.38799e-09
3.4164e-09
3.35228e-09
3.36662e-09
2.8479e-09
1.12321e-05
5.88167e-06
4.50733e-06
2.79678e-09
3.30689e-09
3.30511e-09
3.32129e-09
3.31357e-09
2.80118e-09
1.98038e-09
2.02481e-09
3.99608e-10
2.89722e-09
2.7222e-09
2.71508e-09
2.71191e-09
2.71954e-09
2.89329e-09
2.90978e-09
2.71998e-09
2.71217e-09
2.71665e-09
2.723e-09
2.90659e-09
3.97043e-10
2.01603e-09
1.98104e-09
8.80265e-09
1.46088e-08
2.17357e-08
7.9296e-09
1.06795e-08
6.98714e-09
9.70107e-10
1.46314e-09
2.09707e-09
4.47856e-09
2.52857e-09
2.49344e-09
3.68815e-09
2.75244e-09
4.94722e-09
3.45414e-09
2.58005e-09
2.60928e-09
2.53678e-09
2.54124e-09
3.57422e-09
1.46809e-09
8.90693e-10
8.2126e-10
1.93208e-09
1.97682e-09
3.86356e-10
2.93621e-09
2.72733e-09
2.72325e-09
2.71371e-09
2.72281e-09
2.92709e-09
2.7258e-09
1.92912e-09
1.63735e-09
1.60003e-09
6.22107e-10
3.22068e-09
2.72065e-09
2.73237e-09
2.65434e-09
2.68783e-09
3.25609e-09
3.08853e-09
2.75779e-09
2.75207e-09
2.74578e-09
2.75211e-09
3.11595e-09
4.70786e-10
1.77329e-09
1.70139e-09
3.13214e-09
3.70859e-09
3.78438e-09
3.58982e-09
3.6471e-09
3.08426e-09
2.00042e-09
2.04309e-09
4.04185e-10
2.90876e-09
2.73609e-09
2.72538e-09
2.72898e-09
2.73442e-09
2.9107e-09
2.89381e-09
2.72384e-09
2.7131e-09
2.72464e-09
2.72816e-09
2.8961e-09
4.02583e-10
2.04007e-09
2.00529e-09
2.79637e-09
3.31271e-09
3.32169e-09
3.30595e-09
3.3073e-09
2.79528e-09
1.84177e-09
1.79737e-09
8.53896e-10
2.20807e-09
2.41842e-09
2.47855e-09
2.47119e-09
2.39827e-09
2.17352e-09
2.21069e-09
2.41404e-09
2.47509e-09
2.48174e-09
2.4277e-09
2.21511e-09
8.71274e-10
1.81452e-09
1.83315e-09
1.80556e-09
1.77053e-09
8.32994e-10
2.16244e-09
2.38444e-09
2.4422e-09
2.42929e-09
2.36082e-09
2.13359e-09
2.16255e-09
2.38867e-09
2.4581e-09
2.45272e-09
2.39763e-09
2.17795e-09
8.47718e-10
1.78531e-09
1.81094e-09
2.97032e-07
1.08154e-06
1.29277e-06
6.72035e-07
8.13806e-07
2.42885e-07
1.65685e-08
1.14124e-08
6.69497e-09
6.55071e-08
3.52746e-08
4.84503e-08
6.24294e-08
4.53477e-08
8.00604e-08
8.38718e-08
1.36824e-07
2.76998e-07
3.44626e-08
6.97293e-08
3.84455e-08
1.13095e-07
4.80464e-08
6.55931e-08
6.79897e-09
2.17017e-08
6.86071e-08
4.52044e-09
9.83833e-09
2.6174e-09
1.63572e-06
2.95739e-06
5.69649e-06
1.5124e-07
9.46148e-07
6.04367e-07
1.31181e-06
1.16109e-06
3.23795e-07
9.50912e-10
9.23647e-10
8.70761e-10
1.4797e-09
1.51431e-09
1.46455e-09
1.74862e-09
1.54798e-09
1.4514e-09
1.49817e-09
1.78649e-09
2.43634e-09
1.57573e-09
1.49478e-09
1.41271e-09
1.57462e-09
1.35373e-09
1.06534e-09
1.74736e-09
2.38598e-09
2.1089e-09
2.34171e-09
2.41539e-09
2.40323e-09
2.34495e-09
2.12254e-09
8.01143e-10
1.73015e-09
1.76592e-09
1.57916e-09
1.56221e-09
6.60082e-10
2.04814e-09
2.20982e-09
2.21523e-09
2.34481e-09
2.2446e-09
2.05362e-09
1.95995e-09
1.98022e-09
1.89393e-09
2.20054e-09
2.06942e-09
1.98764e-09
6.07358e-10
1.43709e-09
1.50604e-09
1.82218e-09
1.77978e-09
8.32214e-10
2.22044e-09
2.41161e-09
2.45852e-09
2.47473e-09
2.4033e-09
2.18304e-09
2.20008e-09
2.35841e-09
2.38437e-09
2.46049e-09
2.39843e-09
2.22577e-09
8.32751e-10
1.77539e-09
1.79495e-09
2.96286e-09
3.50165e-09
3.54413e-09
3.44128e-09
3.47043e-09
2.93485e-09
1.95795e-09
1.9868e-09
3.86329e-10
2.99769e-09
2.76308e-09
2.75209e-09
2.75443e-09
2.75999e-09
3.01448e-09
2.93488e-09
2.7426e-09
2.73022e-09
2.74888e-09
2.7481e-09
2.94665e-09
3.86729e-10
2.01116e-09
1.97431e-09
8.58034e-06
3.31797e-09
3.67231e-09
3.68473e-09
6.02893e-09
5.72552e-09
5.17484e-09
3.69268e-09
3.70671e-09
3.35029e-09
4.83774e-09
4.61276e-09
4.31495e-09
3.68566e-09
3.67511e-09
3.31627e-09
3.35615e-09
3.71222e-09
3.69735e-09
3.64287e-09
3.64448e-09
3.28957e-09
3.30486e-08
2.09181e-08
2.9763e-08
3.68872e-09
4.04609e-09
3.97803e-09
3.2891e-09
3.64523e-09
3.64484e-09
1.32536e-07
1.01719e-07
5.11304e-08
3.92079e-09
3.87096e-09
3.50679e-09
3.67029e-09
3.67147e-09
3.31531e-09
8.22711e-09
6.63469e-09
7.4666e-09
3.36607e-09
3.72304e-09
3.74438e-09
4.15363e-09
4.4535e-09
4.32683e-09
3.31401e-09
3.67236e-09
3.67114e-09
1.42548e-06
4.19817e-07
5.67383e-07
3.77397e-09
3.73965e-09
3.37876e-09
3.1165e-06
5.11899e-06
5.73218e-06
3.29771e-09
3.65349e-09
3.66515e-09
1.97257e-08
1.52971e-08
1.06259e-08
4.22329e-09
4.12607e-09
3.75479e-09
3.66599e-09
3.65423e-09
3.29577e-09
4.05033e-07
2.07036e-07
2.84209e-07
3.47639e-09
3.83483e-09
3.80456e-09
6.40032e-06
6.96092e-06
4.48371e-06
)
;
    }
    bottom
    {
        type            calculated;
        value           nonuniform List<scalar> 0();
    }
    interface
    {
        type            calculated;
        value           nonuniform List<scalar> 
2110
(
1.44502e-10
1.1294e-10
1.20087e-09
2.56986e-09
1.51786e-10
9.08491e-10
3.3913e-10
3.61668e-10
4.0026e-10
1.09454e-10
1.16873e-10
4.11669e-10
3.95558e-10
6.7712e-10
2.4924e-09
4.37105e-09
4.88663e-09
3.46979e-10
1.39247e-10
2.32853e-10
3.79091e-10
1.6692e-10
3.74285e-10
2.79554e-10
7.89863e-06
8.20074e-06
5.06737e-06
9.06106e-06
4.59173e-06
5.9595e-06
5.61126e-06
8.36592e-06
8.69718e-06
1.00568e-05
9.85698e-06
7.79325e-06
7.4656e-06
6.07616e-06
6.42712e-06
8.25377e-06
7.91108e-06
6.48881e-06
6.84712e-06
4.95713e-06
6.36951e-06
6.01247e-06
1.32711e-10
1.33709e-10
1.52568e-09
1.64309e-09
1.83252e-10
1.96336e-10
6.1008e-10
4.6173e-10
3.73977e-10
2.19299e-09
3.7551e-10
1.25293e-10
1.09313e-10
3.90344e-10
2.23783e-09
4.10038e-10
2.23234e-09
7.21157e-06
7.49778e-06
8.57483e-06
8.29662e-06
7.8476e-06
7.58895e-06
9.71459e-10
1.33244e-09
1.07281e-09
1.52214e-09
3.52105e-08
7.29301e-08
8.66668e-06
8.94643e-06
8.15155e-08
8.14979e-06
7.92803e-06
8.09872e-06
8.18651e-08
1.51609e-08
5.03925e-06
4.7026e-06
4.1574e-06
4.56654e-06
4.25863e-06
5.15266e-06
5.49594e-06
5.41195e-06
5.09146e-06
4.67045e-06
4.98548e-06
3.19574e-10
2.15031e-09
3.01533e-10
1.44541e-10
1.96857e-10
1.77591e-09
9.15114e-11
5.96248e-11
2.1508e-09
2.00516e-09
3.72301e-10
3.16823e-10
2.2554e-09
7.9702e-06
8.30111e-06
9.14982e-06
8.80704e-06
8.7641e-06
8.41316e-06
9.2736e-06
9.72788e-06
9.28283e-06
9.33816e-06
8.88693e-06
9.27006e-06
7.11239e-06
6.80576e-06
7.01009e-06
7.3533e-06
6.38246e-06
6.70118e-06
6.89418e-06
6.54415e-06
5.51945e-06
5.84324e-06
6.2751e-06
5.95135e-06
7.86038e-06
7.52986e-06
7.44242e-06
7.79498e-06
7.08524e-06
7.41912e-06
7.32386e-06
6.96652e-06
6.18945e-06
6.52553e-06
6.9735e-06
6.6376e-06
5.42246e-06
5.07282e-06
4.74942e-06
5.1879e-06
4.85854e-06
5.5398e-06
5.89388e-06
6.07754e-06
5.7425e-06
5.29832e-06
5.63113e-06
1.24575e-05
9.35456e-06
1.2492e-05
9.29474e-06
7.29137e-06
9.23756e-06
7.23798e-06
2.48929e-09
1.43742e-10
1.21859e-10
2.53016e-09
1.8126e-09
1.24285e-09
1.74531e-09
3.73272e-09
2.49456e-09
1.62621e-10
1.91151e-09
8.57206e-10
2.40168e-09
3.16469e-10
1.38799e-09
3.42991e-10
3.72274e-10
1.42189e-09
2.5334e-09
1.25234e-10
2.5266e-09
1.08696e-10
1.43717e-09
3.73292e-10
1.4226e-09
3.91205e-10
5.98662e-06
4.9726e-06
5.33636e-06
6.5086e-06
5.16705e-10
7.41916e-10
1.2862e-09
2.19657e-09
3.282e-06
3.86497e-06
4.13428e-06
4.76857e-06
4.17985e-06
4.73412e-06
5.62644e-09
1.35747e-08
4.00848e-06
4.46427e-06
4.52617e-06
3.95509e-06
4.19211e-06
4.77069e-06
4.75693e-06
4.19448e-06
1.01635e-05
4.50225e-06
5.34598e-06
6.55712e-06
5.32338e-06
4.54731e-09
1.42055e-08
6.0601e-06
3.08791e-06
3.76065e-06
3.0185e-06
2.8831e-06
3.29574e-06
3.22885e-06
2.94034e-06
2.60761e-06
2.84239e-06
2.90485e-06
2.55485e-06
6.19526e-06
4.46091e-06
3.67141e-06
3.1582e-06
3.84619e-06
3.22928e-06
2.45192e-06
2.78073e-06
2.72001e-06
2.50293e-06
1.3712e-09
3.22066e-10
2.52121e-09
1.17541e-10
2.43017e-09
2.48741e-10
7.35577e-10
3.38737e-10
1.71091e-10
1.24096e-09
1.4122e-09
3.84799e-10
2.46831e-10
1.32403e-09
7.15764e-06
7.11691e-06
7.2201e-06
1.00323e-05
7.89253e-06
7.91572e-06
7.77532e-06
6.97408e-06
7.4638e-06
7.50846e-06
6.91997e-06
7.17873e-06
7.56788e-06
7.08916e-06
7.66809e-06
6.41725e-06
6.739e-06
6.83651e-06
6.32675e-06
6.89965e-06
7.46664e-06
7.35848e-06
6.9983e-06
7.86067e-06
7.9682e-06
8.00455e-06
8.02365e-06
5.90074e-06
4.90117e-06
4.82787e-06
8.39155e-06
4.36773e-06
5.27606e-06
4.44568e-06
3.05683e-06
3.36328e-06
2.99829e-06
3.43137e-06
3.35669e-06
3.84833e-06
3.41764e-06
3.7782e-06
3.84148e-06
4.3999e-06
3.89916e-06
4.33374e-06
3.53999e-06
3.91855e-06
3.98874e-06
3.4788e-06
8.25562e-06
4.5506e-06
3.74734e-06
3.82377e-06
4.28965e-06
5.18519e-06
7.0552e-06
7.01605e-06
6.35186e-06
6.35911e-06
6.44396e-06
5.12368e-06
5.34613e-06
5.43031e-06
5.04659e-06
5.50936e-06
5.93654e-06
5.58707e-06
5.85169e-06
6.15228e-06
6.64382e-06
6.23847e-06
6.55074e-06
5.7439e-06
6.02181e-06
6.10758e-06
5.66521e-06
5.57903e-06
5.62443e-06
6.26021e-06
6.26116e-06
6.16895e-06
4.80323e-06
4.70701e-06
4.71133e-06
4.89197e-06
5.26185e-06
4.96935e-06
5.17744e-06
4.50172e-06
4.66732e-06
4.75281e-06
4.42293e-06
5.48187e-06
5.53369e-06
5.44286e-06
4.895e-06
4.80353e-06
4.26451e-06
4.58164e-06
4.49574e-06
4.34384e-06
3.18387e-09
2.66067e-09
3.19862e-09
2.64876e-09
5.61599e-09
4.24535e-09
5.15707e-09
4.6549e-09
3.21918e-09
2.66697e-09
3.20255e-09
2.67704e-09
6.08843e-09
4.39459e-09
3.92288e-09
4.67714e-09
3.66548e-09
3.17737e-09
2.65145e-09
3.1936e-09
2.63168e-09
8.62836e-06
8.00174e-06
9.73376e-06
8.10245e-06
8.94249e-06
1.35381e-06
2.64756e-06
2.67642e-06
1.00043e-05
8.91273e-06
9.89145e-06
9.05063e-06
5.04416e-06
4.48152e-06
2.528e-06
6.74055e-06
6.53628e-06
5.8431e-06
6.15732e-06
5.72699e-06
2.3501e-06
3.4853e-09
3.5661e-09
3.22003e-09
2.65792e-09
3.20318e-09
2.67676e-09
8.82842e-06
8.47705e-06
8.58736e-06
9.15648e-06
4.57241e-06
4.87852e-06
4.97363e-06
4.61005e-06
4.56469e-06
4.65449e-06
1.0637e-05
1.09846e-05
1.01167e-05
1.0307e-05
1.01777e-05
8.51697e-06
7.6858e-06
8.92165e-06
7.57651e-06
8.16715e-06
2.53446e-06
2.68623e-06
2.65173e-06
6.66312e-06
6.19303e-06
7.0443e-06
6.31004e-06
8.71393e-06
8.14057e-06
8.0263e-06
8.35735e-06
3.95025e-06
3.90796e-06
3.99174e-06
4.47901e-06
6.83951e-06
6.60821e-06
7.22371e-06
6.72767e-06
5.20059e-06
4.84191e-06
3.8221e-06
6.68824e-06
6.71158e-06
6.25033e-06
6.32891e-06
6.1313e-06
2.50255e-09
2.48895e-09
1.27651e-10
2.53488e-09
2.08201e-10
2.47506e-09
2.47807e-09
3.15523e-09
2.61856e-09
2.61777e-09
3.15404e-09
1.15072e-10
2.53034e-09
2.45995e-09
2.45744e-09
2.4675e-09
2.32556e-10
2.46401e-09
1.65743e-09
3.93501e-09
4.26402e-09
1.41526e-09
1.50128e-09
1.54422e-09
1.95222e-09
5.16164e-09
4.67411e-09
2.29762e-09
1.61178e-08
1.35764e-08
9.8507e-09
2.15175e-08
1.5824e-09
1.70842e-09
7.94812e-09
6.89162e-09
5.69935e-09
6.47716e-09
2.50997e-09
2.51629e-09
2.76219e-10
1.68382e-10
2.48325e-09
2.5794e-10
2.54425e-09
2.52962e-09
2.48523e-09
2.55195e-09
3.00674e-10
3.86134e-09
3.87502e-09
4.11165e-09
3.59339e-09
2.92045e-09
3.00603e-09
3.50347e-09
3.66922e-09
3.44537e-09
6.06254e-10
2.23469e-09
3.11137e-09
3.26788e-09
2.75389e-09
2.83059e-09
4.43196e-10
4.5804e-10
2.27797e-09
5.43529e-10
3.01362e-09
2.9024e-09
2.33599e-09
2.12025e-09
3.62204e-10
1.40713e-09
2.14433e-09
2.34977e-09
3.81819e-10
1.41208e-09
2.36331e-09
2.14747e-09
2.35909e-09
2.15944e-09
3.15433e-09
2.61632e-09
3.15473e-09
2.61575e-09
2.05154e-10
2.49062e-09
2.47038e-09
2.46631e-10
1.00766e-10
2.55023e-09
2.45749e-09
2.47196e-09
2.16221e-10
1.99214e-10
2.45801e-09
2.30747e-10
2.45519e-09
1.11501e-10
2.55738e-09
1.82817e-10
2.46285e-09
2.4498e-09
2.19001e-10
2.37575e-09
2.18744e-09
4.08515e-10
1.4327e-09
2.38282e-09
2.37367e-09
2.15828e-09
3.86984e-10
1.44521e-09
2.38434e-09
6.6085e-06
7.30898e-06
5.16894e-06
6.23361e-06
7.40442e-06
6.87781e-06
9.82953e-06
9.31881e-06
8.48297e-06
9.04004e-06
8.39059e-06
5.22502e-06
6.3106e-06
5.2733e-06
7.1964e-06
7.76439e-06
6.96316e-06
7.67782e-06
1.58766e-09
9.66784e-10
2.78629e-10
1.41098e-09
1.29079e-09
1.05488e-09
3.19872e-10
1.9584e-09
1.37517e-09
1.35271e-09
5.31701e-08
1.58932e-08
2.96257e-08
3.10981e-08
2.28441e-06
2.06691e-06
3.48571e-06
4.4099e-06
3.73241e-06
4.06347e-06
5.40719e-07
4.48246e-08
4.06081e-06
4.54126e-06
3.92263e-06
4.67859e-06
7.11127e-09
6.58388e-09
2.00172e-08
1.79844e-08
5.41163e-08
1.87185e-08
1.32107e-07
3.77888e-08
7.06355e-08
4.0585e-06
4.63895e-06
4.58485e-06
4.10373e-06
2.55817e-06
2.45722e-06
2.57323e-06
4.17287e-06
4.68724e-06
4.72715e-06
4.14275e-06
1.0488e-05
9.41106e-06
8.75998e-06
9.75109e-06
8.85606e-06
7.76498e-06
5.07654e-06
6.51442e-06
4.68663e-06
5.89901e-07
1.25296e-07
7.99138e-06
7.33621e-06
8.75256e-08
1.17417e-07
7.26274e-06
7.99976e-06
5.15863e-06
6.55235e-06
8.06804e-06
7.34489e-06
3.48065e-09
2.37142e-08
6.39051e-08
3.17e-08
5.53351e-06
4.92642e-06
5.16553e-06
4.81418e-06
2.81573e-06
3.42548e-06
4.0569e-06
3.7918e-06
4.16518e-06
4.46325e-06
2.88237e-06
3.50815e-06
2.94998e-06
4.36062e-06
3.88407e-06
2.8265e-06
3.097e-06
2.7706e-06
3.16256e-06
2.43477e-06
2.44656e-06
2.66116e-06
3.03219e-06
2.71551e-06
2.96811e-06
6.6036e-06
5.65733e-06
5.26659e-06
6.03168e-06
5.38102e-06
4.94029e-06
5.30476e-06
3.44721e-06
4.19435e-06
3.52127e-06
5.19792e-06
4.64594e-06
4.2602e-06
4.77495e-06
3.37383e-06
4.10647e-06
4.87996e-06
4.54873e-06
2.25669e-06
2.54325e-06
2.48621e-06
2.30415e-06
2.4162e-06
2.40178e-06
2.6012e-06
2.66017e-06
2.35248e-06
2.32166e-09
2.09698e-09
3.14722e-10
1.36248e-09
2.313e-09
1.3409e-09
2.29299e-09
3.59476e-09
3.62415e-09
3.38197e-09
2.88016e-09
3.44482e-09
2.81698e-09
2.49551e-09
2.51136e-09
2.4981e-10
1.50445e-10
2.52907e-09
2.55648e-09
2.52132e-09
2.80891e-10
2.70977e-09
2.64965e-09
1.55043e-10
2.51542e-09
2.57219e-09
2.61568e-09
1.73995e-09
1.09697e-10
1.039e-09
2.06799e-09
4.52049e-11
1.13601e-09
2.22818e-09
2.0283e-09
2.10097e-09
2.37012e-09
2.16489e-09
3.44155e-10
1.41788e-09
2.19175e-09
2.35812e-09
3.42247e-10
1.38088e-09
2.27363e-09
2.16262e-09
2.34937e-09
2.18937e-09
7.56589e-06
8.08006e-06
7.4735e-06
7.43451e-06
8.19024e-06
7.89132e-06
9.57383e-06
9.03133e-06
9.26096e-06
8.91814e-06
7.58211e-06
7.54581e-06
7.65999e-06
8.34953e-06
8.64367e-06
8.00271e-06
8.5272e-06
5.01368e-06
7.26082e-06
7.79669e-06
7.2782e-06
7.79256e-06
7.24027e-06
7.81309e-06
7.30071e-06
7.74036e-06
6.5101e-06
7.03913e-06
6.93651e-06
6.60528e-06
4.85086e-06
4.90439e-06
6.80122e-06
7.144e-06
7.25115e-06
6.70233e-06
9.68466e-06
9.411e-06
1.0143e-05
9.55123e-06
8.53687e-06
9.3629e-06
8.30398e-06
8.29151e-06
8.31532e-06
9.5496e-06
8.82559e-06
8.46661e-06
9.01571e-06
8.3006e-06
8.29719e-06
9.1363e-06
8.79588e-06
6.51536e-06
7.01156e-06
4.67727e-06
5.63665e-06
4.7531e-06
6.90931e-06
6.22869e-06
7.67604e-06
7.12535e-06
8.04642e-06
7.23981e-06
4.60063e-06
5.54715e-06
5.83552e-06
6.48937e-06
6.13131e-06
6.59564e-06
2.62114e-06
2.59811e-06
2.57802e-06
3.1159e-06
3.56901e-06
3.17549e-06
3.49996e-06
3.29597e-06
3.63843e-06
3.23552e-06
3.7082e-06
3.78246e-06
4.19766e-06
4.26618e-06
3.72253e-06
2.61674e-06
3.6011e-06
4.12845e-06
4.05876e-06
3.66201e-06
7.84392e-06
7.55061e-06
6.7778e-06
7.17129e-06
6.66109e-06
5.03916e-06
5.62722e-06
3.97798e-06
4.82158e-06
3.90066e-06
5.73517e-06
5.33737e-06
5.73614e-06
6.16738e-06
4.0556e-06
4.91236e-06
6.05945e-06
5.43707e-06
7.45935e-06
7.75046e-06
6.75364e-06
6.72456e-06
7.64029e-06
7.14246e-06
7.86056e-06
7.56053e-06
8.23497e-06
7.67809e-06
6.65444e-06
6.63012e-06
6.7222e-06
7.19678e-06
7.03729e-06
7.30809e-06
4.15454e-06
5.20072e-06
5.59861e-06
5.27773e-06
5.51447e-06
5.43196e-06
5.68283e-06
5.3548e-06
5.76715e-06
6.06789e-06
6.3698e-06
6.45949e-06
5.98513e-06
4.27569e-06
4.23463e-06
5.82334e-06
6.28138e-06
6.19406e-06
5.90366e-06
7.73403e-06
7.20498e-06
7.35168e-06
7.08584e-06
5.88338e-06
6.30143e-06
5.87085e-06
5.8964e-06
6.41347e-06
6.19763e-06
6.61723e-06
6.86162e-06
5.96826e-06
5.98711e-06
6.74964e-06
6.30248e-06
5.69747e-06
5.30551e-06
5.32402e-06
5.18895e-06
4.32245e-06
4.43488e-06
4.64067e-06
4.53421e-06
4.94591e-06
5.07779e-06
4.41834e-06
4.52713e-06
4.968e-06
4.63676e-06
4.8144e-06
5.00815e-06
4.7366e-06
5.09288e-06
3.59517e-06
3.54834e-06
3.64252e-06
4.58026e-06
4.92324e-06
4.65855e-06
4.83812e-06
5.82294e-06
5.65752e-06
6.20187e-06
5.77554e-06
5.77875e-06
5.96573e-06
5.19072e-06
5.2608e-06
5.3519e-06
5.85404e-06
5.46541e-06
5.04944e-06
5.40901e-06
5.09378e-06
5.16956e-06
5.07819e-06
5.51995e-06
5.36117e-06
3.94454e-06
4.237e-06
4.15038e-06
4.02495e-06
3.45102e-06
3.49923e-06
4.18492e-06
4.32342e-06
4.40968e-06
4.10507e-06
9.41191e-06
7.15332e-06
7.10019e-06
1.00853e-05
1.01137e-05
8.33613e-06
8.20046e-06
6.00941e-06
6.14421e-06
3.47433e-09
3.5192e-09
3.44791e-09
5.03845e-09
4.77404e-09
1.00407e-08
2.18483e-09
2.24032e-09
2.24894e-09
1.6376e-09
3.83878e-06
2.68072e-06
2.58914e-06
1.06583e-05
9.08208e-08
5.52542e-06
2.5431e-06
2.55348e-06
2.38614e-06
2.16979e-09
3.47837e-09
2.04693e-09
2.25631e-09
2.22215e-09
1.43869e-06
3.49119e-06
2.89318e-06
2.84994e-06
3.62727e-06
4.07011e-06
3.63654e-06
3.72895e-06
2.80474e-06
2.83525e-06
2.89131e-06
2.89539e-06
3.2394e-06
3.33649e-06
3.6307e-06
3.54133e-06
9.67646e-06
4.23904e-06
4.58193e-06
4.062e-06
4.16014e-06
2.59706e-06
2.57833e-06
2.62892e-06
2.68133e-06
7.70592e-06
8.86518e-06
3.54182e-06
3.63703e-06
4.02222e-06
3.93102e-06
7.65176e-06
2.79321e-06
2.75408e-06
2.6007e-06
3.226e-06
3.12212e-06
2.82122e-06
5.47632e-06
3.50052e-06
3.39821e-06
3.02283e-06
2.21385e-09
2.20836e-09
1.50529e-09
2.42307e-06
1.49671e-06
2.42367e-06
2.62666e-06
2.25245e-09
5.65815e-06
2.50135e-06
2.5002e-06
2.44832e-06
2.43919e-06
2.13795e-09
3.43016e-09
3.44508e-09
3.74153e-09
2.17346e-09
7.64319e-07
2.66534e-06
1.87331e-06
2.68057e-06
2.83993e-06
3.86898e-06
4.12783e-06
3.85044e-06
3.73809e-06
2.86748e-06
2.84539e-06
2.87636e-06
2.8886e-06
3.43867e-06
3.34645e-06
3.44594e-06
3.53556e-06
9.7726e-06
4.37569e-06
4.61803e-06
4.32275e-06
4.20447e-06
1.04643e-05
8.79178e-06
2.60638e-06
2.63319e-06
2.66207e-06
2.62583e-06
8.73558e-06
3.76654e-06
3.67611e-06
3.80434e-06
3.89319e-06
7.78951e-06
2.69249e-06
2.74087e-06
2.67705e-06
2.61864e-06
2.99221e-06
3.10457e-06
2.97009e-06
2.84817e-06
5.60863e-06
3.24278e-06
3.35399e-06
6.55158e-06
3.1952e-06
3.07403e-06
9.52446e-06
1.14301e-05
7.01547e-06
9.467e-06
1.14531e-05
9.17363e-06
7.42953e-06
9.11667e-06
7.37588e-06
6.96261e-06
2.56019e-09
2.36236e-10
2.7287e-10
2.5877e-09
2.04672e-10
2.32727e-10
1.75005e-09
2.63191e-09
2.93001e-09
2.90862e-09
2.54995e-09
2.52869e-10
2.07728e-09
9.93887e-10
1.21254e-09
2.43619e-09
4.76197e-10
1.34836e-09
1.3783e-09
2.59466e-09
2.59995e-09
1.38892e-09
1.39461e-09
5.04158e-06
6.071e-06
1.00039e-05
5.31236e-06
6.45047e-06
4.00372e-10
9.49404e-10
1.16658e-08
3.39802e-09
1.02505e-05
6.04636e-06
8.31075e-07
6.58383e-06
1.12517e-08
5.92553e-06
3.67579e-06
6.3309e-06
3.59604e-06
4.37162e-06
3.93237e-06
1.33127e-09
2.58783e-09
2.3375e-10
2.50339e-09
3.40292e-10
4.12197e-10
7.94084e-10
1.20856e-09
1.39624e-09
1.29125e-09
7.26138e-06
9.94881e-06
7.80377e-06
1.02064e-05
8.0393e-06
8.0071e-06
8.12923e-06
8.11726e-06
5.81362e-06
8.52637e-06
5.36675e-06
8.11893e-06
4.64064e-06
4.21152e-06
5.09424e-06
6.95388e-06
6.91725e-06
8.47069e-06
6.45728e-06
8.06403e-06
5.67625e-06
5.71511e-06
6.16342e-06
5.87521e-06
4.61065e-06
6.27952e-06
5.38478e-06
4.9002e-06
4.98667e-06
3.17938e-09
2.63368e-09
2.63774e-09
3.17495e-09
4.31022e-09
3.47298e-09
3.33143e-09
4.33419e-09
3.44793e-09
3.29077e-09
4.32744e-09
3.30421e-09
3.44455e-09
3.29841e-09
4.32132e-09
6.64493e-09
5.937e-09
5.24475e-09
7.43117e-09
7.21466e-09
9.29046e-09
6.24751e-09
6.85447e-09
6.03356e-09
9.02533e-09
7.90604e-09
1.72517e-08
9.66442e-09
9.27993e-09
3.48033e-09
3.48581e-09
3.22736e-09
2.70213e-09
3.2478e-09
2.68718e-09
4.36172e-09
3.3222e-09
4.33193e-09
3.33241e-09
4.37335e-09
3.38912e-09
3.33736e-09
4.40844e-09
4.43483e-09
4.14444e-09
3.29738e-09
3.9542e-09
3.47497e-09
5.85885e-09
4.98717e-09
6.12105e-09
4.8481e-09
5.51328e-09
4.21179e-09
4.34831e-09
5.31968e-09
6.38148e-09
3.17703e-09
2.61728e-09
3.16634e-09
2.63258e-09
4.32834e-09
3.32808e-09
3.29235e-09
4.33774e-09
4.3312e-09
3.44315e-09
3.30693e-09
3.44587e-09
3.29714e-09
4.32857e-09
2.19283e-09
8.73656e-06
9.63193e-06
8.84131e-06
1.41013e-09
5.81826e-07
1.64653e-06
2.14717e-06
2.18573e-07
5.54014e-07
1.88113e-06
7.01331e-07
1.92711e-06
1.70631e-06
1.1061e-06
2.53194e-07
6.82076e-07
2.55032e-06
2.71565e-06
2.70154e-06
2.62431e-06
2.52128e-06
2.6177e-06
2.68852e-06
2.66416e-06
2.5139e-06
2.65963e-06
2.53263e-06
2.6833e-06
1.10757e-05
1.00174e-05
1.77152e-06
1.00639e-05
5.39337e-06
4.92343e-06
2.48702e-06
2.14094e-06
2.08885e-06
2.11529e-06
2.15211e-06
2.51117e-06
2.57622e-06
2.18896e-06
2.16785e-06
2.17792e-06
2.14044e-06
2.50222e-06
2.52273e-06
6.87783e-06
6.40967e-06
6.28332e-06
1.97603e-06
1.88128e-06
1.85914e-06
2.34422e-06
1.96607e-06
2.40409e-06
2.10684e-09
3.44455e-09
3.4996e-09
3.51504e-09
3.2398e-09
2.72283e-09
3.27709e-09
2.68594e-09
4.3659e-09
3.33471e-09
4.3495e-09
3.34077e-09
4.40679e-09
3.42303e-09
3.35966e-09
4.45061e-09
1.88284e-09
1.92954e-09
2.87929e-06
2.87591e-06
3.5419e-06
3.93323e-06
3.6789e-06
3.68617e-06
2.81544e-06
2.82627e-06
2.89805e-06
2.89321e-06
3.28248e-06
3.29407e-06
3.58871e-06
3.58313e-06
8.94036e-06
9.57447e-06
9.04968e-06
5.29006e-06
5.84597e-06
5.16813e-06
5.41515e-06
5.79331e-06
4.02368e-06
4.40057e-06
4.94555e-06
5.43039e-06
5.45048e-06
5.02249e-06
4.85908e-06
5.32768e-06
5.25915e-06
4.70142e-06
4.90907e-06
4.08954e-06
4.13162e-06
4.7922e-06
5.12569e-06
4.74491e-06
5.19087e-06
1.10495e-05
1.07916e-05
1.06852e-05
8.40275e-06
9.04907e-06
8.28603e-06
2.57654e-06
2.26539e-06
2.27905e-06
2.55669e-06
2.25508e-06
2.24967e-06
2.55287e-06
2.56163e-06
2.21605e-06
2.19405e-06
2.22677e-06
2.22252e-06
2.61597e-06
2.64557e-06
2.45509e-06
2.54825e-06
2.57869e-06
2.46621e-06
2.68477e-06
2.50263e-06
2.63488e-06
2.48885e-06
2.60669e-06
2.67562e-06
2.63043e-06
7.56776e-06
6.79011e-06
6.91721e-06
8.5971e-06
8.99234e-06
8.47814e-06
4.04225e-06
4.3694e-06
4.0333e-06
4.08263e-06
4.31433e-06
3.56987e-06
3.60998e-06
3.98516e-06
4.20272e-06
3.94412e-06
4.25811e-06
4.43841e-06
4.57477e-06
4.8781e-06
4.9373e-06
4.39596e-06
4.53229e-06
3.99565e-06
4.52271e-06
3.95704e-06
4.63631e-06
5.06091e-06
4.68093e-06
4.99899e-06
7.51386e-06
6.96755e-06
7.09564e-06
2.78069e-06
2.76842e-06
2.5574e-06
2.57697e-06
3.18222e-06
3.16682e-06
2.77054e-06
5.34469e-06
5.07772e-06
3.77798e-06
3.78644e-06
3.97585e-06
4.03257e-06
3.7434e-06
3.86528e-06
3.4714e-06
3.8446e-06
4.146e-06
3.8866e-06
4.08998e-06
3.73369e-06
3.4287e-06
6.82525e-06
6.5838e-06
6.45622e-06
3.24654e-06
3.20454e-06
3.43837e-06
3.3768e-06
3.25426e-06
3.29768e-06
2.98443e-06
2.60483e-09
2.3645e-10
3.16157e-09
2.62652e-09
3.16894e-09
2.6227e-09
4.28871e-09
3.43401e-09
3.28212e-09
3.42034e-09
3.26819e-09
4.28222e-09
4.30253e-09
3.44416e-09
3.30843e-09
4.31823e-09
3.27691e-09
2.60899e-09
2.01052e-10
1.61792e-09
1.15944e-08
6.96811e-09
9.77857e-09
8.52083e-09
2.81232e-08
5.15201e-08
7.88791e-09
4.53311e-08
2.50876e-08
1.40451e-08
3.90035e-08
1.90338e-08
1.42967e-08
9.92045e-09
1.97749e-09
2.89015e-09
2.5401e-09
2.56204e-09
2.95425e-10
3.427e-09
4.15992e-09
3.68371e-09
3.19655e-09
3.81591e-09
3.07355e-09
4.83018e-09
3.64618e-09
3.72817e-09
4.72823e-09
4.96524e-09
3.99875e-09
5.11349e-09
3.84662e-09
2.23937e-09
8.19127e-10
7.20164e-10
2.36676e-09
6.5208e-10
1.00286e-07
2.2173e-08
2.26291e-09
1.37543e-09
2.28955e-09
1.3918e-09
2.29144e-09
2.30157e-09
3.15629e-09
2.62281e-09
3.16866e-09
2.61024e-09
4.29022e-09
3.28556e-09
4.29118e-09
3.42323e-09
3.2673e-09
4.31015e-09
3.30359e-09
4.32468e-09
3.27426e-09
2.62728e-09
1.96135e-10
2.62498e-09
2.18585e-09
2.31045e-09
1.42107e-09
2.32911e-09
2.29953e-09
1.40211e-09
2.3199e-09
6.70019e-06
5.10742e-06
6.15352e-06
6.79002e-06
9.91961e-06
9.22672e-06
9.13467e-06
6.38318e-06
7.12402e-06
7.04541e-06
1.39039e-09
2.75248e-10
1.34936e-09
1.45924e-09
4.97374e-10
1.52604e-09
1.25855e-09
9.0853e-08
1.79586e-07
2.46273e-07
5.25466e-08
5.91747e-08
3.31963e-07
1.43231e-07
6.44721e-08
1.93935e-07
4.58358e-08
1.20112e-07
3.76545e-07
2.92818e-07
5.19128e-07
2.18035e-06
2.29993e-06
1.72883e-06
1.91341e-06
2.49024e-06
2.3994e-06
2.24354e-06
2.28845e-06
2.61778e-06
2.55711e-06
2.37961e-06
2.10494e-06
8.25268e-07
2.95093e-06
2.65525e-06
1.71086e-07
6.10864e-07
2.51871e-06
3.14237e-06
9.9198e-08
4.82266e-07
3.46417e-06
2.77828e-06
2.93929e-06
3.32158e-06
3.54176e-06
3.07898e-06
3.01377e-06
3.59744e-06
1.4809e-08
3.54387e-06
3.11942e-06
3.0952e-06
3.57891e-06
3.50376e-06
3.03241e-06
3.06584e-06
3.46004e-06
2.50125e-06
2.72144e-06
2.63938e-06
2.54477e-06
2.72019e-06
2.55234e-06
2.50071e-06
2.6685e-06
2.41714e-06
2.70525e-06
2.53419e-06
3.62652e-06
3.13666e-06
3.60739e-06
3.14461e-06
3.63433e-06
3.11689e-06
3.6239e-06
3.1409e-06
1.03419e-05
9.51201e-06
9.61755e-06
3.35253e-09
8.41875e-09
6.75258e-06
8.38916e-07
6.32353e-06
4.64956e-07
7.14555e-06
1.61738e-07
7.31325e-06
5.2863e-06
6.59694e-06
7.35406e-06
6.38832e-09
2.32143e-08
1.54856e-08
5.79152e-06
5.41025e-06
5.28757e-06
2.74999e-06
3.34355e-06
3.70024e-06
4.07077e-06
3.59159e-06
3.97707e-06
2.51972e-06
2.25596e-06
2.29133e-06
2.47409e-06
2.56599e-06
2.36371e-06
2.32701e-06
2.61304e-06
2.475e-06
2.11597e-06
2.06473e-06
2.46151e-06
2.1047e-06
2.0393e-06
2.47553e-06
2.06937e-06
1.99171e-06
2.01622e-06
2.0806e-06
2.52853e-06
2.38513e-06
2.22163e-06
2.42927e-06
2.18758e-06
2.34185e-06
2.12189e-06
2.15459e-06
2.29929e-06
6.46702e-06
5.78164e-06
5.90642e-06
4.84175e-06
4.28274e-06
4.74363e-06
4.35581e-06
3.30114e-06
4.01913e-06
4.45199e-06
2.06101e-06
1.96948e-06
1.94056e-06
2.09879e-06
2.37635e-06
2.00028e-06
1.90179e-06
2.38425e-06
2.01081e-06
1.92463e-06
2.40632e-06
2.47153e-06
2.04554e-06
1.9695e-06
2.03451e-06
1.94589e-06
2.4187e-06
2.17654e-06
1.99845e-06
2.13721e-06
2.02853e-06
2.21659e-06
2.09024e-06
2.25756e-06
2.05883e-06
2.246e-09
1.32932e-09
2.24872e-09
3.42109e-09
3.68489e-09
3.34428e-09
2.73773e-09
3.30067e-09
2.78477e-09
4.57048e-09
3.59559e-09
4.63592e-09
3.50556e-09
4.52943e-09
3.44325e-09
4.48964e-09
3.47434e-09
2.59299e-09
2.31354e-10
2.57833e-09
2.92935e-10
2.8954e-10
1.82194e-09
9.70079e-10
1.92682e-09
2.01443e-09
1.11909e-09
2.13402e-09
2.09311e-09
2.30272e-09
1.37569e-09
2.30685e-09
1.36909e-09
2.24071e-09
2.28795e-09
1.37646e-06
2.48329e-06
2.40335e-06
2.76882e-06
2.79236e-06
3.9334e-06
4.02132e-06
3.80055e-06
3.78304e-06
2.86212e-06
2.85262e-06
2.87969e-06
2.88768e-06
3.39691e-06
3.38848e-06
3.48759e-06
3.49393e-06
7.67319e-06
7.3666e-06
7.32589e-06
7.78156e-06
9.8634e-06
9.46718e-06
9.3643e-06
7.69254e-06
8.23164e-06
8.11623e-06
5.12008e-06
5.34573e-06
5.8616e-06
5.42731e-06
5.80004e-06
4.41494e-06
4.95596e-06
5.2107e-06
4.53495e-06
5.27506e-06
5.68017e-06
5.74979e-06
5.22384e-06
6.76427e-06
6.32309e-06
6.27896e-06
6.79729e-06
6.47103e-06
5.94013e-06
5.97327e-06
6.43248e-06
6.76507e-06
6.34257e-06
6.28641e-06
6.82014e-06
6.71003e-06
6.158e-06
6.23359e-06
6.62854e-06
6.10151e-06
5.76272e-06
5.6847e-06
6.18858e-06
6.01641e-06
5.53379e-06
5.60806e-06
5.93355e-06
4.7974e-06
5.03076e-06
5.39868e-06
4.97804e-06
5.46991e-06
4.28805e-06
4.7478e-06
4.23515e-06
5.10189e-06
5.61372e-06
5.1572e-06
5.54203e-06
6.36752e-06
5.84245e-06
6.27731e-06
5.92326e-06
6.45713e-06
6.08443e-06
6.54667e-06
6.00397e-06
1.03054e-05
9.81257e-06
9.94935e-06
8.64269e-06
8.39307e-06
8.97433e-06
8.58484e-06
8.21382e-06
8.20401e-06
8.68734e-06
6.42085e-06
5.72553e-06
6.32528e-06
8.65991e-06
7.80061e-06
7.92415e-06
4.52338e-06
5.45713e-06
5.93458e-06
6.0332e-06
2.29507e-06
2.30716e-06
2.59944e-06
2.30503e-06
2.3374e-06
2.64857e-06
2.59331e-06
2.34536e-06
2.39716e-06
2.36629e-06
2.33562e-06
2.75788e-06
2.51567e-06
2.47664e-06
2.80737e-06
2.70903e-06
2.40061e-06
2.43854e-06
2.66071e-06
2.90768e-06
2.5548e-06
2.59478e-06
2.85728e-06
2.95837e-06
2.67549e-06
2.63477e-06
3.00946e-06
3.31608e-06
2.87943e-06
2.91966e-06
3.26568e-06
3.36553e-06
2.99666e-06
2.95865e-06
3.41372e-06
2.66005e-06
2.42673e-06
2.51888e-06
2.41673e-06
2.48764e-06
2.61747e-06
2.6416e-06
2.63297e-06
2.67325e-06
2.37649e-06
2.42665e-06
2.38615e-06
2.45796e-06
3.16349e-06
2.83904e-06
3.21477e-06
2.79797e-06
3.11213e-06
2.71605e-06
3.06072e-06
2.75719e-06
7.98163e-06
7.42458e-06
7.29809e-06
5.13834e-06
4.73098e-06
5.23774e-06
5.63652e-06
4.13348e-06
5.00328e-06
5.53683e-06
7.35335e-06
6.85341e-06
6.82018e-06
7.24776e-06
8.60397e-06
7.98635e-06
8.11122e-06
6.5557e-06
6.53666e-06
6.82717e-06
6.93219e-06
4.11485e-06
4.17936e-06
4.42537e-06
4.13946e-06
4.4803e-06
3.74074e-06
4.19542e-06
4.07373e-06
3.70247e-06
4.23625e-06
4.59155e-06
4.53631e-06
4.2761e-06
4.90896e-06
4.67777e-06
4.61522e-06
4.97882e-06
4.83897e-06
4.4894e-06
4.55223e-06
4.76893e-06
5.11875e-06
4.74063e-06
4.80319e-06
5.04877e-06
5.189e-06
4.92918e-06
4.86623e-06
5.25945e-06
5.69682e-06
5.25351e-06
5.32105e-06
5.62136e-06
5.77395e-06
5.461e-06
5.39043e-06
5.85272e-06
4.31488e-06
4.43171e-06
4.81883e-06
4.47274e-06
4.76158e-06
3.82994e-06
4.35641e-06
3.86757e-06
4.37353e-06
4.64808e-06
4.33338e-06
4.704e-06
5.47407e-06
5.18681e-06
5.54712e-06
5.1215e-06
5.40183e-06
4.99285e-06
5.3304e-06
5.05666e-06
7.92698e-06
7.60696e-06
7.47947e-06
5.98805e-06
5.77352e-06
5.80576e-06
6.0928e-06
6.51226e-06
6.06579e-06
6.07794e-06
6.40734e-06
2.71047e-06
2.72471e-06
2.65713e-06
2.64054e-06
3.03906e-06
3.05889e-06
2.92205e-06
2.89754e-06
5.74159e-06
5.57247e-06
5.44798e-06
4.22675e-06
4.34253e-06
4.43191e-06
4.84258e-06
4.51442e-06
4.61929e-06
4.73953e-06
4.55752e-06
4.2348e-06
4.29876e-06
4.48657e-06
4.62825e-06
4.42603e-06
4.36272e-06
4.69865e-06
3.64014e-06
3.91757e-06
3.68801e-06
3.68444e-06
3.85995e-06
3.27624e-06
3.32214e-06
3.58031e-06
3.74219e-06
3.8007e-06
3.53477e-06
4.3437e-06
4.17015e-06
4.41526e-06
4.10543e-06
4.27175e-06
3.97442e-06
4.03996e-06
4.19952e-06
6.41532e-06
5.94886e-06
6.07517e-06
5.67418e-06
5.28773e-06
5.56973e-06
5.15315e-06
4.99694e-06
5.25706e-06
3.75864e-06
3.63933e-06
3.57118e-06
3.83299e-06
3.40014e-06
3.36532e-06
3.50069e-06
3.31704e-06
3.56119e-06
3.16017e-06
3.35044e-06
3.11082e-06
3.42706e-06
3.68198e-06
3.47399e-06
3.62244e-06
3.98063e-06
3.70735e-06
3.90702e-06
3.77461e-06
4.05396e-06
3.90815e-06
4.12687e-06
3.84176e-06
)
;
    }
    procBoundary3to0
    {
        type            processor;
        value           nonuniform List<scalar> 
43
(
5.14863e-09
4.17833e-09
4.1942e-09
5.12962e-09
4.1757e-09
4.16115e-09
5.0969e-09
4.13415e-09
4.13505e-09
5.09983e-09
4.13806e-09
4.13654e-09
5.17447e-09
4.22295e-09
4.19625e-09
5.11529e-09
4.14645e-09
4.16658e-09
5.1236e-09
4.1523e-09
5.10359e-09
4.14695e-09
4.13715e-09
5.10978e-09
4.14019e-09
4.15368e-09
4.17833e-09
4.1942e-09
4.22295e-09
4.19625e-09
4.1757e-09
4.16115e-09
4.14645e-09
4.16658e-09
4.1523e-09
4.13415e-09
4.13505e-09
4.14695e-09
4.13715e-09
4.13806e-09
4.13654e-09
4.14019e-09
4.15368e-09
)
;
    }
    procBoundary3to1
    {
        type            processor;
        value           nonuniform List<scalar> 
23
(
3.76588e-09
3.50196e-09
2.80017e-09
3.38431e-09
2.80254e-09
7.48733e-10
2.01707e-09
5.89603e-10
2.11795e-09
3.48177e-09
2.80017e-09
3.38431e-09
3.43312e-09
2.80017e-09
8.30126e-10
9.49219e-10
2.35093e-09
8.87875e-10
1.28594e-09
2.04279e-09
3.95435e-09
3.65162e-09
3.86426e-09
)
;
    }
    procBoundary3to2
    {
        type            processor;
        value           nonuniform List<scalar> 
328
(
6.93933e-09
6.01051e-09
8.96397e-09
8.6361e-09
9.70199e-09
1.56018e-08
9.62481e-09
5.60884e-07
1.81649e-06
1.71773e-06
5.14425e-09
4.1725e-09
4.17909e-09
5.17941e-09
4.21943e-09
4.2028e-09
1.81649e-06
1.81649e-06
2.15822e-06
2.15822e-06
2.15822e-06
2.11285e-06
2.11285e-06
2.11285e-06
1.73243e-06
1.73243e-06
1.73243e-06
1.81273e-06
1.81273e-06
1.81273e-06
1.84854e-06
1.84854e-06
1.84854e-06
2.07528e-06
2.07528e-06
2.07528e-06
1.71773e-06
1.71773e-06
1.58057e-06
1.81568e-06
1.81568e-06
1.81568e-06
3.43435e-08
5.55737e-09
4.77648e-09
4.52381e-09
3.43435e-08
3.43435e-08
3.43435e-08
3.43435e-08
3.43435e-08
6.67808e-08
1.65066e-06
1.73958e-06
1.6671e-06
1.64769e-06
5.40481e-09
4.39574e-09
4.50993e-09
6.67808e-08
6.67808e-08
6.67808e-08
6.67808e-08
6.67808e-08
1.65066e-06
1.65066e-06
1.73958e-06
1.73958e-06
2.24817e-06
2.24817e-06
2.24817e-06
2.23246e-06
2.23246e-06
2.23246e-06
1.77166e-06
1.77166e-06
1.77166e-06
1.78346e-06
1.78346e-06
1.78346e-06
1.94315e-06
1.94315e-06
1.94315e-06
1.97456e-06
1.97456e-06
1.97456e-06
1.6671e-06
1.6671e-06
1.64769e-06
1.64769e-06
1.70962e-06
1.70962e-06
1.70962e-06
1.67126e-06
1.67126e-06
1.67126e-06
9.70199e-09
6.18121e-09
6.38693e-09
5.0441e-09
9.70199e-09
9.70199e-09
9.70199e-09
9.70199e-09
9.70199e-09
1.71792e-06
1.48039e-06
1.81145e-06
1.70202e-06
1.60458e-06
4.16089e-09
5.23179e-09
4.24342e-09
4.28584e-09
1.71792e-06
1.71792e-06
1.71792e-06
1.71792e-06
1.71792e-06
1.48039e-06
1.48039e-06
1.81145e-06
1.81145e-06
2.43535e-06
2.43535e-06
2.43535e-06
2.15241e-06
2.15241e-06
2.15241e-06
1.74624e-06
1.74624e-06
1.74624e-06
1.8047e-06
1.8047e-06
1.8047e-06
1.88055e-06
1.88055e-06
1.88055e-06
2.04006e-06
2.04006e-06
2.04006e-06
1.70202e-06
1.70202e-06
1.60458e-06
1.60458e-06
1.78171e-06
1.78171e-06
1.78171e-06
1.58941e-06
1.58941e-06
1.58941e-06
1.60856e-08
5.79313e-09
4.70122e-09
5.2947e-09
1.60856e-08
1.60856e-08
1.60856e-08
1.60856e-08
1.60856e-08
8.5372e-07
1.4402e-06
1.79073e-06
1.68516e-06
1.62688e-06
5.30391e-09
4.37276e-09
4.30786e-09
8.5372e-07
8.5372e-07
8.5372e-07
8.5372e-07
8.5372e-07
1.4402e-06
1.4402e-06
1.79073e-06
1.79073e-06
2.39112e-06
2.39112e-06
2.39112e-06
2.19175e-06
2.19175e-06
2.19175e-06
1.75928e-06
1.75928e-06
1.75928e-06
1.79459e-06
1.79459e-06
1.79459e-06
1.91196e-06
1.91196e-06
1.91196e-06
2.00668e-06
2.00668e-06
2.00668e-06
1.68516e-06
1.68516e-06
1.62688e-06
1.62688e-06
1.74641e-06
1.74641e-06
1.74641e-06
1.63122e-06
1.63122e-06
1.63122e-06
6.01051e-09
8.96397e-09
6.38693e-09
5.0441e-09
1.56018e-08
9.62481e-09
2.09745e-08
3.23397e-08
4.1725e-09
4.17909e-09
4.16089e-09
4.21943e-09
4.2028e-09
4.24342e-09
4.28584e-09
4.11989e-06
3.16954e-06
5.26358e-06
3.2675e-06
3.32724e-06
3.31594e-06
3.24443e-06
2.92371e-06
2.896e-06
3.3417e-06
3.4747e-06
3.13748e-06
3.13771e-06
3.16174e-06
3.16196e-06
3.15041e-06
3.17936e-06
3.20983e-06
3.17826e-06
3.32588e-06
3.27376e-06
3.26985e-06
3.31687e-06
2.89426e-06
2.88703e-06
2.92605e-06
2.93193e-06
3.11306e-06
3.11316e-06
3.08742e-06
3.08662e-06
3.14586e-06
3.11966e-06
3.08593e-06
3.10932e-06
2.81274e-06
2.87581e-06
2.86728e-06
2.84515e-06
2.8539e-06
2.81055e-06
2.80018e-06
2.52093e-06
2.54149e-06
4.77648e-09
4.52381e-09
4.70122e-09
5.2947e-09
1.41434e-07
1.8535e-07
7.66797e-08
5.33597e-08
4.39574e-09
4.50993e-09
4.37276e-09
4.30786e-09
4.6223e-07
4.03885e-07
1.3137e-06
3.036e-06
2.95196e-06
3.12133e-06
2.79447e-06
2.26333e-06
3.21801e-06
3.09638e-06
3.19467e-06
3.28631e-06
3.3007e-06
3.26105e-06
3.4283e-06
3.50804e-06
3.22066e-06
3.23131e-06
3.18945e-06
3.18555e-06
3.26223e-06
3.22522e-06
3.20316e-06
3.23748e-06
3.24407e-06
3.284e-06
3.3024e-06
3.25932e-06
2.99657e-06
3.00012e-06
2.96709e-06
2.9625e-06
3.03105e-06
3.02849e-06
3.05849e-06
3.06015e-06
3.0088e-06
3.02644e-06
3.06952e-06
3.049e-06
2.97982e-06
2.96515e-06
2.91807e-06
2.92968e-06
2.71403e-06
2.69988e-06
2.75179e-06
2.76405e-06
2.6442e-06
2.66037e-06
2.60288e-06
2.58462e-06
)
;
    }
    procBoundary3to7
    {
        type            processor;
        value           nonuniform List<scalar> 
49
(
1.62279e-06
2.29974e-06
5.3398e-06
5.11855e-06
2.96458e-06
2.69694e-06
3.31681e-06
2.21857e-06
2.75167e-06
2.43401e-06
2.50414e-06
3.88868e-06
4.06974e-06
4.2229e-06
3.84182e-06
3.47915e-06
3.19956e-06
4.04969e-06
4.48349e-06
4.98965e-06
2.29729e-06
2.3549e-06
2.3549e-06
2.50665e-06
2.7286e-06
4.56255e-06
4.78281e-06
3.1665e-06
2.92664e-06
4.03751e-06
3.68487e-06
4.42836e-06
4.22992e-06
1.9351e-06
1.78602e-06
1.66028e-06
1.83911e-06
3.14251e-06
2.46208e-06
2.15029e-06
3.28871e-06
2.03078e-06
2.00248e-06
1.9162e-06
2.24218e-06
3.66205e-06
2.71238e-06
3.47805e-06
2.9563e-06
)
;
    }
}


// ************************************************************************* //
