/*--------------------------------*- C++ -*----------------------------------*\
| =========                 |                                                 |
| \\      /  F ield         | OpenFOAM: The Open Source CFD Toolbox           |
|  \\    /   O peration     | Version:  2012                                  |
|   \\  /    A nd           | Website:  www.openfoam.com                      |
|    \\/     M anipulation  |                                                 |
\*---------------------------------------------------------------------------*/
FoamFile
{
    version     2.0;
    format      ascii;
    class       volScalarField;
    location    "0.106/solid";
    object      sigmaDiff;
}
// * * * * * * * * * * * * * * * * * * * * * * * * * * * * * * * * * * * * * //

dimensions      [1 -1 -2 0 0 0 0];


internalField   nonuniform List<scalar> 
3125
(
-157.612
-268.08
-171.186
-158.058
-170.332
-262.145
-238.067
-339.859
-157.647
-42422.7
-107451
-93705.5
-170.463
-171.842
-158.159
-169174
-163714
-95206.1
-106161
-136929
-159905
-133684
-37.7539
-155.775
-39.2771
-28.233
-1976.18
-192.578
-37.5279
-168.821
-189.114
-171.912
-24.5428
-32.3164
-30.5959
-31.9457
-155.797
-39.2128
-39.3578
-32.146
-32.0392
-256706
-276858
-29.1042
-174.705
-3539.23
-101732
-190559
-253165
-364.117
-234028
-105865
-252718
-209174
-277544
-369.695
-163399
-175476
-89298.6
-152578
-192449
-166948
-87836.2
-149393
-30.266
-168.825
-181.787
-169.106
-38.81
-33.9072
-23.6873
-25.915
-31.7786
-27.5652
-310359
-344504
-181623
-273997
-310822
-276010
-177160
-306347
-324323
-349853
-253025
-226459
-99841.6
-178825
-202705
-230592
-101440
-206171
-196174
-222642
-305940
-276356
-146480
-215701
-241492
-271996
-149682
-245212
-243514
-272228
-206667
-212036
-123558
-186423
-239422
-210761
-120027
-182774
-126.479
-157.029
-125.418
-188
-478.146
-265.843
-172.258
-160.279
-126.892
-128.411
-169.695
-222.646
-194.537
-174.724
-151.388
-156.988
-126.056
-125.043
-371914
-385899
-51815
-73277.2
-78169.8
-137300
-14373.9
-145093
-108209
-150489
-374138
-417626
-219720
-111897
-92227.7
-106675
-282730
-266747
-84902.7
-91767.4
-169.638
-174.013
-161.775
-126.608
-129.071
-375831
-390638
-195051
-191458
-217640
-184888
-167839
-193307
-468712
-450016
-367028
-351869
-96724
-113761
-119208
-143009
-104650
-136924
-288078
-304161
-370816
-355465
-140132
-146604
-153442
-182226
-156338
-174562
-291459
-307608
-222419
-144343
-130380
-137510
-286081
-269986
-112704
-116887
-92.725
-38.8435
-91.6413
-156.793
-124.677
-125.17
-38.9347
-91.1444
-91.4538
-139.708
-44.9869
-189.232
-676.604
-630.708
-312.918
-51.2522
-295.91
-212.517
-128.992
-93.0371
-36.6593
-94.2097
-36.3685
-94.6601
-169.148
-201.327
-187.066
-137.543
-146.951
-130.152
-25.8226
-112.218
-101.394
-27.4754
-108.863
-101.577
-31.2988
-102.238
-31.4676
-103.088
-102.754
-156.732
-124.647
-124.835
-92.1709
-39.689
-91.2352
-91.1106
-39.8275
-91.0616
-104.152
-32.3124
-104.481
-103.821
-32.3912
-103.973
-337465
-267131
-350547
-402487
-390291
-270230
-365442
-354631
-74.1955
-44.9887
-61.5605
-51.088
-79.6882
-65.9267
-25434
-933.122
-9179.37
-90047.5
-152600
-143953
-124068
-248425
-6659.83
-162997
-10024.9
-176714
-248988
-167203
-357.618
-4516.49
-6326.97
-166356
-243810
-172931
-108045
-153503
-151996
-246710
-177347
-174775
-406103
-413132
-307833
-267274
-8509.79
-379388
-5046.67
-368241
-269580
-371365
-123.563
-5022.55
-1100.35
-240415
-224855
-149489
-197469
-216282
-152922
-202131
-126563
-165540
-120126
-90755.7
-99886.2
-104887
-162268
-111786
-117983
-245645
-261447
-254989
-181388
-240336
-221050
-177743
-235485
-136908
-101815
-86376.9
-98174.4
-93398.5
-139989
-109728
-103782
-101.027
-29.4342
-100.152
-29.0914
-99.6844
-169.128
-177.172
-163.151
-135.305
-130.284
-92.6147
-37.9765
-94.4134
-99.6224
-37.2611
-95.3636
-80.7888
-21.0372
-93.4626
-22.1917
-99.2792
-93.1141
-104.508
-30.9848
-103.436
-30.3096
-100.655
-104.279
-358386
-324192
-373171
-411204
-395566
-329045
-394401
-378210
-192199
-207690
-216427
-213862
-327027
-242998
-233249
-324214
-242545
-207280
-288522
-216791
-172234
-205005
-196212
-292866
-230129
-220096
-417053
-440521
-431758
-369660
-429149
-400382
-366387
-421924
-332898
-241727
-318782
-330897
-346689
-237919
-299355
-313974
-98271.2
-126839
-121151
-128784
-188971
-135452
-144658
-192383
-137753
-163925
-220129
-156652
-103051
-128868
-134813
-216631
-147042
-154191
-325575
-309524
-259902
-207444
-274694
-294439
-211228
-279634
-353484
-293050
-338709
-334413
-350255
-288840
-318771
-333750
-143307
-162634
-155714
-163437
-226719
-171300
-181881
-230400
-173932
-204252
-260300
-195555
-152952
-164957
-172120
-256488
-184563
-192753
-329078
-312988
-278476
-255797
-293604
-313751
-259896
-298647
-243390
-227631
-190310
-213643
-233382
-194395
-218554
-160820
-201048
-152971
-127008
-128373
-135241
-197390
-142484
-150352
-248679
-264640
-273437
-227141
-258352
-238354
-223047
-253338
-168213
-129344
-116410
-126090
-119184
-171846
-139859
-131974
-436984
-442170
-594086
-548877
-333747
-327456
-422138
-427206
-589895
-519626
-431594
-426028
-340045
-346347
-416864
-411421
-326886
-333093
-320687
-314492
-38.9466
-38.5785
-40.1201
-39.6714
-40.6181
-41.3013
-11.1869
-33.4419
-16.4354
-96.4559
-146.608
-90.2504
-38.7305
-37.737
-39.1865
-10.2665
-23.8113
-15.4109
-32.8657
-31.5317
-31.5383
-61.3175
-30.3818
-60.5462
-31.383
-62.9222
-61.7801
-40.4578
-39.882
-41.5197
-40.7313
-40.091
-41.7173
-63.3329
-31.797
-62.4455
-63.0805
-31.805
-62.3159
-283643
-260309
-241013
-244191
-287525
-467894
-464231
-256244
-275283
-306127
-255757
-304083
-26.1996
-34.123
-21.5217
-91.799
-146.643
-67.7146
-152798
-179744
-230356
-129764
-173835
-214399
-111175
-197206
-227467
-227921
-252315
-200549
-224544
-226579
-298.749
-920.101
-669.247
-195240
-211782
-237404
-216160
-218985
-214840
-192818
-202628
-228534
-251350
-227965
-228548
-202124
-227029
-471336
-474989
-230300
-254588
-145780
-205120
-277035
-145150
-255731
-307402
-276700
-253350
-307308
-313.8
-934.502
-748.634
-283768
-277597
-153560
-181200
-159878
-150308
-177280
-143538
-159162
-162328
-172147
-159245
-146176
-156206
-130789
-141364
-155786
-138873
-144265
-128333
-141708
-289957
-296169
-213408
-180716
-188742
-177222
-209310
-156848
-185145
-170521
-160166
-189115
-123530
-138497
-146234
-136059
-135669
-125913
-133271
-60.8518
-29.546
-59.5531
-40.1543
-39.2361
-40.6536
-34.439
-35.5544
-36.7322
-32.5386
-21.1374
-37.0264
-24.4957
-55.6793
-53.2626
-62.9249
-31.3595
-62.0285
-28.2027
-57.9474
-58.3888
-326741
-314864
-330414
-331427
-335140
-452993
-449101
-367317
-339193
-362042
-356525
-361379
-338715
-250011
-312544
-360408
-288017
-365670
-331943
-335055
-352591
-282991
-315378
-286997
-329538
-358565
-295781
-251269
-280098
-311892
-255029
-316369
-291611
-319105
-346962
-301790
-279032
-274923
-341339
-324337
-456838
-461339
-358834
-356720
-397542
-379835
-391210
-373295
-367663
-355399
-373547
-379724
-279677
-237704
-249291
-234300
-275647
-390228
-396387
-212938
-230280
-250829
-216550
-255004
-151537
-162140
-165437
-182191
-148844
-168572
-165134
-165311
-187754
-183461
-199252
-168111
-184526
-180367
-187613
-208659
-213203
-227120
-190262
-210152
-205508
-173737
-190988
-209649
-186576
-194224
-170922
-189702
-384023
-377786
-217524
-184232
-199914
-187769
-221653
-209322
-246649
-218828
-205705
-242468
-322123
-325810
-301590
-317556
-321312
-376302
-382354
-295612
-280499
-290722
-295157
-299799
-236985
-196527
-219370
-248643
-199834
-252471
-233482
-254490
-275453
-219805
-237785
-216454
-258012
-271605
-283640
-247582
-307544
-268047
-287569
-243961
-303307
-265119
-279319
-248950
-223174
-226560
-283207
-261554
-370196
-364057
-255401
-247607
-262496
-259808
-266630
-291445
-286293
-268110
-281871
-287295
-271576
-265531
-224958
-215824
-202575
-211444
-220743
-226452
-193222
-208372
-244809
-189920
-229971
-240969
-208681
-217710
-190077
-170131
-173426
-221614
-205088
-277648
-283740
-250997
-235329
-258358
-246593
-254214
-229163
-220210
-214856
-224600
-233362
-197859
-213794
-179128
-166839
-163549
-209867
-201480
-155.154
-152.38
-127.071
-126.058
-155.647
-126.587
-152.024
-155.026
-125.935
-125.68
-151.61
-126.17
-154.896
-151.762
-285.812
-227.388
-211.131
-206.289
-256.62
-235.742
-251.386
-338.72
-310.484
-231.459
-339.928
-269.217
-389.169
-290.284
-155.789
-156.267
-157.78
-156.259
-156.636
-152.869
-127.424
-127.314
-155.986
-127.894
-153.386
-157.247
-129.044
-154.747
-127.862
-158.064
-128.413
-154.098
-155.81
-154.651
-154.517
-154.57
-261.118
-304.467
-229.633
-218.347
-214.099
-209.625
-192.263
-164.774
-230.85
-177.679
-197.475
-200.744
-157.75
-181.549
-157.161
-190.753
-166.71
-188.347
-478.505
-336.885
-525.963
-895.727
-155.155
-152.322
-126.682
-125.62
-155.679
-126.035
-151.928
-155.06
-125.402
-151.503
-125.268
-154.795
-125.867
-151.663
-418704
-376697
-423834
-451825
-447125
-381362
-433618
-428809
-84832.5
-271161
-202937
-82167.4
-60590.5
-14046.2
-21831.4
-17446.8
-36949.9
-59855.4
-23267.4
-135678
-135148
-131955
-137722
-137148
-130469
-134320
-134508
-491153
-510637
-467751
-411194
-487790
-473919
-428913
-481736
-259229
-253152
-251058
-214608
-245328
-127489
-126326
-126742
-127891
-125246
-126513
-125064
-125912
-314901
-321171
-321051
-277390
-315156
-303389
-272062
-309268
-117126
-117317
-118162
-116885
-156.017
-154.62
-154.311
-154.487
-156.415
-157.163
-160.291
-157.947
-156.897
-152.883
-127.135
-127.186
-156.164
-127.871
-153.585
-157.99
-129.955
-155.956
-128.036
-159.529
-128.581
-154.671
-489003
-309519
-284536
-142621
-141531
-139887
-141610
-168209
-169645
-197445
-197526
-166435
-170755
-173615
-169125
-136983
-137246
-138429
-138256
-142162
-142866
-142639
-142191
-147931
-151781
-154243
-150379
-168190
-163994
-161682
-165785
-404665
-380797
-409763
-436673
-432058
-385726
-419611
-414744
-224044
-196117
-192429
-236788
-240000
-223637
-218758
-248449
-212078
-189900
-190024
-209867
-214415
-193859
-193500
-216841
-483788
-506866
-507106
-479472
-497311
-470908
-472292
-489133
-413435
-362049
-408046
-414471
-420311
-356993
-396972
-402553
-128204
-129186
-129027
-127508
-130507
-128603
-130395
-129610
-137492
-132453
-135794
-135248
-135330
-134905
-132388
-136783
-358951
-352649
-326950
-293434
-332853
-344661
-298796
-338758
-399453
-365750
-394139
-400104
-405825
-360632
-383247
-388732
-181483
-165677
-165699
-179624
-183391
-168723
-168770
-185214
-205703
-186593
-186619
-207745
-203710
-183520
-183412
-201782
-345509
-339301
-314474
-296841
-320272
-331873
-302225
-326072
-135953
-135597
-134100
-134547
-123499
-125676
-124767
-149213
-145371
-142680
-146523
-130794
-126888
-247559
-241629
-240084
-217228
-234487
-175763
-162580
-177669
-162480
-173749
-159155
-159344
-171787
-302144
-308309
-308679
-280709
-302889
-291337
-275343
-297107
-149804
-140964
-140256
-152120
-47.4603
-45.5601
-104.09
-92.206
-103.522
-47.507
-45.7642
-39.1636
-40.4036
-40.7893
-47.3683
-102.94
-91.8029
-45.6327
-103.032
-47.2826
-45.8536
-153.904
-150.595
-125.179
-124.758
-125.224
-153.816
-150.703
-154.255
-125.646
-151.332
-124.931
-154.628
-125.435
-150.998
-39.6924
-40.5059
-41.3342
-47.1505
-45.5358
-102.335
-91.086
-102.238
-47.0406
-45.7806
-47.2321
-102.668
-45.6184
-91.1852
-47.1892
-102.419
-45.8216
-94.3453
-61.4842
-173.97
-152.317
-192.208
-82.8024
-68.3667
-39.4856
-35.2338
-25.877
-108.289
-242.901
-168.587
-88.0504
-214.68
-125.61
-77.5913
-842.987
-1056.23
-698.394
-464.992
-519.969
-1126.21
-757.733
-606.196
-367.246
-430.867
-381.53
-505.528
-445.529
-542.635
-63.7014
-43.527
-59.2032
-146.363
-98.2821
-389.18
-262.308
-338.6
-139.541
-103.976
-152.835
-273.339
-97.2842
-241.146
-137.332
-314.578
-104.128
-47.7473
-45.6006
-104.401
-93.2466
-104.639
-47.5985
-45.8443
-37.499
-37.969
-38.9698
-47.9219
-105.776
-93.6685
-45.8042
-105.135
-48.091
-45.9308
-37.6855
-106.175
-45.8761
-48.2107
-153.936
-153.53
-154.374
-153.622
-176.792
-178.687
-194.24
-194.041
-173.177
-165.269
-139.25
-140.121
-142.784
-169.421
-168.284
-177.537
-151.903
-176.273
-143.297
-183.566
-146.477
-171.957
-66.1076
-56.4333
-159.852
-122.527
-148.079
-74.2885
-52.6259
-25.1665
-23.5127
-20.4704
-60.5799
-131.304
-116.536
-48.8735
-138.824
-57.2827
-50.147
-51.8927
-46.7344
-114.696
-103.339
-117.821
-50.8875
-47.0277
-29.3877
-26.0496
-29.0912
-53.1716
-126.308
-105.919
-48.0301
-121.366
-55.568
-47.5006
-2680.5
-5086.16
-2010.21
-1245.55
-97.238
-99.5497
-95.6041
-30.7557
-62.2909
-61.1686
-100.305
-98.1639
-96.3005
-31.3727
-62.5327
-61.9059
-98.743
-100.743
-96.8084
-98.4872
-101.051
-96.9802
-153.941
-150.608
-125.131
-124.592
-153.874
-125.098
-150.693
-154.218
-125.409
-151.262
-124.668
-154.695
-125.044
-150.948
-47.3761
-45.7871
-103.592
-91.6868
-102.853
-47.4583
-46.0308
-40.2994
-41.3171
-41.9041
-47.4028
-102.336
-91.3479
-45.8071
-102.713
-47.1598
-46.0296
-47.1579
-45.565
-102.282
-90.8898
-47.0344
-102.104
-45.834
-40.309
-41.4019
-42.044
-47.1671
-102.395
-90.8675
-45.7515
-101.936
-47.1993
-45.9608
-99.2928
-102.324
-97.7493
-32.1299
-63.6545
-62.9627
-102.531
-99.7501
-98.1689
-99.0746
-101.332
-97.2885
-31.9183
-63.7295
-62.6094
-102.131
-99.6645
-97.8338
-310124
-341940
-314328
-263802
-249954
-294905
-247194
-291294
-346308
-322391
-318427
-456241
-460382
-451244
-398605
-447020
-438247
-394534
-442717
-272988
-252391
-298305
-254366
-301397
-335644
-362164
-332940
-326179
-358520
-329720
-63.3862
-65.4612
-55.8039
-40.3843
-20.6528
-19.3325
-63.6405
-50.9493
-52.5365
-62.8663
-25.7741
-38.6159
-110.298
-67.7581
-70.606
-53.1374
-62.4662
-54.8407
-2975.47
-1694.72
-835.997
-1861.57
-1554.3
-1753.77
-3086.92
-5245.99
-10708.3
-13812.9
-3750.38
-15651.3
-3259.78
-6413.96
-116654
-120558
-121902
-112491
-105316
-74043.7
-86826
-105132
-161829
-247484
-201033
-220877
-169720
-188524
-223170
-79131.1
-4243.65
-58900.9
-85814.7
-11106.9
-16846.3
-5133.89
-66577.1
-7863.8
-29619.8
-191915
-250310
-211053
-221801
-183104
-219939
-223503
-326.691
-185.821
-373.918
-1001.11
-190.349
-1099.64
-478.212
-1589.57
-3364.16
-1126.09
-1148.52
-7823.28
-2211.84
-3720.32
-2185.47
-3811.34
-1122.88
-197475
-240684
-224017
-220596
-221630
-199445
-217802
-130800
-121497
-125630
-128146
-131819
-132241
-135160
-127497
-202168
-249269
-226062
-223153
-227618
-201059
-225344
-484268
-478642
-455350
-409355
-459626
-468815
-411998
-463822
-263502
-357740
-210635
-307595
-176919
-264945
-233828
-304123
-216868
-302425
-76631.9
-8861.46
-47122.2
-383576
-343566
-344190
-6852.86
-7222.47
-16699.8
-337698
-370143
-338536
-274455
-241178
-303371
-249569
-306177
-370962
-338564
-338154
-212.311
-213.356
-450.719
-1834.62
-4153.08
-1645.59
-538.692
-2494.46
-1083.45
-265327
-271450
-274162
-235205
-268359
-256806
-230018
-262573
-146086
-140777
-165699
-137674
-161897
-192838
-180996
-176776
-198168
-211539
-193833
-156385
-143915
-169528
-147094
-173388
-206822
-185246
-189525
-140927
-168833
-153160
-150346
-138344
-156187
-153265
-122088
-123481
-122594
-122268
-124276
-123710
-123689
-125042
-133276
-159016
-150164
-147446
-135795
-147197
-144569
-308641
-302396
-279981
-250894
-285814
-297519
-256161
-291660
-233654
-250090
-229151
-185054
-170314
-201169
-173753
-205229
-245206
-220197
-224665
-202528
-225842
-206913
-174119
-166902
-197129
-163517
-193110
-230654
-215748
-211319
-114352
-133855
-127404
-125047
-124726
-116592
-122358
-120837
-120721
-120417
-121810
-118694
-120041
-119022
-119079
-121181
-143100
-130118
-127763
-132876
-118866
-130503
-96.7789
-98.4541
-94.6301
-29.3308
-60.0916
-59.3932
-98.6427
-96.1409
-94.61
-59.5648
-95.6014
-153.883
-153.532
-154.373
-153.484
-170.055
-166.946
-161.8
-163.572
-164.143
-162.659
-136.977
-133.4
-166.652
-134.505
-160.548
-162.45
-130.984
-157.336
-131.669
-160.8
-132.795
-158.775
-47.7908
-45.852
-103.927
-92.9248
-104.454
-47.5168
-46.085
-38.8484
-39.3262
-40.4313
-47.9286
-106.304
-93.5421
-46.1085
-104.975
-48.3209
-46.2362
-49.4526
-46.4898
-112.688
-97.9419
-50.3248
-110.333
-46.5259
-37.2169
-38.716
-38.3845
-48.9806
-107.115
-96.4262
-46.2399
-108.676
-48.5018
-46.4426
-70.1123
-85.6756
-74.9075
-20.3
-46.5609
-42.4856
-88.8404
-84.8319
-79.6651
-22.9001
-49.5665
-50.6991
-92.7294
-94.785
-89.2617
-86.7261
-93.5524
-87.3811
-99.1548
-101.556
-97.2398
-30.9111
-62.3005
-61.6549
-102.171
-98.5267
-97.2758
-29.6012
-61.5551
-60.2695
-94.5361
-100.617
-94.5374
-98.2677
-101.862
-96.1214
-16327.2
-8833.46
-104598
-70818.1
-128143
-120932
-93199.1
-116895
-130457
-135052
-139374
-136625
-180763
-186938
-200875
-192881
-181315
-176145
-172138
-176922
-140431
-140455
-139414
-139494
-141362
-141226
-141835
-142108
-158927
-155003
-152728
-156619
-157232
-161202
-163473
-159446
-340635
-363289
-345430
-319468
-341067
-345052
-336195
-340011
-368209
-355213
-350281
-441032
-445173
-438522
-405731
-433725
-424368
-400576
-429063
-334051
-346064
-350280
-351216
-355734
-376495
-388741
-370841
-360255
-383382
-365454
-236242
-207915
-210400
-232121
-242491
-224129
-248763
-219281
-351149
-329033
-296346
-372834
-295773
-348113
-377044
-339929
-319503
-294519
-369923
-290455
-345477
-363891
-300100
-284266
-262786
-325794
-258868
-320995
-304584
-225372
-203817
-202436
-228702
-222224
-197472
-219428
-198248
-314098
-297301
-266777
-330775
-270839
-335971
-309240
-474483
-466286
-443460
-423720
-449071
-463350
-430944
-455035
-393397
-444311
-408095
-373244
-389418
-395300
-396092
-401640
-445902
-407487
-419482
-382368
-406940
-388645
-360579
-385537
-392287
-379133
-385474
-413715
-402116
-394831
-305838
-328255
-301486
-245521
-227301
-267463
-230826
-271572
-323546
-292635
-297081
-408524
-402491
-374028
-336194
-379834
-391317
-341460
-385600
-234102
-223741
-263326
-220154
-259171
-274580
-304254
-279122
-288155
-309129
-283648
-133317
-130525
-132556
-132251
-130968
-131522
-131946
-129614
-154251
-185574
-174904
-171176
-156989
-171727
-168148
-162523
-195811
-178096
-174224
-159746
-181305
-177286
-184898
-223628
-203867
-199168
-207033
-182138
-202337
-133446
-133488
-131325
-134611
-135784
-131967
-134495
-134288
-176547
-213137
-200670
-196000
-197453
-179351
-192847
-365242
-371523
-368190
-320235
-362328
-350559
-314884
-356450
-238171
-264825
-242701
-203671
-194904
-229953
-191327
-225796
-269757
-251792
-247242
-270028
-289511
-265469
-215023
-198494
-234118
-202095
-238290
-284575
-256349
-260909
-335877
-348575
-331143
-297297
-308532
-312550
-313029
-316896
-343650
-321711
-326423
-394272
-388349
-360717
-339723
-366417
-377692
-345006
-372078
-284658
-304059
-308258
-299602
-304012
-302862
-323778
-307577
-317000
-328772
-312289
-190728
-174574
-174715
-192522
-188883
-171773
-187082
-171672
-240485
-223043
-206461
-260118
-203146
-243981
-256295
-250980
-234088
-209784
-263941
-213114
-247479
-267769
-279804
-264151
-236882
-295093
-240397
-299162
-276049
-196171
-177626
-177467
-194360
-198028
-180395
-199880
-180546
-268718
-252707
-233408
-291084
-229971
-287127
-272356
-351707
-357889
-354984
-323727
-349227
-337667
-318362
-343452
-265102
-283517
-269819
-251701
-268626
-274889
-264216
-270761
-288560
-279260
-274539
-298144
-308722
-293424
-264000
-273038
-279020
-277452
-283154
-303687
-283982
-288703
-130750
-131378
-133023
-132484
-129607
-128884
-126890
-127710
-136856
-140713
-143692
-139847
-137575
-133704
-130382
-134272
-253520
-259508
-262681
-238118
-256999
-245700
-232865
-251337
-186229
-198339
-208046
-193984
-203798
-208747
-204292
-199683
-222848
-228425
-218191
-198484
-202701
-212286
-207069
-216519
-223482
-208914
-213546
-222922
-204710
-183318
-233259
-186618
-219381
-237119
-165531
-152076
-152461
-163437
-167682
-155975
-169707
-155692
-212261
-193733
-180020
-229389
-176723
-215828
-225507
-295991
-289853
-268380
-253985
-274096
-285576
-259305
-279827
-260387
-268403
-255674
-231235
-237790
-245899
-242190
-250061
-263374
-246264
-250966
-227515
-243337
-232190
-218951
-233390
-241729
-228993
-237551
-248332
-241566
-236874
-183237
-164586
-153697
-198020
-150421
-194049
-186914
-159047
-148792
-148303
-161211
-156745
-144364
-154504
-144963
-194224
-175485
-156977
-201980
-160261
-205930
-190576
-171.621
-163.082
-157.072
-181.084
-172.226
-180.701
-162.692
-339.694
-258.627
-308.478
-341.924
-309.684
-357.341
-289.997
-173.318
-158.469
-163.608
-181.686
-172.552
-181.998
-164.115
-251.392
-218.476
-233.521
-279.648
-270.063
-263.18
-218.085
-171.847
-157.032
-181.548
-163.188
-180.988
-172.324
-162.751
-173.634
-158.816
-182.182
-163.773
-172.859
-182.829
-164.49
-170.354
-155.724
-179.412
-161.261
-179.332
-170.231
-161.329
-1384.22
-1417.04
-1136.32
-1526.84
-2211.19
-1400.99
-1161.26
-194.746
-175.781
-197.135
-177.383
-201.426
-189.837
-180.77
-170.407
-155.739
-179.461
-161.294
-170.354
-179.486
-161.377
-3591.13
-4875.37
-6862.19
-2785.15
-3223.1
-3795.89
-4221.57
-182.616
-166.338
-193.857
-174.444
-185.744
-191.041
-172.103
-171.703
-156.897
-180.581
-162.503
-180.424
-171.649
-162.501
-429.749
-383.679
-496.663
-415.888
-516.241
-468.096
-350.821
-174.058
-159.304
-183.674
-165.778
-182.937
-175.147
-164.984
-231.939
-204.633
-225.761
-197.477
-237.529
-220.214
-205.964
-171.773
-156.897
-180.75
-162.519
-180.704
-171.73
-162.554
-43764.8
-58489.6
-129472
-36678.2
-183861
-42610.9
-38625.7
-84527.4
-103069
-131365
-138882
-128281
-97505.8
-99675.3
-130488
-131836
-146973
-135626
-131825
-131531
-136706
-132372
-138066
-148899
-134776
-135086
-137489
-130783
-113853
-102174
-112258
-110182
-113395
-102529
-110904
-111415
-108348
-108354
-99624.1
-99224.2
-109667
-111863
-102174
-97779.8
-90270.3
-85428.5
-85992.4
-96623.6
-101834
-175.087
-159.969
-185.86
-167.295
-184.15
-176.926
-165.761
-242584
-166076
-223244
-255594
-192289
-262604
-234076
-258916
-279375
-192931
-221827
-191932
-264060
-278530
-222766
-161634
-187636
-234208
-161380
-221170
-237227
-226755
-243823
-190431
-166072
-166327
-240529
-228629
-115414
-105496
-113534
-115515
-115876
-105192
-114929
-117920
-117666
-108280
-117418
-108531
-117458
-116238
-130051
-128439
-134504
-141036
-129280
-128378
-133186
-127617
-130454
-138908
-124883
-124935
-131892
-128232
-185440
-128945
-148888
-192316
-128640
-184236
-194775
-188717
-199798
-132472
-151151
-132817
-189875
-197357
-216012
-156861
-231152
-179608
-217401
-157140
-228347
-212409
-222829
-177070
-152825
-152505
-225478
-211161
-179689
-124821
-142060
-189712
-125081
-180953
-187223
-176389
-182063
-139796
-121218
-121011
-184587
-175060
-150329
-157697
-114571
-101886
-101801
-154941
-152052
-170.822
-156.137
-180.251
-162.216
-171.423
-179.715
-161.735
-730.309
-861.015
-966.647
-575.047
-701.79
-733.221
-717.386
-201.475
-180.453
-214.539
-190.613
-209.305
-206.856
-185.208
-170.906
-156.065
-180.438
-162.24
-171.495
-179.835
-161.747
-7068.91
-8653.3
-82261.7
-20986.1
-17162.8
-26690.9
-8493.1
-118547
-138166
-131916
-151307
-128673
-123302
-135849
-112788
-114533
-133524
-149130
-99380.1
-124714
-137447
-141275
-125428
-166277
-191455
-122655
-144565
-195386
-170893
-201505
-152216
-175127
-148408
-174487
-199930
-165652
-134663
-172366
-192984
-143533
-156852
-196607
-172598
-188388
-168652
-152108
-153621
-191080
-170628
-174370
-155934
-170918
-196098
-154907
-175869
-193684
-129682
-136960
-134884
-153774
-125267
-136999
-139241
-129676
-138196
-137688
-153026
-132015
-137968
-136857
-177573
-201908
-154644
-177199
-176522
-156214
-201382
-177616
-156572
-198281
-176185
-176999
-156727
-200078
-129479
-142143
-121024
-124417
-119282
-131662
-139583
-127330
-115903
-122232
-134509
-117592
-125205
-137030
-107529
-93998.2
-103460
-101493
-104707
-107954
-93517.2
-109894
-107148
-96339
-103244
-109456
-105867
-96781.3
-119020
-124608
-109454
-113814
-111040
-117018
-127045
-121049
-114265
-131997
-115914
-123115
-112626
-129517
-105689
-101987
-99912.8
-112731
-100547
-107503
-110432
-106019
-90759.8
-102331
-96604.2
-105615
-101119
-91271.9
-103726
-98844.2
-88604.5
-94932.7
-104099
-100027
-88063.4
-113111
-122181
-107919
-107740
-115050
-106383
-119788
-111211
-103417
-115062
-105725
-109338
-104900
-117408
-180.398
-164.601
-187.492
-168.822
-178.62
-188.961
-170.238
-250420
-180958
-210434
-263087
-180676
-267583
-247177
-256317
-277262
-188864
-212642
-261738
-185174
-272049
-313338
-236141
-248592
-282272
-288929
-272377
-306916
-326815
-302628
-244443
-269038
-303178
-273727
-325193
-312761
-258125
-236427
-285706
-261672
-290564
-307601
-317377
-300287
-239094
-268263
-264630
-295085
-322707
-276344
-229235
-210375
-253638
-257099
-232674
-272507
-280330
-264484
-213550
-239784
-260732
-236192
-284471
-239685
-175966
-202068
-258975
-176107
-242460
-254965
-235109
-247411
-171192
-199159
-232858
-170966
-251043
-297924
-254598
-226796
-281250
-250881
-302778
-276794
-293279
-268422
-243444
-223443
-247158
-288781
-272519
-122086
-114690
-123323
-124967
-121842
-121608
-114820
-119530
-119011
-111637
-122982
-119996
-120471
-111444
-136102
-144735
-122760
-130968
-124550
-133868
-147333
-138356
-128167
-133230
-152598
-126334
-140640
-149963
-147591
-163351
-135620
-142357
-133719
-149944
-160641
-145259
-129990
-140014
-155265
-131862
-142938
-157937
-166316
-185617
-150485
-161532
-148732
-168523
-182829
-164049
-145075
-159057
-177209
-146942
-161730
-180012
-123682
-118087
-124714
-130784
-124180
-126209
-118023
-126242
-129085
-121443
-132857
-125706
-127601
-121444
-154667
-166094
-137499
-149384
-152300
-139416
-168841
-157029
-143212
-174400
-151811
-159390
-141301
-171620
-197573
-140240
-160307
-209820
-140628
-207374
-198683
-194278
-202368
-136707
-158017
-193154
-136334
-204801
-222842
-179878
-166055
-206224
-209061
-182841
-219667
-226015
-214741
-168676
-188779
-211919
-185808
-229181
-238697
-200748
-179219
-226108
-197739
-223270
-241884
-235517
-217592
-176569
-191757
-194742
-220412
-232349
-265195
-225868
-250266
-201297
-247035
-268793
-222571
-261686
-240796
-198397
-216145
-243860
-219330
-258262
-203132
-144603
-167324
-212418
-144220
-202013
-214897
-206522
-220092
-148297
-169694
-207685
-148658
-217547
-248324
-203776
-187264
-228994
-206823
-245094
-231871
-251593
-237762
-213002
-189994
-209898
-254899
-234813
-213285
-176916
-158204
-203347
-200487
-173957
-216480
-210074
-194691
-155587
-168039
-197582
-170997
-206854
-166980
-113474
-130672
-171493
-113381
-174103
-165502
-170332
-179388
-117197
-132949
-171736
-117350
-176822
-197092
-156203
-145108
-182881
-159161
-185848
-193807
-200363
-191753
-165080
-147731
-162122
-203614
-188825
-173731
-167653
-126712
-141416
-164561
-138462
-177119
-160559
-109556
-123785
-168730
-109591
-162118
-166071
-157143
-160555
-105701
-121495
-155504
-105727
-163261
-187184
-153243
-137232
-179866
-150285
-190502
-176858
-183845
-170751
-144371
-134603
-147327
-180493
-173801
)
;

boundaryField
{
    left
    {
        type            calculated;
        value           nonuniform List<scalar> 
670
(
-153.598
-257.784
-182.911
-258.606
-182.135
-332.471
-153.957
-229.574
-153.544
-55643.8
-183.548
-182.269
-154.021
-155892
-151.72
-19.88
-19.2516
-2288.42
-286.66
-53.7082
-198.114
-180.669
-19.2609
-41.8553
-19.9237
-166.607
-19.8008
-19.8019
-151.749
-42.5832
-43.3106
-41.4559
-42.6687
-172694
-671.91
-4170.94
-643.417
-197004
-34.3899
-265.917
-192.3
-180.693
-40.978
-36.8792
-30.8124
-42.2861
-39.7911
-164.452
-19.0881
-19.299
-317606
-259966
-152.884
-132.219
-133.013
-512.984
-244.04
-174.186
-183.976
-224.552
-181.437
-133.345
-134.796
-156.185
-165.147
-150.886
-186.086
-132.909
-131.989
-152.811
-85873.3
-12991.3
-73805.4
-302233
-185.498
-181.447
-157.516
-135.648
-133.316
-503432
-175620
-131.518
-131.988
-152.701
-19.8318
-143.234
-142.855
-143.737
-143.413
-19.8973
-634.29
-291.545
-717.554
-89.123
-201.766
-280.445
-158.918
-184.298
-77.1779
-207.806
-180.962
-19.2338
-145.093
-143.986
-145.437
-19.205
-135.27
-27.5992
-154.148
-157.53
-149.886
-153.254
-23.5685
-180.57
-148.577
-141.956
-19.922
-143.472
-144.076
-142.875
-143.4
-20.2406
-152.59
-131.914
-131.505
-43.2317
-104.719
-105.424
-105.457
-105.768
-42.7261
-41.9193
-102.682
-102.63
-103.932
-103.608
-42.0307
-21846.3
-12849.8
-123627
-424.402
-4364.44
-5888.92
-36749.5
-8554.82
-990.849
-6597.23
-937.852
-102.721
-305488
-4272.01
-24219
-46.2359
-63.847
-79.1514
-70.5844
-75.1764
-57.0982
-188.246
-180.936
-39.8305
-99.994
-101.762
-100.668
-40.3909
-34.4638
-94.4384
-101.871
-85.6721
-97.8694
-32.1418
-42.4721
-104.416
-106.551
-102.798
-106.689
-40.9863
-140.496
-136.512
-158.689
-19.116
-146.791
-149.059
-144.366
-146.182
-19.5368
-463549
-195772
-639737
-737896
-20.5227
-93.7312
-92.5101
-90.8572
-92.5829
-20.1653
-167.707
-141.443
-267.588
-54.9205
-51.0915
-59.5497
-20.0048
-91.9015
-90.8155
-38.0182
-67.2881
-60.6829
-85.8141
-85.7514
-21.0855
-20.3667
-94.1358
-92.7264
-92.4777
-94.2631
-20.774
-41.9732
-83.996
-85.4971
-86.1673
-84.0047
-41.694
-40.4335
-82.124
-83.9947
-85.3813
-83.3313
-41.3476
-125490
-115913
-161272
-567.022
-1014.09
-1253.68
-1272.87
-1004.17
-466.126
-231164
-124599
-142531
-35.9033
-48.5897
-53.0212
-212.935
-113.605
-134.455
-83.3357
-81.4162
-39.7967
-36.3945
-77.1234
-78.9407
-60.0913
-62.2594
-30.2078
-42.1313
-84.2699
-85.3331
-81.9832
-80.6065
-38.5667
-19.6383
-89.9341
-87.6489
-92.2241
-93.7478
-20.3383
-488282
-376206
-233671
-374348
-411166
-132.42
-154.591
-154.465
-155.111
-154.737
-132.689
-210.766
-268.763
-324.585
-211.034
-233.117
-189.108
-133.793
-156.05
-155.48
-157.356
-156.659
-134.28
-158.549
-187.696
-196.971
-177.361
-181.904
-154.506
-132.48
-154.804
-155.203
-154.458
-154.674
-132.319
-19194.1
-25720.1
-23598
-476252
-182990
-134.629
-157.307
-158.548
-155.661
-156.339
-133.944
-536005
-290982
-219398
-131.606
-153.6
-153.497
-154.223
-153.903
-131.807
-92.2048
-94.2106
-20.7522
-143.34
-141.39
-141
-140.835
-141.25
-143.15
-143.796
-141.247
-140.81
-141.078
-141.424
-143.736
-20.6293
-93.8097
-92.2314
-457.276
-754.645
-1129.39
-410.953
-554.564
-362.237
-49.5672
-72.952
-107.268
-227.654
-131.344
-127.736
-191.246
-140.528
-254.28
-163.34
-130.806
-132.929
-128.084
-128.302
-170.293
-71.1917
-45.4894
-42.6684
-90.0559
-92.0619
-20.0546
-144.935
-141.606
-141.36
-140.886
-141.376
-144.526
-141.486
-89.9185
-76.2049
-74.3575
-30.1118
-155.55
-140.363
-141.165
-135.899
-138.25
-156.264
-151.191
-142.92
-142.674
-142
-142.517
-152.139
-23.2618
-82.5849
-79.2384
-145.972
-171.031
-174.231
-166.019
-168.484
-144.025
-93.1223
-95.053
-20.9658
-143.956
-142.117
-141.549
-141.713
-142.024
-144.019
-143.219
-141.479
-140.899
-141.51
-141.712
-143.386
-20.8983
-94.8978
-93.3399
-131.649
-153.924
-154.311
-153.541
-153.655
-131.568
-86.4523
-84.4085
-41.9479
-102.01
-111.669
-114.425
-114.107
-110.73
-100.429
-102.157
-111.471
-114.283
-114.583
-112.091
-102.348
-42.7459
-85.193
-86.0666
-84.8093
-83.199
-41.0294
-99.878
-110.109
-112.756
-112.183
-109.018
-98.5556
-99.9077
-110.294
-113.492
-113.246
-110.71
-100.607
-41.6769
-83.8589
-85.0556
-15426.9
-55504.7
-66343.5
-34066.7
-39561.6
-12397.2
-821.246
-592.043
-342.484
-3185.35
-1832.86
-2486.39
-3202.47
-2354.36
-4156.85
-4338.86
-7082.69
-14374.2
-1751.15
-3616.2
-1995.37
-5743.44
-2438.37
-3342.89
-350.574
-1104.22
-3512.84
-234.798
-505.634
-135.467
-84969.2
-137672
-264991
-7601.84
-48784.9
-31382.7
-67093.8
-59711.6
-16577.1
-47.4753
-45.8733
-42.8903
-68.1606
-70.3954
-68.1199
-81.0916
-71.8556
-66.8849
-70.2647
-88.9139
-125.771
-73.7688
-71.5897
-65.3191
-76.503
-70.2661
-54.3049
-82.2128
-110.19
-97.3965
-108.147
-111.542
-110.984
-108.305
-98.0114
-39.6648
-81.3955
-83.0573
-74.7623
-73.9726
-33.6841
-94.5349
-102.181
-102.412
-108.366
-103.74
-94.8249
-90.4212
-91.7024
-87.7475
-101.785
-95.7323
-91.7188
-31.3877
-68.3506
-71.5018
-85.6178
-83.6638
-41.0762
-102.592
-111.382
-113.524
-114.285
-110.972
-100.878
-101.66
-108.961
-110.164
-113.641
-110.777
-102.85
-41.1614
-83.4935
-84.4024
-138.932
-162.263
-164.067
-159.653
-160.938
-137.768
-91.193
-92.4961
-20.065
-147.796
-143.437
-142.873
-142.849
-143.226
-148.396
-145.075
-142.428
-141.773
-142.717
-142.714
-145.632
-20.0941
-93.6157
-91.9511
-419756
-152.947
-167.202
-167.732
-307.025
-284.49
-251.463
-168.097
-168.748
-154.396
-229.584
-215.505
-207.794
-167.836
-167.383
-152.858
-154.656
-169.067
-168.369
-165.876
-165.967
-151.65
-1708.84
-1067.7
-1520.88
-170.433
-183.998
-180.906
-151.628
-166.017
-165.965
-6844.24
-5213.42
-2609.89
-178.348
-176.155
-161.607
-167.099
-167.17
-152.81
-424.692
-338.246
-386.921
-155.116
-169.481
-170.421
-196.519
-205.498
-198.126
-152.743
-167.257
-167.178
-73898.2
-21105.4
-29171.1
-171.814
-170.302
-155.685
-149494
-252223
-283334
-152.016
-166.366
-166.865
-1023.87
-794.209
-551.876
-192.51
-187.718
-173.954
-166.941
-166.43
-151.922
-20612.5
-10717.5
-14062.6
-160.165
-174.555
-173.19
-317110
-345132
-217030
)
;
    }
    bottom
    {
        type            calculated;
        value           nonuniform List<scalar> 0();
    }
    interface
    {
        type            calculated;
        value           nonuniform List<scalar> 
2110
(
-7.5072
-5.77811
-55.8808
-133.522
-7.88685
-42.4622
-16.7599
-16.5741
-18.3319
-5.58213
-6.00158
-18.8392
-18.1205
-31.9486
-126.043
-217.053
-230.613
-15.9082
-7.2294
-11.8291
-18.1211
-7.64776
-17.1441
-12.7341
-371637
-385605
-229624
-412556
-219528
-282504
-266529
-392185
-407435
-494260
-466491
-366755
-351609
-287850
-303927
-387030
-371298
-306123
-322545
-235545
-300650
-284253
-6.87843
-6.93278
-73.1791
-81.1483
-9.47295
-10.1141
-28.8615
-22.2125
-17.1223
-101.045
-17.1918
-6.47314
-5.57322
-17.866
-103.1
-18.7596
-102.86
-337275
-350349
-402182
-389992
-365265
-354433
-47.6471
-61.4656
-54.1562
-75.752
-1824.1
-3760.44
-405801
-412896
-3820.1
-368355
-368086
-368941
-4160.22
-739.442
-240210
-224660
-197371
-216172
-202030
-245437
-261231
-254856
-240212
-220938
-235364
-14.6434
-99.0677
-13.8207
-7.51014
-10.1288
-81.6991
-4.492
-2.81878
-99.0524
-92.362
-17.0075
-14.4793
-103.88
-369279
-384395
-428504
-412508
-406124
-389554
-434411
-457980
-458723
-440962
-412229
-434351
-332712
-318608
-330651
-346433
-299196
-313804
-325332
-309288
-259766
-274550
-294283
-279487
-364280
-349245
-349815
-365972
-329026
-344209
-344383
-328015
-288254
-303560
-323943
-308661
-257073
-240906
-222402
-242515
-227413
-262488
-278799
-283154
-267872
-247570
-262786
-582526
-430947
-595483
-428067
-337043
-425607
-334608
-112.797
-7.46476
-6.26951
-114.618
-86.4966
-58.112
-88.351
-193.272
-113.033
-8.4455
-89.9573
-40.021
-109.155
-15.7181
-62.5328
-15.7506
-17.0877
-64.074
-114.797
-6.45996
-114.459
-5.52194
-64.7619
-17.1306
-64.1011
-17.9436
-281738
-240886
-256082
-303906
-24.3812
-35.2597
-58.6209
-106.617
-152766
-179066
-197175
-227449
-200518
-224524
-292.34
-669.237
-195205
-216144
-218968
-192785
-202592
-228516
-228530
-202090
-467647
-207786
-255548
-305046
-253131
-221.605
-693.23
-281123
-153475
-179918
-150224
-143518
-162316
-159233
-146155
-130771
-141351
-144252
-128315
-287273
-211923
-180616
-156761
-183837
-160077
-123512
-138484
-135655
-125895
-61.7688
-14.7987
-114.252
-6.03082
-110.381
-12.6037
-34.0381
-16.0399
-7.82546
-55.9883
-63.6142
-17.6315
-11.3083
-59.691
-332408
-333119
-337873
-462035
-370304
-368229
-364306
-344327
-373583
-370100
-346535
-337664
-354377
-332034
-360462
-298005
-313438
-317932
-293812
-321498
-348717
-343036
-326801
-391593
-398841
-376343
-373951
-277801
-237579
-234176
-386932
-212822
-249132
-216433
-151516
-165426
-148822
-168560
-165287
-187742
-168087
-184514
-187582
-213187
-190230
-210137
-173710
-190975
-194211
-170896
-380764
-216014
-184131
-187666
-209208
-244975
-327740
-328490
-298159
-296071
-302362
-238999
-249998
-253838
-235483
-256558
-276889
-260090
-273030
-285805
-309075
-289751
-304824
-267219
-280766
-284665
-263642
-260502
-264919
-293976
-291611
-289810
-227208
-220577
-222970
-228429
-246151
-231960
-242297
-210584
-218950
-222870
-206974
-256063
-260764
-256603
-231436
-225008
-199709
-215018
-211074
-203348
-145.235
-122.993
-145.895
-122.49
-284.669
-208.689
-255.949
-233.649
-146.825
-123.284
-146.07
-123.776
-308.616
-210.252
-189.791
-227.941
-174.516
-144.991
-122.634
-145.727
-121.77
-406392
-376414
-448211
-381074
-420978
-61880.9
-135638
-137140
-469547
-415577
-455434
-411717
-240995
-214419
-127479
-312054
-309944
-277167
-292495
-271841
-117118
-158.58
-162.439
-146.935
-122.942
-146.17
-123.834
-411701
-397296
-402374
-426844
-224672
-243056
-243206
-214536
-212262
-216863
-492313
-533942
-489229
-483777
-486509
-401220
-361781
-411036
-356729
-385012
-128169
-137482
-135754
-315778
-293204
-333301
-298564
-406438
-381831
-376585
-390097
-183768
-181854
-185638
-208062
-320866
-311597
-338382
-317072
-245766
-230200
-177974
-309582
-315030
-295180
-297551
-289713
-113.825
-113.234
-6.58999
-114.856
-10.4193
-112.594
-112.759
-143.955
-121.097
-121.097
-143.898
-5.88178
-114.648
-111.908
-111.815
-112.254
-11.4875
-112.119
-84.7931
-190.328
-209.87
-71.5826
-70.5236
-78.7473
-100.713
-262.794
-233.643
-119.27
-815.347
-660.765
-499.965
-1025.61
-81.8985
-88.3187
-407.489
-356.702
-293.818
-336.443
-114.167
-114.477
-13.4958
-8.7392
-112.556
-12.7052
-115.715
-115.079
-112.651
-116.066
-14.6104
-179.309
-180.593
-195.911
-164.313
-134.924
-138.948
-159.881
-175.063
-162.315
-28.7037
-102.522
-143.821
-152.367
-125.362
-129.102
-21.1282
-22.1435
-104.133
-26.0413
-138.46
-132.806
-106.86
-97.7239
-16.6283
-63.3771
-98.8103
-107.496
-17.5194
-63.604
-108.109
-98.9772
-107.918
-99.5102
-143.927
-121.005
-143.94
-121.018
-10.2514
-113.26
-112.376
-12.1192
-5.08138
-115.548
-111.793
-112.457
-10.731
-9.98565
-111.812
-11.4012
-111.711
-5.67707
-115.87
-9.22913
-112.028
-111.474
-10.8586
-108.672
-100.808
-18.7218
-64.5347
-109
-108.579
-99.4829
-17.7604
-65.1125
-109.069
-309583
-341747
-249820
-292903
-346112
-321827
-452615
-437969
-398299
-425479
-394231
-252254
-296264
-254224
-335091
-361974
-325611
-358324
-72.5302
-46.1413
-14.4295
-64.9405
-59.0609
-54.6646
-16.481
-100.989
-63.4718
-62.8932
-2510.05
-720.512
-1338.37
-1513.95
-116653
-105301
-157759
-200605
-169449
-184681
-27874.7
-2138.6
-191885
-210988
-183063
-219911
-326.072
-316.583
-993.882
-897.014
-2785.04
-952.885
-6850.34
-1770.97
-3631.7
-197440
-223999
-221613
-199409
-130795
-125593
-131781
-202132
-226044
-227600
-201023
-479762
-441818
-409067
-453070
-411730
-366931
-232385
-295797
-211183
-29862.4
-6037.84
-368587
-332924
-4455.91
-5943.53
-337160
-370024
-240672
-297445
-370901
-333646
-180.859
-1139.53
-3187.93
-1563.25
-263688
-235004
-246633
-229819
-140698
-164530
-192743
-180700
-197837
-211432
-143835
-168331
-147011
-206718
-184941
-140907
-153148
-138324
-156175
-122055
-122585
-133257
-150151
-135776
-147184
-305834
-269416
-250684
-286702
-255948
-233258
-249960
-170220
-199757
-173657
-245078
-219825
-202189
-225726
-166809
-195742
-230536
-215384
-114335
-127389
-124711
-116574
-120829
-121164
-130104
-132862
-118848
-106.212
-96.6497
-14.4695
-61.3656
-105.816
-60.3792
-104.91
-164.053
-165.718
-154.25
-133.064
-157.129
-130.225
-113.468
-114.197
-12.2571
-7.81712
-114.686
-116.196
-114.645
-13.6536
-123.24
-120.475
-8.05406
-114.093
-116.908
-118.904
-79.4847
-5.45595
-47.2351
-94.5365
-2.13867
-51.4838
-101.926
-93.4649
-96.0866
-108.419
-99.7884
-15.797
-63.8797
-100.986
-107.866
-15.6383
-62.1607
-103.989
-99.6324
-107.459
-100.864
-351034
-374286
-346908
-347850
-379317
-365928
-446359
-422929
-431693
-417656
-351975
-353115
-358613
-387698
-400333
-371086
-394850
-238928
-353753
-374503
-350264
-378853
-342462
-371883
-348016
-365744
-302348
-327400
-322579
-306862
-228005
-231333
-316451
-332406
-337636
-311550
-451629
-441153
-474591
-448330
-424485
-454241
-395770
-398507
-404278
-456449
-418793
-393690
-418970
-392321
-395629
-425872
-413947
-305306
-328073
-227180
-265666
-230703
-323368
-292131
-362355
-335945
-379434
-341208
-223621
-261556
-274112
-304091
-287660
-308963
-133307
-132214
-130931
-154229
-174892
-156967
-171716
-162500
-178084
-159723
-181293
-184869
-203853
-207018
-182109
-133408
-176520
-200657
-197440
-179324
-362092
-356582
-319994
-339138
-314645
-237767
-264687
-194797
-228372
-191222
-269616
-251365
-269568
-289358
-198385
-232514
-284425
-255914
-346183
-359278
-314022
-315166
-354267
-331770
-367410
-355226
-384501
-360614
-309510
-310856
-312650
-334098
-326986
-339160
-193005
-242510
-261508
-246017
-257674
-253037
-265344
-249525
-269183
-281954
-296585
-300666
-278184
-198529
-196652
-270828
-292565
-288596
-274479
-361639
-338938
-344213
-333481
-274426
-293355
-273820
-277359
-298458
-288758
-307872
-318854
-278263
-281505
-313759
-293537
-268625
-251671
-251453
-246282
-202895
-210199
-217403
-212624
-231541
-237470
-207309
-214464
-232436
-217342
-224886
-234560
-221331
-238434
-167708
-165574
-169847
-214180
-230675
-217763
-226779
-274382
-267916
-291741
-273352
-269650
-278056
-242750
-248253
-252433
-272962
-255334
-236289
-252634
-238312
-244064
-239865
-257706
-250567
-185003
-199174
-195184
-188702
-161151
-163353
-196055
-203152
-207119
-192385
-433431
-330783
-328338
-464240
-465838
-384552
-378380
-278623
-284777
-157.976
-159.922
-156.736
-259.534
-233.159
-477.77
-100.664
-103.232
-103.609
-75.3378
-175329
-135014
-130426
-484929
-4654.77
-256755
-126298
-126427
-117288
-99.9767
-158.167
-94.1826
-103.945
-102.391
-73666.6
-169419
-142540
-139813
-179402
-199132
-169034
-174372
-136932
-138391
-142106
-142574
-150449
-155185
-168986
-164256
-445661
-210184
-224099
-189603
-194580
-129098
-128575
-132416
-134795
-355836
-408633
-165246
-169318
-187335
-183170
-353428
-135915
-134050
-125633
-150196
-145163
-131820
-254256
-163116
-158705
-141329
-102.015
-101.743
-69.3115
-119819
-72608.2
-121485
-132029
-115.837
-262810
-123398
-123682
-120693
-119960
-98.501
-155.974
-156.588
-172.065
-100.124
-39347.9
-127444
-91267.6
-130419
-139235
-183652
-200939
-182195
-174812
-140391
-139361
-141305
-141790
-159821
-155271
-159790
-164315
-450064
-208112
-224256
-204429
-197289
-483233
-405123
-130496
-131430
-133389
-131935
-402730
-175227
-171363
-177241
-181100
-359692
-130702
-132983
-129566
-126843
-139288
-144705
-138602
-132747
-260309
-151611
-156452
-303355
-149212
-143888
-438594
-524816
-324530
-436082
-538933
-422530
-343308
-420093
-340881
-322076
-115.972
-11.6958
-13.3311
-117.195
-10.2416
-11.4996
-84.9585
-136.476
-135.59
-131.409
-115.518
-12.4711
-96.5925
-49.2824
-60.6582
-110.82
-22.7864
-60.7503
-62.1096
-117.532
-117.752
-62.5936
-62.8477
-244062
-285589
-460589
-255607
-301941
-19.3309
-45.248
-598.62
-165.177
-471226
-287944
-43160.6
-304694
-554.419
-274996
-176027
-293442
-177124
-207848
-187781
-59.9603
-117.257
-11.5593
-113.606
-16.3987
-19.6464
-36.4934
-54.5613
-62.8965
-58.1823
-337147
-458163
-362603
-470271
-393877
-394741
-380012
-382868
-273799
-393056
-253283
-374562
-220119
-205593
-240818
-323129
-323968
-390674
-300541
-372175
-264941
-269069
-287159
-272494
-216152
-290950
-251627
-229443
-235656
-145.043
-121.805
-122.013
-144.836
-195.66
-157.92
-156.051
-196.705
-156.885
-154.168
-196.432
-154.771
-156.707
-154.496
-196.152
-341.288
-307.234
-267.131
-385.955
-367.177
-481.865
-319.471
-342.802
-308.846
-466.225
-410.81
-893.061
-502.011
-482.19
-158.403
-158.55
-147.198
-124.894
-148.104
-124.244
-197.992
-155.631
-196.621
-156.025
-198.52
-158.604
-156.262
-200.1
-219.271
-195.465
-153.796
-184.144
-163.611
-282.155
-245.69
-299.492
-237.203
-261.154
-198.355
-207.001
-249.208
-324.861
-144.976
-121.085
-144.469
-121.816
-196.462
-155.977
-154.289
-196.848
-196.591
-156.437
-154.951
-156.754
-154.497
-196.476
-101.05
-411420
-443529
-416286
-64.9855
-29647.3
-81961.4
-102398
-11286.4
-28628.5
-96744
-35294.8
-94513.2
-79848.5
-57454.3
-13009.9
-33207
-132045
-137989
-137417
-134466
-130361
-131915
-137713
-134161
-130090
-135560
-131227
-136634
-499358
-459940
-82275.7
-454286
-250726
-235380
-125212
-111171
-108313
-109629
-111672
-126708
-127804
-113655
-112218
-113139
-110867
-125902
-125037
-318286
-304117
-298300
-102012
-97754.2
-96599.9
-116854
-101645
-118083
-97.0839
-156.784
-159.372
-160.182
-147.837
-125.935
-149.511
-124.277
-198.151
-156.267
-197.372
-156.483
-200.029
-160.158
-157.302
-202.043
-86.6054
-88.8137
-141467
-141511
-173598
-193305
-171535
-171748
-137208
-138204
-142795
-142142
-152746
-152910
-166577
-166604
-416856
-440994
-421902
-259271
-281319
-251748
-262861
-282457
-197300
-215668
-245692
-272379
-269716
-252066
-226226
-246375
-243016
-219344
-228295
-190773
-193243
-222456
-236667
-220648
-239747
-514772
-516717
-505714
-395920
-416845
-390513
-130496
-117706
-117620
-129574
-117176
-116196
-129016
-127480
-115145
-113495
-115669
-114886
-130304
-135290
-127259
-130396
-131829
-127962
-135129
-129766
-134437
-128903
-133124
-136772
-132354
-349574
-321617
-327459
-401077
-414426
-395625
-188227
-202163
-187519
-189597
-199663
-166265
-168349
-185162
-194596
-183750
-197114
-206108
-212122
-225242
-227951
-204112
-210649
-186290
-210171
-184140
-215496
-233647
-217104
-230782
-347157
-326705
-332545
-135547
-134509
-123455
-124720
-147873
-147522
-129212
-248229
-240098
-175986
-176109
-184283
-186866
-174582
-179932
-162039
-179208
-192022
-180673
-189474
-173976
-159851
-315822
-309197
-303370
-151833
-149884
-159765
-156947
-151776
-154178
-139777
-117.973
-11.6703
-144.245
-121.473
-144.559
-121.33
-194.677
-156.105
-153.852
-155.662
-153.145
-194.355
-195.301
-156.484
-154.972
-196.013
-153.536
-118.154
-10.0804
-80.4795
-588.058
-362.054
-507.656
-438.488
-1400.56
-2355.14
-395.44
-2226.35
-1196.29
-692.464
-1994.44
-964.571
-738.113
-496.275
-102.753
-147.496
-131.569
-116.065
-14.3646
-155.894
-197.024
-169.032
-148.354
-176.207
-142.24
-221.382
-169.598
-173.553
-215.979
-228.832
-186.734
-237.136
-178.649
-103.251
-40.2742
-34.9558
-107.85
-31.3015
-5064.02
-1149.17
-103.583
-61.975
-104.796
-62.7255
-104.885
-105.344
-144.025
-121.337
-144.579
-120.788
-194.745
-154.012
-194.751
-155.751
-153.145
-195.647
-154.791
-196.293
-153.447
-118.998
-9.84206
-118.875
-100.721
-105.748
-64.0394
-106.593
-105.251
-63.2012
-106.182
-313778
-247064
-289326
-317870
-456747
-433946
-429806
-299311
-332376
-329152
-63.5214
-13.8883
-61.5911
-69.4178
-24.1761
-75.5845
-59.9371
-4600.4
-9101.91
-12609.2
-2725.42
-2851.47
-16608.4
-6820.03
-3041.15
-10075.3
-2190.64
-5896.01
-17730.1
-14380.9
-24211.2
-112028
-114408
-85467.3
-98603.7
-124564
-121902
-112078
-117952
-131821
-128565
-122882
-103576
-38535.5
-136198
-124339
-8513.2
-31203.5
-117972
-143468
-4885.08
-24033.6
-165589
-134539
-143418
-156775
-170843
-152145
-148327
-174438
-694.528
-174324
-155872
-154850
-175822
-172554
-152055
-153564
-170585
-129216
-138118
-135154
-131660
-137884
-127820
-129269
-134789
-124757
-136909
-127469
-177567
-156510
-176951
-156661
-177523
-154573
-176473
-156147
-474690
-445723
-449344
-173.42
-427.22
-320584
-43490.1
-293119
-22876.3
-331666
-8102.47
-338008
-249263
-302846
-337512
-326.433
-1135.42
-784.883
-268891
-257981
-252295
-137596
-160758
-176488
-193510
-172162
-189211
-127306
-115874
-117561
-125182
-129454
-120992
-119252
-131636
-124267
-109709
-107114
-123656
-109224
-105836
-122240
-107308
-103431
-104675
-107775
-124957
-121026
-114236
-123092
-112599
-118998
-109428
-111012
-116996
-299630
-275161
-280923
-228764
-203792
-224285
-206565
-163426
-191749
-210964
-105670
-101962
-100524
-107483
-118663
-103527
-98818.8
-119014
-103932
-99999.5
-120385
-121729
-105847
-102302
-105405
-101092
-119051
-111191
-103393
-109317
-104875
-113090
-107893
-115029
-106358
-102.813
-59.8978
-102.939
-155.634
-169.317
-152.549
-126.617
-150.564
-128.777
-207.95
-167.738
-211.213
-163.603
-205.838
-160.994
-203.905
-162.338
-117.5
-11.4484
-116.943
-14.2586
-14.0491
-83.2832
-44.2728
-88.0957
-92.786
-50.6013
-97.6698
-95.8026
-105.391
-61.9992
-105.585
-61.6498
-102.538
-104.685
-68346.4
-120159
-113882
-134809
-136561
-188284
-193907
-178795
-177710
-140399
-139455
-141184
-142047
-157554
-157537
-162070
-162012
-355927
-341974
-342775
-360884
-454231
-441327
-436509
-357207
-381913
-376405
-245760
-255355
-279599
-260962
-274450
-211054
-234887
-251976
-218652
-249955
-265760
-270372
-246645
-329709
-304740
-306339
-327099
-319863
-297943
-295433
-322508
-319749
-302834
-297703
-324981
-315281
-288440
-293410
-310020
-282537
-267027
-263232
-286704
-278531
-256090
-259587
-274674
-224767
-234752
-249938
-232321
-253640
-202285
-221941
-198931
-239137
-261648
-242079
-257534
-295577
-270984
-291039
-275136
-300254
-283978
-305176
-279436
-475116
-457824
-464575
-422187
-404970
-431511
-400141
-385647
-388671
-406409
-300963
-269750
-296568
-399124
-368094
-373790
-220035
-257425
-278645
-283163
-119233
-118965
-131935
-119773
-120422
-132461
-129586
-121853
-123271
-121794
-121297
-138328
-128132
-126300
-140611
-136075
-122728
-124516
-133841
-145230
-129955
-131824
-142909
-147560
-135580
-133682
-149912
-164010
-145029
-146893
-161693
-166276
-150433
-148683
-168482
-135773
-125986
-129026
-125364
-127546
-131295
-134601
-134456
-134184
-123356
-124663
-123935
-126154
-156994
-143166
-159355
-141258
-154634
-137459
-152268
-139373
-368336
-350783
-344967
-242290
-224239
-246823
-265018
-201985
-236663
-260466
-341360
-318559
-319532
-336557
-396739
-373148
-378849
-305019
-306592
-317426
-322205
-191207
-194000
-204698
-192659
-207190
-174317
-194863
-189345
-172297
-197075
-212232
-209726
-198405
-228037
-217028
-214179
-231214
-224856
-208459
-211322
-221668
-237569
-219876
-222723
-234390
-240756
-228442
-225578
-243954
-263814
-243179
-246273
-260377
-267334
-252712
-249449
-270947
-200338
-206015
-222545
-207402
-219940
-178147
-202257
-180177
-202854
-214791
-201510
-217329
-253688
-240146
-257005
-237169
-250412
-231326
-247170
-234229
-365943
-355847
-350037
-279200
-269381
-273216
-283978
-303092
-282710
-285654
-298313
-131337
-132435
-128836
-127668
-141735
-142306
-136105
-135299
-266388
-262883
-257159
-198486
-205924
-207913
-226798
-211729
-218722
-222065
-212042
-196866
-199786
-208806
-215263
-205581
-202693
-218471
-169861
-181633
-171916
-171456
-179006
-152909
-155235
-166701
-173638
-176309
-165036
-202286
-193924
-205554
-190965
-199001
-184985
-187983
-195699
-297143
-280156
-285942
-264874
-247189
-260102
-241042
-233877
-245801
-175505
-169659
-166529
-178917
-158846
-156867
-162612
-155050
-165378
-147832
-156573
-145355
-160100
-170893
-161839
-168174
-185684
-172768
-182310
-175853
-189040
-181961
-192378
-178920
)
;
    }
    procBoundary3to0
    {
        type            processor;
        value           nonuniform List<scalar> 
43
(
-232.4
-196.032
-196.635
-231.539
-195.834
-195.193
-230.026
-193.964
-193.913
-230.166
-194.121
-194.059
-233.576
-197.936
-196.691
-230.888
-194.489
-195.344
-231.242
-194.628
-230.339
-194.475
-193.925
-230.626
-194.199
-194.779
-196.032
-196.635
-197.936
-196.691
-195.834
-195.193
-194.489
-195.344
-194.628
-193.964
-193.913
-194.475
-193.925
-194.121
-194.059
-194.199
-194.779
)
;
    }
    procBoundary3to1
    {
        type            processor;
        value           nonuniform List<scalar> 
23
(
-173.493
-160.859
-129.533
-155.409
-129.567
-36.5944
-95.0853
-28.493
-97.5477
-157.744
-129.533
-155.409
-158.566
-129.533
-37.9029
-48.3929
-106.737
-46.1129
-58.4021
-93.6708
-184.51
-166.473
-175.591
)
;
    }
    procBoundary3to2
    {
        type            processor;
        value           nonuniform List<scalar> 
328
(
-338.249
-312.16
-445.817
-438.381
-503.56
-783.556
-483.926
-28991.9
-92862.2
-86889.9
-232.196
-195.772
-196.023
-233.856
-198.035
-197.228
-92862.2
-92862.2
-104527
-104527
-104527
-99239.7
-99239.7
-99239.7
-87739.9
-87739.9
-87739.9
-92586.1
-92586.1
-92586.1
-86644
-86644
-86644
-97373.1
-97373.1
-97373.1
-86889.9
-86889.9
-79451.1
-85096.9
-85096.9
-85096.9
-1784.34
-253.691
-226.389
-215.725
-1784.34
-1784.34
-1784.34
-1784.34
-1784.34
-3383.14
-83650.4
-88895.9
-84053.2
-82997.6
-245.312
-207.622
-212.484
-3383.14
-3383.14
-3383.14
-3383.14
-3383.14
-83650.4
-83650.4
-88895.9
-88895.9
-107397
-107397
-107397
-105901
-105901
-105901
-90064.9
-90064.9
-90064.9
-90777.3
-90777.3
-90777.3
-91085.5
-91085.5
-91085.5
-92560.7
-92560.7
-92560.7
-84053.2
-84053.2
-82997.6
-82997.6
-80089.9
-80089.9
-80089.9
-78275.4
-78275.4
-78275.4
-503.56
-291.045
-311.773
-253.787
-503.56
-503.56
-503.56
-503.56
-503.56
-81051.9
-76922.1
-92664
-85995.6
-80703.7
-195.167
-236.402
-199.237
-201.163
-81051.9
-81051.9
-81051.9
-81051.9
-81051.9
-76922.1
-76922.1
-92664
-92664
-121581
-121581
-121581
-101286
-101286
-101286
-88549.2
-88549.2
-88549.2
-92076.8
-92076.8
-92076.8
-88148.5
-88148.5
-88148.5
-95666
-95666
-95666
-85995.6
-85995.6
-80703.7
-80703.7
-83495
-83495
-83495
-74401.2
-74401.2
-74401.2
-832.724
-267.387
-228.565
-253.711
-832.724
-832.724
-832.724
-832.724
-832.724
-43151.5
-74254.3
-91579.9
-85050.4
-81882.4
-240.009
-205.539
-202.479
-43151.5
-43151.5
-43151.5
-43151.5
-43151.5
-74254.3
-74254.3
-91579.9
-91579.9
-117528
-117528
-117528
-103415
-103415
-103415
-89323
-89323
-89323
-91455.1
-91455.1
-91455.1
-89622.9
-89622.9
-89622.9
-94075.8
-94075.8
-94075.8
-85050.4
-85050.4
-81882.4
-81882.4
-81828.7
-81828.7
-81828.7
-76380.4
-76380.4
-76380.4
-312.16
-445.817
-311.773
-253.787
-783.556
-483.926
-1019.35
-1621.96
-195.772
-196.023
-195.167
-198.035
-197.228
-199.237
-201.163
-211360
-160624
-267730
-158029
-160935
-160166
-156419
-141263
-137760
-163173
-168968
-144758
-145152
-146689
-146436
-152040
-153144
-154755
-153526
-160956
-158559
-158439
-160511
-133063
-133291
-135023
-134728
-143751
-143295
-141910
-142380
-151393
-150418
-148660
-149507
-135037
-137875
-137693
-131432
-131281
-129364
-129430
-116897
-117354
-226.389
-215.725
-228.565
-253.711
-6986.73
-9215.82
-3839.54
-2606.69
-207.622
-212.484
-205.539
-202.479
-22220.8
-19637.2
-61235.4
-154481
-134905
-148839
-137235
-114654
-154415
-146362
-152990
-158284
-156658
-154289
-165008
-169375
-151068
-151708
-148533
-148426
-157567
-156066
-154868
-156233
-157089
-158747
-159741
-157906
-138168
-137767
-136289
-136643
-139180
-139616
-141014
-140553
-144719
-145307
-147476
-146761
-142982
-142527
-140188
-140509
-125075
-124948
-127272
-127300
-122450
-122681
-120110
-119768
)
;
    }
    procBoundary3to7
    {
        type            processor;
        value           nonuniform List<scalar> 
49
(
-83402.3
-108908
-247105
-235730
-142712
-134607
-158127
-112142
-130824
-122082
-119688
-182146
-189634
-199536
-179544
-160959
-147145
-190063
-209523
-239620
-114990
-115442
-115442
-122483
-127139
-212057
-228917
-147338
-136793
-188236
-172588
-203868
-195087
-99923.3
-88665.6
-82839.1
-95560.1
-146839
-112265
-98039.9
-152030
-103905
-97980.3
-99140.4
-108143
-170321
-124079
-161417
-135507
)
;
    }
}


// ************************************************************************* //
