/*--------------------------------*- C++ -*----------------------------------*\
| =========                 |                                                 |
| \\      /  F ield         | OpenFOAM: The Open Source CFD Toolbox           |
|  \\    /   O peration     | Version:  2012                                  |
|   \\  /    A nd           | Website:  www.openfoam.com                      |
|    \\/     M anipulation  |                                                 |
\*---------------------------------------------------------------------------*/
FoamFile
{
    version     2.0;
    format      ascii;
    class       volScalarField;
    location    "0.106/solid";
    object      sigmaMax;
}
// * * * * * * * * * * * * * * * * * * * * * * * * * * * * * * * * * * * * * //

dimensions      [1 -1 -2 0 0 0 0];


internalField   nonuniform List<scalar> 
3125
(
-123.437
-93.8739
-134.854
-123.88
-134.237
-119.627
-114.118
-92.4841
-123.468
-13608.7
41516.5
44416.8
-134.191
-134.985
-123.995
-23740.3
10763.3
44159.3
41983.3
9772.5
10584.2
9659.68
49.8934
-122.189
52.7478
0.930375
784.128
-63.0616
49.41
-133.12
-139.112
-130.622
6.57715
39.1473
42.9982
45.7602
-122.177
52.6158
52.9171
45.9846
45.9348
23571.4
20220.9
-5.18779
-70.6079
2146.88
33689.1
-61492.1
7310.62
-45.242
13800.1
37788.5
9665.8
-58849.4
17881.5
-40.5272
21357.9
13047.8
44960.6
13052.1
21874.4
21435
45036.2
13050.3
42.3271
-133.106
-138.536
-129.349
51.8994
42.3461
1.31719
32.3763
45.2063
36.1043
1357.47
1516.43
11575.3
-70263.9
5091.41
4736.61
11749.7
5003.15
-69600.6
1596.49
23456.5
22528.2
43272.6
13051.1
13200
13762.9
42963
13250.3
21931.1
22428.7
1342.45
1272.97
10084.5
4189.26
4386.14
4689.05
10188.8
4417.48
1221.72
1265.65
1157.29
4161.74
9259.03
3941.65
1215.9
1166.04
9102.86
3905.73
-77.1348
-122.85
-76.2786
-86.5153
18.9322
-49.7379
-135.682
-125.103
-77.438
-78.5398
-133.703
-133.339
-130.756
-90.5149
-90.3342
-122.805
-76.6631
-75.9334
46551.9
47648.9
43726.4
8413.81
-20438.1
-5244.12
5464.95
15372.5
40829.2
14608.7
-81453.7
26051.8
38365.1
16243.1
44641.7
16635
41862.6
41148.4
45001.4
17483.9
-133.658
-136.051
-125.843
-77.0427
-78.6733
-28947
-29736.7
16660.6
-51206.5
4350.82
2666.71
11015
2859.39
-50284.8
-29420.7
46164.7
45090.2
43876.9
16233
15877.4
15345.5
42335.9
15534.4
42085.8
42741.7
-28699.9
-28020.6
9881.07
2475.24
2568.53
2725.85
10427.8
2564.02
-25938.6
-26429.8
-23186.6
2549.35
9536.93
2456.37
-25768.6
-25227.3
8749.2
2435.83
-46.2208
51.6912
-45.1912
-122.606
-75.7565
-76.1007
51.9093
-44.7519
-45.0239
-63.7287
-8.8472
-46.4847
197.499
197.724
-19.7708
-11.8212
6.10283
-35.8552
-78.9567
-46.499
47.5153
-47.4918
46.9174
-47.87
-133.357
-138.174
-131.711
-84.2127
-88.9416
-64.3395
24.0503
-59.9111
-52.9199
28.3801
-58.1145
165.693
44.3947
166.754
44.7185
168.12
167.626
-122.565
-75.7245
-75.7855
-45.4387
53.3502
-44.6542
-44.6936
53.5655
-44.5364
169.853
46.3172
170.452
169.378
46.5123
169.579
35364.3
23528.1
35976.5
47379.4
47903.4
23229.1
34362.9
35996.1
121.315
-17.2244
99.5622
-21.146
95.0081
106.158
17027
317.21
5786.59
34300.2
9027.59
944.547
-23651.7
-4108.32
28.6486
-3871.07
1680.14
8193.33
-2306.54
-1880.47
-76.8729
-780.138
2899.85
14596.4
13466.7
13968.1
39559.5
10951.1
14225
13051.3
10208.5
13544
46261.2
33568.7
-82698.1
-1288.78
361.76
19172.8
-638.174
32612.8
4496.79
20289.2
109.66
-581.837
417.165
39742.6
38732.4
21008.3
29315.8
30288.8
21103.6
29575.5
14957.1
13048.8
15222.1
44821.8
17054.6
16655.9
13050.1
15529.5
15251.6
40048.9
40890.5
31817
21701
31296
30507.4
21639.4
31110.5
13030.7
15864.7
45053.6
17078.2
17462.5
13038.4
15562.6
15830.8
164.779
40.4188
163.375
39.6882
162.602
-133.264
-137.312
-126.887
-82.8341
-79.4855
-45.7858
50.0128
-47.1929
-51.5154
48.6993
-47.9468
132.05
17.6029
152.741
22.1859
162.036
151.894
170.506
43.3781
168.677
41.9429
164.187
170.166
-19203
1415.88
-19784
-30664.7
-29996.7
1440.41
-20676.2
-19994.8
16256.9
2857.86
3092.05
-59511.2
6575.81
4412.93
3080.06
5515.3
3287.2
2782.95
4880.59
2913.48
11184.7
2857.44
2805.4
4924.48
2996.28
2916.22
-30790.9
-31116.8
-53605.5
2689.5
-21088.2
-20912.9
1891.59
-22071.5
35093.8
23028.2
34291.4
43918.1
44770.3
22889.6
33382.7
34045.5
43578.7
15605.1
15888.9
14937.5
13080.2
14712.1
14565.9
13100.1
14715
14579.4
13534
14621.5
42653.6
15649.5
15459.4
13452.4
14602.8
14552.3
43663.1
42961.8
31982.9
22112.4
32476.2
33185.2
22181.5
32644.6
-19031.8
1306.86
-18576.5
-27255
-27816.2
1297.79
-18083.2
-18443.1
9984.3
2591.31
2491.01
2602.38
4271.62
2653.9
2680.9
4299.17
2627.76
2791.92
4559.26
2700.24
10301.7
2513.71
2636.56
4521.21
2655.52
2720.95
-27083.8
-26590.5
-17245.7
1239.74
-17559.1
-17974.1
1245.54
-17661
-24183.5
-23452
1120.02
-15443.9
-16103.4
1130.34
-15619.4
2626.95
4074.18
2572.46
9404.88
2424.9
2525.12
4043.02
2531.18
2593.86
-24407.6
-25033.9
-17136.5
1197.13
-16786.2
-16250.8
1189.63
-16660.3
3748.75
2491.38
8933.45
2487.07
2380.41
3789.92
2548.69
2477.85
31057.8
31337.6
16945.3
39511.4
27828.3
27664.8
-16516
-16657
-30136.2
-35785
30784.1
30528
27985.4
28139.1
-16386.5
-16247.3
-14585.2
-14699.7
-14463.5
-14347
68.9152
50.9828
70.9724
53.062
71.8422
73.0591
18.3117
-2.21732
18.3879
-27.8483
-45.0547
-1.26182
68.5689
49.3042
69.3891
20.9371
12.7142
30.0212
58.7047
36.8893
56.646
104.48
42.7312
103.191
44.7915
107.236
105.31
71.5248
53.4816
73.3957
72.017
53.8262
73.7626
107.917
45.4659
106.421
107.502
45.6119
106.232
33866.4
23644.4
41145.7
41256.3
34041
32618.8
32592.2
37780.5
21704.2
31381.6
39325.2
32726.1
43.315
-9.68587
33.4031
-38.2095
8.44921
9.9207
-10642.1
-53956.1
-23409.1
-39796.6
-18565.5
-23657
-28796.1
26297
28936
6222.72
4147.19
29459.8
25652.6
2946.2
-41.3477
-148.918
-119.037
36001.9
13033.5
13786.8
35404.2
35422.7
12983.1
36037.7
33394.7
31382.7
11275.9
8581.07
32996.2
31815.3
10241.7
32485.6
31838.1
-62489.5
-14714.3
-44786.7
-21584.8
-21771.7
-41210
35355.8
29184.6
14652.5
31963.4
26089.4
32.6181
-104.955
27.6339
26313.4
26081
37719.8
29723.7
21278
37568.6
29547
35830.5
12665.7
34251.3
13047.5
34225.7
35802.2
12692.3
35927.6
34004.4
13052
12854.5
34053.1
35929.7
12824.7
26528.9
26741.1
30899.7
38685.7
21817.9
38580.9
30768.8
37863.8
29891.2
21506.7
37997.8
30051.9
35926.1
33950.1
13048.2
12880.5
33891.9
35931.1
12910.2
103.687
40.9871
101.496
70.9967
52.228
71.9138
61.2653
45.2298
65.1541
55.3166
6.23438
63.2077
29.2543
94.9032
90.8736
107.203
44.4889
105.712
37.6713
98.757
99.4861
-10744.4
1375.23
-4850.4
-10846.7
-4900.62
-17157.4
-17153.9
-5363.11
1499.36
-11721.8
-11519.3
-5250.59
-10241.9
-67193.9
-14572
-31074
-14181.7
-8072.84
-33573.2
-4891.86
-3370.9
3874.33
5105.89
3847.2
-4691.88
-3566.59
-4175.91
3534.64
4785.7
-2916.63
3572.48
-2949.52
-4131.53
-4494.53
-3306.28
4995.4
3755.97
3751.53
-3196.19
-4625.97
-17119.7
-17037.7
-65540.6
-14585.9
-8593.98
-25252.5
-6337.56
-5484.65
-11915.5
1609.61
-12231.1
-5653.07
33656.2
40988.7
23318.8
40804.9
33429.2
29259.3
29440.2
39734.1
22638.7
32180
39889.2
32360.9
35754.8
12648.1
34277.6
13056.7
35776.1
34307.3
12629.4
35691.8
34571
12642.6
13159.1
35699.7
34510.1
12625.2
35989.1
13024.3
35336.8
13697.5
36028.7
35241.7
12988.7
35747.1
34641.6
13309.1
12675.2
34723.5
35717.4
12710.9
29080.7
28916
31028.2
38786.7
21988.4
38888.4
31156.6
39589.5
32009.4
22337.8
39454.4
31849.2
-10650.6
-4806.92
1329.44
-10563.3
-4762.12
-15481
-15603.5
-4564.71
1281.48
-10152.5
-10211.2
-4593.01
-3776.03
3196.3
4217.34
-2566.02
3212.49
-2589.16
-3753.44
-3875.76
-2714.53
3304.82
4356.37
3287.06
-3896.97
-2693.93
-4061.52
3500.8
-2889.37
4643.51
-4096.54
3467.28
-2861.96
-3937.32
-2733.95
4450.75
3321.93
3342.6
-2753.99
-3915.65
-15372.3
-15259.9
-9711.2
1227.96
-4339.29
-9768.32
-4367.35
-4537.23
-10095.9
1258.88
-10040.4
-4506.85
-13410.7
-13259.8
-4017.65
-9088.54
1148.66
-9003.26
-3973.03
-3706.13
3182.08
4133.76
-2542.9
3165.85
-3731.62
-2518.3
-3568.88
-2355.35
3977.24
3052.68
3075.36
-2384.91
-3536.79
-13551.3
-13696.6
-9652.35
1210.29
-4308.71
-9591.06
-4275.15
-4059.41
-9169.78
1174.44
-9247.6
-4097.11
-3467.79
-2325.08
3868.67
3031.03
3006.89
-2293.18
-3503.66
-95.4092
-98.4309
-77.2391
-76.7301
-95.8885
-76.7153
-98.1062
-95.1649
-76.2925
-76.4212
-97.6937
-76.3369
-95.0123
-97.8482
-49.405
-98.9183
-61.9398
-80.3102
-65.0258
-49.1963
-89.9063
0.736852
2.96506
-67.2127
-39.0131
-24.2698
29.6469
-61.9446
-119.134
-118.585
-120.629
-119.004
-96.4979
-98.7723
-77.4565
-77.6777
-96.1203
-77.6303
-99.1007
-96.8703
-78.5405
-100.025
-78.0712
-97.4497
-77.9762
-99.5613
-119.039
-117.642
-117.908
-117.473
-80.302
-16.328
-79.8328
-102.417
-92.5484
-107.982
-73.3501
-91.4659
-85.3866
-78.3328
-110.539
-99.8025
-83.6547
-111.811
-91.3412
-102.148
-82.3517
-112.215
144.569
-34.6701
25.9822
547.424
-94.9456
-98.1443
-76.6715
-76.2843
-95.4073
-76.0863
-97.817
-94.8193
-75.7676
-97.4552
-76.0235
-94.6097
-75.9606
-97.5795
66729.5
46940.6
67297.5
31914.6
31628.1
47314.6
68415.8
67866.2
117540
240307
180417
77858.4
44610.8
7457.32
9945.3
-3667.97
18439.6
47199.6
4471.9
89374.5
95082.4
93386.6
90641.5
90042.6
92240.6
94605.5
88517.1
24244.8
16882.5
-8318.75
-12263
43574.6
55075
30100.1
43401.7
25332.7
25050.9
53811.8
37978.5
53200.8
92628.1
96023.1
91978
96667.4
91919.4
96404
95846.3
92499.6
27321.4
27490.9
59515.7
41631.8
59130.6
58322
41394
58731.9
89856.9
92834.7
92898.6
89733.6
-118.841
-116.974
-117.876
-117.182
-118.588
-118.366
-120.086
-118.075
-96.1147
-98.5498
-76.943
-77.3616
-95.7486
-77.2158
-98.983
-96.6653
-78.4702
-100.447
-77.9244
-97.5603
-77.5508
-99.6488
712093
240940
206904
115564
114100
113165
115445
-23420.3
-7748.99
-3401.22
6511.49
-5135.25
-1835.62
-1803.38
-5184.94
114241
113888
114281
114717
114557
115637
115666
114776
-4947.67
-2156.26
-2115.03
-4971.77
-1859.72
-5096.01
-5070.82
-1895.65
-23057.1
-29205.4
-23260.8
-16910.5
-16785.7
-29467.9
-23701.7
-23473
-1477.29
-30840.6
-9311.37
-16456.4
-5932.83
-1253.78
4670.14
-6094.29
-4706.26
114.006
-1907.22
-4499.93
-4590.77
-1847.84
41.8258
-4777.51
-16256.8
-14870
-55399.2
-18645.5
-34451.7
-29437.5
-26074.4
-32124.9
66172.5
45788.6
65635.4
30055.1
30279
45429.4
64626.5
65117.4
91940.9
96813.7
92661.3
96088
92603.4
96051.3
96852.5
91824.3
91075.7
94126.8
89951.1
95494.6
90399.1
95864.1
94664.7
91442.5
28445.4
28290.3
59890.3
42305.4
60258.4
60982.8
42522.8
60621.3
-22869.2
-28462
-22688.4
-15976.9
-16113.5
-28235.8
-22352.2
-22516.7
-4407.45
351.803
-1576.35
-4206.69
-4235.88
-1632.57
335.158
-4445.35
-4433.93
-1901.87
172.953
-4654.81
-4608.4
213.904
-1877.14
-4385.44
-14923.4
-14815.1
-20741.8
-26104.9
-20875.4
-21130.6
-26267.8
-21005.3
113372
113637
112895
112729
105498
107144
106789
-2190.53
-4916.64
-4878.09
-2217.69
-2263.14
-4574.41
-12779
-12603.2
-18497.1
-22911.9
-18272.2
-4169.84
-1519.44
-4368.04
370.149
-4319.34
386.275
-1461.83
-4130.31
-14093.9
-14224.9
-20605
-25594.1
-20466.4
-20166.7
-25413.6
-20320.7
-3826.91
-1183.51
447.359
-3983.13
5.80473
27.4072
-73.3216
-45.658
-72.7006
3.70875
28.9052
51.96
71.3818
72.2133
7.42674
-72.3388
-45.261
29.329
-72.2619
5.58947
29.78
-94.3869
-97.0563
-75.8188
-75.744
-75.7058
-94.3784
-97.1073
-94.565
-76.0971
-97.4978
-75.8603
-94.8115
-75.8266
-97.2715
53.027
71.552
73.152
7.48776
29.5397
-71.8209
-44.6165
-71.6166
5.77821
30.4275
7.74004
-72.1309
29.4809
-44.6951
5.78263
-71.7562
30.4748
-7.97182
-2.1766
-72.2589
-61.0908
-64.8929
-11.59
-2.67537
-6.13026
19.2038
18.2856
-3.47875
-36.3319
-55.8259
-0.0285609
-52.8403
2.94928
-2.45075
475.319
458.178
336.913
67.5682
163.432
703.535
269.554
216.625
51.1739
37.7447
25.5159
155.691
114.773
95.1783
-18.9527
19.3385
15.4069
-6.57245
-37.7313
54.3994
-19.3074
10.9557
-35.0433
-16.3525
17.4858
-16.4253
1.38667
-17.7488
11.0709
12.7276
3.15195
5.02251
27.1395
-73.5619
-46.5997
-73.6375
3.59207
27.7475
48.7922
67.1438
69.0277
4.81368
-74.716
-46.9438
26.23
-74.0444
2.64504
27.4535
66.6589
-75.0298
25.8447
2.43425
-117.78
-116.517
-118.128
-116.811
-114.672
-118.398
-114.61
-104.438
-103.205
-106.111
-82.5973
-85.6377
-83.5997
-102.129
-107.618
-103.618
-84.7691
-110.807
-87.2831
-104.014
-84.0379
-109.249
-11.6574
0.0602208
-77.8366
-63.3163
-79.9908
-13.5065
3.9808
20.0658
43.3027
38.4799
-9.54606
-81.826
-61.6446
10.4666
-81.506
-8.97917
7.87616
-2.99328
19.9052
-79.1822
-54.3466
-80.2266
-2.40888
18.4814
32.4268
47.4107
52.5726
-4.94846
-82.1232
-56.1433
12.8429
-80.9367
-8.45483
15.9754
-493.83
4869.02
1674.5
60.3994
161.065
162.305
158.278
43.5134
106.163
104.281
163.62
162.576
159.435
44.7532
106.567
105.54
163.603
164.266
160.305
163.119
164.822
160.583
-94.255
-97.0351
-75.7812
-75.5914
-94.3729
-75.5543
-97.0086
-94.297
-75.8047
-97.2854
-75.6159
-94.5809
-75.4344
-97.1097
7.61448
29.1134
-72.652
-44.9298
-71.9625
5.21137
30.4908
54.1598
72.9562
74.1132
8.10027
-71.7437
-44.6456
30.383
-71.8508
6.74253
31.0024
7.78814
29.6615
-71.7722
-44.3806
5.86965
-71.4516
30.8926
54.1607
73.1004
74.3676
8.79725
-71.7966
-44.3025
30.4918
-71.2906
6.53048
31.314
164.533
166.87
161.886
46.1442
108.47
107.334
167.225
165.239
162.588
164.161
165.197
161.126
45.8122
108.612
106.732
166.607
165.106
162.014
34033.2
35619.1
34253.6
23644.2
41190.7
34150.1
41286.3
34149
35833.6
34505.9
34423
32190.1
32421
69613.7
47894.7
69612.6
68923
48014.5
69337
22669.4
40896.9
33976.5
40323.7
33550.8
32351.9
35327.7
33505.7
34442.2
35821.7
34157
105.025
106.681
92.348
-14.1665
21.9482
25.8173
103.852
82.4007
86.516
-29.0449
18.4284
12.4424
78.3637
97.1998
75.6116
82.12
96.9166
74.0726
2333.98
790.317
386.437
960.899
1098.33
1138.52
1723.4
3590.71
8749.36
6974.5
1623.63
6921.47
1444.96
3246.21
79176.4
94004.7
85188.1
76521.9
70602.7
65219.9
70273
90554.4
7575.16
-8708.05
5078.89
-4145.61
5085.75
5983.45
-9531.29
-13317.5
-39.039
-1981.43
31732.2
4269.18
-6065.03
487.706
35812.7
4446.25
3749.83
21437.6
103.506
14743.9
-4111.33
15758.4
20598.5
-1338.29
-214.355
-81.5778
-123.144
364.109
-171.763
496.841
-33.4819
155.736
-662.886
49.5017
-109.891
4894.87
417.571
559.197
46.8308
1390.42
69.7702
35878
13690.8
35157
12579.4
35354.3
35632.4
12850.2
87424.1
86048
84363.7
93517.5
87149.8
94167.5
89245.6
90131.3
34495.6
12363.6
34760.7
12117.5
34089.9
35193
11374.4
27875.1
30656.9
69272.2
44093.6
68126.8
61658.2
40206.7
66031.8
-73417.8
-21323.4
-78334.6
-27337.8
-50272.9
-199.175
11507.4
13873.3
9144.18
16126.1
-23027.7
-330.209
-14405.4
26075.2
18529.6
21810.2
1799.55
-982.008
-32.1663
30345.5
29776.9
27304.1
9692.19
20513
17259.7
26782
21443.3
24850.5
19615.2
22322.2
100.658
124.446
129.11
170.152
63.3728
163.344
150.601
573.073
177.742
25593
25841.1
56014.6
39419.8
55495.4
54397.1
39083.3
54958.1
20908.3
37067.3
28971.1
36879.2
28759.5
29045.3
28756.6
28520.1
29594.1
30061.4
29398.1
21193.5
37243
29171.2
37410.5
29361.4
29825.1
28980.9
29194.6
35856.8
13047.6
34166
12743.4
35876.5
34196.6
12715.2
91456.5
95466.2
91871.5
95095.6
92244.7
95539.5
91750.6
96006.1
35915.9
13051.7
34132.1
12769.1
35899
34094.6
12800.7
27133.2
26940.3
56510.8
40341.7
56990.7
57893.6
40621.5
57450.9
30885
31648.5
30742.9
21760.5
38365.5
30498.1
38473.7
30634.9
31475.8
30448
30598.1
29780.7
30717.8
29958.4
21574.5
38248.9
30354.9
38125.7
30206.1
30918.8
30291.2
30128.5
35825
13022.1
33671.9
12982.1
33584.2
35862.3
13006.2
91348
94501.1
91028.4
94771.8
90459.4
93919
90688
93754.4
35913.1
13044.6
33750.2
12960.3
33826
35889.1
12933.9
160.285
160.528
156.634
40.4827
102.374
101.222
160.897
159.16
156.578
101.47
158.239
-117.486
-116.677
-117.671
-116.536
-121.157
-117.578
-119.378
-119.735
-100.011
-104.677
-81.9426
-81.5216
-101.241
-80.6523
-103.397
-99.1362
-78.9407
-101.332
-80.3548
-98.21
-79.808
-102.253
6.22424
28.7254
-72.8837
-45.9432
-73.0963
5.11162
29.2839
51.4426
69.4626
71.5372
6.52973
-74.51
-46.4044
27.5758
-73.4269
3.7849
28.9925
1.74365
21.6052
-78.3329
-50.0169
-1.56804
-76.8213
24.2698
48.2453
68.4388
68.0468
3.90302
-75.0234
-48.753
26.7931
-75.8581
3.59646
26.239
116.203
140.09
124.032
12.9816
79.5686
72.742
145.071
140.415
131.875
24.8359
84.6061
86.471
153.527
154.57
147.699
143.514
152.692
144.53
164.283
165.548
161.04
43.5177
106.139
105.057
166.688
163.194
161.06
40.6818
104.868
102.741
156.577
164.128
156.519
162.755
166.159
159.175
17330.7
-2822.2
-2106.23
79728.4
117716
94780.4
76416.1
120696
106392
115483
115447
111071
-5669.31
-3039.48
-545.921
-2443.48
-2061.32
-5248.9
-5281.15
-1877.14
114752
115350
115086
114565
115528
114851
114861
115630
-2028.62
-5015.56
-4996.82
-2070.32
-5032.57
-1981.97
-1935.59
-5049.49
-18561.8
-19386.8
-18739
1394.75
-11079.6
-5019.2
-10957.3
-4953.49
-19579.1
-19122.7
-18925.2
-17023.9
-17113.2
-24841.6
-30463.7
-24486.4
-23943.3
-30249.2
-24209.8
1463.15
-11212
-5085.51
-11361.6
-5166.15
-20001.4
-20433.6
-19759.5
-19328.3
-20216.3
-19544.6
-5132.67
-784.116
-1857.44
-5152.64
-6013.95
-717.331
-5977.65
609.793
-4786.39
47.6818
5334.93
-3123.94
-2361.66
-4025.18
-3343.32
-4758.01
5548.4
4176.06
-3669.55
4397.36
-4753.21
-3495.17
-4220.64
4834.79
3646.71
-3027.86
3609.71
-2983.05
-4279.53
-4908.03
-1651.33
-156.163
-4987.64
-4845.78
-88.17
-4701.81
-1782.29
-4421.43
4956.26
3683.13
-3072.47
3709.52
-3137.49
-4337.89
-16705.6
-16865.8
-25255.1
-30965.6
-25934
-28479.5
-30905.2
-26697.1
-61746.4
-18094.1
-25420
-3404.65
-12065.9
-5764.89
-16456.8
-4741.97
-19206.3
-20406.2
-21839.7
-20234.8
-21263.9
-20571.7
1952.63
-12811.4
-5993.31
-12313.1
-5753.3
-21516.8
-21255.8
-20746.1
33790
34819.7
33539.8
23173.3
40419.9
32975.4
40611.7
33199.7
34550.9
33055.6
33293.3
29836.7
29634
62867.3
44185.9
63278.7
64156.2
44468.9
63708.7
22759.4
40233.7
32759.1
40056.8
32553.1
32230.7
33591.9
32417.3
32829.7
33812.5
32616.8
92280.6
95713.4
96657.5
91393.3
91638.1
96797.2
92475.4
95923.6
35730.3
13066.9
34371.9
12607.7
35711.8
34337.5
12619
35693.3
13125.6
34410.5
12608.5
35697.6
34456.5
12611.1
35937
13617.6
35020.9
12873.5
35132.6
35879.4
12931.2
91105
96449.7
95435.8
92041
91759.9
95089.3
90776.1
96182.8
35782
13377.6
34913.6
12811.4
34814.4
35828.3
12760.5
28597.1
28752.4
62468.7
43420
62085.8
61344.6
43186.8
61711.5
31024
32148.2
31161.9
22049.3
39100.9
31419.4
38992.8
31286.6
32311.4
31440.6
31300.2
32055.2
32997.7
31889.7
22255.7
39211.9
31556.5
39328.5
31698.6
32818.4
31584.7
31733.6
-18396.9
-18870.2
-18242.2
1317.69
-10408.3
-4689.52
-10483.1
-4724.78
-18719.1
-17960.7
-18097.6
-15849.9
-15726.1
-21768.5
-27434.5
-21907.2
-22197.8
-27620.7
-22050.5
1289.48
-10338.4
-4656.63
-10272.8
-4622.43
-17487.7
-18198
-17598.1
-17832.9
-18317.1
-17712.7
-4290.53
-1742.25
295.637
-4510.88
-4477.67
316.744
-4264.37
-1688.15
-3796
4244.37
3241.71
-2632.53
3226.12
-3817.83
-2610.36
-3857.38
4327.54
3255.64
-2653.27
3272.03
-3836.65
-2673.63
-4033.2
4600.31
3410.09
-2815.91
3438.58
-2838.83
-4005.04
-4539.74
271.789
-1791.34
-4319.1
-4347.99
-1836.5
-4573.02
246.415
-3957.35
4485.04
3386.47
-2794.9
3362.6
-2773.16
-3981.81
-15034.5
-15152.8
-21638.4
-26916.4
-21511.2
-21257.3
-26752.8
-21386.4
-16672.9
-17352.5
-16777.5
1233.57
-9878.25
-4426.36
-9823.57
-4395.46
-17456.2
-16978.7
-16878.8
-17382.1
-17868
-17279.8
1251.98
-9932.33
-4453.55
-9986.26
-4479.35
-17764.4
-17078.3
-17179.2
110960
110996
111940
112008
109885
109746
108355
108607
-4781.67
-2260.53
-2243.09
-4830.91
-2268.14
-4721.91
-4652.62
-2267.38
-12945.3
-13111.4
-19314.4
-23949.3
-19124.4
-18717.5
-23706.3
-18928.8
1111.02
-8724.67
-3835.89
-8623.58
-3784.92
-15261
-14920
-14742.9
-15560
-15949
-15410.2
1139.67
-8821.64
-3883.82
-8914.34
-3928.18
-15788.3
-15090.3
-15254.2
-3682.28
4104.81
3132.05
-2467.34
3150.5
-3655.45
-2493.36
-4206.43
414.17
-1348.04
-4031.82
-4082.86
-1403.89
-4266.99
401.075
-3598.23
4010.98
3114.7
-2440.83
3094.92
-3628.55
-2412.54
-13965.3
-13836
-19497.4
-24624.7
-19677.2
-20009.9
-24832.7
-19849.1
-16566.3
-17024.2
-16456.8
1203.62
-9462.04
-4210.8
-9528.04
-4241.77
-16907.5
-16224.4
-16343.1
-15703.6
-16393.3
-15842.6
1182.33
-9393.42
-4174.21
-9321.76
-4134.95
-16529.4
-16101.7
-15975
-3311.16
3705.97
2930.14
-2194.06
2900.94
-2158.33
-3353.54
-3969.45
-1292.97
427.368
-4140.83
-4064.32
439.487
-3902.75
-1237.29
-3432.13
3829.94
2956.35
-2227.73
2982.75
-2260.7
-3392.79
-131.505
-111.722
-123.247
-101.264
-132.06
-100.879
-111.424
-64.8364
-96.7231
-78.1186
4.13992
-72.7383
-49.5779
-87.1429
-132.746
-124.156
-112.077
-101.681
-132.274
-101.814
-112.403
-115.684
-121.991
-113.475
-84.15
-109.59
-71.3632
-117.214
-131.616
-123.226
-100.936
-111.583
-100.538
-132.026
-111.258
-132.744
-124.409
-101.329
-111.992
-132.396
-101.536
-112.446
-130.574
-122.246
-99.9005
-110.395
-99.808
-130.575
-110.443
1047.53
747.539
-654.011
542.493
2365.35
551.892
580.812
-138.218
-131.106
-106.864
-119.261
-107.976
-137.737
-120.594
-130.608
-122.236
-99.8686
-110.385
-130.689
-99.7137
-110.39
2097.38
1151.12
8576.73
1617.29
3075.75
-3634.34
1770.92
-136.445
-128.688
-106.503
-117.968
-137.357
-105.319
-116.775
-131.542
-122.954
-100.902
-111.067
-100.692
-131.496
-111.189
32.8801
-17.4812
-7.76111
-21.5711
195.864
19.2961
-36.2943
-133.305
-124.761
-103.231
-113.365
-102.581
-134.076
-112.901
-129.454
-128.178
-99.3762
-122.557
-101.961
-132.41
-121.953
-131.574
-122.937
-100.68
-110.916
-100.446
-131.515
-111.033
30559.8
49910.8
-2249.07
22562.3
69102
41713.9
18928.7
20180.4
14342.1
15726.6
1224.57
8282.01
35421.9
27342
55083.2
20902.7
15143.9
45811.3
16984.7
57006
45624.4
56300
44804
15051.4
16584.8
20629.4
45202.9
54181.9
60602.2
18111.2
48987.8
16429.9
59011.2
21750.9
49073.9
59326.7
49396.4
16446.1
21922.1
18325.3
49325.8
60858.1
61016.8
50318.4
17654.6
19390.2
22691.3
50252.6
59828.4
-133.586
-125.244
-103.4
-113.964
-102.353
-134.624
-113.144
-5702.37
-47929.5
-8375.15
-35694
-8994.42
-12887.3
-37268.3
-937.149
-3724.74
4951.75
-1798.19
2160.11
1838.35
-7217.28
211.853
432.427
2791.96
-4697.93
1221.48
605.035
-4816.98
608.011
-4887.37
2738.39
1046.96
345.45
-4760.31
242.103
58661.8
21588.9
48721.6
16051.9
60290.8
17903.9
48631.2
59942.2
48258.6
17715.5
16051
21437.3
58272.1
48353.6
57523.8
17139.8
46121.1
15489.5
55688.5
20995.6
46228.8
56173.1
46572.6
15417.6
21025.5
17193
46497.2
57959.4
160.226
796.978
2559.21
-4361.29
1566.14
542.255
-4470.19
552.096
-4514.93
1529.44
2483.3
746.744
162.779
-4406.73
600.28
1351.81
-4761
2607.1
194
491.498
-4645.73
182.011
-4601.26
2673.99
535.084
1412.13
-4714.32
595.626
531.4
1606.74
2466.89
-4419.5
855.155
160.171
-4310.95
159.686
-4253.68
2538.84
915.16
1656.56
-4363.43
522.999
470.983
-3982.94
2352.43
1978.49
1288.8
-3869.42
158.608
-130.916
-122.454
-100.698
-110.864
-131.308
-100.181
-110.63
194.327
188.197
744.852
130.627
304.204
-63.1444
139.241
-137.323
-132.049
-108.487
-122.863
-137.051
-106.762
-121.799
-130.948
-122.404
-100.456
-110.734
-131.377
-99.9669
-110.525
4768.16
753.638
9448.34
8478.88
14997.2
32954.2
2210.6
46255.1
15817.6
38094.6
7088.21
36729.7
49463.7
10923.7
41007.5
29240.2
13571.3
4896.27
40002.5
33206.2
15864.6
10494.6
13509.4
-1757.66
-4436.62
13223.5
7463.67
-2573.43
27762.7
6093.02
34758.1
5628.29
32288.6
30551.2
3096.4
23151.3
23916.2
2309.31
-5190.68
27533.1
17672.2
-976.114
37413
12947.2
14445.7
41677.3
41537.5
12854.5
37522.7
37205.6
40918.5
14328.1
12381.2
41249.1
36888.4
12696
53211.5
13911.9
40585.5
12554.6
50075.7
42183.3
18590.9
52766.3
44116
19904.9
13414.9
55188.8
43395.8
15597.7
34473.9
8348.73
36992.9
11771
32870.8
38477.3
10000.5
35627.8
40350.7
11896.5
12767.4
36372
39639.9
11126.8
38445.5
13024.6
43608.9
15074.8
43706.5
38371.5
13084.6
38532.1
43960.8
15099.3
13191.3
43867.1
38605
13126.8
59769.5
22258.6
49919.7
16867.6
49890.7
61178.5
18764
61056.7
49628.8
18545.6
16845.1
59577.3
49682.3
22091
38815.2
13416.7
44388.8
15406.7
44323.1
38869.1
13350.2
38746.7
44109.8
13236.9
15373.2
38684.4
44189.1
13303.1
39040.1
44721.5
15973.7
13687.5
44709.2
39043.7
13748.2
61221.5
18982.5
50096.5
17261.4
59874.8
50099.4
22413.2
59905.4
50212.6
22561.4
17284.9
61166.7
50243.6
19190.8
38960.1
13464.2
44502.1
15680.8
38923.7
44542.8
13530.1
39001.6
44654.9
13641.8
15713.4
39022.9
44634.2
13577.5
-135.976
-127.504
-104.211
-114.844
-135.341
-104.655
-115.713
445.389
-17.2013
2704.86
-5136.46
803.976
-5344.12
551.494
1324.97
-4498.53
3620.42
3198.27
1062.7
114.31
-4650.61
-11870.8
-60825.1
-11792
-34667.5
-11826.9
-9760.64
-35153.8
-5296.8
-3965.77
-3950.57
4386.11
-5790.54
-2266.9
-3594.11
-4752.85
3755.66
3014.39
-5169.62
3686.32
-5368.49
-4575.86
-4484.89
-4801.81
3525.07
3703.51
4189.63
-4956.35
-4295.56
-4125.61
3390.33
2847.14
-4620.26
-4693.49
3434.61
-4084.73
-4161.11
-4800.97
2845.23
3515.89
-4713.69
3469.13
-4215.87
615.162
840.107
2826.97
-5140.93
9.98094
306.74
-4943.57
271.521
-4846.27
224.039
2892.26
607.838
840.562
-4989.07
-4401.27
3643.64
2975.58
-5154.22
3638.41
-4528.88
-4992.32
-4341.38
-4833.79
3554.08
2971.41
3593.12
-4263.53
-4945.7
59174.8
17409.7
47521.5
15753.4
47609.3
57448.4
21190
57868.7
47979.4
21302.6
15726.8
59566.2
47887.7
17547.5
38207.6
12988.3
43440.3
14824.2
43338.1
38284.4
12934.6
38123.8
43073.3
14815.3
12862.9
43170.6
38055.7
12906.9
37851.9
12796.9
42583.8
14642.3
42660.9
37807.5
12812.9
37917.8
42907.6
14622.3
12846.5
42816.6
37978.3
12814.7
37624.4
12961
41842.8
14644.1
41907.2
37596
12964.7
37650.8
42076.9
14579.6
12906.5
42031.4
37658.9
12927.4
57030.5
21107.9
47249.2
15517
58773.4
47171.4
17304.7
58370.4
46832.9
17237.2
15579.5
56606.1
46905.7
21055
37727.6
12812.2
42439.3
14542
37757.6
42374.8
12813.5
37694.6
42195.9
12862.5
14597.6
37681.1
42245.3
12846.3
570.979
1476.22
2500.47
-4597.23
654.338
-4488.1
165.466
163.478
-4448.18
698.364
2578.59
562.677
1501.41
-4557.56
-3787.38
3087.22
2640.55
-4214.22
-4264.73
3105.14
-3763.78
-3802.2
-4310.6
2615.33
3130.13
-4260.37
3112.03
-3824.63
-3871.35
3183.39
2640.46
-4397.26
3163.06
-4346.91
-3892.5
-3859.04
-4304.1
2666.69
3136.86
3155.35
-4353.93
-3837.68
-4025.91
3361.78
-4610.42
2734.82
-4545.75
-4058.68
3323.93
-4005.78
-4485.74
2750.71
3270.87
-4543.77
3302.19
-3978.94
168.458
612.532
2609.88
-4525.4
1458.95
580.288
-4635.53
588.116
-4673.11
1440.9
2534.14
174.621
574.879
-4562.51
-3926.32
3192.93
2698.23
-4389.96
3215.59
-3904.64
-4441.02
-3939.87
-4488.86
3254.52
2674.77
3227.94
-3963.44
-4435.07
-3721.13
3079.9
2588.3
-4215.85
-4163.3
3061.13
-3747.09
-3702.14
-4107.7
2611.59
3032.69
-4161.95
3052.62
-3673.91
158.395
1051.05
2507.98
-4122.38
1770.21
-4233.2
502.092
512.005
-4300.91
1709.34
2442.66
160.308
982.87
-4191.45
-3595.31
2964.55
2572.6
-3978.94
2988.08
-4037.57
-3561.51
-3620.59
-4102.58
3022.43
2553.24
3000.47
-3651.49
-4046.11
-3342.59
-3801.2
2445.57
2861.55
-3732.26
2831.2
-3386.83
491.337
1834.25
2404.5
-4157.49
1127.93
158.9
-4045.8
158.179
-3960.77
1206.66
2463.21
482.767
1907.06
-4074.27
-3495.5
2950.13
2505.87
-3966.12
2924.11
-3532.43
-3903.73
-3463.96
-3822.01
2880.12
2521.35
2907.36
-3423.11
-3887.07
)
;

boundaryField
{
    left
    {
        type            calculated;
        value           nonuniform List<scalar> 
670
(
-121.032
-73.1934
-140.854
-114.503
-140.249
-66.0434
-121.427
-105.24
-120.998
-12584.2
-140.919
-140.152
-121.516
-13775.3
-119.752
11.7213
9.17361
1045.98
-81.7934
-22.9071
-143.982
-139.101
8.70892
-17.0253
-0.612733
-127.534
11.8136
11.5208
-119.745
52.9926
54.0526
50.493
53.1885
-52031
-20.2939
2950.19
22.3628
-53372.5
-2.4914
-45.161
-144.007
-139.09
49.5405
38.711
9.15482
51.8919
45.3481
-126.615
3.69632
9.94731
-54975.8
-58646.2
-120.358
-68.4768
-69.5068
76.1375
-38.0243
-81.8288
-141.737
-134.617
-139.675
-69.792
-70.9616
-122.652
-86.0697
-83.8153
-125.592
-68.8607
-67.9161
-120.289
-16417.8
3184.67
25696.9
17460
-141.885
-139.644
-123.273
-70.9446
-69.1886
-40688.8
-44829.6
-67.9516
-68.2687
-120.143
10.3888
-28.7004
-28.4472
-30.2892
-28.9329
10.3799
247.973
-1.50512
330.747
-33.0972
-42.242
-13.5644
-61.0063
-52.5701
-28.4353
-142.068
-139.358
6.8336
-31.7371
-30.5922
-32.1131
6.10407
-71.3536
-9.87951
-47.5696
-58.3186
-38.0693
-45.2371
-5.63527
-128.17
-82.3419
-76.8112
11.2039
-28.0446
-29.164
-28.3439
-28.0834
12.2105
-120.066
-67.8946
-67.8913
54.0748
168.507
169.465
169.479
170.148
52.9904
51.5382
165.385
165.142
167.155
166.796
51.7231
6049.13
1963.73
-20380.9
-55.804
1344.27
-265.568
10475.9
4686.11
404.667
-13.4688
73.0597
98.6356
-82272.8
293.476
7290.52
-14.6168
103.253
128.313
88.4391
120.249
-20.6627
-143.016
-139.226
46.6849
161.256
163.838
162.269
47.8515
31.5815
152.527
164.08
138.496
157.98
24.077
51.6725
168.018
171.228
165.308
171.566
48.4343
-75.5221
-71.6474
-124.221
6.52883
-31.8077
-36.5196
-29.4453
-31.1254
9.22192
-45005.9
-51770.4
12687.9
-106551
11.5068
147.618
145.188
142.207
145.55
9.76465
-50.3942
66.0816
48.4518
93.0487
88.0529
-22.5545
8.41692
144.375
142.182
-15.9276
110.363
100.832
134.299
134.91
0.120938
11.3655
148.142
145.345
145.107
148.497
12.5119
52.4182
128.155
130.372
131.409
128.011
51.5522
49.1531
124.826
127.685
130.215
126.993
51.1838
-36270.9
-29988.1
-46012.7
81.4387
-7.63084
-123.817
-33.8045
75.5922
73.2175
-65626.4
-26061.9
-44752.2
-5.52659
60.31
69.0108
40.1648
39.8553
-39.16
126.546
123.509
47.6786
38.1562
115.124
118.022
83.142
87.439
11.1765
52.0866
128.352
129.882
123.477
121.434
43.5865
3.89874
140.96
136.918
144.491
147.376
11.3776
-29193.2
-58669.6
-57162.2
-31310.5
-29769.8
-68.5968
-91.0249
-90.8105
-91.754
-91.3017
-68.9826
-59.5134
-47.7111
-13.9655
-91.5337
-79.5025
-74.7677
-70.02
-92.4062
-92.0228
-93.3251
-92.7685
-70.3907
-86.3277
-104.768
-101.868
-105.356
-106.29
-85.6192
-68.2981
-90.8407
-91.2817
-90.408
-90.636
-68.1133
7046.26
5936.74
3105.81
15665.3
-20720.7
-69.9968
-92.7031
-93.5687
-91.671
-92.1201
-69.5474
-60062.3
-23611
-26460.2
-67.877
-90.2523
-90.2163
-90.6164
-90.3925
-67.9995
144.842
148.528
11.9673
-28.1845
61.6859
60.1171
60.1982
61.4817
-28.0967
-29.4315
59.7904
57.9655
59.9244
61.1467
-28.815
10.9681
147.861
144.908
110.605
346.497
571.456
70.0123
155.781
51.2584
67.4692
63.4879
-39.9155
-25.9055
-0.502642
2.4608
-39.2123
-17.0597
-25.9788
-62.001
13.967
18.7825
4.20683
8.51099
-59.8313
-27.6082
78.2747
70.0487
140.94
144.687
8.07843
-30.9134
58.59
56.7927
57.749
58.7761
-30.5366
56.4902
140.719
121.523
120.29
-9.42344
-50.691
37.1465
40.2349
24.1111
31.1327
-54.3351
-39.9798
49.6261
50.8917
42.6576
46.8528
-42.1755
-4.87325
130.242
125.18
-80.1572
-102.464
-104.282
-99.312
-100.946
-78.5358
146.346
149.837
13.1682
-28.0307
62.3665
61.2815
59.9358
61.8332
-28.2582
-27.8058
61.953
60.3319
61.1834
62.7699
-27.5173
12.5055
149.706
146.734
-67.5949
-90.1168
-90.3247
-90.1884
-90.0961
-67.6922
131.967
128.789
52.3198
164.747
180.678
185.071
184.479
179.208
162.112
164.84
180.322
184.78
185.259
181.376
165.212
53.6672
130.072
131.254
129.153
126.667
50.4241
161.429
178.112
182.327
181.314
176.342
159.235
161.355
178.47
183.542
183.093
179.128
162.538
51.7698
127.866
129.555
3323.63
18051.3
23205
1779.22
1216.99
1495.44
179.11
-75.1162
-62.5552
216.184
259.365
588.023
451.615
335.374
-308.062
2067.6
3658.72
6551.1
999.788
2114.62
1049.61
446.479
271.252
497.821
31.0855
65.3503
690.656
108.011
112.619
57.1129
90471.3
-27537
-75505.2
-432.269
13456
11215.5
23193
19707
3741.46
49.3433
51.8411
-12.9465
111.023
110.576
105.461
128.874
113.893
108.901
104.756
98.5456
91.5603
110.051
96.0261
102.562
-28.7339
40.5724
46.7252
124.405
178.005
157.47
174.885
180.273
179.315
175.095
158.538
47.2631
123.405
125.864
110.318
109.325
30.8009
153.14
164.519
164.776
174.614
167.272
153.397
146.534
146.609
140.021
163.339
153.548
148.525
22.3053
98.857
104.184
130.145
127.163
49.7888
165.631
180.058
183.462
184.677
179.529
162.789
164.029
175.865
177.693
183.46
178.941
165.917
49.3066
126.554
127.883
-73.8788
-96.5582
-97.9957
-94.3668
-95.4363
-72.7183
142.947
145.383
8.45134
-32.8166
58.0021
58.0432
52.4518
55.7055
-34.317
-29.5505
60.5868
59.697
58.5364
60.677
-29.8778
9.53823
147.264
144.142
-53100.1
-120.771
-115.803
-116.224
-56.6689
-77.9997
-94.237
-116.474
-116.942
-121.714
-113.521
-119.115
-112.899
-116.046
-115.692
-120.716
-121.901
-116.927
-116.44
-114.777
-114.857
-119.794
807.868
651.728
1054.67
-128.071
-125.14
-123.765
-119.758
-114.792
-114.807
1400.05
2135.06
1750.17
-122.545
-121.294
-125.881
-115.461
-115.672
-120.5
16.047
-22.5844
35.1418
-122.249
-117.346
-117.938
-123.278
-125.043
-126.175
-120.434
-115.501
-115.322
35112.9
1504.89
16438.6
-118.496
-117.633
-122.668
-40219.4
-33624.8
-33010.9
-119.973
-115.039
-115.286
344.883
256.72
167.131
-127.02
-126.097
-128.334
-115.17
-114.957
-119.908
10518.1
4816.95
9358.07
-124.851
-120.303
-119.342
-32368.3
-33153.8
-52060.3
)
;
    }
    bottom
    {
        type            calculated;
        value           nonuniform List<scalar> 0();
    }
    interface
    {
        type            calculated;
        value           nonuniform List<scalar> 
2110
(
-8.63034
-7.25261
-38.3379
-100.399
-8.90062
-30.2731
-15.4146
27.4082
30.375
-7.13224
-7.45089
31.2556
29.9999
-16.9124
-66.1975
-138.993
-88.465
26.2779
-8.47903
-11.8804
-8.34846
12.5704
28.3318
21.2653
35017.4
35771.6
3334.4
9864.99
28931.2
31493.3
30967.5
50.5578
43.7354
38.3167
40.3769
34732.2
33925.1
31658.3
32147.3
50.8019
57.4734
79.4418
70.9672
125.412
82.5256
92.5591
-8.21545
-8.27027
-45.8394
-51.0878
-10.1849
-10.6752
-23.5421
-18.9988
28.344
164.532
28.4485
-7.9354
-7.16976
29.5651
167.942
31.1184
167.476
27201
27567.1
35050.3
35903.7
25625.4
27498.1
-24.8226
99.3659
-29.6509
89.5958
-198.691
-201.05
33870.3
21549.6
-140.906
25.4603
23846.2
9191.53
-128.137
72.2538
29938
29198.8
22691.6
23396.1
22879.2
30162.3
30778.5
24509.1
24127.1
23554.5
23992.8
24.1656
161.363
22.7583
-8.81739
-10.8058
133.633
-1.66236
4.7051
161.537
150.527
28.2277
23.9063
169.317
-5.51814
-10.6351
37.6903
43.6872
-16.7686
-11.2238
36.6641
37.1126
-5.75713
-16.2262
-24.6149
-25.0885
27005.1
26395.1
33036
33682.8
25692.9
26206.3
32842.3
32312.2
24630.9
25000.2
25541.1
25126.9
-4.70825
0.957817
65.0027
58.8913
7.34147
2.47753
63.7756
69.1421
22.0823
14.2994
7.45577
12.4362
109.528
121.322
68.4118
51.8967
64.0542
106.32
95.7976
25.1442
34.7963
48.4209
38.1562
259.428
145.7
125.673
20487.4
18817.6
143.394
168.359
198.536
-8.57132
-7.60892
201.7
156.325
-38.0198
-69.6894
108.605
198.974
-9.29091
161.766
-30.0471
192.646
-14.4112
109.133
25.9379
28.1985
111.717
201.996
-7.8162
201.4
-6.9902
112.905
28.2458
111.765
29.6598
26596.1
39402.3
35836
23381
44.0996
-17.8066
-43.7285
2.66634
-232.715
-191.5
24487.9
28390.7
27740.6
25012.6
88.0031
-185.609
34494.3
34981.2
34995.2
34546.7
31757.6
30853.8
32505.5
30122.9
21499.9
-113.357
33355.8
21022.7
29876.1
6.83333
-110.762
17875.6
36196.5
23936.5
36057.3
34453.7
33788.7
33760.5
34418.7
34587.3
33532
33580.7
34598.9
18005.9
24623.7
37086.6
36329
24036.9
36452.4
34615.5
33477.5
33419.6
34609.6
107.84
24.348
201.04
-7.47871
194.605
-12.5062
60.753
-8.31435
13.1393
98.0156
110.951
29.1836
18.5634
104.398
-49.5268
-73.6184
-74.7975
143.983
-87.3665
-59.9967
-81.7807
-182.451
-174.857
-161.565
-195.747
-179.359
-157.198
-179.689
-158.057
-161.239
-134.503
-137.132
-158.691
-167.764
-149.506
-144.21
-172.341
-69.0804
-115.434
-99.8458
-76.4249
26466
39260.2
39089.6
19520.2
38074.2
25429.5
38222
34360.8
33818
34387.7
33850.4
34275.6
34134.3
34278.2
34070
34522.3
34915.4
34549.9
34821.3
34315.9
34208.6
34293.3
34292
19416.3
24697.5
37180.7
37275.4
37936.8
25312.9
-49.8079
-73.9598
-65.1826
-39.9522
-65.0527
-147.066
-119.515
-120.867
-146.117
-151.182
-127.529
-152.983
-125.851
-156.245
-134.775
-159.26
-131.863
-153.725
-127.773
-128.679
-153.012
-27.6085
-54.5066
-64.9851
-39.8727
-62.0278
-32.436
-2.73954
-27.7024
-142.491
-118.047
-144.875
-115.679
-132.978
-102.981
-105.16
-131.113
-25.495
-52.6429
-48.8841
-35.1781
-5.89797
-125.379
-100.539
-97.2319
-128.707
-99.1137
-75.3214
-99.6562
-74.7998
-51.4303
-60.5028
-67.0545
-48.5871
-100.29
-75.4919
-99.7734
-75.6984
-20.8801
-93.5345
-71.6471
-86.382
-76.125
-98.716
-74.8035
-99.2448
-74.0693
39274
35297.4
21282.7
35556.9
40200.9
59455.6
87394.3
88238.4
175.222
123.467
21522
78.1412
31382.1
28648.4
90988.6
18455.2
34799.5
31322.8
34070.7
31147.9
88351.3
-121.113
-122.732
-99.9172
-74.9624
-99.5063
-75.3633
82.0878
47.7049
48.1262
75.3111
-269.69
-276.335
-270.009
-288.128
-286.051
-284.882
155.665
74.2358
53.5282
79.5825
36.7186
38942.6
34451.7
20006.5
34181.5
37997.6
90084.9
89331
87993.2
35030.8
31821.5
35710.4
31983.4
82.3815
54.3558
55.3372
89.3524
-285.174
-285.285
-284.139
-283.942
108.455
76.8094
100.39
74.1055
150.389
130.303
-283.02
181.666
111.459
86.3529
121.298
89.5433
-87.342
-86.9001
-7.81537
202.013
-9.73098
-86.5087
-86.5569
-98.1542
-73.915
-73.7798
-98.1383
-7.24195
201.644
-85.9058
-85.8507
-86.2436
-10.7801
-86.0878
-11.229
-86.8244
-79.9177
-15.5154
-45.2656
136.933
-6.06595
-52.6443
-68.3331
1.04568
399.003
285.325
144.884
590.261
-56.5363
140.712
22.8736
-7.98767
-33.6339
-7.16802
-87.5773
-87.8176
-12.1389
-9.47485
198.05
-11.4663
-88.8182
-88.2894
198.219
-89.0787
-13.073
-117.418
-121.192
-117.385
-106.448
-80.3573
-81.6641
-105.451
-92.3392
-94.5491
-22.6333
182.064
-96.1694
-96.2996
-93.4417
-94.8316
-16.1158
-19.0332
184.526
-17.2773
-96.6732
-95.3828
178.01
159.034
27.4738
110.58
160.933
179.009
28.9839
110.95
180.101
161.093
179.725
162.048
-98.0743
-73.8464
-98.1577
-73.6736
-9.67643
-86.9336
-86.2875
-11.1658
-6.52302
203.2
-85.9054
-86.3744
-10.2162
-9.47152
-85.8703
-10.647
-85.7809
-7.08567
203.76
-8.88003
-86.1208
-85.6263
-10.3435
181.059
164.121
31.0312
112.51
181.534
180.901
161.868
29.3529
113.504
181.668
25982.8
27378.7
39387.5
26616.9
27509.7
26205.2
21478.6
40199.6
35660.9
40428.3
35894.7
39067.4
26343.2
38462.8
23684.3
26662.7
26047.2
27237.3
121.259
-24.4379
21.7649
106.076
97.0467
-34.5488
17.4931
82.4471
101.143
97.6304
1784.37
310.464
870.977
825.771
76893.2
70486.2
1580.43
4190.57
2771.41
-199.875
16804.5
-229.374
19666.9
13766
13654.9
19987.3
-208.749
-140.399
335.268
-234.027
-94.7884
-275.339
3387.05
-275.026
1080.45
34353.1
34714.2
34921.3
34084.2
85537.5
82300.2
85096.7
32888.6
34306.4
33616.4
33620.4
16209.4
39499.8
31714.5
30209.4
27960.3
63.2594
7982.07
-65.7148
456.282
8816.28
-77.9907
32.2389
-47.3188
117.598
17.2747
21629.1
21000.9
18011.8
5186.64
16240.6
6290.76
102.824
-144.001
-44.8139
41.8117
32684.3
29701.7
31726.2
29455.3
35595.6
23477.6
22495.6
22285.3
22849.8
23231.1
35757.4
23600.6
35911.9
23060.4
22436.4
34485.5
33697.3
34512.6
33729.3
89684.2
90286.4
34567.5
33661.8
34541.9
33623.4
18351.7
32981.7
30376.7
33812
30581.5
23715.4
24384.8
36790.4
24392.3
36890.7
24259
23421.6
22974.9
23707.9
36683.3
24309.6
23853.5
23317.5
34561.9
33202.7
33116.6
34586.2
89787.1
34613.1
33280
33354.6
34601.1
176.9
157.306
23.8189
107.187
176.194
105.51
174.631
-122.008
-122.43
-103.604
-80.0619
-104.869
-78.5452
-87.0955
-87.593
-11.274
-8.86799
201.721
-89.0452
-87.9008
-12.3292
-92.7759
-91.3139
-9.07398
200.718
-89.4032
-90.5823
132.83
-1.50653
82.969
157.559
3.21702
90.3232
169.752
152.221
160.038
180.609
162.361
26.0396
111.443
164.53
179.653
25.996
108.566
173.254
162.327
178.961
164.326
-122.033
-8.34194
-53.9505
-78.7859
-8.01784
-126.107
74.6301
43.5328
75.1046
39.8404
-54.8907
-78.8059
-81.7419
-123.829
-11.9922
-127.63
-15.0344
-297.583
-173.068
-158.062
-178.754
-150.752
-182.618
-164.161
-184.694
-163.012
-159.772
-139.991
-135.852
-163.99
-286.7
-292.96
-167.395
-139.131
-143.677
-162.872
77.8848
28.9645
81.2985
43.1255
-53.8151
-5.90076
-82.384
-105.426
-99.4544
-15.695
-131.903
-136.017
-30.3973
-70.0274
-100.576
-24.1779
-139.185
25816.6
26799.3
38726.6
25989.6
38908.2
26595.3
25279.8
36896.9
33239.2
37705.3
33454.1
38549.9
25836.1
24667.1
25855.2
25113.5
26025.5
90592.4
89493.3
89751.7
34332
33921.5
34308.3
33883.9
34281
33963.7
34290.2
34013.1
34478.8
34598.8
34711.4
34430.2
89192.2
34346.1
34489.1
34387.6
34385.3
19147
36645.6
32658.1
35937.8
32481.8
23808.9
24754.5
37474.3
24931.3
37373
24875.8
24098.4
24539.2
25396.6
37579
25016.4
25260
24199.2
-120.038
-2.25935
-44.4967
-69.1092
-1.3206
-115.052
95.3276
62.3999
90.7205
61.6468
-43.4463
-68.4761
-111.512
5.18159
-113.82
4.37051
-284.409
-147.738
-123.514
-149.595
-121.694
-150.939
-124.296
-150.09
-125.342
-156.727
-130.415
-132.023
-155.255
-285.776
-285.741
-153.373
-130.298
-128.296
-155.351
94.4299
66.4133
98.8485
67.3313
-98.4604
19.2467
-33.9983
-60.008
16.672
-104.303
-110.868
9.3435
-35.5814
-61.2391
10.4276
-105.992
136.144
113.921
146.92
117.599
12.8043
-18.2484
72.8711
-54.5423
-71.2566
55.7951
8.65546
-21.9795
59.8509
-58.7609
-140.9
-111.806
-139.343
-113.708
-278.317
-277.534
-278.793
-134.876
-109.785
-137.489
-107.188
133.649
103.224
124.301
99.7825
-95.7241
28.2287
-17.5262
-45.5555
-46.4129
31.5197
-86.1958
-74.5624
44.9395
-14.4971
-43.037
-39.0636
41.49
-83.054
-112.663
-87.6847
-83.7261
-116.639
-272.712
-276.079
-122.532
-91.0178
-93.9959
-119.803
20676.8
18732.2
171.112
21714.8
158.538
159.066
154.848
191.921
192.803
-121.672
-123.104
-120.459
-82.1045
-83.1074
33.2488
163.945
168.066
168.767
123.318
174793
96754.4
93319.7
10977.4
81.2589
17288.1
96511.1
97800.7
93218.5
162.803
-121.398
153.955
169.348
166.704
-562.76
168842
112170
111654
-381.82
-407.638
-436.509
-438.467
111335
112592
112810
112458
-437.494
-436.562
-436.885
-432.823
136.076
-348.587
-366.481
-390.101
-393.181
98283
96574.5
94853.1
97534.1
19062.9
153.492
-390.053
-389.602
-391.146
-386.52
159.01
111719
110096
105648
-437.503
-434.861
-423.291
203.981
-390.017
-386.687
-374.036
166.079
165.712
112.099
92834.4
59868
88941
95481.7
103.78
17448.5
96787.7
95994
94921.1
95164.4
160.425
-119.962
-120.234
-123.942
163.12
23800.7
110049
74337.3
106967
111414
-449.16
-422.161
-444.129
-436.165
113032
112084
112432
113115
-436.413
-435.303
-435.51
-434.134
133.255
-403.825
-380.115
-398.871
-389.76
178.06
19869.6
96276
98338.7
98060.3
95707.6
154.289
-390.103
-388.313
-389.005
-388.211
158.209
108272
110328
108326
105790
-432.893
-434.482
-431.554
-425.277
201.638
-384.202
-386.294
183.967
-382.75
-375.903
20872.7
251.283
18645
139.705
148.268
20315.2
18900
148.323
164.078
175.041
204.073
-10.7429
-12.0636
206.209
-9.64356
-10.6743
153.913
138.778
-7.0606
-36.4218
203.319
-11.2794
172.651
-18.3605
-18.5336
195.816
-16.2976
106.059
108.352
206.77
207.16
109.15
109.614
39495.7
26688.2
21745.9
37428.1
24867.8
35.2991
6.0197
33.6886
-190.38
20775.4
-71.136
20296
17583.5
-10.4445
17741.4
23830.9
18128
36989.6
24549
24133.1
104.779
206.324
-10.6137
200.103
-13.6321
-15.7218
64.6959
95.7049
109.767
101.736
-49.1223
136.596
-55.1443
160.408
-48.0885
-83.2472
-78.571
-101.536
26310.5
19627.8
25555.9
19322.6
24773.7
37808.5
25206.6
-44.7127
-70.078
156.339
-38.4415
156.056
-27.4326
-55.3192
-35.3775
195.573
3.7631
189.162
-20.0271
-5.80585
-36.3905
-98.9554
-74.3613
-74.3916
-98.817
-149.571
-121.515
-84.7299
-150.459
-120.218
-83.2758
-150.127
-83.859
-119.969
-83.5647
-149.915
-6.42769
0.56038
-25.2407
22.9745
-90.3437
135.246
8.65656
-100.723
-15.1309
-7.1628
55.9972
523.855
167.575
-9.74364
-121.078
-121.61
-100.558
-76.5734
-101.241
-76.004
-151.289
-84.4032
-150.364
-84.6441
-151.695
-86.7324
-84.9063
-152.836
-104.94
-101.113
-81.1772
-103.541
-80.3529
-139.3
-60.8156
-132.781
-56.5173
-151.523
-81.7859
-81.2593
-154.21
-34.6342
-98.7388
-73.7146
-98.4121
-74.1141
-150.115
-84.0625
-82.8808
-150.46
-150.226
-120.363
-83.6881
-119.786
-83.1718
-150.117
164.541
39602.4
21080
39918.3
105.832
19519.6
19297.3
12421.9
4132.11
11249.8
35852.8
25105.5
18208.1
72823.1
29510.6
7666.57
26843.5
56057.6
43054
43511.4
86511.5
53626.8
94236.3
88870.4
96186.4
54545.8
44143
56794.2
43898.6
175.644
155.339
115.583
2952.95
17121.8
31024.1
90100.2
59000.2
47846.9
47723.9
60807.5
90138.9
98100.8
60539.2
47370.1
58665.1
47507.8
90875.5
96317.4
18551.9
34563.2
34320.3
61017
48836.2
48821.8
88052.9
59597.7
94102.6
158.112
-119.515
-120.963
-120.684
-100.424
-76.6225
-101.461
-75.503
-151.171
-84.1884
-150.82
-84.1223
-152.342
-86.5043
-84.5983
-153.513
141.716
145.014
112414
111843
-410.315
-408.956
-437.805
-435.283
112215
111765
112354
113024
-437.108
-435.611
-433.759
-434.339
78.7815
140.96
79.2653
-218.711
-309.189
-280.269
-232.591
-336.923
-378.142
-365.014
-187.915
-290.746
-341.795
-230.052
-225.049
-333.84
-331.968
-289.713
-228.649
-392.168
-388.767
-227.239
-329.602
-225.46
-332.779
136.726
73.9371
72.3937
38617.9
20152.3
38300.9
90937.4
59852.5
46616.3
89952.1
57883.6
46763.7
91007.7
96593.9
58293.5
47143.2
60214.5
47000.5
98358.2
88458.2
55679.5
44935.1
44802
57793.2
97179.7
57338.4
44410.7
55173.9
44576.7
89716
95325.5
18982
35258.7
35484.7
85.9425
148.655
86.8688
-224.544
-325.427
-285.967
-226.236
-325.904
-389.916
-388.301
-224.98
-324.82
-224.803
-326.382
-285.938
-226.409
-325.848
-327.731
-284.304
-225.396
-387.351
-287.778
-388.639
-224.544
-329.052
-227.1
-327.926
162.149
105.679
103.152
110783
111095
104035
104287
-436.29
-435.574
-420.57
207.002
154.448
-282.581
-222.062
-319.463
-322.01
-221.241
-285.314
-388.326
-222.648
-324.075
-224.681
-323.618
-281.735
-387.696
177.609
115.109
118.139
-263.135
-200.029
-300.757
-298.716
-204.022
-266.765
-371.068
207.616
-10.9116
-98.3657
-74.1327
-98.6129
-73.9219
-148.853
-120.318
-82.9943
-119.02
-82.4751
-148.706
-149.314
-120.596
-84.0389
-149.793
-82.8704
207.919
-9.50719
144.489
192.209
45.0052
131.421
103.347
845.409
-393.53
-142.732
1818.53
473.023
158.605
1595.79
600.825
226.575
109.627
138.798
16.1305
9.48755
204.305
-12.9115
-119.411
-107.384
-106.162
-82.7787
-106.273
-81.6862
-158.222
-88.8163
-89.6199
-157.381
-157.858
-89.9862
-157.938
-88.3127
183.815
-17.9727
-18.598
190.841
-19.1834
4619.43
83.5616
172.338
108.181
174.399
109.429
174.537
175.318
-98.1161
-73.9381
-98.5233
-73.4365
-148.899
-83.0539
-149.026
-119.251
-82.2981
-149.543
-83.5818
-150.019
-82.5445
209.36
-9.36574
209.148
164.057
175.986
111.676
177.432
175.159
110.2
176.72
26127.6
39506.1
26708.1
26209.8
21638.4
40519.4
40549.9
25806.6
24929.8
25671
106.109
24.6243
102.67
100.087
9.8443
91.0625
85.4386
2744.96
5899.39
3954.29
786.608
1833.59
16107.3
6365.01
2450.51
-521.811
-489.568
4162.92
15519.9
10994.9
23701.4
41001.1
26868.3
66225.3
37865.7
31505.8
83165.1
83245.2
45548.6
36390.7
34770.9
49182.4
81643.5
35279.5
6793.84
10028
1669.41
20286.5
9556.28
3914.8
733.35
17926
21372.1
21590.4
25882.8
15578.1
25880
32881.6
30320.9
28763.8
-116.08
35562.4
39149.7
39521
35221.8
35784.3
39986.2
39813.3
35912
52197.7
42395.8
87381.9
54912.6
41611.2
94017.8
52896.7
38770.5
49477.7
40432.4
91833.1
33908.9
38572.4
34686.4
37811.7
32736.1
35087.1
31085.4
36645.3
19408.5
37988.2
35388.6
85.5645
73.0568
-25.8172
19166.5
-64.4108
4646.73
-23.7812
2124.04
18512.4
24570.1
12296.3
13491
72.5707
-40.2737
53.3832
17598.6
32376.4
32057.2
35422
23346.9
22123.2
22716.4
23717.6
22580
37059.5
42428.2
42312.8
37142.6
36967.3
42038.6
42157.8
36883.2
90639.4
61017.3
48045.5
89953.1
59271.4
48150.6
95532.6
59482.8
48409.2
48327.8
61150.5
97366.2
37303.4
42573.2
37229.2
42675.4
37380.4
42895.7
42806.8
37446.6
18243.8
33268.3
33545.1
23617.9
24471.8
23522
23093.8
36570.1
24223.7
23207.2
37696.7
43281.5
43296
37683.7
88745.5
59656.2
48753.1
89152.8
61158.6
48731.8
89283.5
96055.6
61202.9
48558.1
59607.4
48612.7
94157
37613.8
43212.3
37650.1
43166.3
37561.7
43008.5
37511.1
43074
171.051
104.652
171.25
-119.053
-120.34
-102.961
-76.8213
-101.936
-77.94
-155.493
-89.3323
-156.508
-87.2126
-155.099
-86.7602
-154.353
-87.1373
206.768
-10.4958
205.902
-12.2514
-12.4751
138.887
78.0149
146.808
151.329
88.8477
162.539
159.392
175.409
108.176
175.707
107.771
170.643
174.283
67795.1
100191
100706
110355
110180
-435.181
-427.519
-441.005
-441.06
112301
112861
113117
112482
-435.075
-435.924
-434.983
-432.955
-127.432
-49.2149
-74.1858
-127.851
130.426
78.4149
72.558
-55.4005
-125.581
-129.241
-292.473
-237.393
-325.133
-235.969
-330.479
-390.703
-301.759
-289.779
-383.622
-241.21
-335.461
-324.882
-239.024
-185.188
-229.998
-235.1
-190.353
-187.549
-236.768
-236.038
-209.987
-193.363
-241.141
-240.03
-197.39
-191.942
-242.225
-237.434
-193.844
-176.624
-234.833
-231.808
-180.716
-178.273
-230.433
-233.133
-175.693
-292.621
-230.407
-332.891
-224.924
-337.4
-394.903
-285.465
-396.926
-221.932
-338.484
-229.43
-338.763
-183.43
-233.49
-179.225
-237.182
-183.111
-238.433
-186.772
-236.802
181.772
69.7677
85.2993
-171.842
-79.8282
-130.974
-141.526
-73.9048
-101.29
-143.021
25634.9
26149.5
25456.9
19745.5
37155.8
37425.5
38381.6
25690.6
24805.3
24952.6
57459.1
46379.7
90797.9
59462.7
46234.5
98233.9
96465.8
59056.9
45858.3
45999.9
57018.1
36617.5
41476.4
41594.5
36541.1
36706
41877.2
41754.4
36791.2
36391.8
41319.6
41207.9
36460.1
36322.5
40962.5
41061.1
36269.8
36071.5
40434.8
40363.5
36090.8
36038.3
40150.5
40244.4
35995.7
90048.2
58222.2
45149.8
56134.3
45278.1
96023
90341.6
88849.8
97825.8
56579.6
45631.1
58641.3
45498
36141.1
40546.6
36117.9
40619.7
36178.3
40827.3
36216.8
40740.7
19231.8
36404
36168.1
23903.8
24851
23998.3
24416.9
37689.4
25108.1
24305.5
-120.882
-44.007
-69.7711
-119.66
157.528
93.7152
93.0768
-39.371
-65.3577
-115.689
-115.855
-285.61
-226.002
-325.408
-225.615
-327.239
-388.224
-286.781
-284.968
-389.342
-225.106
-327.5
-327.638
-226.939
-166.854
-225.445
-224.741
-168.44
-166.259
-223.309
-224.538
-165.149
-169.737
-225.666
-226.805
-168.808
-169.641
-227.39
-226.761
-171.1
-174.613
-227.968
-229.456
-173.152
-173.844
-230.794
-228.978
-176.518
-283.827
-225.08
-326.456
-226.959
-327.201
-388.863
-286.13
-386.486
-226.456
-327.263
-226.089
-328.381
-171.661
-228.376
-173.421
-227.69
-172.007
-227.353
-171.13
-228.31
155.008
96.2439
96.6797
-103.689
-29.4714
-56.8375
-105.472
-112.248
-34.2675
-61.208
-110.82
109408
109263
107118
107077
-433.334
-433.287
-429.258
-427.321
197.947
140.012
143.305
19.4773
-13.018
-53.2393
-70.1387
7.50206
-24.1538
-65.8531
-160.98
-218.233
-220.05
-159.361
-162.287
-222.439
-221.371
-164.091
-217.829
-318.089
-281.142
-220.339
-317.669
-384.789
-384.718
-216.836
-314.293
-316.803
-215.576
-155.403
-216.74
-157.673
-215.235
-153.463
-211.4
-213.659
-151.319
187.421
130.832
127.858
-95.6807
-17.1008
-92.216
-80.405
-9.04219
-83.0985
-133.956
-198.193
-195.222
-137.591
-270.852
-208.651
-303.74
-206.509
-307.583
-380.038
-268.793
-378.136
-210.703
-312.227
-213.935
-310.605
-143.603
-201.313
-140.714
-204.453
-146.244
-209.243
-149.024
-207.111
)
;
    }
    procBoundary3to0
    {
        type            processor;
        value           nonuniform List<scalar> 
43
(
-175.584
-159.44
-160.747
-174.912
-159.619
-159.341
-173.847
-157.894
-158.717
-173.883
-158.234
-158.376
-176.462
-161.377
-160.725
-174.422
-158.5
-159.334
-174.621
-159.102
-174.074
-158.501
-158.72
-174.159
-158.177
-158.769
-159.44
-160.747
-161.377
-160.725
-159.619
-159.341
-158.5
-159.334
-159.102
-157.894
-158.717
-158.501
-158.72
-158.234
-158.376
-158.177
-158.769
)
;
    }
    procBoundary3to1
    {
        type            processor;
        value           nonuniform List<scalar> 
23
(
-136.539
-125.705
-78.8596
-100.49
-79.3201
46.9518
-48.1567
38.6511
159.116
-120.372
-78.8596
-100.49
-97.812
-78.8596
67.1742
3.6455
-75.3354
26.051
99.5216
154.991
-103.767
-113.851
-134.426
)
;
    }
    procBoundary3to2
    {
        type            processor;
        value           nonuniform List<scalar> 
328
(
-160.289
52.2618
-252.525
-129.854
-28.3275
-400.659
409.064
11733
53616.5
54239.8
-175.194
-158.906
-159.836
-176.07
-160.169
-159.892
53616.5
53616.5
-17995.8
-17995.8
-17995.8
6605.85
6605.85
6605.85
54337.4
54337.4
54337.4
53918.7
53918.7
53918.7
6139.29
6139.29
6139.29
6511.48
6511.48
6511.48
54239.8
54239.8
51700.6
6090.38
6090.38
6090.38
239.842
-180.381
-169.554
-151.261
239.842
239.842
239.842
239.842
239.842
-1559.6
47381.6
50628
53590.1
53236.3
-179.667
-158.032
-165.946
-1559.6
-1559.6
-1559.6
-1559.6
-1559.6
47381.6
47381.6
50628
50628
6150.84
6150.84
6150.84
6978.58
6978.58
6978.58
54360.4
54360.4
54360.4
54299.5
54299.5
54299.5
6265.74
6265.74
6265.74
6308.9
6308.9
6308.9
53590.1
53590.1
53236.3
53236.3
5903.33
5903.33
5903.33
5824.82
5824.82
5824.82
-28.3275
-175.362
-198.726
-81.0729
-28.3275
-28.3275
-28.3275
-28.3275
-28.3275
-46534.8
44700.5
53118.6
54086.9
52297.8
-158.759
-177.228
-159.993
-161.805
-46534.8
-46534.8
-46534.8
-46534.8
-46534.8
44700.5
44700.5
53118.6
53118.6
14070.1
14070.1
14070.1
6737.38
6737.38
6737.38
54385.6
54385.6
54385.6
54090.4
54090.4
54090.4
6183.77
6183.77
6183.77
6422.86
6422.86
6422.86
54086.9
54086.9
52297.8
52297.8
6035.79
6035.79
6035.79
5640.29
5640.29
5640.29
5.35404
-179.584
-131.804
-178.61
5.35404
5.35404
5.35404
5.35404
5.35404
106.137
50495.5
52051.1
53871.7
52806.6
-178.529
-162.977
-160.478
106.137
106.137
106.137
106.137
106.137
50495.5
50495.5
52051.1
52051.1
13177.9
13177.9
13177.9
6676.55
6676.55
6676.55
54391
54391
54391
54212.5
54212.5
54212.5
6225.35
6225.35
6225.35
6360.65
6360.65
6360.65
53871.7
53871.7
52806.6
52806.6
5973.93
5973.93
5973.93
5737.57
5737.57
5737.57
52.2618
-252.525
-198.726
-81.0729
-400.659
409.064
1347.33
-812.388
-158.906
-159.836
-158.759
-160.169
-159.892
-159.993
-161.805
157965
134430
245187
131724
133546
133775
131102
-9329.77
-23369.2
-186.473
-3533.35
-5175.42
-4139.47
-4296.5
-5243.19
128449
129021
129952
129281
133267
131862
131744
132935
-4437.19
-3406.48
-3484.51
-4526.42
-4006.84
-5077.47
-4981.06
-3898.3
127959
127484
126376
126748
116197
118151
118348
-3330.25
-4341.62
-4243.72
-3249.89
-2827.13
-3705.07
-169.554
-151.261
-131.804
-178.61
10669.7
-5363.78
-2023.56
3896.91
-158.032
-165.946
-162.977
-160.478
-16158
31205.1
97973.8
-13026.6
114268
136851
138486
106795
134515
125024
129327
134129
-6362.5
-5330.45
-2932.7
-4783.78
-4639.35
-5596.39
-5356.24
-4510.84
131442
130591
129993
130754
131084
132029
132523
131472
-3637.51
-4706.59
-4617.77
-3560.27
-4795.47
-3718.01
-3803.59
-4884.44
123688
123842
125377
125113
122129
122089
120312
120235
-4039.12
-3087.32
-3171.54
-4141.54
-3003.22
-3930.7
-3819.64
-2914.59
)
;
    }
    procBoundary3to7
    {
        type            processor;
        value           nonuniform List<scalar> 
49
(
44867.6
8550.66
24762.8
-12424.1
20798.2
36676.3
28536.6
35774.6
13007.6
33482.5
13021.9
1101.48
-8517.23
-3732.63
-3269.1
3661.19
2871.9
-2122.13
37575.5
52564.8
88831.3
91736.7
91736.7
105007
-2244.67
-22623.1
-18033.1
-3892.39
-1130.41
28763.2
28273.6
-15068.9
-14557.6
59646.7
17664.7
19560.1
50300.4
156.805
2405.18
2060.32
-3884.48
39032.9
15998.1
44730.5
13788.2
-3303.65
2457.74
-3706.33
2810.1
)
;
    }
}


// ************************************************************************* //
