/*--------------------------------*- C++ -*----------------------------------*\
| =========                 |                                                 |
| \\      /  F ield         | OpenFOAM: The Open Source CFD Toolbox           |
|  \\    /   O peration     | Version:  2012                                  |
|   \\  /    A nd           | Website:  www.openfoam.com                      |
|    \\/     M anipulation  |                                                 |
\*---------------------------------------------------------------------------*/
FoamFile
{
    version     2.0;
    format      ascii;
    class       volScalarField;
    location    "0.105/solid";
    object      sigmaEq;
}
// * * * * * * * * * * * * * * * * * * * * * * * * * * * * * * * * * * * * * //

dimensions      [1 -1 -2 0 0 0 0];


internalField   nonuniform List<scalar> 
3125
(
798.813
763.997
687.443
802.626
770.15
705.712
818.235
788.659
740.59
812.307
784.614
731.57
233.235
451.883
855.597
795.493
237.795
852.376
449.053
205.596
424.619
827.58
756.993
217.415
817.937
419.103
120.47
391.189
716.107
635.755
157.906
606.105
374.039
957.42
962.867
242.182
806.102
454.827
857.643
237.338
862.681
457.784
955.16
951.319
927.393
935.115
224.767
775.537
429.422
830.36
217.194
837.622
433.549
924.444
913.808
813.765
856.006
166.38
714.665
393.663
733.555
157.007
767.171
392.768
792.365
672.813
868.662
468.26
247.438
590.777
327.562
306.092
299.627
578.225
575.167
233.717
792.296
846.743
443.465
851.449
229.19
446.322
570.049
574.078
291.955
297.799
274.108
261.662
551.865
540.585
205.436
749.181
800.123
406.275
814.326
187.844
412.93
516.963
535.774
240.768
257.429
205.591
191.535
385.833
312.468
102.207
630.821
557.756
314.232
295.569
196.182
970.437
965.654
962.822
241.722
808.696
863.919
464.459
248.045
862.359
460.906
307.975
314.92
579.894
584.373
587.401
584.946
325.534
317.325
945.1
950.243
943.112
937.221
224.31
780.284
844.944
440.396
229.654
839.567
437.125
277.121
284.577
554.922
561.87
568.458
563.794
290.411
285.912
621.115
894.278
909.874
596.494
614.696
888.214
865.389
468.595
536.787
589.494
553.192
166.65
722.778
794.557
399.789
187.16
774.966
394.751
208.125
215.735
407.929
462.461
508.795
476.97
235.654
218.736
439.375
357.671
711.579
628.545
345.553
508.507
592.897
724.581
393.71
669.11
773.701
511.911
235.738
419.796
305.848
306.511
420.361
511.377
512.859
235.3
308.163
422.073
513.6
307.594
421.229
489.993
212.08
393.472
284.105
286.326
396.302
487.879
492.461
212.061
290.651
401.705
494.261
288.977
399.386
425.987
152.306
272.894
229.576
250.009
300.811
389.3
445.777
153.518
259.907
331.148
455.344
259.493
320.745
517.125
239.305
426.954
311.802
517.542
311.299
426.333
515.961
239.797
309.35
423.497
514.922
310.151
424.846
499.837
221.187
409.406
296.986
501.106
296.075
407.975
497.951
221.524
292.831
404.146
496.408
294.269
405.965
461.739
159.446
351.895
257.617
464.029
256.159
346.989
461.184
160.148
257.899
337.699
458.733
257.197
341.964
526.902
249.986
439.052
320.517
525.012
250.539
431.934
317.537
435.665
318.813
522.49
397.536
594.852
463.854
470.711
598.335
472.31
391.709
396.405
274.793
277.9
330.629
277.645
272.049
273.456
333.533
281.9
254.337
255.829
263.045
304.371
262.981
258.465
256.899
260.827
302.355
260.285
378.23
378.964
454.081
577.017
452.519
381.099
380.106
450.999
575.92
451.895
509.775
418.907
231.265
304.846
510.466
418.097
304.326
508.556
231.729
415.79
302.379
416.84
303.17
507.607
377.24
376.117
571.404
446.26
448.042
450.405
572.881
448.812
373.743
375.017
253.316
251.952
256.023
294.385
255.562
249.464
250.961
258.15
296.188
258.16
225.426
229.77
240.001
270.507
239.634
235.442
231.963
233.947
266.765
234.095
347.472
352.321
430.908
548.633
426.387
358.422
354.707
419.02
544.723
424.602
482.683
389.849
197.545
281.073
485.162
386.311
278.482
479.669
197.07
377.606
271.823
381.802
274.999
476.854
344.742
338.253
524.308
397.451
406.85
416.897
530.711
409.509
326.777
335.083
222.796
217.544
218.405
247.292
219.154
208.296
214.535
227.372
252.219
226.571
164.008
186.521
184.23
197.108
179.747
184.656
184.003
160.525
189.294
169.529
194.136
230.959
317.185
362.418
289.177
259.205
236.711
244.149
336.072
283.228
344.868
235.774
62.2963
191.068
372.086
211.784
171.548
494.756
573.792
341.249
735.795
437.418
247.558
213.874
355.839
414.493
160.92
232.344
167.927
183.45
156.315
446.029
230.655
233.707
300.321
226.933
143.011
150.404
117.421
221.682
192.067
147.045
144.199
187.36
137.506
517.832
245.219
427.245
312.773
517.879
426.963
313.495
518.585
244.806
428.702
315.723
519.87
427.319
314.836
263.704
262.083
265.855
310.744
265.421
259.53
261.024
268.287
312.873
268.31
386.017
384.864
454.899
581.56
457.317
382.241
383.879
459.643
583.238
458.141
387.02
386.866
462.313
585.732
460.079
389.975
388.572
460.076
584.941
459.489
264.995
267.214
274.301
323.431
274.133
270.834
268.736
271.437
320.805
270.878
503.786
227.35
410.943
298.379
502.701
412.071
299.206
505.243
226.893
414.48
301.15
506.228
413.439
300.503
243.341
241.451
244.645
280.695
244.437
237.256
240.02
248.168
282.984
248.045
366.951
364.853
432.366
557.32
435.718
360.377
363.181
439.689
559.822
436.955
368.375
369.894
445.432
566.964
443.505
372.549
371.223
440.678
565.291
442.617
244.462
245.966
253.379
289.195
253.328
248.44
246.966
251.136
287.841
250.735
602.368
608.695
495.695
518.529
580.352
568.399
468.288
176.279
357.152
259.045
465.605
362.109
261.924
470.918
177.037
372.562
268.257
473.808
367.716
264.974
187.401
185.022
190.802
211.117
190.01
184.399
184.132
194.044
212.211
194.363
293.211
277.85
319.152
428.135
339.875
259.877
276.478
361.096
446.383
342.556
296.252
309.125
394.496
500.03
382.412
323.25
312.674
364.222
489.336
379.149
189.782
195.289
210.158
229.374
209.026
204.973
198.458
200.601
224.581
201.073
410.697
380.626
605.805
786.896
457.476
350.557
344.457
234.43
280.96
265.741
264.981
280.363
344.371
707.959
885.841
657.713
854.008
709.221
884.524
656.643
345.956
235.642
268.204
283.683
347.362
268.089
283.275
706.925
655.427
853.041
882.141
882.929
655.798
706.066
322.208
208.917
252.423
238.108
237.954
252.865
320.349
681.786
855.62
634.429
824.414
684.331
853.108
631.952
327.331
214.022
246.44
262.004
329.587
246.094
261.066
231.041
138.046
135.025
145.572
160.834
152.191
204.911
271.14
155.034
186.388
189.754
280.15
184.552
185.841
998.324
959.608
1000.23
1003.3
961.661
1002.29
350.025
239.755
288.201
272.753
351.234
272.628
287.802
712.271
887.997
659.57
859.809
710.718
889.583
661.37
348.025
238.546
270.048
285.097
347.708
269.318
284.55
995.968
953.258
994.293
952.051
991.484
992.52
334.463
222.16
269.993
254.331
336.014
254.245
269.447
688.884
858.922
637.114
832.85
686.706
861.104
639.091
331.18
219.469
249.559
264.429
330.165
249.051
264.301
690.982
643.115
865.934
835.312
863.997
692.918
641.398
285.82
161.718
205.867
195.602
291.091
194.21
202.991
283.037
158.69
188.532
191.693
278.79
188.081
193.261
356.466
249.049
295.34
280.767
295.03
279.947
355.321
306.821
307.944
228.163
229.253
213.551
214.311
217.625
215.891
291.46
292.353
295.86
294.13
342.898
279.599
231.595
263.937
344.147
279.198
263.885
702.603
876.143
848.408
650.774
652.04
877.587
701.161
703.943
654.539
880.641
850.05
705.085
653.564
879.516
340.986
230.464
276.72
261.49
276.177
260.753
340.719
291.446
289.76
286.939
287.852
213.422
211.724
209.456
210.302
186.671
189.403
197.334
194.522
260.243
263.238
272.829
269.931
316.393
249.064
200.957
233.861
319.638
247.487
233.059
309.159
192.316
233.702
220.655
235.034
221.068
306.235
259.249
255.106
239.594
244.136
185.707
181.89
170.064
173.796
130.176
144.431
148.183
145.088
138.979
156.641
189.715
183.445
154.529
116.863
74.0217
122.998
188.8
91.5577
111.532
523.563
597.897
661.551
534.764
550.812
635.651
495.377
501.329
416.427
629.61
541.002
505.412
394.336
631.444
390.397
279.568
440.699
297.436
423.011
254.19
396.135
127.173
107.833
115.824
81.7731
1008.73
962.822
1006.16
1004.22
962.241
1004.46
351.169
243.331
289.795
274.799
351.252
289.141
274.094
352.46
245.439
293.443
278.356
354.485
292.948
278.255
222.092
220.148
217.788
218.568
300.738
298.712
295.859
296.709
300.661
302.057
306.635
304.471
222.386
223.392
228.097
226.013
984.599
946.811
986.313
989.837
948.616
988.401
982.252
940.946
980.306
336.808
225.884
271.737
256.589
336.43
271.271
255.855
698.025
873.96
649.147
843.049
699.614
872.342
647.81
338.993
227.406
275.25
259.561
340.361
274.816
259.496
696.39
644.925
868.428
841.265
694.73
870.05
646.187
204.528
202.46
197.835
199.608
281.229
279.118
273.35
275.23
281.441
282.64
286.867
285.084
204.704
205.784
209.318
207.543
293.692
170.92
209.519
199.72
290.26
211.413
200.141
301.141
181.63
229.446
215.459
305.704
226.917
213.963
151.802
148.035
146.836
148.273
210.714
204.256
189.253
193.967
211.859
217.487
238.067
232.292
152.104
155.309
168.699
163.94
718.778
733.804
729.686
710.881
625.932
731.285
593.288
490.495
566.222
620.599
505.007
553.485
654.144
688.521
619.101
441.489
452.252
503.572
673.921
733.342
344.386
233.559
266.06
281.591
345.659
265.919
281.232
345.998
236.515
267.881
283.014
345.874
267.116
282.393
322.342
208.169
240.84
256.248
325.098
240.253
255.028
327.216
214.83
244.507
259.132
325.776
244.15
259.287
235.781
143.865
176.848
172.458
256.184
169.669
162.044
271.61
156.323
182.958
179.395
260.677
183.741
184.27
350.177
240.623
272.372
287.396
349.974
271.585
286.875
348.099
237.592
270.425
285.93
349.634
270.308
285.468
334.394
223.062
253.548
268.552
333.728
252.883
268.239
331.289
218.556
250.887
266.488
333.211
250.656
265.78
287.488
162.435
192.203
198.903
283.976
192.015
200.65
280.38
157.048
189.58
196.545
285.741
188.827
194.109
360.985
252.226
299.409
284.317
360.244
299.317
283.663
357.019
247.731
297.264
281.466
359.511
296.368
281.378
310.567
312.566
371.918
398.686
349.514
350.177
373.185
556.414
629.793
631.909
554.881
557.193
635.432
559.335
632.232
561.329
635.257
559.871
637.411
310.107
307.83
345.08
392.805
366.863
345.432
368.191
370.448
348.105
394.111
346.599
369.258
230.818
232.438
284.758
289.792
265.102
272.27
263.004
284.236
290.079
249.732
285.173
284.661
250.424
210.87
219.826
208.583
222.089
250.473
283.393
284.917
248.136
211.345
225.253
211.755
224.018
230.772
228.459
280.832
261.233
269.306
285.738
259.283
285.987
280.713
280.808
287.608
262.058
269.027
259.969
283.012
285.86
254.287
287.627
289.179
252.095
226.579
212.722
215.489
213.786
262.638
245.285
251.85
267.82
243.485
267.899
262.761
262.51
268.79
245.785
251.683
243.787
263.993
267.56
235.232
267.483
268.815
233.673
197.38
201.416
196.689
201.359
235.168
268.908
268.903
234.759
197.098
199.462
195.823
200.559
215.696
216.504
265.207
248.094
254.358
271.679
246.134
270.337
266.949
265.079
270.14
247.543
254.346
245.701
265.019
270.297
232.192
265.924
265.974
232.551
194.439
194.903
192.473
196.482
232.882
265.127
266.41
230.695
194.936
198.534
195.079
197.91
293.687
291.913
330.088
378.092
352.107
329.867
352.921
353.904
331.007
378.757
330.611
353.06
541.663
617.51
542.575
616.302
485.973
576.518
453.258
471.746
574.956
471.133
486.655
485.49
469.996
452.807
574.228
574.773
470.685
484.942
541.171
615.374
540.65
616.043
293.629
294.577
333.254
380.639
356.002
332.75
355.194
354.194
332.274
379.909
331.981
355.027
483.561
573.108
451.202
468.286
573.381
468.95
483.075
538.673
612.972
538.269
613.42
483.968
469.607
451.506
574.073
573.289
469.194
484.34
539.247
614.69
539.887
613.946
342.94
232.459
278.925
263.717
342.752
278.372
262.93
341.03
229.557
277.51
261.852
342.422
277.091
261.756
328.955
351.73
376.788
328.412
350.988
289.247
290.127
349.955
376.169
327.867
327.743
350.734
533.365
607.201
607.853
532.721
478.548
567.783
446.749
463.081
568.595
463.979
477.83
479.163
465.2
570.205
447.259
568.784
479.849
464.522
533.973
609.56
534.864
608.53
481.859
572.888
467.741
449.759
482.441
571.708
467.239
536.75
612.358
537.565
611.35
481.361
465.955
449.343
570.658
571.532
466.766
480.623
536.21
610.193
535.548
610.982
289.201
287.488
325.506
373.744
347.505
325.361
348.395
349.496
326.684
374.548
326.157
348.651
211.572
212.396
260.136
243.508
266.463
249.397
261.795
241.704
265.246
260.136
265.111
243.137
249.429
241.257
260.035
265.245
227.146
260.71
260.773
227.405
189.832
188.584
187.96
189.989
227.79
259.876
261.173
225.724
190.243
191.747
190.314
191.287
211.458
209.758
257.752
240.813
247.11
262.739
239.09
262.905
257.767
257.643
263.792
241.332
246.978
239.464
259.119
262.622
230.034
262.22
263.523
228.51
192.537
194.09
191.799
194.202
229.973
263.538
229.543
263.58
192.254
192.547
191.013
193.501
192.187
188.891
233.712
217.788
224.623
237.626
216.75
239.134
231.909
233.874
241.223
220.253
224.807
218.168
236.632
239.235
212.716
241.397
243.851
210.021
178.237
176.255
178.146
175.528
212.491
244.482
243.866
212.938
177.458
172.087
175.473
174.081
192.913
195.173
240.265
225.952
230.887
247.432
224.03
245.66
242.767
240.061
244.249
224.148
230.688
222.834
238.63
245.418
206.342
238.24
237.317
207.79
172.206
164.142
169.487
166.91
207.108
234.832
237.696
203.518
173.271
170.588
174.07
169.01
266.83
263.331
298.523
348.856
319.245
299.639
321.893
325.618
303.328
350.815
301.767
323.3
512.187
587.983
514.281
585.824
458.931
551.852
429.238
446.209
549.247
444.638
460.552
510.704
582.587
508.584
584.281
267.554
269.968
309.626
357.186
332.084
308.367
330.266
327.153
305.949
355.653
306.717
329.206
501.77
572.904
498.937
575.687
503.908
580.492
506.521
578.119
316.273
201.498
243.997
230.218
313.858
244.912
230.333
309.174
191.989
240.09
225.372
313.116
238.046
224.2
295.372
317.267
342.642
293.344
314.444
250.998
254.755
309.21
340.421
289.07
290.759
312.456
475.752
543.63
548.712
471.029
479.039
557.593
483.259
553.101
493.324
570.384
496.454
567.073
490.559
561.482
486.647
564.532
249.669
244.665
277.304
329.562
296.36
279.515
300.408
306.55
285.314
332.298
282.699
302.966
179.101
182.397
226.136
213.177
233.929
217.528
229.449
211.048
231.631
225.715
229.187
210.021
217.115
209.195
223.265
231.122
191.044
222.046
220.425
193.371
159.742
147.484
156.59
150.793
191.992
216.941
220.78
187.314
160.97
154.976
162.17
152.827
177.871
173.484
216.382
200.706
208.333
219.629
200.169
221.913
213.531
216.826
224.891
204.683
208.757
202.38
220.465
222.387
199.968
226.373
229.717
196.213
167.572
162.565
167.962
161.15
199.576
231.025
200.879
229.725
166.448
156.626
163.889
159.4
151.35
145.526
143.737
137.04
165.09
132.091
149.588
137.566
136.024
148.261
156.099
161.041
167.911
154.237
155.002
144.949
166.654
167.936
175.906
166.551
139.928
140.335
140.588
138.874
163.361
178.415
175.194
162.608
140.484
129.66
138.698
136.299
146.923
148.715
168.496
167.185
177.404
179.705
165.152
175.267
173.735
164.813
163.922
163.827
180.381
163.832
159.732
171.982
162.354
158.876
149.297
161.982
141.968
104.092
145.253
105.352
158.385
134.469
141.652
154.639
139.989
121.578
137.582
112.534
174.172
160.236
153.335
207.407
161.673
167.488
175.543
194.393
190.715
216.817
180.758
184.912
313.516
375.127
324.846
357.532
301.966
327.854
291.345
344.779
176.839
184.544
213.452
248.926
217.199
208.391
212.5
201.636
199.375
248.618
205.476
207.829
266.316
289.322
260.327
301.475
272.536
317.708
281.129
303.081
142.901
67.1865
109.784
114.041
144.026
75.347
81.8287
476.725
590.723
573.216
513.346
672.336
603.039
437.269
438.543
533.11
658.051
715.073
642.328
348.322
431.282
353.762
247.017
283.134
297.266
280.941
238.4
299.126
395.201
313.097
336.159
390.293
317.886
300.85
158.218
146.656
188.087
347.665
162.282
252.52
244.976
152.718
225.606
138.613
146.78
170.988
117.89
130.045
104.335
93.7409
94.0615
166.249
120.072
113.225
111.806
369.79
290.003
238.906
228.042
313.352
241.72
338.73
202.706
259.684
296.054
259.286
292.54
270.396
312.901
253.002
317.215
182.921
80.5155
130.54
61.0104
85.7849
112.412
114.519
121.722
132.851
132.126
118.722
126.816
142.686
129.762
123.163
125.124
81.5827
96.2257
116.222
205.788
135.83
219.318
181.588
156.191
186.98
210.589
168.846
173.01
126.434
144.863
203.303
139.316
143.231
108.545
108.75
133.798
102.773
113.858
108.601
126.616
116.508
123.999
124.867
135.923
121.861
91.4004
151.637
87.3504
123.496
656.068
657.956
661.927
659.096
662.937
644.627
645.386
647.334
646.1
650.186
649.307
648.011
648.891
655.218
653.303
652.359
653.164
650.82
651.069
651.818
651.345
350.847
242.502
290.543
275.502
352.085
290.28
275.24
352.409
246.499
292.408
277.71
352.172
291.664
276.977
219.897
220.793
270.627
252.947
259.394
277.271
250.918
275.831
272.492
270.563
275.749
252.437
259.408
250.459
270.481
275.851
237.432
271.551
271.499
237.823
199.349
202.363
197.316
204.124
238.096
270.545
235.899
271.873
199.85
206.391
200.016
205.666
219.782
218.023
267.938
249.892
257
273.101
248.11
268.03
273.234
267.883
274.283
250.48
256.828
248.463
269.481
272.964
240.706
273.242
274.568
239.034
202.561
209.356
201.874
209.337
240.607
274.735
274.624
240.385
202.153
207.367
200.81
208.518
298.117
299.129
338.036
385.659
360.762
337.509
359.964
358.95
336.818
385.078
336.773
359.709
543.958
618.113
543.308
618.935
488.276
577.003
455.591
472.502
578.168
487.45
473.464
488.972
475.073
456.177
580.488
578.523
474.257
489.904
544.509
620.766
619.409
545.501
298.071
296.331
334.447
382.344
356.448
334.286
357.29
358.388
335.691
383.149
335.073
357.596
547.357
623.408
622.441
548.041
546.757
621.119
622.092
546.083
303.796
301.415
339.359
386.5
361.023
339.01
362.027
363.135
340.174
387.308
340.051
361.895
552.403
629.176
553.823
627.205
551.734
626.302
627.013
551.221
303.564
305.045
343.443
365.908
389.197
342.787
364.595
363.127
342.066
387.9
341.489
364.461
548.944
623.981
624.229
548.782
549.68
625.227
624.832
550.055
225.041
222.957
273.613
254.991
262.525
278.857
253.194
273.698
278.996
273.617
280.148
255.863
262.47
253.523
275.33
278.615
247.168
279.475
280.96
245.341
208.514
218.606
207.967
218.229
247.019
281.323
246.763
281.083
208.219
215.702
206.701
217.179
225.548
226.653
277.302
258.884
283.893
266.35
279.39
256.729
282.222
276.969
281.802
257.934
266.242
256.162
276.817
282.111
243.375
277.614
277.506
244.051
204.845
210.251
202.725
212.074
244.195
276.618
241.737
277.981
205.493
214.598
205.794
213.758
644
642.831
641.916
642.578
639.696
640.091
641.312
640.603
633.783
634.38
636.089
635.16
638.967
638.044
636.856
637.593
616.458
617.747
620.771
619.275
625.604
624.335
622.197
623.35
632.937
631.84
630.454
631.256
626.822
627.532
629.482
628.489
336.87
224.944
272.791
257.123
338.3
272.34
257.029
338.962
228.287
274.388
259.18
338.682
273.866
258.411
201.735
203.146
249.285
233.906
239.429
255.903
232.168
254.601
251.147
249.203
253.993
233.114
239.355
231.434
248.597
254.508
216.913
249.081
248.824
217.582
181.537
177.52
179.248
179.591
217.615
247.144
214.852
249.219
182.22
182.123
182.556
181.298
201.411
199.023
245.32
229.164
235.679
249.918
227.746
244.454
250.743
245.309
252.085
230.483
235.692
228.592
247.288
250.618
220.823
251.143
252.833
219.062
185.027
184.232
184.217
184.646
220.726
252.901
252.918
220.228
184.799
183.058
183.436
184.052
277.853
279.356
318.438
366.263
341.11
317.65
339.956
338.087
316.363
365.242
316.578
339.392
517.355
589.696
515.845
591.256
463.611
552.637
433.513
447.685
554.334
462.181
449.323
464.811
451.655
434.456
556.812
554.725
450.383
466.06
518.565
594.264
592.617
520.159
277.515
275.048
311.803
360.973
333.26
312.221
334.946
337.182
314.543
362.31
313.604
335.695
469.517
561.158
438.671
455.996
559.402
455.047
470.512
523.571
599.09
597.708
524.89
468.6
452.87
437.919
557.515
559.013
454.194
467.385
522.668
595.582
596.834
521.397
284.257
282.321
319.964
368.494
341.8
319.971
342.928
344.338
321.533
369.439
320.928
343.298
530.914
606.396
531.929
605.244
476.27
567.329
462.347
444.622
477.006
565.826
461.663
530.288
603.855
604.689
529.484
475.64
460.163
444.067
564.603
565.547
461.093
474.832
284.366
285.428
324.25
347.017
372.05
323.659
346.138
344.875
322.93
371.252
322.846
345.826
472.448
561.677
441.265
456.932
562.579
471.572
458.011
526.789
600.2
600.989
525.938
527.573
602.936
601.866
528.604
473.188
459.398
441.854
564.137
562.759
458.62
473.939
207.083
205.224
252.412
236.024
242.15
257.42
234.32
252.245
257.686
252.329
258.619
236.623
242.059
234.801
253.865
257.441
225.248
257.033
258.328
223.876
188.214
187.915
187.426
188.216
225.178
258.344
224.644
258.406
188.088
187.122
186.988
187.731
207.231
208.194
255.094
239.001
261.398
244.575
256.767
237.228
260.173
255.024
259.92
238.506
244.544
236.704
254.827
260.131
222.737
255.546
255.663
222.804
186.36
184.646
184.711
185.658
223.367
254.636
221.476
256.004
186.567
186.654
186.454
186.602
614.606
612.687
609.535
611.106
598.131
601.227
606.653
604.203
569.976
574.031
580.209
576.317
595.629
592.368
585.217
588.322
410.417
427.565
456.563
440.291
507.332
496.297
471.294
484.304
566.104
560.892
547.223
553.262
515.113
524.671
539.667
531.32
292.845
170.769
217.526
204.946
297.94
214.616
203.276
301.381
181.726
221.814
210.022
298.026
223.627
210.603
147.548
149.513
187.069
175.962
181.94
194.56
174.611
192.979
190.288
187.213
191.667
174.511
182.835
172.845
185.175
192.875
162.402
185.038
184.563
163.611
143.453
140.54
141.02
141.067
166.201
183.224
163.196
187.096
142.529
138.271
142.629
139.317
148.567
145.964
180.837
170.723
181.284
185.059
169.149
177.705
187.164
180.722
187.889
170.745
179.24
170.224
183.48
186.991
168.081
188.612
191.873
163.848
144.163
135.97
144.136
135.957
165.593
191.701
190.475
167.433
144.56
136.695
142.465
137.21
198.77
204.042
242.514
286.775
256.876
238.178
251.476
241.201
230.774
285.01
234.585
246.487
349.327
388.713
337.013
406.676
360.368
434.918
418.612
372.522
198.507
192.781
216.91
268.306
222.046
220.481
226.597
235.916
227.133
268.28
222.833
231.118
403.727
480.675
468.928
413.395
394.319
445.647
459.07
383.225
224.65
218.196
247.131
301.311
261.8
250.479
267.127
276.414
258.44
304.175
254.525
271.339
461.365
538.337
466.822
532.944
456.243
521.636
527.799
449.814
226.231
231.508
272.971
293.049
319.516
269.721
288.734
280.598
263.088
316.621
266.033
285.298
429.962
489.718
499.928
421.475
436.139
515.507
506.752
443.783
159.366
154.693
195.497
181.028
189.227
199.174
180.157
192.826
201.126
195.754
203.878
184.622
189.198
182.536
199.588
201.539
182.88
206.189
210.258
178.023
154.168
146.1
154.924
144.29
181.99
212.003
184.249
210.069
153.143
140.123
150.247
143.057
160.508
164.318
206.321
194.834
214.711
198.92
210.353
192.508
212.049
205.728
208.923
190.556
198.478
189.997
202.64
211.293
172.605
201.199
199.38
175.383
147.465
135.425
144.78
137.497
174.37
196.368
169.342
200.255
147.958
139.37
148.898
137.83
396.801
379.643
348.061
364.675
320.121
327.057
336.734
322.422
719.031
765.453
282.332
293.384
331.813
325.141
307.514
351.716
679.019
625.936
821.156
846.602
849.372
628.736
676.183
602.337
761.495
545.57
689.682
618.513
736.474
527.244
570.665
460.919
651.865
652.288
697.473
496.791
535.269
713.545
663.797
892.122
861.737
891.459
714.273
663.229
965.311
929.876
967.904
973.298
932.546
970.996
961.783
920.909
958.783
917.171
951.599
954.796
868.872
830.596
881.591
901.03
844.629
892.865
635.054
778.165
558.245
746.784
629.726
788.695
566.767
640.062
581.926
803.797
757.911
797.292
643.624
575.189
848.024
761.68
820.854
719.982
734.793
776.379
723.824
900.239
874.242
668.297
673.674
903.658
720.436
725.813
878.252
677.971
906.319
666.138
830.267
805.269
609.843
613.963
833.989
662.593
669.732
622.209
842.343
810.112
673.045
618.605
838.883
1012.87
975.63
1016.67
979.364
1019.46
715.413
896.3
663.724
861.494
717.396
894.205
661.967
714.593
663.477
892.851
861.45
714.542
892.773
662.186
975.955
938.96
977.853
932.783
899.806
937.25
946.983
905.164
942.645
926.886
881.423
921.334
908.7
873.62
914.555
655.159
825.002
604.718
788.578
658.79
820.505
599.815
651.195
588.352
809.966
781.932
647.672
814.725
593.805
499.663
585.662
466.076
482.367
589.241
484.427
497.603
501.293
488.923
595.67
467.492
590.703
503.926
486.83
491.733
597.493
493.295
505.61
457.424
441.193
428.06
546.26
548.656
443.213
455.494
449.317
538.737
421.066
432.912
541.568
435.472
446.817
451.347
439.298
422.552
545.281
542.234
437.261
453.433
425.695
516.488
401.116
408.934
521.309
412.885
421.663
429.002
419.27
527.369
403.36
522.439
432.46
415.971
441.562
537.599
430.555
414.234
444.195
533.727
428.011
438.973
422.38
412.384
528.86
532.795
425.596
435.728
301.759
429.281
305.429
314.431
414.842
308.988
309.471
293.998
295.069
303.54
395.178
413.502
301.947
285.69
262.448
344.897
260.128
262.625
365.14
269.79
257.184
269.053
285.642
266.065
390.501
368.637
277.899
276.691
251.316
340.205
255.469
219.322
252.028
322.862
249.352
251.751
231.939
213.948
307.657
321.588
242.341
240.199
492.043
583.085
459.191
477.718
582.276
477.369
492.498
491.6
476.109
458.847
581.115
582.204
476.954
490.738
494.787
584.432
480.637
460.779
496.098
581.651
479.372
494.058
477.945
460.034
581.138
581.325
478.705
493.647
493.115
583.005
459.751
478.004
582.39
492.961
478.385
493.264
478.159
459.854
581.472
581.791
478.028
493.146
326.369
430.563
328.886
321.386
442.678
317.898
327.231
334.254
340.123
330.235
456.033
443.695
334.062
342.985
366.438
480.038
353.578
365.926
470.492
360.216
373.705
359.388
347.512
351.048
458.195
468.879
353.865
351.011
413.22
514.844
405.163
390.016
417.588
508.807
401.135
408.92
392.334
387.422
501.016
507.408
397.114
403.661
386.901
481.879
370.379
371.74
489.609
380.294
377.304
392.434
387.396
373.188
498.994
491.164
382.363
398.375
)
;

boundaryField
{
    left
    {
        type            calculated;
        value           nonuniform List<scalar> 0();
    }
    bottom
    {
        type            calculated;
        value           nonuniform List<scalar> 
214
(
770.125
734.45
658.621
774.042
740.677
676.441
790.465
759.377
710.986
784.778
755.257
702.114
456.218
453.733
766.581
432.366
427.948
727.419
413.157
387.013
610.067
777.706
461.381
458.813
746.111
439.937
436.371
685.603
412.614
414.98
271.25
470.433
253.438
257.714
248.623
252.439
763.149
451.328
448.775
231.389
238.1
223.142
229.774
719.547
423.237
418.481
194.058
235.66
181.736
612.835
311.454
707.268
467.037
463.986
780.803
264.511
269.993
258.805
263.344
446.019
443.09
750.887
244.802
247.719
239.585
244.134
414.371
412.054
693.505
222.281
222.353
237.503
225.398
689.533
406.542
814.028
273.821
275.317
255.364
256.488
250.348
251.353
234.253
235.922
225.739
227.228
209.239
228.182
220.262
160.449
362.314
236.175
266.983
268.379
260.869
262.006
246.135
246.868
241.926
243.098
221.584
220.937
233.865
229.07
512.573
471.446
583.689
283.17
378.315
433.147
733.189
565.009
487.569
295.375
296.901
287.966
290.047
299.172
252.064
252.957
246.883
248.217
257.356
257.648
254.433
255.303
241.228
241.858
236.626
237.647
245.523
245.631
243.069
243.745
205.51
207.802
196.305
199.469
216.359
217.569
210.309
212.466
175.807
179.175
164.404
168.758
191.209
193.478
182.444
185.878
120.307
131.872
106.165
108.872
150.522
150.183
145.136
149.98
191.372
276.137
145.45
141.859
213.72
162.646
307.586
279.766
278.138
279.128
272.065
273.655
285.058
285.566
280.944
282.202
264.978
265.992
259.285
260.85
270.52
270.772
267.547
268.48
234.167
233.962
231.004
231.232
235.9
235.562
234.527
234.475
226.43
227.517
219.648
221.688
231.249
230.56
228.971
229.496
142.036
145.111
134.448
137.411
157.883
161.155
147.818
152.064
141.388
138.818
148.465
146.639
133.985
134.528
134.801
134.382
)
;
    }
    interface
    {
        type            calculated;
        value           nonuniform List<scalar> 
1684
(
240.413
244.616
211.975
223.393
119.698
158.102
249.12
244.665
231.083
223.928
169.443
158.121
255.168
240.389
236.228
210.849
193.506
99.0819
249.253
255.14
231.214
236.171
170.724
191.7
506.988
534.881
724.439
357.265
594.553
774.442
242.481
242.559
217.823
218.649
150.3
152.88
246.73
246.696
228.026
227.702
162.24
162.081
257.897
257.757
238.375
238.335
203.638
202.103
54.9149
495.273
566.21
338.347
732.365
435.015
227.438
210.086
326.805
416.388
154.333
149.712
232.188
171.157
445.368
224.819
143.548
204.384
187.769
148.443
252.192
252.447
233.783
233.871
180.219
182.058
598.149
784.025
456.482
241.255
242.907
214.672
220.613
135.617
155.079
247.194
245.524
228.981
225.702
165.129
160.051
256.349
308.033
221.831
225.593
292.506
296.469
238.703
237.142
194.522
204.773
207.089
197.317
73.2277
119.505
113.322
250.413
253.092
230.125
226.129
301.302
296.946
301.838
307.329
232.385
234.376
281.717
274.438
282.484
287.402
212.822
217.127
174.619
186.894
157.151
150.673
212.464
237.946
158.419
175.172
592.606
485.782
607.785
452.984
653.553
682.49
435.075
412.214
656.032
726.704
240.745
243.404
214.574
220.842
142.633
155.866
247.659
244.942
229.442
225.292
165.121
159.032
259.581
255.514
373.504
335.095
553.48
554.516
330.497
368.981
370.004
372.051
333.922
220.974
276.764
184.342
220.747
275.258
276.755
185.452
276.368
292.607
292.768
224.488
223.423
274.211
274.139
208.457
259.868
261.163
174.05
208.385
173.547
261.378
278.392
276.68
206.222
171.47
206.101
172.221
315.423
353.682
355.321
317.184
354.704
538.92
483.437
470.694
470.296
483.945
538.331
294.712
319.333
357.497
355.895
317.59
356.56
480.978
467.361
467.903
480.492
535.781
535.439
536.444
239.21
236.601
314.972
353.078
352.527
290.271
351.472
313.241
530.447
529.917
475.925
462.086
462.813
475.174
479.382
466.595
479.766
466.272
533.918
310.86
349.011
350.792
312.728
219.811
256.477
273.034
258.147
271.441
202.007
167.984
201.881
252.508
253.803
168.711
268.958
268.983
204.146
170.345
204.08
169.908
243.081
244.64
229.645
189.741
234.766
237.117
159.341
189.672
237.341
158.561
237.126
253.634
251.387
184.612
154.725
184.6
155.723
267.113
283.466
320.344
326.433
289.522
509.376
456.271
444.605
443.293
457.806
507.704
295.79
333.028
328.39
291.069
498.933
206.903
197.769
281.548
317.867
252.082
310.142
273.857
313.037
472.773
476.414
490.653
487.654
261.812
296.994
300.696
306.967
271.409
239.771
226.15
236.901
171.491
146.257
171.707
211.036
147.108
184.672
213.361
224.395
226.84
178.788
151.566
178.636
150.709
124.789
131.194
156.604
168.456
135.118
148.735
134.073
147.306
168.568
181.897
176.879
163.751
115.266
169.115
117.011
170.21
144.543
156.718
188.749
180.917
179.799
307.935
319.764
296.116
173.692
200.254
213.187
196.547
185.691
260.609
266.68
66.8025
472.314
589.944
507.289
671.716
436.071
433.571
656.671
714.964
345.283
427.299
245.256
261.023
276.64
238.117
390.799
286.157
384.68
321.667
156.484
127.817
344.055
158.753
250.408
132.536
131.023
139.953
124.518
103.88
92.9514
92.2466
366.875
272.79
223.894
307.257
357.711
254.6
182.504
180.028
86.7529
64.0572
128.121
121.544
57.999
117.629
126.092
118.946
195.475
214.906
169.471
178.889
210.915
124.084
187.294
116.351
104.891
86.0692
120.326
67.5326
250.042
253.649
266.659
284.219
282.417
210.633
263.578
263.636
175.395
210.481
264.138
176.231
279.662
279.646
213.077
178.095
212.994
177.617
299.19
324.127
362.28
360.589
322.198
541.058
485.644
471.644
484.84
472.389
541.739
319.804
358.172
358.832
359.865
321.654
544.483
543.776
304.337
324.558
362.83
364.849
326.781
363.919
549.884
551.055
329.692
367.783
365.366
327.141
546.122
545.925
546.913
269.435
285.604
285.539
218.146
271.429
272.851
182.506
218.079
272.934
181.807
273.034
290.895
275.115
288.804
215.451
179.282
215.365
180.178
231.849
234.877
209.82
245.914
262.261
260.587
193.693
241.733
161.593
193.606
162.488
208.983
241.812
255.826
241.802
256.611
196.682
164.578
196.624
164.088
304.531
342.248
339.457
301.648
340.557
514.388
460.933
446.411
459.426
447.842
515.759
277.954
296.991
334.566
338.238
300.69
337.047
466.916
454.64
453.912
467.782
520.759
521.922
519.704
284.756
305.273
343.218
345.534
307.66
528.114
473.69
461.136
474.286
460.659
527.369
310.317
348.279
347.625
346.346
308.281
469.797
455.847
468.875
456.761
523.861
248.8
263.56
249.32
263.684
200.173
249.788
167.008
200.104
251.018
166.586
267.799
266.208
198.42
165.209
198.33
165.835
175.292
186.163
185.394
198.593
196.222
146.834
179.173
140.344
150.529
178.839
139.036
187.27
177.616
189.604
152.021
138.641
149.922
139.533
228.025
255.672
239.446
214.813
344.75
356.236
197.507
201.529
218.625
223.753
233.764
212.57
228.658
399.884
231.073
261.208
276.008
244.127
271.226
458.203
258.968
293.073
289.127
280.783
247.343
285.211
426.343
418.046
165.384
192.988
202.828
205.057
164.248
142.78
163.67
142.348
167.519
203.988
219.917
207.284
216.559
155.831
139.722
156.968
139.583
716.99
766.558
264.83
299.672
236.672
292.01
287.967
221.321
217.648
261.341
273.206
259.419
240.631
192.767
177.492
128.773
150.798
132.406
187.549
230.861
236.142
212.206
205.87
210.091
188.125
311.597
653.493
658.734
660.168
310.667
239.611
175.657
179.203
238.994
279.525
180.637
161.686
260.997
160.542
224.01
157.403
159.506
294.239
640.719
638.74
636.48
637.906
630.425
632.636
635.631
633.522
289.749
253.1
152.889
154.672
219.317
254.787
156.447
255.815
155.607
199.462
143.482
140.973
200.88
231.248
135.768
139.552
610.875
605.072
268.652
595.262
602.763
565.914
578.911
592.944
582.891
249.725
186.784
215.409
126.152
129.833
220.208
134.358
224.177
131.055
150.006
137.102
173.728
126.918
159.247
92.1527
136.577
118.228
397.449
352.563
322.419
339.508
318.347
320.604
327.627
193.782
158.886
134.176
90.5509
99.3921
633.02
637.773
639.219
621.504
623.805
626.44
624.728
631.616
629.503
627.447
628.303
228.321
162.794
262.821
165.228
227.803
265.47
167.458
166.308
641.613
644.028
298.678
646.996
644.947
652.13
649.62
304.892
647.893
648.558
233.036
174.171
172.312
234
269.37
168.467
268.706
171.073
620.565
618.912
616.53
618.005
610.775
612.944
615.611
613.84
593.718
598.051
602.666
599.482
609.806
607.592
603.925
606.539
241.852
144.822
240.297
147.563
149.21
148.671
278.918
612.567
617.027
622.066
618.442
629.49
626.936
285.394
623.261
625.902
214.843
151.978
250.811
151.665
215.392
149.952
150.92
591.902
586.669
577.117
584.176
548.795
560.426
574.74
565.05
386.587
431.87
484.318
447.545
543.95
524.832
493.509
517.347
152.832
179.354
137.023
133.307
152.904
126.375
185.798
130.709
198.81
411.678
455.533
503.244
468.564
224.35
561.377
543.184
227.13
511.775
536.506
200.598
125.448
205.572
123.587
124.666
123.89
368.855
321.198
291.578
302.382
270.071
290.594
291.477
308.718
237.224
276.969
222.062
258.783
259.547
223.883
263.146
293.009
295.235
290.8
288.492
219.657
217.971
254.014
254.675
196.514
230.399
202.159
239.367
263.604
271.006
256.176
244.258
189.275
223.333
180.44
211.747
140.83
139.314
131.003
147.312
172.909
151.205
181.314
101.11
114.038
83.1273
228.258
268.522
226.39
263.905
264.641
299.834
297.422
302.7
305.8
231.248
270.213
234.108
210.226
247.708
207
280.168
275.752
283.236
286.118
213.354
215.398
251.581
253.25
153.562
187.813
151.96
179.382
204.604
192.663
217.18
233.252
161.052
191.562
170.801
561.186
541.275
612.929
496.239
312.996
336.398
374.655
499.014
487.82
500.895
486.307
654.879
552.338
556.166
656.347
496.836
481.78
483.375
495.02
558.084
491.309
492.468
503.798
556.943
661.684
308.988
331.408
331.935
371.12
297.032
280.744
297.161
240.532
280.33
276.371
220.84
182.582
177.205
218.861
184.711
179.277
276.526
295.052
292.74
236.725
278.709
280.994
222.868
186.052
275.469
258.127
273.844
258.762
221.755
260.336
257.582
207.157
172.797
162.373
261.133
207.407
172.381
161.462
276.644
276.617
224.28
261.135
261.776
258.289
205.784
169.956
158.498
258.859
204.411
171.424
159.97
292.994
315.806
354.351
315.957
482.794
469.168
469.689
482.256
537.907
539.692
639.792
639.064
295.252
318.11
356.922
317.993
481.395
468.609
468.321
481.662
537.04
636.666
637.329
313.802
290.778
313.628
352.109
476.554
531.174
464.06
477.11
463.556
630.92
531.947
631.703
478.714
533.275
465.036
465.651
478.001
532.756
534.627
634.799
634.069
288.539
311.293
349.726
311.499
350.178
271.444
256.936
271.423
220.109
256.326
256.001
253.274
201.534
166.547
153.855
200.279
167.891
155.242
254.031
270.311
268.729
217.651
255.573
256.062
202.879
169.059
157.238
203.09
168.791
156.432
247.284
244.762
230.872
196.428
233.307
228.396
187.506
158.51
143.755
236.917
189.326
156.975
142.417
249.963
251.125
202.44
236.643
236.208
230.512
185.019
152.713
137.604
231.154
181.703
155.45
139.383
264.44
285.654
322.68
286.842
324.488
454.695
439.854
441.597
452.706
511.242
608.713
505.846
607.04
270.409
293.594
331.522
292.725
330.156
501.192
448.581
437.574
435.771
450.627
496.52
597.888
446.646
431.303
433.612
444.121
503.575
600.118
278.3
315.404
255.007
276.724
426.129
416.905
480.608
429.677
413.831
570.861
468.332
574.128
422.928
406.599
410.286
418.768
436.27
420.526
423.387
432.957
493.8
589.465
438.906
428.477
441.556
426.205
484.328
586.334
245.755
265.391
267.409
303.771
234.336
236.369
222.537
189.308
221.271
214.01
172.585
144.049
128.16
214.73
167.916
147.105
129.371
230.473
227.333
180.672
214.228
217.279
223.413
175.695
151.068
134.217
223.116
178.944
148.789
132.919
151.587
153.78
142.242
142.488
145.411
143.867
173.658
156.103
137.239
135.468
171.964
147.886
127.84
133.489
164.798
164.077
171.063
149.961
159.947
152.008
162.96
108.495
99.9288
161.204
122.578
108.838
155.751
160.517
169.66
168.736
290.37
290.209
295.675
282.689
381.942
298.58
307.84
302.992
305.692
285.315
367.08
181.868
194.053
207.996
193.211
203.01
265.78
280.692
275.599
272.637
254.026
322.458
258.14
264.336
268.272
252.867
274.964
328.298
571.206
602.374
532.3
641.23
350.781
293.284
296.971
332.613
291.345
181.733
246.877
214.864
110.667
89.8734
95.8394
106.778
216.987
235.371
229.556
236.751
197.852
203.681
266.764
248.572
234.459
245.228
235.595
253.032
322.921
245.401
258.109
249.194
252.414
256.869
338.681
127.073
94.5377
103.015
128.905
132.24
83.9412
102.274
125.948
132.095
103.948
155.032
169.252
123.664
228.496
140.29
116.018
77.6721
104.687
84.7104
121.563
145.156
45.4464
83.5546
634.188
635.733
621.931
622.893
625.901
625.199
630.552
629.539
627.305
628.233
282.474
282.4
228.659
266.461
267.121
266.631
210.248
173.8
164.025
208.758
175.432
165.625
281.182
265.634
279.429
226.067
263.953
266.754
211.726
176.753
168.172
266.671
212.089
176.445
167.27
299.803
322.819
361.657
322.657
361.228
486.472
474.001
473.432
487.143
542.556
540.559
642.108
642.953
297.444
320.209
320.384
359.298
489.054
475.326
475.934
543.273
488.322
646.311
545.1
645.54
489.744
476.677
476.492
489.924
302.674
325.158
363.681
325.27
549.101
491.288
477.256
477.884
490.849
650.794
492.222
479.721
493.283
478.789
548.629
649.765
305.774
328.002
366.846
327.873
366.398
490.77
477.4
477.276
547.379
490.654
647.749
648.431
490.676
477.207
490.543
477.537
287.122
285.229
231.075
269.516
271.301
216.666
181.229
174.702
272.839
217.175
180.47
173.468
288.573
273.201
288.653
234.475
272.604
269.384
215.078
177.708
169.701
270.038
213.569
179.313
171.473
619.815
619.143
616.684
617.527
611.233
612.135
614.942
614.279
595.016
596.578
601.515
600.454
608.913
608.156
604.551
605.62
260.079
244.146
260.49
210.634
245.621
245.835
245.567
193.475
159.867
146.222
242.314
191.396
161.834
147.906
258.429
243.896
256.507
206.738
242.021
245.785
195.208
163.166
150.27
245.728
195.528
162.957
149.465
279.921
302.997
341.343
302.546
462.094
450.246
449.181
463.272
517.199
513.016
613.995
615.369
276.135
298.218
336.007
298.855
465.888
451.753
452.847
464.638
518.616
620.717
619.593
283.371
305.934
344.152
306.268
344.752
472.942
459.188
459.923
526.71
472.114
528.99
628.438
627.599
286.038
309.049
308.808
347.121
524.77
470.528
458.198
457.589
525.693
471.189
623.938
523.123
624.868
265.013
248.138
250.45
263.455
213.04
248.873
247.477
248.839
251.058
199.042
165.68
152.92
199.025
165.64
152.204
251.354
266.116
266.159
215.819
251.873
248.364
197.753
164
150.617
196.868
164.827
151.792
590.001
588.363
579.369
581.811
552.898
556.17
571.843
568.31
401.344
416.939
473.451
460.592
538.344
531.262
502.191
509.362
194.549
183.486
196.123
154.455
185.133
184.278
147.496
138.015
137.62
182.262
147.426
138.661
134.797
191.155
181.505
189.402
150.303
179.577
186.671
148.377
137.778
127.715
184.841
150.763
138.279
130.371
203.389
222.181
250.321
219.859
244.911
330.632
334.417
328.592
339.136
332.289
427.411
322.401
315.497
314.124
321.104
368.319
440.652
192.396
206.177
207.046
390.061
356.086
342.653
348.78
347.723
492.142
409.501
379.313
481.19
363.309
361.415
355.88
370.566
219.004
235.921
266.443
238.609
452.811
405.99
389.452
393.936
400.567
463.553
555.518
410.343
402.259
414.806
398.513
446.845
549.606
231.439
254.191
251.721
433.037
389.2
383.859
379.047
395.238
521.285
440.514
527.929
383.781
367.955
377.003
373.392
208.588
195.045
196.755
205.492
161.044
193.702
191.028
194.786
204.513
160.294
142.495
125.27
203.918
164.721
140.403
125.146
202.937
213.186
215.776
170.606
201.152
193.471
157.303
138.107
125.324
152.913
139.32
124.191
354.218
333.919
287.952
296.42
297.813
310.928
)
;
    }
    procBoundary5to1
    {
        type            processor;
        value           nonuniform List<scalar> 
55
(
822.806
822.806
822.806
472.553
877.702
472.553
472.553
472.553
472.553
599.908
337.345
979.171
526.686
439.356
321.428
507.515
600.002
474.117
281.817
214.423
228.35
360.489
251.52
300.968
285.306
312.176
231.947
399.706
351.643
373.641
474.117
562.459
638.349
664.823
285.038
272.477
263.701
289.991
253.949
214.423
289.085
214.423
228.35
664.823
725.368
677.165
905.547
474.117
600.002
1019.07
493.698
507.515
507.515
474.117
600.002
)
;
    }
    procBoundary5to4
    {
        type            processor;
        value           nonuniform List<scalar> 
526
(
972.431
932.161
816.532
976.946
976.946
976.946
972.431
972.431
939.308
939.308
939.308
932.161
932.161
848.161
848.161
848.161
816.532
816.532
995.484
960.482
904.094
995.484
995.484
988.805
988.805
988.805
960.482
960.482
955.825
955.825
955.825
904.094
904.094
892.501
892.501
892.501
968.44
923.925
757.101
981.003
981.003
981.003
663.735
871.74
668.345
876.627
662.022
869.47
968.44
968.44
658.808
865.772
945.48
945.48
945.48
637.918
843.612
645.066
850.605
634.775
840.622
923.925
923.925
830.456
866.096
866.096
866.096
721.959
769.016
699.812
757.101
757.101
757.101
757.101
603.03
675.159
662.022
658.808
964.681
653.502
657.676
634.775
914.597
1000.44
675.159
884.894
675.159
675.159
984.258
984.258
984.258
671.886
880.43
669.057
876.927
663.735
663.735
663.735
668.345
668.345
668.345
671.886
671.886
671.886
669.057
669.057
669.057
662.022
662.022
658.808
658.808
964.681
964.681
653.502
860.011
657.676
864.623
653.502
653.502
657.676
657.676
950.878
950.878
950.878
651.862
858.024
647.018
852.691
637.918
637.918
637.918
645.066
645.066
645.066
651.862
651.862
651.862
647.018
647.018
647.018
634.775
634.775
628
563.816
559.807
592.686
706.092
707.496
589.914
914.597
914.597
810.959
826.326
534.742
530.031
564.938
681.887
685.208
560.685
552.368
556.583
583.767
703.837
586.711
700.815
879.954
879.954
879.954
804.538
779.467
365.714
343.399
393.994
550.951
564.394
373.297
445.677
459.137
477.66
630.394
621.176
489.616
519.848
526.044
549.942
677.997
555.417
672.958
481.217
469.322
510.936
637.209
644.04
500.968
301.459
323.134
330.274
537.425
523.266
351.089
234.073
231.074
244.632
436.807
441.397
243.527
808.335
581.218
244.133
237.61
253.232
420.892
242.521
427.998
796.663
833.36
678.922
682.357
660.652
659.495
654.825
656.381
631.563
628
678.922
678.922
678.922
682.357
682.357
665.367
665.367
665.367
665.367
667.127
667.127
667.127
667.127
670.001
670.001
670.001
670.001
669.094
669.094
669.094
669.094
660.652
660.652
660.652
659.495
659.495
659.495
654.825
654.825
654.825
656.381
656.381
656.381
640.46
640.46
640.46
640.46
642.961
642.961
642.961
642.961
650.238
650.238
650.238
650.238
648.476
648.476
648.476
648.476
631.563
631.563
631.563
628
628
628
537.633
541.945
569.061
691.873
687.949
572.576
549.381
545.296
580.476
694.959
698.237
576.479
383.425
403.152
413.485
589.957
576.048
431.949
434.016
417.922
464.325
600.988
612.732
448.519
514.486
506.841
543.951
662.673
668.502
536.515
489.916
500.035
520.159
656.949
649.57
528.751
283.407
264.336
308.494
492.064
507.871
288.553
237.791
250.356
255.589
472.044
459.179
268.312
635.015
849.458
451.361
451.361
257.497
267.245
240.41
263.174
419.863
421.716
261.239
1023.08
1021.14
873.432
1025.16
1026.35
875.436
1016.81
1018.74
867.594
1014.99
866.218
1013.89
1029.73
1032.63
877.588
1027.85
1027.36
876.457
1008.58
1006.84
861.272
1010.66
1012.25
863.093
1002.41
1004.53
856.007
817.582
868.756
796.663
753.449
794.884
833.36
802.214
804.787
759.529
617.077
635.015
762.919
849.458
821.162
753.449
802.214
620.535
619.187
621.055
622.919
623.427
607.805
607.095
608.381
609.358
611.119
611.869
610.623
609.899
617.204
618.478
616.592
615.981
613.161
612.832
614.192
614.709
605.547
606.465
605.134
604.545
602.408
601.947
603.101
603.768
597.074
596.342
597.726
598.637
600.399
601.202
599.98
599.275
581.144
579.486
582.397
584.047
587.227
588.538
586.48
585.173
594.572
595.604
594.077
593.205
590.483
589.555
591.317
592.374
575.878
577.966
574.591
572.437
563.816
559.807
566.933
570.209
534.742
530.031
537.633
541.945
552.368
556.583
549.381
545.296
365.714
343.399
383.425
403.152
445.677
459.137
434.016
417.922
519.848
526.044
514.486
506.841
481.217
469.322
489.916
500.035
301.459
323.134
283.407
264.336
234.073
231.074
237.791
250.356
762.919
821.162
257.497
159.687
244.133
237.61
267.245
240.41
989.986
987.395
845.598
993.052
995.51
848.291
980.619
983.912
837.357
976.511
833.494
973.027
896.663
882.686
739.606
909.368
918.718
756.172
834.292
861.267
672.025
794.349
635.263
768.19
1040.36
1036.79
888.961
1043.09
892.221
1000
998.099
853.962
958.429
953.676
815.857
963.988
968.463
821.632
941.342
947.517
797.106
933.894
927.194
788.002
)
;
    }
}


// ************************************************************************* //
