/*--------------------------------*- C++ -*----------------------------------*\
| =========                 |                                                 |
| \\      /  F ield         | OpenFOAM: The Open Source CFD Toolbox           |
|  \\    /   O peration     | Version:  2012                                  |
|   \\  /    A nd           | Website:  www.openfoam.com                      |
|    \\/     M anipulation  |                                                 |
\*---------------------------------------------------------------------------*/
FoamFile
{
    version     2.0;
    format      ascii;
    class       volScalarField;
    location    "0.105/solid";
    object      sigmaDiff;
}
// * * * * * * * * * * * * * * * * * * * * * * * * * * * * * * * * * * * * * //

dimensions      [1 -1 -2 0 0 0 0];


internalField   nonuniform List<scalar> 
3125
(
-828.735
-794.714
-736.403
-832.439
-800.479
-751.665
-847.477
-818.767
-774.521
-841.721
-814.75
-767.727
-253.823
-482.102
-858.813
-825.505
-258.136
-856.277
-478.99
-225.709
-452.222
-836.399
-788.362
-237.192
-830.573
-445.737
-135.323
-401.078
-780.967
-691.476
-178.846
-679.24
-377.042
-983.807
-988.541
-262.656
-835.797
-485.338
-860.736
-257.939
-864.663
-488.562
-981.776
-978.428
-957.355
-963.783
-244.78
-805.695
-457.744
-838.375
-237.42
-843.809
-462.317
-955.078
-947.526
-895.975
-919.39
-185.857
-757.191
-407.056
-793.953
-178.479
-810.786
-408.703
-880.485
-770.017
-871.578
-499.952
-268.101
-682.077
-347.759
-327.779
-321.976
-667.498
-663.937
-254.038
-822.361
-851.554
-472.873
-855.485
-249.684
-476.003
-657.992
-662.67
-314.716
-320.03
-297.146
-285.436
-636.819
-623.585
-224.95
-781.57
-821.813
-429.903
-828.65
-207.844
-438.278
-595.591
-617.919
-265.405
-281.316
-229.282
-212.234
-435.412
-351.086
-114.824
-692.373
-632.301
-315.728
-327.819
-208.752
-994.914
-990.554
-988.31
-262.431
-838.255
-866.077
-495.82
-268.326
-864.221
-491.938
-329.78
-335.916
-669.431
-674.626
-678.177
-675.303
-345.628
-338.35
-972.77
-977.468
-970.947
-965.645
-244.678
-810.419
-849.938
-469.551
-249.852
-845.445
-466.097
-300.231
-307.197
-640.388
-648.488
-656.146
-650.724
-312.963
-308.788
-709.924
-936.016
-945.089
-679.372
-702.268
-933.089
-923.174
-510.444
-601.44
-670.148
-623.183
-186.862
-761.881
-819.565
-421.179
-206.418
-813.222
-413.472
-232.505
-241.367
-461.724
-529.206
-585.817
-547.042
-260.625
-244.064
-475.167
-401.639
-798.356
-723.873
-386.899
-585.107
-684.57
-833.258
-448.301
-772.07
-884.693
-544.69
-256.058
-479.043
-352.462
-353.17
-479.795
-543.538
-545.745
-255.855
-354.949
-481.958
-547.069
-354.342
-480.908
-515.496
-231.718
-446.331
-328.043
-330.578
-449.962
-511.463
-518.434
-232.222
-335.473
-456.793
-521.662
-333.585
-453.862
-450.556
-171.777
-287.664
-247.525
-273.86
-320.467
-418.249
-467.121
-174.429
-291.339
-357.671
-475.954
-287.678
-344.754
-551.366
-260.035
-487.861
-358.894
-552.484
-358.389
-487.013
-550.104
-260.212
-356.256
-483.651
-548.48
-357.134
-485.229
-528.793
-241.472
-466.343
-342.59
-530.763
-341.567
-464.582
-526.725
-241.397
-337.926
-459.839
-524.121
-339.538
-462.105
-471.871
-180.135
-388.473
-294.424
-475.327
-291.758
-381.096
-476.827
-180.19
-291.037
-366.981
-474.873
-291.739
-373.31
-564.621
-271.301
-502.375
-368.341
-562.507
-271.291
-494.255
-364.941
-498.412
-366.449
-559.424
-458.149
-686.782
-535.522
-543.45
-690.815
-545.301
-451.332
-456.778
-307.011
-319.201
-350.305
-318.839
-304.083
-305.232
-353.129
-323.942
-282.115
-283.632
-301.539
-326.457
-301.47
-287.039
-285.123
-298.933
-324.321
-298.25
-436.188
-436.94
-524.308
-666.094
-522.512
-439.353
-438.289
-520.764
-664.816
-521.79
-541.325
-477.916
-251.808
-351.368
-542.561
-476.908
-350.803
-540.034
-251.979
-474.118
-348.642
-475.383
-349.518
-538.526
-435.017
-433.792
-659.564
-515.296
-517.352
-520.077
-661.277
-518.242
-431.084
-432.49
-280.682
-279.044
-293.239
-316.826
-292.646
-276.207
-277.67
-295.73
-318.792
-295.742
-247.325
-251.933
-274.179
-293.922
-273.822
-258.828
-254.905
-267.105
-290.198
-267.133
-401.149
-406.631
-497.548
-633.032
-492.292
-413.587
-409.414
-483.707
-628.45
-490.23
-503.082
-441.658
-217.581
-324.555
-508.122
-437.03
-321.545
-499.263
-216.419
-425.441
-313.643
-431.091
-317.44
-492.987
-397.977
-390.571
-604.312
-458.311
-469.483
-481.253
-611.912
-472.565
-377.308
-386.903
-243.776
-237.934
-248.56
-271.731
-249.225
-227.355
-233.947
-259.116
-276.418
-258.312
-188.659
-215.181
-206.418
-220.203
-201.11
-209.096
-212.411
-181.798
-211.04
-190.802
-218.427
-264.781
-360.8
-408.505
-326.422
-297.434
-269.776
-271.918
-378.86
-321.47
-387.268
-246.191
-66.4754
-203.433
-407.393
-236.966
-176.263
-570.358
-659.598
-388.929
-844.803
-498.521
-275.943
-226.645
-402.947
-475.446
-172.887
-260.322
-174.31
-205.955
-173.32
-509.692
-253.964
-258.879
-321.792
-254.521
-149.754
-173.612
-134.652
-249.533
-201.126
-164.338
-165.75
-200.542
-154.483
-553.875
-265.524
-488.416
-359.873
-553.02
-488.34
-360.548
-554.852
-265.271
-490.611
-362.865
-556.789
-488.961
-361.916
-293.473
-291.432
-304.891
-332.14
-304.329
-288.511
-289.976
-307.767
-334.353
-307.787
-444.956
-443.731
-525.255
-671.358
-528.041
-440.715
-442.555
-530.714
-673.303
-528.995
-446.131
-445.73
-533.73
-676.242
-531.172
-449.229
-447.736
-531.212
-675.315
-530.491
-295.288
-297.863
-314.926
-344.005
-314.749
-302.485
-299.963
-311.555
-341.312
-310.863
-534.053
-247.462
-468.215
-344.16
-532.417
-469.594
-345.088
-535.568
-247.321
-472.533
-347.268
-537.075
-471.26
-346.546
-268.404
-266.138
-279.758
-303.46
-279.421
-261.313
-264.171
-283.88
-305.924
-283.742
-423.305
-420.97
-499.23
-643.188
-503.116
-415.875
-419.009
-507.707
-646.102
-504.544
-424.98
-426.653
-514.34
-654.409
-512.116
-429.674
-428.217
-508.849
-652.465
-511.091
-269.992
-271.574
-290.09
-312.051
-290.028
-274.776
-272.976
-287.438
-310.429
-286.934
-687.022
-694.925
-545.883
-576.597
-658.217
-642.742
-479.803
-195.505
-396.481
-297.032
-472.612
-403.773
-301.023
-481.837
-197.057
-418.541
-309.252
-489.243
-411.776
-305.128
-204.98
-204.455
-214.052
-236.316
-212.925
-207.503
-204.057
-218.174
-237.43
-218.756
-337.918
-319.021
-362.037
-486.52
-388.318
-297.17
-317.902
-414.444
-509.23
-391.161
-341.277
-356.765
-454.871
-575.193
-440.297
-373.244
-360.817
-418.076
-562.172
-436.476
-207.52
-212.369
-238.329
-254.448
-237.193
-223.048
-216.24
-226.761
-250.061
-227.103
-446.669
-421.418
-698.676
-899.958
-526.59
-374.598
-394.691
-254.735
-312.554
-290.66
-289.494
-312.261
-394.564
-711.548
-930.945
-693.193
-857.543
-713.165
-929.982
-691.801
-396.644
-256.15
-292.826
-315.701
-398.345
-292.763
-314.875
-711.353
-689.998
-856.708
-927.836
-928.316
-690.653
-710.203
-366.852
-228.5
-282.421
-262.357
-261.695
-283.5
-364.484
-691.099
-903.217
-663.361
-834.359
-693.189
-901.634
-659.877
-373.456
-234.142
-270.388
-293.041
-376.258
-270.147
-291.479
-253.063
-155.4
-155.355
-166.791
-183.806
-175.255
-221.575
-293.748
-176.471
-211.848
-218.077
-305.827
-210.153
-213.263
-1075.48
-985.808
-1077.21
-1080.2
-987.599
-1079.41
-401.559
-260.431
-320.476
-297.463
-403.097
-297.432
-319.668
-715.839
-933.132
-695.399
-862.554
-713.703
-934.335
-697.569
-399.122
-258.889
-295.025
-316.818
-398.768
-293.875
-316.61
-1073
-980.109
-1071.5
-979.067
-1068.75
-1069.61
-382.38
-242.42
-301.395
-278.544
-384.27
-278.499
-300.345
-696.33
-906.366
-666.893
-840.148
-694.399
-907.906
-669.554
-378.264
-239.285
-273.967
-295.035
-377.013
-273.008
-295.405
-697.625
-674.691
-912.298
-842.049
-910.798
-699.444
-672.478
-314.87
-182.036
-234.73
-219.501
-322.707
-218.275
-231.037
-309.729
-179.164
-214.02
-219.632
-303.197
-212.842
-221.685
-409.584
-269.511
-327.251
-305.926
-327.52
-304.637
-408.385
-332.383
-333.858
-234.871
-235.557
-221.576
-221.824
-224.973
-223.478
-316.329
-317.56
-321.205
-319.086
-392.738
-311.505
-252.101
-288.521
-394.273
-310.697
-288.502
-707.821
-922.233
-852.966
-684.094
-685.663
-923.382
-706.317
-708.58
-688.812
-926.233
-854.409
-709.92
-687.522
-925.406
-390.38
-250.665
-308.084
-286.285
-307.877
-285.154
-390.066
-316.6
-314.542
-311.544
-312.778
-221.157
-219.738
-217.771
-218.087
-196.553
-198.199
-205.793
-203.588
-283.302
-286.873
-296.89
-293.471
-359.367
-279.587
-220.949
-257.578
-363.506
-277.23
-256.917
-349.549
-211.62
-262.879
-244.737
-264.962
-244.6
-345.598
-282.729
-277.916
-261.654
-266.914
-194.909
-191.969
-181.407
-183.748
-148.184
-164.781
-165.693
-162.915
-158.31
-176.355
-208.752
-202.513
-162.335
-134.893
-85.4281
-139.353
-204.163
-105.582
-128.761
-598.98
-673.777
-755.082
-568.692
-613.186
-733.912
-545.341
-576.478
-459.673
-724.21
-622.388
-570.684
-449.883
-728.979
-433.999
-283.561
-455.854
-312.798
-452.832
-267.013
-424.45
-146.262
-124.101
-129.408
-93.8879
-1085.28
-988.005
-1082.94
-1081.21
-987.598
-1081.16
-403.199
-263.718
-321.673
-299.902
-403.183
-321.314
-298.707
-405.092
-265.849
-325.629
-302.968
-407.446
-324.552
-302.996
-229.145
-227.524
-225.428
-225.741
-326.438
-323.941
-320.913
-322.075
-325.934
-327.823
-332.413
-329.722
-229.654
-230.109
-234.381
-232.503
-1061.79
-974.366
-1063.35
-1066.94
-976.012
-1065.62
-1059.27
-969.005
-1057.46
-385.243
-245.93
-302.794
-281.191
-384.797
-302.715
-280.061
-703.656
-919.945
-682.148
-848.374
-705.211
-918.628
-680.478
-387.954
-247.808
-306.928
-284.013
-389.62
-306.056
-283.978
-702.399
-676.903
-914.904
-846.831
-700.795
-916.214
-678.506
-212.649
-210.98
-206.831
-207.787
-305.747
-303.197
-297.06
-299.395
-305.672
-307.251
-311.752
-309.586
-213.265
-213.728
-217.288
-215.813
-327.144
-190.215
-237.82
-223.893
-321.909
-240.418
-223.73
-338.544
-201.529
-259.207
-239.023
-344.707
-255.785
-237.681
-165.327
-162.79
-164.218
-164.591
-231.509
-224.188
-208.096
-212.979
-232.351
-238.769
-260.586
-253.984
-166.042
-167.666
-179.306
-175.701
-823.475
-846.58
-836.072
-820.486
-722.753
-836.029
-684.898
-565.086
-653.81
-712.634
-582
-638.464
-755.05
-790.3
-714.441
-508.699
-519.798
-581.396
-768.231
-836.354
-394.632
-254.072
-290.659
-313.553
-396.216
-290.578
-312.796
-396.678
-256.794
-292.815
-314.652
-396.509
-291.631
-314.332
-367.09
-228.22
-264.654
-287.051
-370.553
-264.202
-285.123
-373.263
-234.531
-268.821
-289.467
-371.458
-267.998
-290.188
-256.382
-162.254
-201.977
-198.374
-280.711
-194.424
-185.927
-296.318
-177.059
-209.133
-205.875
-283.256
-209.296
-211.858
-401.703
-261.072
-297.424
-319.299
-401.446
-296.219
-319.118
-399.204
-258.173
-295.09
-318.136
-401.037
-295.025
-317.207
-382.269
-242.982
-278.021
-299.402
-381.461
-276.954
-299.53
-378.432
-238.732
-274.939
-297.723
-380.8
-274.79
-296.445
-317.037
-182.13
-216.764
-226.9
-311.476
-215.979
-229.258
-305.735
-177.987
-214.033
-225.07
-313.865
-213.506
-221.947
-414.73
-273.202
-332.066
-309.854
-413.801
-332.487
-308.692
-410.152
-268.586
-330.216
-306.367
-412.978
-328.565
-306.345
-336.74
-339.261
-403.165
-459.4
-384.878
-385.569
-404.583
-591.098
-688.149
-690.559
-589.41
-591.94
-694.48
-594.288
-690.826
-596.521
-694.05
-594.919
-696.44
-336.35
-333.577
-379.476
-452.576
-396.744
-379.946
-398.483
-401.405
-383.145
-454.196
-381.479
-399.821
-238.04
-238.919
-309.207
-312.77
-285.346
-303.876
-282.558
-308.275
-313.235
-288.34
-326.371
-325.752
-289.144
-243.205
-230.2
-240.591
-232.351
-289.188
-324.352
-326.029
-286.503
-243.812
-234.436
-244.323
-233.942
-237.284
-235.21
-305.029
-280.879
-300.448
-308.444
-278.313
-308.757
-304.751
-304.915
-310.369
-281.438
-299.992
-279.229
-307.371
-308.485
-293.598
-329.216
-330.953
-291.073
-235.77
-245.449
-223.001
-221.545
-284.136
-262.665
-278.637
-288.161
-260.399
-288.303
-284.093
-283.999
-289.189
-263.004
-278.408
-260.833
-285.636
-287.847
-271.543
-305.972
-307.451
-269.756
-227.308
-214.339
-226.554
-214.964
-271.48
-307.651
-307.572
-271.024
-226.956
-213.039
-225.523
-214.039
-223.441
-223.747
-287.103
-265.621
-281.798
-292.492
-263.496
-290.989
-289.09
-286.936
-290.709
-265.226
-281.691
-262.887
-286.635
-290.983
-268.038
-304.172
-304.21
-268.464
-223.764
-209.036
-221.527
-210.555
-268.818
-303.33
-304.705
-266.309
-224.435
-211.879
-224.662
-211.896
-318.986
-316.785
-364.01
-435.994
-382.107
-363.742
-383.023
-383.976
-364.835
-436.779
-364.537
-383.006
-575.997
-675.409
-576.942
-674.141
-550.987
-660.441
-523.362
-538.224
-658.57
-537.525
-551.757
-550.47
-536.279
-522.841
-657.709
-658.355
-537.037
-549.86
-575.463
-673.232
-574.913
-673.912
-318.569
-319.876
-367.157
-438.893
-386.068
-366.725
-385.102
-384.096
-366.249
-438.024
-365.885
-385.05
-548.454
-656.279
-520.995
-534.533
-656.623
-535.257
-547.919
-573.001
-670.72
-572.598
-671.162
-548.857
-535.914
-521.347
-657.528
-656.529
-535.474
-549.241
-573.546
-672.473
-574.157
-671.739
-392.771
-252.72
-310.431
-288.567
-392.544
-310.199
-287.398
-390.444
-250.001
-309.318
-286.361
-392.135
-308.462
-286.302
-362.737
-381.838
-434.559
-362.261
-380.972
-313.99
-315.191
-379.912
-433.824
-361.689
-361.536
-380.809
-567.559
-664.66
-665.315
-566.888
-542.925
-649.949
-515.86
-528.744
-650.894
-529.759
-542.11
-543.586
-531.127
-652.83
-516.449
-651.115
-544.359
-530.353
-568.157
-667.161
-569.064
-666.095
-546.599
-656.024
-533.957
-519.334
-547.243
-654.579
-533.402
-571.068
-670.058
-571.898
-669.029
-546.06
-531.968
-518.853
-653.352
-654.371
-532.881
-545.211
-570.493
-667.862
-569.773
-668.677
-314.214
-312.11
-359.162
-431.057
-377.312
-358.987
-378.354
-379.526
-360.342
-432.012
-359.873
-378.52
-219.732
-220.019
-281.262
-260.406
-286.63
-275.596
-283.177
-258.483
-285.271
-281.274
-285.077
-260.229
-275.558
-257.852
-280.91
-285.309
-262.187
-298.207
-298.257
-262.5
-218.278
-203.451
-216.159
-204.812
-262.914
-297.311
-298.71
-260.549
-218.851
-205.957
-218.996
-206.076
-219.291
-217.848
-278.59
-257.619
-272.803
-282.502
-255.441
-282.739
-278.428
-278.443
-283.599
-257.947
-272.593
-255.957
-280.081
-282.339
-265.517
-299.945
-301.388
-263.771
-221.551
-207.979
-220.755
-208.727
-265.459
-301.496
-264.985
-301.471
-221.19
-207.015
-219.799
-207.9
-200.918
-198.348
-251.528
-232.169
-245.231
-254.242
-230.73
-256.068
-249.054
-251.613
-258.265
-234.491
-245.39
-232.519
-254.9
-256.036
-245.396
-275.9
-278.654
-242.318
-204.586
-192.1
-204.543
-191.788
-245.185
-279.462
-278.689
-245.724
-203.538
-188.505
-201.302
-190.618
-202.248
-203.561
-258.85
-240.875
-252.801
-265.259
-239.013
-263.255
-261.843
-258.694
-261.643
-239.266
-252.514
-237.479
-256.67
-263.082
-238.068
-272.263
-271.186
-239.749
-197.146
-181.364
-194.082
-184.359
-238.875
-268.421
-271.612
-234.785
-198.668
-187.177
-199.666
-185.918
-290.631
-286.511
-330.792
-402.692
-348.104
-331.851
-351.013
-354.846
-335.641
-404.972
-334.156
-352.264
-545.868
-644.282
-548.035
-642.119
-521.371
-630.889
-495.605
-510.112
-627.694
-508.366
-523.153
-544.342
-638.986
-542.129
-640.439
-290.967
-293.901
-342.251
-412.238
-361.49
-341.065
-359.455
-356.246
-338.555
-410.447
-339.278
-358.522
-535.262
-629.261
-532.385
-631.952
-537.378
-636.811
-540.041
-634.618
-359.104
-220.944
-273.605
-254.363
-355.955
-275.235
-253.964
-349.731
-211.902
-270.248
-248.965
-354.881
-267.346
-247.954
-327.301
-346.273
-395.613
-325.354
-343.183
-273.61
-278.018
-337.787
-393.039
-320.918
-322.551
-341.318
-508.922
-598.809
-604.117
-504.141
-512.208
-614.041
-516.455
-609.471
-526.806
-626.466
-529.92
-623.287
-523.943
-618.209
-519.878
-620.846
-272.703
-266.917
-308.661
-380.546
-324.674
-310.8
-329.006
-335.258
-316.772
-383.703
-314.231
-331.399
-189.576
-191.632
-242.778
-226.567
-250.089
-236.553
-246.818
-224.605
-247.453
-242.4
-244.637
-223.451
-236.031
-222.298
-239.06
-247.008
-220.343
-253.671
-251.785
-223.021
-182.034
-166.284
-178.597
-170.001
-221.274
-247.857
-252.167
-215.993
-183.911
-173.416
-185.34
-171.378
-187.611
-184.244
-231.696
-212.934
-225.44
-233.735
-212.292
-236.564
-227.795
-232.09
-239.809
-217.07
-225.846
-214.974
-236.554
-236.933
-230.573
-258.671
-262.435
-226.305
-191.802
-180.081
-192.315
-178.891
-230.225
-264.028
-231.745
-262.47
-190.207
-174.639
-187.354
-177.699
-170.939
-165.66
-164.083
-154.482
-190.186
-138.648
-168.248
-146.16
-153.855
-168.381
-165.78
-177.281
-193.598
-171.68
-173.07
-155.94
-192.401
-181.648
-193.659
-192.084
-161.51
-155.626
-162.327
-153.411
-188.633
-200.005
-194.903
-187.755
-161.979
-143.238
-159.587
-150.589
-165.668
-166.522
-175.605
-177.822
-199.622
-181.084
-175.558
-178.948
-177.381
-175.218
-171.89
-176.564
-205.008
-175.593
-174.284
-176.7
-186.003
-166.365
-151.177
-186.822
-163.723
-119.076
-167.633
-119.806
-181.548
-140.169
-144.442
-176.204
-161.181
-135.076
-158.604
-126.922
-193.388
-179.332
-175.259
-237.447
-183.981
-189.749
-199.083
-220.13
-215.588
-246.598
-205.108
-209.479
-342.6
-419.445
-353.435
-400.268
-329.13
-366.171
-319.004
-385.065
-196.32
-203.703
-240.643
-284.144
-244.298
-235.625
-239.582
-228.121
-225.798
-285.091
-231.929
-234.676
-289.847
-318.613
-284.85
-332.343
-298.239
-353.056
-306.438
-336.217
-155.8
-77.5649
-116.589
-122.1
-159.294
-84.0295
-94.4837
-549.109
-682.088
-661.788
-589.286
-775.651
-696.326
-503.187
-500.361
-614.91
-759.167
-824.052
-741.59
-391.172
-494.458
-401.887
-277.131
-316.365
-333.03
-306.095
-265.891
-336.266
-452.135
-350.521
-382.252
-446.42
-359.733
-336.596
-164.544
-148.485
-204.264
-395.8
-173.808
-280.596
-268.743
-165.313
-243.215
-159.578
-168.487
-178.446
-135.518
-150.076
-118.779
-106.373
-108.56
-168.715
-133.233
-127.236
-128.973
-413.554
-304.86
-268.632
-260.578
-343.751
-277.295
-390.484
-222.746
-281.437
-325.212
-280.706
-323.259
-290.726
-354.347
-274.988
-354.561
-202.436
-91.2356
-143.449
-70.1359
-98.3226
-123.125
-125.839
-127.595
-153.227
-146.967
-131.142
-140.711
-164.557
-149.49
-142.156
-144.239
-89.2034
-108.168
-131.438
-221.36
-149.81
-242.075
-209.327
-176.186
-195.481
-231.711
-182.069
-194.901
-145.51
-155.445
-230.446
-158.43
-165.237
-123.319
-124.707
-153.95
-113.344
-131.17
-119.823
-146.203
-122.737
-142.976
-137.307
-155.526
-139.359
-100.878
-174.358
-100.73
-139.565
-742.8
-745.017
-749.748
-746.42
-750.992
-730.502
-731.358
-733.575
-732.173
-736.792
-735.823
-734.363
-735.389
-741.811
-739.595
-738.625
-739.52
-737.423
-737.636
-738.182
-737.759
-402.898
-263.044
-322.652
-300.127
-404.518
-322
-300.045
-405.025
-266.673
-324.067
-302.755
-404.699
-323.678
-301.48
-227.468
-227.82
-293.258
-271.152
-288.033
-298.764
-268.948
-297.126
-295.419
-293.157
-296.966
-270.823
-287.935
-268.3
-292.805
-297.177
-274.1
-310.636
-310.555
-274.562
-229.582
-215.523
-227.269
-217.199
-274.854
-309.546
-272.335
-310.977
-230.244
-218.66
-230.492
-218.624
-227.006
-225.47
-290.204
-267.897
-285.046
-294.09
-265.634
-290.147
-294.29
-290.141
-295.327
-268.327
-284.794
-266.135
-291.902
-293.9
-277.879
-312.588
-314.056
-275.957
-233.445
-221.053
-232.704
-221.803
-277.778
-314.342
-314.144
-277.539
-232.935
-219.868
-231.413
-220.887
-323.337
-324.704
-372.28
-444.632
-391.161
-371.868
-390.278
-389.275
-371.166
-443.946
-371.098
-390.148
-578.402
-676.08
-577.708
-676.966
-553.591
-660.989
-526.051
-539.066
-662.335
-552.629
-540.173
-554.366
-542.051
-526.73
-665.079
-662.735
-541.095
-555.449
-578.961
-678.967
-677.49
-579.999
-323.543
-321.397
-368.535
-440.808
-386.436
-368.36
-387.46
-388.721
-369.86
-441.778
-369.271
-387.738
-581.99
-681.651
-680.665
-582.663
-581.367
-679.306
-680.362
-580.625
-329.639
-326.636
-373.693
-445.455
-391.207
-373.201
-392.253
-393.071
-374.099
-446.385
-374.22
-391.733
-586.79
-687.518
-588.291
-685.363
-586.055
-684.554
-685.259
-585.548
-328.769
-330.804
-377.451
-395.748
-448.435
-376.855
-394.109
-392.628
-376.144
-446.873
-375.384
-394.14
-583.483
-682.23
-682.428
-583.378
-584.152
-683.347
-683.056
-584.42
-231.622
-229.837
-296.733
-273.764
-292.032
-300.567
-271.451
-296.625
-300.818
-296.816
-302.063
-274.508
-292.016
-271.91
-298.726
-300.334
-285.376
-319.765
-321.423
-283.274
-240.498
-228.778
-239.891
-229.186
-285.21
-321.948
-284.923
-321.595
-240.136
-226.759
-238.411
-228.053
-232.217
-232.879
-301.156
-277.905
-306.39
-296.975
-303.524
-275.552
-304.519
-300.724
-303.957
-277.12
-296.754
-274.788
-300.326
-304.435
-280.996
-317.606
-317.471
-281.786
-236.126
-222.187
-233.692
-223.85
-281.928
-316.524
-279.1
-317.993
-236.96
-225.413
-237.356
-225.342
-729.807
-728.486
-727.494
-728.237
-725.202
-725.608
-726.863
-726.12
-718.641
-719.272
-721.15
-720.143
-724.395
-723.368
-722.026
-722.866
-699.63
-700.953
-704.238
-702.651
-709.599
-708.225
-705.853
-707.109
-717.684
-716.475
-714.932
-715.818
-710.981
-711.713
-713.83
-712.776
-385.336
-245.28
-304.349
-281.461
-387.08
-303.429
-281.408
-387.899
-248.413
-305.621
-283.882
-387.566
-305.451
-282.729
-210.416
-211.107
-269.037
-249.751
-263.19
-274.768
-247.989
-273.295
-271.21
-269.004
-272.554
-249.216
-263.029
-247.043
-268.023
-273.236
-250.308
-284.696
-284.378
-251.097
-208.4
-193.363
-205.808
-195.5
-251.08
-282.531
-247.924
-284.821
-209.358
-197.294
-209.815
-196.951
-209.607
-207.702
-264.65
-244.849
-258.63
-268.042
-242.973
-263.377
-269.05
-264.567
-270.417
-245.954
-258.586
-244.066
-266.86
-268.797
-254.814
-287.08
-288.976
-252.799
-212.654
-199.137
-211.775
-200.094
-254.724
-289.173
-289.105
-254.179
-212.347
-198.386
-210.826
-199.385
-301.829
-303.748
-351.574
-422.577
-370.822
-350.847
-369.491
-367.554
-349.497
-421.376
-349.676
-369.026
-551.157
-646.23
-549.613
-647.823
-526.486
-631.811
-500.563
-511.712
-633.863
-524.906
-513.539
-527.766
-516.109
-501.653
-636.881
-634.334
-514.682
-529.145
-552.35
-651.012
-649.363
-553.973
-301.807
-298.841
-344.689
-416.511
-362.548
-345.067
-364.438
-366.75
-347.451
-418.079
-346.578
-365.059
-532.952
-642.074
-506.529
-520.926
-639.951
-519.863
-534.061
-557.509
-656.023
-654.655
-558.864
-531.957
-517.438
-505.661
-637.705
-639.483
-518.922
-530.586
-556.573
-652.493
-653.723
-555.233
-308.998
-306.622
-353.3
-425.08
-371.41
-353.276
-372.698
-374.163
-354.868
-426.194
-354.328
-372.949
-565.033
-663.739
-566.079
-662.575
-540.386
-649.426
-527.941
-513.405
-541.211
-647.622
-527.17
-564.364
-661.158
-661.985
-563.505
-539.703
-525.5
-512.765
-646.19
-647.289
-526.543
-538.786
-308.808
-310.229
-357.735
-376.919
-429.16
-357.209
-375.89
-374.584
-356.446
-428.218
-356.321
-375.676
-536.196
-642.68
-509.529
-521.943
-643.746
-535.212
-523.15
-560.798
-657.283
-658.05
-559.924
-561.569
-660.115
-659.051
-562.609
-536.985
-524.676
-510.209
-645.645
-643.969
-523.801
-537.817
-215.101
-213.56
-272.598
-252.38
-266.632
-276.484
-250.219
-272.21
-276.857
-272.452
-277.809
-252.733
-266.487
-250.834
-274.165
-276.517
-259.97
-293.964
-295.407
-258.398
-216.419
-202.498
-215.561
-203.39
-259.902
-295.535
-259.308
-295.524
-216.253
-202.141
-215.032
-202.71
-215.626
-216.013
-275.555
-255.344
-280.99
-269.681
-277.481
-253.485
-279.618
-275.506
-279.274
-255.076
-269.571
-252.789
-275.036
-279.608
-257.069
-292.235
-292.33
-257.166
-214.173
-199.871
-212.313
-200.844
-257.777
-291.196
-255.612
-292.695
-214.504
-201.331
-214.435
-201.827
-697.558
-695.522
-692.132
-693.767
-679.611
-682.876
-688.804
-686.19
-649.501
-653.491
-659.62
-655.556
-677.06
-673.618
-665.469
-668.933
-473.345
-492.798
-525.195
-506.795
-581.897
-569.783
-541.774
-556.416
-645.558
-639.95
-624.476
-631.139
-590.006
-600.213
-616.066
-607.079
-326.272
-190.739
-246.808
-228.553
-333.473
-243.007
-227.042
-338.631
-200.958
-250.533
-234.061
-333.878
-253.116
-234.099
-163.27
-163.774
-194.55
-184.981
-194.992
-203.181
-183.675
-200.795
-199.355
-194.197
-198.11
-182.13
-196.69
-182.122
-190.074
-200.471
-187.507
-209.775
-208.879
-188.822
-165.457
-156.373
-162.791
-158.358
-191.783
-206.651
-188.439
-211.315
-164.468
-156.603
-164.36
-156.868
-164.1
-162.465
-182.408
-178.592
-198.316
-186.744
-178.864
-179.523
-190.741
-183.164
-192.862
-179.766
-194.955
-179.214
-187.994
-191.012
-193.633
-214.253
-218.003
-189.06
-165.513
-155.424
-165.134
-155.157
-191.007
-218.257
-216.604
-193.032
-165.878
-155.177
-164.028
-156.59
-218.154
-224.134
-271.932
-329.848
-284.575
-267.622
-279.011
-268.552
-259.693
-328.075
-263.5
-273.92
-378.886
-435.232
-366.85
-454.713
-390.98
-485.359
-468.125
-403.068
-217.931
-211.609
-244.832
-308.104
-249.241
-248.26
-253.654
-263.081
-255.402
-307.363
-251.157
-258.292
-435.904
-533.046
-520.929
-445.517
-425.953
-496.675
-510.47
-414.711
-246.4
-239.056
-277.094
-347.527
-289.493
-280.367
-294.988
-304.463
-288.669
-350.757
-284.815
-299.131
-494.44
-592.653
-499.905
-587.544
-489.157
-576.64
-582.453
-482.524
-247.599
-253.659
-303.896
-321.5
-368.848
-300.717
-316.892
-308.585
-293.804
-365.527
-296.699
-313.545
-462.391
-543.19
-553.873
-453.879
-468.648
-570.26
-561.383
-476.265
-171.127
-167.718
-206.295
-189.972
-202.785
-208.932
-190.017
-201.997
-211.814
-206.732
-215.21
-194.598
-202.397
-192.655
-211.825
-212.269
-210.66
-235.364
-239.963
-205.22
-175.864
-165.315
-176.71
-163.511
-209.853
-242.124
-212.449
-239.81
-174.276
-159.412
-171.274
-162.809
-172.917
-175.206
-219.754
-206.066
-228.122
-213.917
-224.854
-203.932
-224.948
-219.104
-221.097
-201.242
-213.485
-200.96
-214.676
-224.194
-199.014
-229.525
-227.332
-202.156
-168.097
-154.697
-165.606
-157.36
-200.76
-223.825
-195.231
-228.232
-168.978
-159
-169.832
-157.323
-458.04
-438.283
-401.862
-421.086
-369.641
-377.65
-388.824
-372.221
-827.384
-879.729
-294.757
-338.75
-383.001
-375.317
-354.886
-406.082
-689.894
-651.278
-832.333
-896.749
-898.279
-655.434
-687.821
-653.965
-844.087
-575.712
-758.169
-668.18
-821.355
-559.745
-624.165
-497.863
-723.012
-743.634
-784.614
-530.893
-595.9
-715.815
-700.887
-936.459
-864.234
-936.219
-717.558
-699.884
-1042.82
-959.354
-1045.01
-1050.28
-961.581
-1048.21
-1039.3
-952.41
-1036.9
-949.725
-1030.77
-1033.1
-974.841
-906.549
-983.712
-996.471
-914.049
-992.044
-679.119
-858.229
-584.809
-801.896
-676.502
-865.474
-588.882
-679.993
-594.533
-873.61
-807.229
-870.897
-680.281
-592.377
-956.302
-854.766
-932.476
-816.468
-847.513
-888.34
-727.087
-943.765
-877.488
-707.434
-713.598
-946.468
-720.596
-727.546
-882.105
-719.054
-948.766
-683.594
-886.238
-824.122
-626.915
-633.532
-887.691
-681.894
-684.596
-645.917
-893.173
-826.522
-686.673
-640.45
-891.42
-1089.59
-999.517
-1093.05
-1002.28
-1095.76
-716.096
-939.875
-702.299
-863.425
-720.033
-938.235
-700.15
-717.549
-700.986
-937.228
-863.053
-716.012
-936.73
-700.058
-1053.11
-967.217
-1054.83
-1016.26
-939.023
-1018.97
-1026.61
-942.164
-1023.51
-1011.8
-929.939
-1008.68
-1001.34
-926.566
-1004.05
-680.292
-882.748
-618.981
-817.451
-681.376
-881.205
-611.365
-680.349
-597.936
-876.709
-815.303
-679.937
-877.945
-603.179
-565.965
-671.56
-538.089
-549.58
-675.673
-552.041
-563.5
-567.89
-557.499
-683.141
-539.738
-677.316
-571.031
-554.983
-560.94
-685.239
-562.705
-573.058
-519.751
-504.564
-494.243
-624.047
-626.975
-506.813
-517.605
-510.912
-614.729
-486.111
-495.48
-618.257
-498.319
-508.153
-513.079
-502.506
-487.83
-622.884
-619.085
-500.246
-515.367
-485.292
-586.654
-462.709
-469.167
-592.883
-473.531
-480.934
-488.8
-480.518
-600.605
-465.325
-594.299
-492.53
-476.881
-502.456
-613.367
-492.928
-478.115
-505.324
-608.498
-490.117
-499.653
-483.912
-475.968
-602.405
-607.351
-487.483
-496.063
-347.496
-474.724
-345.516
-363.002
-453.687
-356.753
-356.24
-338.454
-340.712
-344.792
-431.059
-456.659
-348.636
-329.013
-302.718
-370.686
-294.525
-302.673
-401.572
-311.423
-296.966
-310.102
-329.831
-299.703
-430.949
-400.795
-320.871
-318.577
-289.627
-365.966
-293.22
-234.563
-290.88
-340.721
-284.665
-290.057
-265.427
-227.253
-342.953
-336.875
-275.944
-276.528
-557.858
-668.228
-530.203
-544.995
-667.174
-544.651
-558.33
-557.397
-543.261
-529.805
-665.796
-667.081
-544.214
-556.399
-560.257
-670.181
-547.546
-531.969
-561.782
-666.911
-546.055
-559.469
-544.521
-531.104
-666.289
-666.538
-545.324
-559.057
-558.87
-668.161
-530.823
-545.218
-667.536
-558.773
-545.552
-558.908
-545
-530.936
-666.655
-666.886
-544.961
-558.651
-375.485
-472.868
-374.812
-370.984
-490.812
-365.93
-377.657
-384.476
-392.366
-375.835
-507.83
-489.95
-385.475
-394.284
-420.637
-539.121
-404.903
-421.559
-525.682
-415.16
-428.647
-412.758
-400.798
-402.027
-509.184
-524.341
-407.986
-403.383
-471.828
-584.662
-465.06
-449.45
-476.568
-576.768
-460.61
-467.148
-450.884
-446.407
-566.622
-575.059
-456.188
-461.373
-443.1
-541.087
-425.809
-428.042
-551.805
-435.885
-434.232
-449.114
-445.42
-429.116
-564.214
-553.649
-439.833
-455.594
)
;

boundaryField
{
    left
    {
        type            calculated;
        value           nonuniform List<scalar> 0();
    }
    bottom
    {
        type            calculated;
        value           nonuniform List<scalar> 
214
(
-799.497
-764.641
-707.117
-803.303
-770.474
-722.006
-819.155
-788.936
-744.459
-813.642
-784.849
-737.864
-489.476
-486.526
-796.043
-461.521
-455.709
-758.271
-417.176
-396.44
-665.855
-806.852
-495.576
-492.541
-775.736
-470.784
-466.556
-727.787
-423.79
-421.656
-308.394
-506.215
-289.104
-293.655
-283.782
-287.891
-792.665
-483.684
-480.699
-264.224
-271.744
-254.184
-262.173
-751.441
-449.138
-441.883
-218.614
-255.139
-200.122
-674.202
-317.575
-797.381
-502.309
-498.693
-809.814
-301.151
-306.898
-294.964
-299.755
-477.542
-474.295
-780.482
-279.465
-282.654
-273.567
-278.564
-434.447
-427.957
-732.252
-250.031
-252.802
-258.259
-251.999
-795.784
-460.799
-939.948
-310.959
-312.704
-291.099
-292.445
-285.584
-286.814
-267.37
-269.429
-257.319
-259.313
-230.625
-248.015
-244.146
-167.15
-406.896
-259.846
-303.671
-305.322
-297.081
-298.442
-280.85
-281.812
-276.058
-277.521
-250.553
-250.685
-256.793
-253.813
-546.834
-519.313
-658.399
-293.103
-403.576
-448.136
-839.95
-649.813
-558.192
-316.42
-318.45
-307.811
-309.638
-321.392
-263.547
-264.593
-257.713
-258.274
-270.002
-270.399
-266.873
-267.046
-250.352
-250.928
-245.347
-245.256
-255.555
-255.623
-253.059
-252.805
-206.217
-209.936
-199.042
-202.882
-219.7
-221.167
-212.809
-214.334
-185.028
-188.238
-176.314
-181.015
-195.737
-198.237
-189.213
-193.169
-134.939
-145.029
-121.354
-123.588
-163.843
-164.627
-157.25
-162.652
-219.327
-316.634
-154.374
-142.785
-244.713
-185.384
-341.371
-308.755
-295.477
-296.789
-288.456
-289.626
-303.892
-304.681
-299.268
-300.12
-279.298
-280.58
-272.812
-273.804
-286.088
-286.564
-282.83
-283.236
-241.945
-241.342
-238.702
-237.507
-243.983
-243.262
-242.884
-241.488
-232.332
-233.465
-224.549
-225.647
-238.401
-237.257
-236.095
-235.429
-159.824
-162.781
-152.984
-156.424
-172.102
-175.075
-164.019
-168.516
-158.92
-157.274
-163.598
-163.49
-152.92
-153.646
-153.306
-153.688
)
;
    }
    interface
    {
        type            calculated;
        value           nonuniform List<scalar> 
1684
(
-247.803
-252.705
-217.809
-230.158
-123.884
-166.901
-257.482
-252.389
-238.241
-230.296
-174.442
-167.731
-263.782
-248.121
-243.361
-217.053
-198.705
-102.831
-257.247
-264.311
-238.001
-243.653
-176.225
-197.038
-584.395
-592.288
-832.091
-412.243
-637.438
-882.729
-250.395
-250.134
-224.3
-224.741
-155.179
-161.165
-254.431
-254.778
-234.586
-234.639
-169.432
-168.627
-265.938
-266.373
-245.595
-245.895
-209.122
-207.864
-62.2338
-569.299
-653.233
-385.024
-843.664
-498.383
-260.72
-224.16
-377.256
-473.787
-164.144
-155.202
-256.883
-180.407
-504.58
-240.788
-147.399
-235.308
-190.843
-167.783
-261.154
-261.013
-241.088
-240.824
-185.083
-187.106
-690.682
-898.638
-520.906
-249.13
-250.594
-221.113
-226.863
-139.832
-165.114
-255.04
-253.709
-235.682
-232.639
-171.328
-167.627
-265.419
-331.073
-226.196
-230.382
-314.4
-318.796
-246.038
-244.742
-197.384
-208.119
-212.765
-202.962
-77.1901
-135.082
-120.814
-259.085
-261.777
-235.172
-230.851
-323.986
-319.145
-324.372
-330.474
-239.689
-241.453
-302.985
-295.059
-303.649
-309.088
-216.576
-221.249
-179.422
-191.991
-162.409
-159.525
-228.395
-256.615
-163.732
-177.693
-684.281
-560.319
-695.1
-512.764
-753.741
-781.394
-501.544
-472.679
-741.019
-824.896
-248.233
-251.483
-220.531
-227.535
-145.215
-163.998
-255.875
-252.645
-236.545
-231.755
-170.609
-167.437
-268.283
-263.763
-386.671
-355.468
-572.817
-574.099
-350.512
-381.885
-382.933
-384.888
-354.139
-240.244
-314.829
-195.899
-239.699
-313.127
-314.758
-197.815
-297.543
-321.798
-321.986
-244.701
-228.073
-300.899
-300.819
-224.436
-295.387
-296.803
-180.891
-224.29
-180.109
-280.669
-305.711
-303.684
-221.749
-176.971
-221.396
-178.359
-334.466
-365.723
-367.566
-336.415
-366.847
-557.914
-547.244
-527.296
-526.901
-547.78
-557.268
-316.753
-338.676
-369.788
-368.093
-336.786
-368.894
-544.659
-523.934
-524.477
-544.125
-554.72
-554.354
-555.4
-246.896
-243.781
-334.02
-365.11
-364.53
-311.98
-363.402
-332.133
-549.223
-548.643
-539.066
-518.171
-518.941
-538.206
-542.944
-523.082
-543.326
-522.78
-552.855
-329.601
-360.814
-362.709
-331.621
-224.054
-275.096
-299.648
-277.008
-297.754
-216.564
-171.918
-216.229
-287.041
-288.416
-173.25
-294.982
-295.009
-219.131
-175.488
-218.991
-174.799
-265.747
-267.604
-245.221
-201.244
-266.514
-269.139
-160.017
-201.235
-269.444
-159.55
-253.541
-277.814
-275.143
-194.849
-158.2
-194.44
-158.002
-287.505
-300.794
-330.958
-337.282
-307.145
-527.587
-517.453
-499.185
-497.827
-519.115
-525.879
-313.683
-344.077
-339.276
-308.714
-516.946
-212.97
-203.09
-298.85
-328.444
-271.402
-320.458
-290.781
-323.53
-490.213
-494.024
-508.026
-505.086
-278.283
-306.897
-310.834
-317.219
-288.271
-262.213
-241.273
-258.791
-177.263
-156.377
-176.777
-239.289
-155.733
-187.134
-226.733
-244.477
-247.44
-186.783
-156.799
-186.914
-157.051
-136.149
-147.478
-165.577
-181.825
-155.779
-160.897
-154.635
-150.014
-176.553
-192.814
-187.622
-167.246
-129.672
-179.986
-134.196
-177.66
-160.52
-166.241
-196.336
-195.434
-186.678
-320.681
-332.776
-309.118
-179.885
-215.119
-219.864
-204.291
-200.423
-274.494
-280.365
-77.0414
-544.472
-680.858
-583.521
-774.481
-503.036
-495.701
-758.148
-823.469
-390.698
-490.89
-275.126
-299.648
-305.499
-263.92
-448.484
-329.349
-440.387
-358.106
-159.769
-134.243
-394.587
-165.215
-266.321
-140.327
-148.928
-152.783
-139.97
-118.118
-105.794
-104.037
-405.899
-272.922
-252.936
-333.258
-411.335
-268.42
-202.609
-198.088
-100.093
-73.834
-140.757
-133.775
-64.945
-126.066
-134.45
-130.361
-202.479
-240.653
-194.558
-184.451
-230.499
-124.415
-210.811
-128.956
-121.021
-92.2404
-135.879
-77.8997
-258.337
-262.906
-286.56
-312.318
-310.176
-227.178
-299.603
-299.63
-182.68
-226.791
-300.217
-184.17
-307.07
-307.05
-230.182
-186.892
-230.071
-186.099
-321.491
-343.789
-374.793
-372.974
-341.687
-560.118
-549.723
-528.372
-548.787
-529.172
-560.86
-339.132
-370.455
-371.205
-372.193
-341.122
-563.791
-563.003
-327.414
-344.197
-375.328
-377.774
-346.702
-376.564
-568.956
-570.095
-349.699
-380.641
-378.058
-346.935
-565.33
-565.163
-566.095
-289.728
-313.804
-313.745
-236.513
-308.642
-310.209
-193.386
-236.418
-310.401
-192.289
-294.076
-319.957
-296.393
-317.494
-233.277
-188.536
-232.931
-190.139
-238.725
-242.33
-213.435
-263.33
-287.507
-285.51
-206.377
-274.395
-162.81
-206.022
-164.508
-212.622
-258.728
-280.138
-258.848
-281.067
-210.016
-167.47
-209.924
-166.645
-322.911
-353.7
-350.754
-319.814
-351.976
-532.696
-522.538
-501.16
-520.86
-502.676
-534.084
-298.957
-314.896
-345.639
-349.505
-318.84
-348.228
-529.115
-510.059
-509.306
-530.05
-539.259
-540.381
-538.142
-306.25
-323.662
-354.7
-357.212
-326.254
-546.828
-536.585
-517.109
-537.221
-516.629
-546.029
-329.065
-360.075
-359.393
-358.032
-326.87
-532.294
-511.407
-531.249
-512.378
-542.433
-266.505
-288.88
-267.229
-289.033
-214.316
-283.846
-170.767
-214.165
-285.196
-170.12
-293.753
-291.861
-212.223
-168.115
-211.924
-169.31
-180.45
-191.295
-192.862
-214.127
-210.919
-158.81
-199.983
-161.997
-163.15
-198.742
-160.542
-198.658
-183.59
-201.681
-160.795
-158.726
-157.628
-160.424
-243.137
-263.891
-246.455
-229.402
-359.316
-371.642
-210.126
-216.152
-224.884
-229.992
-240.414
-227.064
-234.978
-416.029
-246.313
-269.666
-285.232
-259.872
-280.188
-475.36
-275.377
-302.923
-298.795
-290.145
-263.217
-294.859
-443.425
-434.728
-168.706
-202.568
-218.936
-221.948
-165.677
-155.448
-165.865
-156.369
-171.153
-216.017
-239.629
-219.814
-235.549
-158.416
-157.78
-160.755
-156.317
-824.679
-878.89
-278.605
-345.86
-242.359
-314.009
-309.541
-225.712
-221.725
-281.204
-293.941
-279.397
-259.219
-195.479
-180.389
-139.717
-159.29
-145.785
-196.023
-235.977
-242.179
-216.004
-209.227
-225.825
-197.244
-334.704
-717.21
-723.066
-725.015
-333.761
-244.747
-202.817
-206.921
-244.6
-318.065
-208.565
-185.979
-296.693
-184.478
-228.681
-180.509
-183.234
-316.432
-703.784
-701.847
-699.549
-700.871
-693.052
-695.332
-698.534
-696.405
-311.564
-287.636
-174.676
-177.055
-223.611
-289.594
-179.359
-290.778
-178.178
-202.54
-161.983
-158.107
-204.021
-262.429
-149.783
-155.985
-672.144
-666.229
-288.925
-655.897
-663.655
-625.399
-638.81
-653.32
-643.145
-269.141
-189.516
-244.239
-128.542
-137.857
-249.832
-147.305
-254.359
-140.783
-152.883
-155.387
-191.697
-143.152
-167.832
-102.446
-144.899
-134.64
-446.081
-396.876
-363.561
-380.072
-365.727
-359.538
-374.204
-207.523
-168.417
-147.303
-96.0804
-111.029
-708.543
-713.894
-715.675
-696.315
-698.799
-701.681
-699.906
-706.821
-704.682
-702.806
-703.345
-233.105
-187.304
-298.819
-190.343
-232.697
-301.805
-193.088
-191.627
-704.875
-707.422
-321.074
-710.604
-708.592
-715.476
-713.053
-327.687
-711.657
-711.884
-238.716
-201.088
-198.884
-239.893
-306.236
-194.283
-305.566
-197.43
-695.205
-693.504
-691.036
-692.467
-684.773
-687.052
-689.977
-688.098
-666.401
-670.932
-675.926
-672.543
-683.651
-681.3
-677.36
-680.092
-274.574
-163.797
-272.875
-167.703
-169.967
-169.106
-299.811
-674.058
-678.687
-684.032
-680.314
-691.941
-689.338
-306.77
-685.424
-688.124
-218.862
-173.588
-285.061
-173.079
-219.374
-170.84
-172.213
-664.402
-658.868
-648.84
-656.043
-619.18
-630.643
-646.477
-635.954
-443.291
-493.072
-550.821
-510.538
-614.126
-593.11
-560.401
-584.929
-160.357
-200.624
-155.995
-153.743
-160.435
-144.119
-209.29
-150.924
-212.057
-462.787
-509.649
-560.11
-524.241
-241.882
-620.457
-602.241
-244.681
-569.455
-595.037
-227.09
-125.914
-232.888
-130.943
-140.666
-134.003
-423.625
-368.744
-333.811
-346.773
-310.538
-332.569
-334.699
-331.867
-243.13
-298.456
-226.645
-277.652
-278.644
-228.472
-282.672
-315.139
-317.346
-312.584
-310.284
-223.836
-222.252
-272.305
-273.19
-199.528
-245.975
-205.303
-256.079
-283.872
-291.43
-275.738
-263.409
-192.023
-238.088
-182.853
-224.908
-149.721
-151.126
-139.035
-155.198
-179.889
-163.139
-188.482
-116.752
-120.502
-84.6485
-233.022
-288.704
-231.307
-283.42
-284.41
-322.215
-319.815
-325.612
-328.694
-236.675
-290.724
-239.891
-213.803
-265.366
-210.611
-301.18
-296.682
-304.661
-307.583
-217.344
-219.318
-269.64
-271.534
-160.201
-195.936
-159.984
-184.995
-219.327
-203.341
-234
-251.323
-164.959
-200.572
-174.155
-647.921
-623.781
-706.355
-572.993
-336.398
-356.932
-387.921
-564.537
-546.194
-566.731
-544.435
-718.587
-571.576
-575.758
-720.551
-561.84
-538.839
-540.684
-559.666
-578.082
-550.724
-551.907
-570.408
-576.917
-726.51
-331.96
-351.532
-352.037
-384.062
-326.713
-302.216
-326.921
-246.06
-301.656
-314.321
-240.285
-193.939
-204.61
-237.656
-197.158
-207.011
-297.692
-324.62
-321.914
-242.079
-300.054
-319.694
-242.961
-199.221
-302.384
-293.36
-300.47
-277.693
-226.198
-279.447
-292.832
-223.129
-179.483
-186.679
-296.756
-223.302
-178.95
-185.572
-303.635
-303.622
-229.191
-280.319
-281.143
-293.511
-221.393
-175.366
-181.815
-294.177
-219.653
-177.545
-183.655
-314.936
-334.957
-366.535
-335.077
-546.516
-525.72
-526.224
-545.928
-556.83
-558.622
-702.927
-702.027
-317.556
-337.364
-369.184
-337.3
-545.081
-525.177
-524.907
-545.322
-555.929
-699.612
-700.384
-332.767
-312.709
-332.612
-364.131
-539.753
-549.976
-520.332
-540.357
-519.788
-693.479
-550.71
-694.41
-542.181
-552.146
-521.452
-522.077
-541.369
-551.593
-553.489
-697.756
-696.877
-310.144
-330.129
-361.643
-330.299
-362.045
-297.751
-275.646
-297.744
-224.593
-274.868
-290.899
-287.797
-216.177
-170.456
-175.829
-214.606
-172.392
-177.585
-272.366
-296.559
-294.696
-221.761
-274.077
-290.984
-217.872
-174.043
-180.156
-218.001
-173.717
-179.164
-270.663
-267.68
-246.558
-199.362
-249.279
-259.262
-198.82
-159.185
-162.007
-268.873
-200.974
-158.111
-160.01
-273.502
-274.891
-205.846
-252.945
-252.544
-261.547
-195.477
-156.554
-152.34
-262.327
-191.229
-157.573
-155.332
-284.465
-303.15
-333.474
-304.319
-335.228
-515.739
-494.151
-495.973
-513.522
-529.421
-669.982
-523.978
-668.112
-291.033
-311.364
-342.51
-310.515
-341.18
-519.32
-509.021
-491.657
-489.752
-511.255
-514.232
-658.522
-506.972
-485
-487.431
-504.187
-521.683
-661.006
-295.435
-325.867
-274.789
-293.847
-484.626
-469.554
-498.154
-488.459
-466.323
-630.409
-485.489
-633.97
-481.261
-458.683
-462.55
-476.76
-495.677
-473.487
-476.496
-492.006
-511.236
-649.844
-498.546
-481.942
-501.429
-479.564
-501.773
-646.435
-264.666
-282.066
-284.084
-313.861
-255.806
-258.245
-237.121
-192.007
-235.735
-242.584
-178.754
-154.751
-132.243
-243.457
-172.389
-155.355
-136.186
-251.677
-247.932
-183.49
-227.802
-231.245
-253.442
-183.292
-156.161
-146.483
-253.053
-187.442
-155.557
-143.66
-167.25
-166.157
-157.905
-148.194
-158.708
-148.654
-189.386
-163.662
-158.144
-153.257
-188.668
-161.132
-147.572
-150.48
-174.134
-175.828
-182.157
-154.441
-170.537
-157.789
-163.625
-119.905
-115.128
-174.757
-141.442
-125.301
-162.76
-174.994
-176.848
-182.889
-334.055
-332.104
-337.759
-325.456
-429.984
-343.59
-351.172
-346.026
-351.54
-298.447
-411.98
-189.058
-208.941
-215.09
-208.191
-210.561
-306.368
-321.581
-316.727
-313.833
-266.846
-359.713
-297.79
-305.193
-309.054
-291.985
-288.877
-368.725
-659.507
-695.393
-614.623
-739.996
-399.015
-331.45
-333.789
-378.751
-328.063
-198.374
-278.912
-231.967
-127.762
-102.782
-109.151
-121.571
-250.134
-270.256
-255.772
-270.88
-218.057
-224.303
-284.884
-286.173
-270.364
-281.964
-271.12
-265.827
-365.772
-282.699
-297.756
-287.504
-290.458
-281.706
-384.34
-145.517
-103.65
-118.533
-148.133
-152.158
-94.3052
-113.653
-139.325
-146.063
-107.294
-175.12
-180.252
-142.342
-255.313
-161.898
-131.046
-87.5548
-105.607
-96.8454
-139.053
-160.526
-52.3264
-96.2303
-709.759
-711.677
-696.711
-697.851
-701.181
-700.377
-705.775
-704.536
-702.487
-703.477
-310.213
-310.152
-233.719
-286.238
-287.073
-303.145
-226.904
-180.968
-188.761
-225
-183.388
-190.715
-308.842
-285.379
-306.784
-230.769
-283.524
-303.208
-228.797
-185.414
-193.848
-303.102
-229.175
-184.899
-192.762
-322.345
-342.376
-374.102
-342.24
-373.695
-550.687
-531.063
-530.434
-551.437
-561.636
-559.575
-705.288
-706.35
-319.644
-339.628
-339.761
-371.613
-553.676
-532.681
-533.284
-562.484
-552.851
-710.025
-564.297
-709.108
-554.462
-533.989
-533.89
-554.564
-325.323
-344.957
-376.444
-345.004
-568.091
-555.353
-533.689
-534.285
-554.925
-714.236
-556.418
-536.347
-557.617
-535.297
-567.641
-712.928
-328.972
-347.866
-379.633
-347.861
-379.375
-555.222
-534.222
-534.204
-566.442
-554.942
-711.281
-712.004
-555.265
-534.506
-555.21
-534.74
-315.641
-313.407
-236.437
-289.958
-291.966
-234.981
-191.951
-201.678
-310.192
-235.505
-190.909
-200.23
-317.213
-294.283
-317.33
-240.673
-293.485
-306.228
-232.951
-186.835
-195.733
-306.977
-231.053
-189.218
-197.847
-694.462
-693.661
-691.106
-692.054
-685.2
-686.229
-689.306
-688.529
-667.695
-669.416
-674.739
-673.534
-682.735
-681.855
-677.958
-679.163
-284.919
-277.248
-285.423
-214.524
-262.957
-263.297
-278.928
-206.266
-160.939
-165.567
-275.084
-203.658
-163.837
-167.887
-283.178
-261.091
-280.905
-210.161
-259.001
-279.072
-208.505
-165.768
-171.087
-279.003
-208.788
-165.564
-170.065
-301.099
-321.273
-352.747
-320.835
-523.772
-505.29
-504.15
-525.058
-535.507
-531.25
-675.46
-677.021
-296.851
-316.259
-347.231
-316.879
-527.969
-506.966
-508.112
-526.558
-536.994
-682.704
-681.409
-304.613
-324.441
-355.778
-324.751
-356.348
-535.745
-515.045
-515.803
-545.328
-534.808
-547.651
-690.922
-689.926
-307.668
-327.712
-327.501
-358.922
-543.367
-533.08
-513.953
-513.303
-544.254
-533.793
-686.035
-541.644
-687.113
-290.595
-281.913
-268.372
-288.754
-216.851
-266.624
-281.169
-282.645
-285.244
-213.223
-169.196
-174.565
-213.052
-169.315
-173.697
-269.336
-291.754
-291.821
-220.051
-270.018
-282.113
-211.595
-166.976
-171.617
-210.457
-168.141
-173.117
-662.441
-660.638
-650.96
-653.572
-623.032
-626.239
-643.563
-639.569
-459.52
-476.549
-539.193
-525.015
-608.165
-600.148
-569.254
-576.571
-208.177
-205.959
-210.59
-160.528
-192.106
-190.686
-159.162
-159.213
-157.424
-203.138
-159.97
-160.08
-155.128
-204.226
-187.338
-201.749
-158.947
-185.204
-209.817
-157.869
-157.412
-146.427
-207.874
-157.81
-159.315
-150.317
-217.802
-237.094
-258.139
-234.624
-252.428
-379.83
-380.629
-374.315
-389.312
-346.164
-479.19
-370.455
-359.787
-361.19
-365.85
-383.995
-494.401
-203.646
-220.711
-221.499
-406.013
-408.385
-389.957
-396.577
-399.067
-548.951
-425.795
-395.286
-536.923
-416.444
-410.344
-404.459
-424.398
-235.777
-251.368
-275.322
-254.136
-470.213
-462.973
-440.42
-445.149
-457.01
-480.608
-614.73
-467.712
-454.036
-472.554
-450.11
-464.427
-608.441
-249.656
-270.38
-267.84
-450.481
-444.629
-434.337
-429.259
-451.199
-579.157
-458.13
-586.381
-438.792
-417.435
-431.404
-423.178
-226.391
-220.507
-207.348
-222.514
-165.611
-203.705
-215.648
-220.021
-231.568
-160.962
-154.737
-127.466
-230.863
-167.408
-155.042
-130.576
-214.65
-231.43
-234.679
-173.223
-212.475
-218.552
-159.167
-156.686
-139.921
-157.618
-155.485
-136.002
-406.989
-383.786
-329.316
-339.327
-341.946
-356.805
)
;
    }
    procBoundary5to1
    {
        type            processor;
        value           nonuniform List<scalar> 
55
(
-851.657
-851.657
-851.657
-504.557
-881.987
-504.557
-504.557
-504.557
-504.557
-692.659
-356.202
-1001.07
-565.956
-503.141
-369.135
-575.258
-688.26
-547.371
-323.856
-247.404
-237.397
-414.267
-272.715
-333.539
-310.556
-338.251
-238.759
-460.566
-386.983
-404.716
-547.371
-597.613
-697.332
-753.175
-309.66
-304.365
-283.487
-313.139
-293.224
-247.404
-330.895
-247.404
-237.397
-753.175
-730.474
-719.412
-946.879
-547.371
-688.26
-1094.6
-563.001
-575.258
-575.258
-547.371
-688.26
)
;
    }
    procBoundary5to4
    {
        type            processor;
        value           nonuniform List<scalar> 
526
(
-1046.94
-1005.28
-907.021
-1051.66
-1051.66
-1051.66
-1046.94
-1046.94
-1012.48
-1012.48
-1012.48
-1005.28
-1005.28
-933.168
-933.168
-933.168
-907.021
-907.021
-1070.93
-1034.46
-978.425
-1070.93
-1070.93
-1063.89
-1063.89
-1063.89
-1034.46
-1034.46
-1029.59
-1029.59
-1029.59
-978.425
-978.425
-968.228
-968.228
-968.228
-1042.81
-997.136
-859.52
-1055.92
-1055.92
-1055.92
-760.62
-881.99
-766.055
-886.328
-758.62
-879.899
-1042.81
-1042.81
-754.783
-876.757
-1018.82
-1018.82
-1018.82
-729.999
-857.782
-738.55
-863.316
-726.219
-855.524
-997.136
-997.136
-848.709
-947.106
-947.106
-947.106
-799.476
-821.485
-785.945
-859.52
-859.52
-859.52
-859.52
-696.187
-774.199
-758.62
-754.783
-1038.88
-748.52
-753.438
-726.219
-988.173
-1075.94
-774.199
-893.722
-774.199
-774.199
-1059.24
-1059.24
-1059.24
-770.399
-889.275
-766.948
-886.386
-760.62
-760.62
-760.62
-766.055
-766.055
-766.055
-770.399
-770.399
-770.399
-766.948
-766.948
-766.948
-758.62
-758.62
-754.783
-754.783
-1038.88
-1038.88
-748.52
-871.534
-753.438
-875.73
-748.52
-748.52
-753.438
-753.438
-1024.43
-1024.43
-1024.43
-746.596
-869.727
-740.865
-865.105
-729.999
-729.999
-729.999
-738.55
-738.55
-738.55
-746.596
-746.596
-746.596
-740.865
-740.865
-740.865
-726.219
-726.219
-717.944
-597.859
-592.725
-671.941
-784.249
-785.905
-668.771
-988.173
-988.173
-837.983
-846.184
-567.341
-562.812
-642.005
-751.808
-756.104
-637.312
-584.037
-589.053
-662.069
-781.136
-665.272
-777.259
-957.854
-957.854
-957.854
-835.047
-824.991
-395.544
-371.257
-454.551
-575.928
-577.936
-430.899
-477.747
-491.524
-547.583
-677.134
-664.335
-560.646
-553.65
-559.724
-625.888
-746.166
-631.67
-739.339
-514.365
-501.416
-584.021
-688.407
-697.814
-573.015
-326.524
-349.678
-381.322
-554.153
-558.697
-405.402
-247.565
-243.112
-282.358
-499.455
-498.078
-279.757
-925.922
-667.872
-255.444
-246.926
-290.179
-478.841
-278.315
-488.46
-915.449
-939.796
-778.602
-782.678
-757.008
-755.634
-750.091
-751.914
-722.316
-717.944
-778.602
-778.602
-778.602
-782.678
-782.678
-762.54
-762.54
-762.54
-762.54
-764.602
-764.602
-764.602
-764.602
-768.186
-768.186
-768.186
-768.186
-767.083
-767.083
-767.083
-767.083
-757.008
-757.008
-757.008
-755.634
-755.634
-755.634
-750.091
-750.091
-750.091
-751.914
-751.914
-751.914
-733.063
-733.063
-733.063
-733.063
-736.044
-736.044
-736.044
-736.044
-744.687
-744.687
-744.687
-744.687
-742.614
-742.614
-742.614
-742.614
-722.316
-722.316
-722.316
-717.944
-717.944
-717.944
-569.347
-573.406
-646.466
-765.43
-760.297
-650.187
-580.894
-576.386
-658.596
-769.763
-773.648
-654.263
-414.125
-435.153
-476.552
-615.749
-601.708
-497.312
-466.641
-449.974
-533.096
-635.287
-649.83
-515.618
-548.764
-540.906
-619.688
-725.232
-732.761
-611.71
-523.347
-534.336
-594.056
-716.842
-706.777
-603.438
-307.293
-286.496
-355.896
-541.321
-540.897
-332.913
-255.141
-270.059
-295.128
-520.035
-518.495
-309.46
-733.093
-958.523
-519.088
-519.088
-274.419
-288.449
-266.148
-302.881
-478.485
-473.384
-301.094
-1110.68
-1108.99
-883.582
-1113.16
-1114.14
-885.41
-1104.53
-1106.25
-878.255
-1102.47
-877.074
-1101.69
-1117.3
-1119.93
-886.532
-1115.27
-1115.3
-885.654
-1095.87
-1094.39
-872.684
-1098.31
-1099.76
-874.37
-1089.83
-1091.77
-867.964
-909.48
-1002.6
-915.449
-846.728
-912.963
-939.796
-896.809
-890.554
-858.768
-705.657
-733.093
-872.747
-958.523
-936.727
-846.728
-896.809
-657.698
-656.111
-657.936
-660.06
-660.411
-644.415
-643.602
-644.872
-645.914
-647.897
-648.642
-647.336
-646.436
-654.07
-655.447
-653.356
-652.733
-649.895
-649.654
-651.011
-651.301
-641.984
-642.971
-641.517
-640.829
-638.787
-638.316
-639.436
-640.021
-633.284
-632.46
-633.828
-634.77
-636.729
-637.573
-636.269
-635.394
-616.852
-615.063
-617.938
-619.678
-623.021
-624.439
-622.285
-620.743
-630.621
-631.747
-630.107
-629.057
-626.427
-625.413
-627.158
-628.241
-611.503
-613.682
-610.297
-607.795
-597.859
-592.725
-601.557
-605.41
-567.341
-562.812
-569.347
-573.406
-584.037
-589.053
-580.894
-576.386
-395.544
-371.257
-414.125
-435.153
-477.747
-491.524
-466.641
-449.974
-553.65
-559.724
-548.764
-540.906
-514.365
-501.416
-523.347
-534.336
-326.524
-349.678
-307.293
-286.496
-247.565
-243.112
-255.141
-270.059
-872.747
-936.727
-274.419
-181.373
-255.444
-246.926
-288.449
-266.148
-1077.06
-1075.02
-859.222
-1080.45
-1082.62
-861.427
-1068.69
-1071.32
-853.199
-1064.46
-850.463
-1062
-1008.66
-999.248
-808.362
-1018.03
-1023.26
-816.383
-957.586
-981.155
-765.238
-916.58
-731.361
-883.506
-1128.05
-1124.75
-897.549
-1131.22
-899.932
-1087.1
-1085.53
-866.157
-1049.33
-1046.46
-840.079
-1054.43
-1057.6
-843.445
-1037.76
-1041.45
-831.751
-1032.16
-1028.81
-827.705
)
;
    }
}


// ************************************************************************* //
