/*--------------------------------*- C++ -*----------------------------------*\
| =========                 |                                                 |
| \\      /  F ield         | OpenFOAM: The Open Source CFD Toolbox           |
|  \\    /   O peration     | Version:  2012                                  |
|   \\  /    A nd           | Website:  www.openfoam.com                      |
|    \\/     M anipulation  |                                                 |
\*---------------------------------------------------------------------------*/
FoamFile
{
    version     2.0;
    format      ascii;
    class       volScalarField;
    location    "0.108/solid";
    object      sigmaMid;
}
// * * * * * * * * * * * * * * * * * * * * * * * * * * * * * * * * * * * * * //

dimensions      [1 -1 -2 0 0 0 0];


internalField   nonuniform List<scalar> 
3125
(
-2.34411e+07
-2.04848e+07
-2.71065e+07
-2.47821e+07
-2.01329e+07
-1.1604e+07
-4.92166e+06
-1.74205e+07
-1.94112e+07
-8.64176e+06
974232
-1.98828e+07
-2.13321e+07
-1.25066e+07
-1.77091e+07
-1.61332e+07
-2.24561e+07
-1.95532e+07
-2.2575e+07
-9.76239e+06
-2.01235e+07
-1.62039e+07
-2.35223e+07
-2.47015e+07
-2.15225e+07
-1.74634e+07
-1.63843e+07
-2.39429e+07
-2.26015e+07
-2.46843e+07
-2.27341e+07
-1.96754e+07
-1.6894e+07
-2.44907e+07
-2.47051e+07
-1.75696e+07
-2.40699e+07
-2.61979e+07
-2.47675e+07
-2.52408e+07
-1.98147e+07
-2.45975e+07
-2.24691e+07
-2.22383e+07
-2.5275e+07
-2.51687e+07
-1.65062e+07
-1.69405e+07
-1.42412e+07
-1.5087e+07
-1.4566e+07
-8.52539e+06
-1.40527e+07
-1.31966e+07
-1.19188e+07
-7.52371e+06
-1.28773e+07
-1.54026e+07
-1.49523e+07
-1.46514e+07
-1.88151e+07
-1.88667e+07
-4.20332e+06
-1.68772e+07
-9.00137e+06
-4.87649e+06
-1.40605e+07
-9.13948e+06
-1.19528e+06
-3.48381e+06
-7.27254e+06
-1.73455e+07
-1.58335e+07
-1.08653e+07
-1.97957e+07
-1.61631e+07
-1.5639e+07
-1.42978e+07
-1.45761e+07
-1.49444e+07
-1.95712e+07
-1.50719e+07
-1.54826e+07
-1.57211e+07
-1.50707e+07
-1.51512e+07
-2.11982e+07
-2.10168e+07
-2.15244e+07
-2.26462e+07
-2.12338e+07
-1.54593e+07
-1.28325e+07
-1.89275e+07
-2.13593e+07
-1.72191e+07
-2.0463e+07
-2.16795e+07
-1.37462e+07
-1.98129e+07
-2.41652e+07
-2.42152e+07
-1.63702e+07
-2.27774e+07
-1.71475e+07
-1.70965e+07
-1.75098e+07
-1.66576e+07
-1.59106e+07
-1.69475e+07
-1.64671e+07
-2.29324e+07
-1.89248e+07
-1.75151e+07
-2.36682e+07
-2.37905e+07
-2.29063e+07
-2.36306e+07
-2.33405e+07
-1.89415e+07
-2.2754e+07
-2.27025e+07
-2.20449e+07
-1.85471e+07
-2.26301e+07
-2.37648e+07
-2.34823e+07
-2.34029e+07
-2.49383e+07
-2.33263e+07
-2.15556e+07
-1.80993e+07
-1.79721e+07
-1.99659e+07
-2.48501e+07
-1.94618e+07
-2.10572e+07
-2.2953e+07
-1.83251e+07
-2.05825e+07
-2.56536e+07
-2.55492e+07
-2.52297e+07
-2.33882e+07
-2.34024e+07
-2.27365e+07
-2.01179e+07
-2.26294e+07
-2.51548e+07
-2.34813e+07
-2.34258e+07
-2.31485e+07
-2.02007e+07
-2.25984e+07
-2.30885e+07
-2.13699e+07
-2.5821e+07
-2.497e+07
-1.59817e+07
-1.89544e+07
-1.31019e+07
-1.35406e+07
-1.06038e+07
-1.20535e+07
-1.1356e+07
-7.59697e+06
-5.73337e+06
-8.06775e+06
-1.65378e+07
-1.88711e+07
-1.7021e+07
-1.85072e+07
-1.90571e+07
-1.52084e+07
-1.19544e+07
-7.44564e+06
-1.0847e+07
-9.44259e+06
840020
-547385
-1.05799e+06
-1.90085e+07
-1.62684e+07
-1.51923e+07
-2.06959e+07
-2.08533e+07
-1.90847e+07
-1.26925e+07
-1.33076e+07
-1.32611e+07
-1.85363e+07
-1.80973e+07
-1.96421e+07
-1.54765e+07
-1.58325e+07
-1.52074e+07
-2.19324e+07
-2.01999e+07
-2.21462e+07
-2.06891e+07
-2.04294e+07
-1.21511e+07
-1.08371e+07
-1.33673e+07
-2.06941e+07
-1.67794e+07
-1.77188e+07
-1.8802e+07
-1.54357e+07
-1.81201e+07
-2.3833e+07
-2.45362e+07
-1.98848e+07
-2.20845e+07
-2.14319e+07
-1.73456e+07
-1.70033e+07
-1.68411e+07
-1.57177e+07
-1.65996e+07
-1.59401e+07
-2.35243e+07
-2.28942e+07
-2.18206e+07
-2.30852e+07
-2.43059e+07
-2.13763e+07
-2.31265e+07
-2.14835e+07
-1.94859e+07
-2.10008e+07
-2.09464e+07
-1.93792e+07
-1.7526e+07
-1.98603e+07
-2.42028e+07
-2.34676e+07
-2.34773e+07
-2.54608e+07
-2.47378e+07
-2.36136e+07
-1.71731e+07
-1.76779e+07
-1.73653e+07
-2.44222e+07
-2.23578e+07
-2.32436e+07
-2.15267e+07
-2.01405e+07
-2.66048e+07
-2.5112e+07
-2.56112e+07
-2.47283e+07
-2.53163e+07
-2.1033e+07
-1.99315e+07
-2.10501e+07
-2.48463e+07
-2.40691e+07
-2.40374e+07
-2.18611e+07
-2.1362e+07
-2.28992e+07
-2.16047e+07
-2.55005e+07
-2.50075e+07
-1.60474e+07
-1.84548e+07
-1.35856e+07
-1.43953e+07
-1.48346e+07
-1.37433e+07
-1.56916e+07
-1.38595e+07
-1.4491e+07
-1.55321e+07
-1.5339e+07
-9.56798e+06
-9.90212e+06
-1.06282e+07
-1.30797e+07
-1.37849e+07
-1.25905e+07
-1.15165e+07
-1.35021e+07
-1.20653e+07
-9.59217e+06
-1.22335e+07
-9.99951e+06
-6.5972e+06
-9.21768e+06
-8.60282e+06
-1.25549e+07
-1.09696e+07
-1.04562e+07
-1.62522e+07
-1.55711e+07
-1.75676e+07
-1.58282e+07
-1.4842e+07
-1.57744e+07
-1.56409e+07
-1.47443e+07
-1.57152e+07
-1.85896e+07
-1.90234e+07
-8.11591e+06
-5.32859e+06
-9.20535e+06
-1.55814e+07
-1.30926e+07
-1.27186e+07
-7.06177e+06
-1.16264e+07
-1.03251e+07
-6.18129e+06
-6.35917e+06
-7.94218e+06
-1.23763e+07
-1.25258e+07
-1.09058e+07
-7.66931e+06
-1.08779e+07
-9.33439e+06
-114439
-3.2792e+06
-2.10675e+06
-2.03295e+06
-4.66976e+06
-2.90102e+06
-5.30937e+06
-5.89413e+06
-4.03755e+06
-1.86377e+07
-1.38861e+07
-1.46492e+07
-1.7375e+07
-1.43029e+07
-1.60599e+07
-1.31283e+07
-1.26397e+07
-1.46311e+07
-2.04922e+07
-1.88742e+07
-2.03918e+07
-1.68355e+07
-1.59748e+07
-1.65886e+07
-1.6251e+07
-1.58083e+07
-1.63986e+07
-1.35177e+07
-1.45242e+07
-1.39072e+07
-1.39905e+07
-1.41929e+07
-1.37566e+07
-1.47378e+07
-1.45705e+07
-1.42543e+07
-1.88016e+07
-2.00633e+07
-1.86911e+07
-1.58916e+07
-1.52026e+07
-1.59602e+07
-1.61343e+07
-1.53386e+07
-1.60439e+07
-1.55779e+07
-1.55311e+07
-1.53491e+07
-1.54853e+07
-1.45773e+07
-1.49112e+07
-1.53434e+07
-1.48542e+07
-1.51073e+07
-2.17621e+07
-2.03976e+07
-2.19841e+07
-1.93821e+07
-1.98961e+07
-2.28822e+07
-2.22963e+07
-2.25864e+07
-2.17368e+07
-2.18277e+07
-2.22173e+07
-1.37321e+07
-1.67382e+07
-1.49872e+07
-1.18466e+07
-1.55323e+07
-1.44874e+07
-1.78871e+07
-1.71823e+07
-1.61336e+07
-2.08829e+07
-1.89153e+07
-1.82179e+07
-1.85608e+07
-1.84594e+07
-1.95845e+07
-2.1171e+07
-1.95439e+07
-2.04575e+07
-2.02593e+07
-2.11852e+07
-1.96584e+07
-1.46061e+07
-1.64809e+07
-1.73423e+07
-2.05613e+07
-1.81127e+07
-1.89393e+07
-2.38988e+07
-2.44176e+07
-1.71628e+07
-1.65962e+07
-1.75575e+07
-2.22595e+07
-2.19836e+07
-2.06165e+07
-1.68563e+07
-1.85068e+07
-1.8014e+07
-1.72309e+07
-1.65062e+07
-1.66788e+07
-1.70936e+07
-1.71109e+07
-1.69116e+07
-1.65579e+07
-1.68658e+07
-1.67375e+07
-1.57903e+07
-1.60927e+07
-1.59914e+07
-1.67871e+07
-1.63274e+07
-1.61387e+07
-1.62807e+07
-1.63713e+07
-1.61816e+07
-2.33941e+07
-2.12571e+07
-2.24971e+07
-2.05632e+07
-1.8412e+07
-2.006e+07
-1.90224e+07
-1.79395e+07
-1.95436e+07
-2.32241e+07
-2.4195e+07
-2.3146e+07
-2.31029e+07
-2.33475e+07
-2.32766e+07
-2.21916e+07
-2.21901e+07
-2.32444e+07
-2.36365e+07
-2.35235e+07
-1.92341e+07
-2.07211e+07
-2.08542e+07
-2.18751e+07
-2.27584e+07
-2.18537e+07
-2.17258e+07
-2.27437e+07
-2.18065e+07
-2.07403e+07
-2.2312e+07
-2.11165e+07
-1.80678e+07
-2.05177e+07
-2.02347e+07
-2.24985e+07
-2.159e+07
-2.13918e+07
-2.40887e+07
-2.28931e+07
-2.29186e+07
-2.39473e+07
-2.34785e+07
-2.39052e+07
-2.37595e+07
-2.34544e+07
-2.38477e+07
-2.5242e+07
-2.32547e+07
-2.37947e+07
-2.439e+07
-2.24257e+07
-2.35334e+07
-2.28494e+07
-2.20434e+07
-2.32268e+07
-1.72926e+07
-1.87283e+07
-1.77263e+07
-1.7793e+07
-1.8193e+07
-1.76773e+07
-1.93636e+07
-1.90242e+07
-1.83782e+07
-2.45314e+07
-2.35548e+07
-2.28337e+07
-2.10549e+07
-1.99939e+07
-2.15305e+07
-2.24258e+07
-2.05317e+07
-2.19884e+07
-2.18735e+07
-2.16763e+07
-2.09146e+07
-1.88471e+07
-1.88076e+07
-1.94198e+07
-2.11362e+07
-1.96608e+07
-2.02538e+07
-2.61875e+07
-2.52078e+07
-2.54364e+07
-2.4877e+07
-2.51269e+07
-2.43847e+07
-2.35924e+07
-2.42601e+07
-2.40851e+07
-2.34288e+07
-2.41763e+07
-2.18766e+07
-2.27053e+07
-2.18661e+07
-2.00247e+07
-2.10614e+07
-2.10554e+07
-2.26702e+07
-2.18253e+07
-2.18473e+07
-2.49397e+07
-2.45813e+07
-2.4548e+07
-2.4001e+07
-2.34734e+07
-2.40323e+07
-2.4088e+07
-2.34566e+07
-2.40669e+07
-2.21062e+07
-2.27911e+07
-2.20242e+07
-2.03019e+07
-2.10769e+07
-2.11346e+07
-2.26199e+07
-2.18074e+07
-2.184e+07
-2.33063e+07
-2.0771e+07
-2.80636e+07
-2.48096e+07
-1.57208e+07
-1.97601e+07
-7.94233e+06
-1.19818e+07
-9.72108e+06
-1.37774e+07
-1.66794e+07
-1.71275e+07
-1.798e+07
-1.73606e+07
-1.76273e+07
-1.72242e+07
-1.68773e+07
-1.83399e+07
-1.92437e+07
-1.79492e+07
-1.45519e+07
-1.2881e+07
-1.79839e+07
-1.87239e+07
-1.96346e+07
-1.97387e+07
-1.92513e+07
-1.93857e+07
-1.90641e+07
-1.88634e+07
-2.19549e+07
-2.11258e+07
-2.2504e+07
-2.0187e+07
-2.2311e+07
-1.99287e+07
-2.2142e+07
-1.76015e+07
-1.79962e+07
-1.83291e+07
-1.74542e+07
-1.86533e+07
-1.72005e+07
-1.75773e+07
-2.22828e+07
-1.97728e+07
-2.13496e+07
-2.24484e+07
-2.32478e+07
-2.17543e+07
-2.31479e+07
-2.14931e+07
-2.15624e+07
-1.91328e+07
-2.03213e+07
-2.01127e+07
-1.93302e+07
-1.89654e+07
-2.04024e+07
-1.94061e+07
-2.36066e+07
-2.46381e+07
-2.25719e+07
-2.27029e+07
-2.03588e+07
-2.17224e+07
-2.23806e+07
-2.28731e+07
-2.05995e+07
-2.43089e+07
-2.38112e+07
-2.44757e+07
-2.33176e+07
-2.44149e+07
-2.31115e+07
-2.43602e+07
-2.27681e+07
-2.45507e+07
-2.19537e+07
-2.34188e+07
-2.19028e+07
-2.28614e+07
-2.17288e+07
-2.34988e+07
-2.20431e+07
-2.44129e+07
-2.44101e+07
-2.46806e+07
-2.45801e+07
-2.46526e+07
-2.4343e+07
-2.46015e+07
-2.53045e+07
-2.57493e+07
-2.50974e+07
-2.57172e+07
-2.55368e+07
-2.51816e+07
-2.52791e+07
-2.45379e+07
-2.41966e+07
-2.45528e+07
-2.34515e+07
-2.46159e+07
-2.44599e+07
-2.36323e+07
-2.87938e+07
-2.48979e+07
-2.61572e+07
-2.59062e+07
-2.55834e+07
-2.53645e+07
-2.59397e+07
-2.61477e+07
-2.57082e+07
-2.49357e+07
-2.46781e+07
-2.4764e+07
-2.47036e+07
-2.47516e+07
-2.4784e+07
-2.48135e+07
-2.07161e+07
-2.12034e+07
-2.09167e+07
-2.11816e+07
-2.25814e+07
-2.20551e+07
-2.52796e+07
-2.51291e+07
-1.6233e+07
-1.74445e+07
-1.4906e+07
-1.47188e+07
-1.51772e+07
-1.60161e+07
-1.46944e+07
-1.52286e+07
-1.56989e+07
-1.57399e+07
-1.56917e+07
-1.55946e+07
-1.62668e+07
-1.59515e+07
-1.55118e+07
-1.64909e+07
-1.87424e+07
-1.89071e+07
-1.80465e+07
-1.64276e+07
-1.59447e+07
-1.84548e+07
-1.54459e+07
-1.82938e+07
-1.81116e+07
-1.82444e+07
-1.77938e+07
-1.64814e+07
-1.8521e+07
-1.69889e+07
-1.85714e+07
-1.81473e+07
-2.05947e+07
-2.00493e+07
-2.08827e+07
-1.86984e+07
-2.11306e+07
-2.02867e+07
-1.89255e+07
-1.9632e+07
-1.93133e+07
-2.05932e+07
-1.85326e+07
-2.03079e+07
-1.99461e+07
-1.83092e+07
-2.13928e+07
-2.08079e+07
-2.04312e+07
-2.16787e+07
-2.21362e+07
-2.05065e+07
-2.22933e+07
-2.06067e+07
-2.0229e+07
-1.98861e+07
-2.12091e+07
-2.19009e+07
-2.03366e+07
-2.17202e+07
-2.01171e+07
-2.00733e+07
-2.4065e+07
-2.42716e+07
-2.34177e+07
-2.26092e+07
-2.37321e+07
-2.18432e+07
-2.36165e+07
-2.35171e+07
-2.1601e+07
-2.37905e+07
-2.30951e+07
-2.38586e+07
-2.20019e+07
-2.39642e+07
-2.36717e+07
-2.22239e+07
-2.35201e+07
-2.39287e+07
-2.29138e+07
-2.35262e+07
-2.41218e+07
-2.32174e+07
-2.40696e+07
-2.29574e+07
-2.31286e+07
-2.35095e+07
-2.3868e+07
-2.42414e+07
-2.3363e+07
-2.42776e+07
-2.34967e+07
-2.32961e+07
-2.50534e+07
-2.50395e+07
-2.48779e+07
-2.45943e+07
-2.48803e+07
-2.49783e+07
-2.47183e+07
-2.3185e+07
-2.36813e+07
-2.30198e+07
-2.32471e+07
-2.29919e+07
-2.35348e+07
-2.36198e+07
-2.48898e+07
-2.47436e+07
-2.48678e+07
-2.44855e+07
-2.48583e+07
-2.49239e+07
-2.43349e+07
-2.23214e+07
-2.26025e+07
-2.2921e+07
-2.28506e+07
-2.2495e+07
-2.23762e+07
-2.24949e+07
-2.58104e+07
-2.54111e+07
-2.59922e+07
-2.52973e+07
-2.51587e+07
-2.57817e+07
-2.51995e+07
-2.58084e+07
-2.58948e+07
-2.38472e+07
-2.37536e+07
-2.36462e+07
-2.33621e+07
-2.38143e+07
-2.32924e+07
-2.3737e+07
-2.5653e+07
-2.50886e+07
-2.50862e+07
-2.56598e+07
-2.505e+07
-2.54876e+07
-2.57834e+07
-2.24503e+07
-2.27629e+07
-2.3066e+07
-2.31235e+07
-2.28934e+07
-2.29952e+07
-2.27362e+07
-2.31401e+07
-2.10544e+07
-2.65224e+07
-2.48603e+07
-1.58612e+07
-1.93329e+07
-4.30668e+06
-3.94633e+06
-9.32246e+06
-1.24516e+07
-1.25119e+07
-1.45881e+07
-1.11632e+07
-1.41737e+07
-1.15412e+07
-2.18326e+06
-3.6895e+06
-4.46916e+06
-5.84419e+06
-5.46304e+06
-5.10412e+06
-5.83373e+06
-4.02385e+06
-3.06609e+06
-7.53789e+06
-7.18083e+06
-5.49636e+06
-6.43297e+06
3.70364e+06
3.3625e+06
4.57947e+06
5.38246e+06
6.28204e+06
7.66892e+06
7.43362e+06
6.54729e+06
5.97201e+06
5.35074e+06
5.81352e+06
4.40717e+06
-1.45925e+07
-1.49753e+07
-1.65157e+07
-1.68464e+07
-1.69974e+07
-1.69887e+07
-1.7305e+07
-1.71249e+07
-1.63591e+07
-1.57141e+07
-1.53231e+07
-1.84318e+07
-1.91429e+07
-1.88563e+07
-1.82286e+07
-1.79415e+07
-1.48731e+07
-1.39002e+07
-1.81299e+07
-1.33936e+07
-1.80307e+07
-1.79773e+07
-1.87263e+07
-1.92143e+07
-1.32294e+07
-1.25163e+07
-1.05476e+07
-1.16838e+07
-1.19584e+07
-1.11999e+07
-1.09118e+07
-1.16467e+07
-1.07067e+07
-1.19799e+07
-1.3425e+07
-1.28093e+07
-1.06196e+07
-1.10628e+07
-1.15832e+07
-1.29249e+07
-9.58596e+06
-1.03233e+07
-1.29556e+07
-1.15476e+07
-1.08596e+07
-1.10595e+07
-1.05074e+07
-9.70395e+06
-1.69406e+07
-1.80896e+07
-1.86191e+07
-1.9336e+07
-1.85098e+07
-1.89302e+07
-1.89385e+07
-1.89701e+07
-1.84936e+07
-1.81588e+07
-1.68981e+07
-2.09024e+07
-2.02844e+07
-2.16991e+07
-2.09348e+07
-2.18877e+07
-1.95091e+07
-2.2102e+07
-1.97568e+07
-2.14618e+07
-2.07686e+07
-2.14449e+07
-1.10167e+07
-1.07516e+07
-1.04763e+07
-1.02314e+07
-7.92267e+06
-7.42164e+06
-9.72727e+06
-1.01226e+07
-7.85304e+06
-8.54205e+06
-9.23794e+06
-8.98528e+06
-1.69732e+07
-1.68456e+07
-1.80474e+07
-1.8264e+07
-1.93407e+07
-1.78463e+07
-1.90001e+07
-1.76807e+07
-1.84372e+07
-1.58647e+07
-1.63277e+07
-1.54038e+07
-1.49584e+07
-1.48147e+07
-1.59557e+07
-1.57239e+07
-1.55746e+07
-1.53422e+07
-1.54564e+07
-1.61748e+07
-1.50289e+07
-1.55724e+07
-1.5168e+07
-2.21086e+07
-1.99712e+07
-1.84706e+07
-1.98394e+07
-2.11707e+07
-2.22948e+07
-2.28386e+07
-2.12019e+07
-2.29581e+07
-2.13179e+07
-2.09615e+07
-2.02338e+07
-1.88272e+07
-1.12991e+07
-1.26039e+07
-1.34023e+07
-1.39488e+07
-1.15555e+07
-1.22856e+07
-1.36279e+07
-1.30887e+07
-1.09979e+07
-1.22864e+07
-1.26519e+07
-1.1937e+07
-1.84314e+07
-1.70862e+07
-1.92441e+07
-2.05244e+07
-2.0968e+07
-1.97503e+07
-2.07247e+07
-1.95416e+07
-1.94263e+07
-1.6961e+07
-1.8249e+07
-1.56873e+07
-1.55694e+07
-1.45353e+07
-1.34327e+07
-1.53127e+07
-1.4535e+07
-1.38906e+07
-1.50112e+07
-1.60712e+07
-1.60407e+07
-1.41331e+07
-1.48181e+07
-2.36923e+07
-2.4528e+07
-2.1553e+07
-2.22559e+07
-2.27766e+07
-2.1903e+07
-2.31879e+07
-2.10198e+07
-2.30403e+07
-2.0772e+07
-2.29221e+07
-2.18855e+07
-2.12011e+07
-1.66207e+07
-1.69182e+07
-1.76881e+07
-1.80543e+07
-1.63624e+07
-1.72081e+07
-1.67293e+07
-1.59559e+07
-1.79908e+07
-1.84331e+07
-1.70001e+07
-1.73242e+07
-1.62723e+07
-1.56686e+07
-1.53927e+07
-1.55427e+07
-1.56224e+07
-1.5833e+07
-1.56194e+07
-1.52988e+07
-1.62296e+07
-1.52386e+07
-1.58145e+07
-1.55591e+07
-2.33683e+07
-2.27304e+07
-2.42075e+07
-2.36881e+07
-2.425e+07
-2.27564e+07
-2.43371e+07
-2.29675e+07
-2.41189e+07
-2.28817e+07
-2.34926e+07
-2.29167e+07
-2.44375e+07
-2.10456e+07
-1.97075e+07
-2.2118e+07
-2.30099e+07
-2.37272e+07
-2.24897e+07
-2.36518e+07
-2.22306e+07
-2.23478e+07
-1.92579e+07
-2.06046e+07
-1.89249e+07
-1.89397e+07
-1.75579e+07
-1.80082e+07
-1.86046e+07
-1.79189e+07
-1.75601e+07
-1.82375e+07
-1.80285e+07
-1.84693e+07
-1.93102e+07
-1.93251e+07
-1.49489e+07
-1.58887e+07
-1.68691e+07
-1.68799e+07
-1.49767e+07
-1.57884e+07
-1.64293e+07
-1.64571e+07
-1.44378e+07
-1.54595e+07
-1.62654e+07
-1.54146e+07
-2.20928e+07
-2.31458e+07
-2.42424e+07
-2.43049e+07
-2.45227e+07
-2.40806e+07
-2.45562e+07
-2.41833e+07
-2.40505e+07
-2.356e+07
-2.25343e+07
-2.42027e+07
-2.41937e+07
-2.52529e+07
-2.55846e+07
-2.48306e+07
-2.50606e+07
-2.48075e+07
-2.50872e+07
-2.52322e+07
-2.46715e+07
-2.50921e+07
-2.43939e+07
-2.44389e+07
-2.47022e+07
-2.49584e+07
-2.44596e+07
-2.44426e+07
-2.44973e+07
-1.84842e+07
-1.91329e+07
-1.81848e+07
-1.77255e+07
-1.76079e+07
-1.6779e+07
-1.72264e+07
-1.80088e+07
-1.73935e+07
-1.77728e+07
-1.82354e+07
-1.87784e+07
-2.31522e+07
-2.36408e+07
-2.46195e+07
-2.43119e+07
-2.47133e+07
-2.39397e+07
-2.46705e+07
-2.37633e+07
-2.46659e+07
-2.35741e+07
-2.30289e+07
-1.99464e+07
-2.00789e+07
-2.0345e+07
-1.97294e+07
-1.95505e+07
-2.01484e+07
-1.95184e+07
-1.92713e+07
-2.02102e+07
-2.09019e+07
-2.05484e+07
-2.03074e+07
-2.70808e+07
-2.49935e+07
-2.49999e+07
-2.51919e+07
-2.61741e+07
-2.56799e+07
-2.55367e+07
-2.60865e+07
-2.57302e+07
-2.60786e+07
-2.61776e+07
-2.55352e+07
-2.50228e+07
-2.50684e+07
-2.48834e+07
-2.54484e+07
-2.49494e+07
-2.49753e+07
-2.50357e+07
-2.50228e+07
-1.90424e+07
-1.92816e+07
-1.99408e+07
-2.00471e+07
-1.83068e+07
-1.89536e+07
-1.96473e+07
-1.96354e+07
-1.85673e+07
-1.88923e+07
-1.93002e+07
-1.86855e+07
-2.4299e+07
-2.34525e+07
-2.50725e+07
-2.47752e+07
-2.48853e+07
-2.51756e+07
-2.48597e+07
-2.4963e+07
-2.52509e+07
-2.30042e+07
-2.3921e+07
-2.12042e+07
-2.14282e+07
-2.14756e+07
-2.10804e+07
-2.09404e+07
-2.14838e+07
-2.16351e+07
-2.18394e+07
-2.14911e+07
-2.14859e+07
-2.14577e+07
-2.12893e+07
-2.11545e+07
-2.12468e+07
-2.1794e+07
-2.14551e+07
-2.19664e+07
-2.08584e+07
-2.07373e+07
-2.27429e+07
-2.1806e+07
-2.53576e+07
-2.5034e+07
-1.61107e+07
-1.7955e+07
-2.73453e+06
-4.34165e+06
-3.60334e+06
-2.79512e+06
341574
1.5987e+06
-899895
-2.78775e+06
-554813
-290381
-1.74028e+06
-875306
-6.15601e+06
-6.344e+06
-1.45023e+07
-1.4276e+07
-1.34698e+07
-1.49766e+07
-1.37952e+07
-1.41592e+07
-1.53592e+07
-9.12543e+06
-8.44915e+06
-4.6117e+06
-5.20726e+06
-4.73378e+06
-5.86361e+06
-4.11837e+06
-3.82171e+06
-4.64127e+06
-5.55986e+06
-3.68751e+06
-2.79944e+06
-2.34604e+06
-2.13213e+06
-6.63501e+06
-7.49809e+06
-6.88399e+06
-6.37827e+06
-4.12668e+06
-3.79212e+06
-2.01825e+06
-2.64666e+06
-802778
486839
-302174
-879139
-2.08744e+06
-2.33569e+06
-1.23788e+06
-2.42245e+06
-7.0434e+06
-6.62476e+06
-4.78089e+06
-6.12263e+06
-9.43619e+06
-1.03949e+07
-9.85623e+06
-8.07932e+06
-6.43976e+06
-7.95087e+06
-7.95032e+06
-8.80651e+06
-8.08974e+06
-6.47465e+06
-8.23236e+06
-8.73862e+06
-4.2285e+06
-3.17922e+06
-4.98263e+06
-5.34312e+06
-3.30517e+06
-4.0735e+06
-4.66597e+06
-5.33659e+06
-3.62259e+06
-3.24431e+06
-1.53874e+06
-2.41913e+06
-6.34158e+06
-7.09253e+06
-4.90651e+06
-5.97746e+06
3.10391e+06
3.94307e+06
2.57318e+06
2.0138e+06
3.882e+06
3.3721e+06
2.9811e+06
2.43153e+06
4.06824e+06
4.6954e+06
5.95396e+06
5.10117e+06
937958
335143
1.42309e+06
1.94854e+06
3.40336e+06
2.71759e+06
1.56095e+06
1.45592e+06
2.20189e+06
884447
-456173
-363555
1.51456e+06
908999
2.62521e+06
3.97e+06
56138.6
520234
1.22135e+06
2.01976e+06
-2.89149e+06
-3.5301e+06
-2.27276e+06
-1.66198e+06
95759.9
-458868
-1.62172e+06
-1.03834e+06
-629637
193464
-1.81493e+06
-1.41215e+06
-1.39898e+07
-1.34541e+07
-1.59705e+07
-1.59653e+07
-1.66546e+07
-1.68515e+07
-1.61657e+07
-1.6316e+07
-1.66709e+07
-1.1485e+07
-1.24058e+07
-1.17485e+07
-1.29062e+07
-1.31379e+07
-1.19082e+07
-1.17742e+07
-1.02157e+07
-1.1028e+07
-1.22484e+07
-1.09332e+07
-9.62186e+06
-8.63625e+06
-1.0272e+07
-1.29978e+07
-1.37729e+07
-1.36656e+07
-1.28324e+07
-1.03498e+07
-1.20676e+07
-1.15592e+07
-1.01568e+07
-7.35926e+06
-6.38542e+06
-6.05383e+06
-5.48849e+06
-8.19289e+06
-9.17796e+06
-8.48615e+06
-1.00844e+07
-8.22824e+06
-7.0637e+06
-8.03515e+06
-9.21982e+06
-1.86562e+07
-1.89517e+07
-1.58534e+07
-1.59995e+07
-1.61439e+07
-1.64128e+07
-1.47853e+07
-1.45458e+07
-1.51795e+07
-1.56771e+07
-1.64363e+07
-1.59231e+07
-1.56851e+07
-1.59609e+07
-1.5251e+07
-1.56936e+07
-1.46368e+07
-1.44571e+07
-1.78034e+07
-1.85417e+07
-1.80171e+07
-1.59854e+07
-1.44129e+07
-1.81812e+07
-1.79727e+07
-1.49072e+07
-1.82174e+07
-1.83187e+07
-1.74337e+07
-1.64369e+07
-1.64126e+07
-1.57655e+07
-1.63202e+07
-1.55978e+07
-1.58713e+07
-1.44815e+07
-1.45548e+07
-1.45888e+07
-1.44394e+07
-1.54056e+07
-1.57264e+07
-1.57401e+07
-1.66757e+07
-1.66869e+07
-1.65212e+07
-1.04271e+07
-1.15023e+07
-1.30398e+07
-1.2244e+07
-1.03077e+07
-1.11197e+07
-1.29301e+07
-1.20638e+07
-1.13503e+07
-1.03631e+07
-1.14046e+07
-1.05647e+07
-1.26935e+07
-1.21981e+07
-1.45878e+07
-1.35317e+07
-1.38575e+07
-1.39547e+07
-1.50529e+07
-1.58513e+07
-1.55885e+07
-1.48225e+07
-1.35967e+07
-1.37751e+07
-1.38039e+07
-1.47751e+07
-1.2411e+07
-1.28939e+07
-1.33132e+07
-1.43888e+07
-1.20596e+07
-1.25294e+07
-1.52353e+07
-1.43885e+07
-1.3293e+07
-1.35045e+07
-1.2408e+07
-1.19389e+07
-1.42456e+07
-1.31225e+07
-1.3404e+07
-1.36165e+07
-1.53879e+07
-1.45843e+07
-1.27563e+07
-1.40843e+07
-1.20583e+07
-1.2346e+07
-1.49055e+07
-1.39727e+07
-1.32977e+07
-1.36843e+07
-1.24232e+07
-1.21558e+07
-1.41186e+07
-1.27447e+07
-1.32291e+07
-1.35717e+07
-1.40032e+07
-1.49245e+07
-1.28986e+07
-1.17334e+07
-1.04324e+07
-1.10828e+07
-1.0873e+07
-1.00884e+07
-1.03388e+07
-1.11903e+07
-1.29134e+07
-1.18899e+07
-9.90641e+06
-1.06548e+07
-1.23133e+07
-1.19421e+07
-1.28567e+07
-1.41155e+07
-1.32206e+07
-1.34914e+07
-1.41988e+07
-1.50641e+07
-1.4977e+07
-1.40806e+07
-1.35123e+07
-1.31871e+07
-1.29583e+07
-1.41504e+07
-1.23479e+07
-1.19241e+07
-1.80878e+07
-1.70263e+07
-1.83002e+07
-1.82347e+07
-1.80157e+07
-1.88271e+07
-1.84188e+07
-1.75255e+07
-1.86748e+07
-1.71848e+07
-1.815e+07
-1.70628e+07
-1.75798e+07
-1.7756e+07
-1.61322e+07
-1.66096e+07
-1.66494e+07
-1.51319e+07
-1.50221e+07
-1.48553e+07
-1.48861e+07
-1.64055e+07
-1.62816e+07
-1.63063e+07
-1.81293e+07
-1.79024e+07
-1.7269e+07
-1.5969e+07
-1.74086e+07
-1.72539e+07
-1.68252e+07
-1.46365e+07
-1.45472e+07
-1.5795e+07
-1.60019e+07
-1.66319e+07
-1.69586e+07
-1.58384e+07
-1.70408e+07
-1.60085e+07
-1.6177e+07
-1.47177e+07
-1.4728e+07
-1.97397e+07
-2.02862e+07
-2.09251e+07
-2.02598e+07
-2.16441e+07
-1.93281e+07
-2.11786e+07
-2.14222e+07
-1.90814e+07
-1.95845e+07
-1.91302e+07
-1.78188e+07
-1.74924e+07
-1.76899e+07
-1.79309e+07
-1.62937e+07
-1.65595e+07
-1.71076e+07
-1.865e+07
-1.79981e+07
-1.64596e+07
-1.58202e+07
-1.59792e+07
-1.85413e+07
-1.82937e+07
-1.81555e+07
-1.84009e+07
-1.72646e+07
-1.70112e+07
-1.67983e+07
-1.72421e+07
-1.64479e+07
-1.50568e+07
-1.4919e+07
-1.45846e+07
-1.65713e+07
-1.60343e+07
-1.63055e+07
-1.65729e+07
-1.53402e+07
-1.52962e+07
-1.72523e+07
-1.58158e+07
-1.14797e+07
-1.04409e+07
-1.12493e+07
-1.1711e+07
-9.80041e+06
-1.1371e+07
-1.08332e+07
-1.17413e+07
-1.03487e+07
-9.78442e+06
-8.51423e+06
-9.94635e+06
-1.1986e+07
-1.27708e+07
-1.11971e+07
-1.25144e+07
-1.21135e+07
-1.20305e+07
-1.26403e+07
-1.21749e+07
-1.31672e+07
-1.33375e+07
-1.19454e+07
-1.16978e+07
-1.39637e+07
-1.32432e+07
-1.31899e+07
-1.34523e+07
-1.27496e+07
-1.24921e+07
-1.2655e+07
-1.18713e+07
-1.35829e+07
-1.43376e+07
-1.39464e+07
-1.29364e+07
-1.22178e+07
-1.33291e+07
-1.29016e+07
-1.36154e+07
-1.34987e+07
-1.29095e+07
-1.34679e+07
-1.35519e+07
-1.78765e+07
-1.76954e+07
-1.92438e+07
-1.90724e+07
-1.96821e+07
-1.79771e+07
-1.88716e+07
-2.00001e+07
-1.81626e+07
-1.84375e+07
-1.87941e+07
-1.42107e+07
-1.44856e+07
-1.44098e+07
-1.4308e+07
-1.31891e+07
-1.21367e+07
-1.28408e+07
-1.14585e+07
-1.36225e+07
-1.41353e+07
-1.41658e+07
-1.36799e+07
-1.35755e+07
-1.23831e+07
-1.29926e+07
-1.40164e+07
-1.50451e+07
-1.46082e+07
-1.4917e+07
-1.49441e+07
-1.44968e+07
-1.38253e+07
-1.56541e+07
-1.43709e+07
-1.58038e+07
-1.55865e+07
-1.58164e+07
-1.52323e+07
-1.48362e+07
-1.36897e+07
-1.30967e+07
-1.40928e+07
-1.52311e+07
-1.49646e+07
-1.4353e+07
-1.48617e+07
-1.59722e+07
-1.72078e+07
-1.56035e+07
-1.51371e+07
-1.4538e+07
-1.51897e+07
-1.65189e+07
-1.53718e+07
-1.51239e+07
-1.45576e+07
-1.53317e+07
-1.5839e+07
-1.55652e+07
-1.4488e+07
-1.50243e+07
-1.4597e+07
-1.42977e+07
-1.4256e+07
-1.49727e+07
-1.49584e+07
-1.44214e+07
-1.40329e+07
-1.48951e+07
-1.39751e+07
-1.45314e+07
-1.4075e+07
-1.46854e+07
-1.46297e+07
-1.34707e+07
-1.44097e+07
-1.50885e+07
-1.41704e+07
-1.47473e+07
-1.58346e+07
-1.47953e+07
-1.39618e+07
-1.41652e+07
-1.41585e+07
-1.41076e+07
-1.36072e+07
-2.15582e+07
-2.06039e+07
-1.94808e+07
-1.81057e+07
-2.05832e+07
-2.18422e+07
-2.26374e+07
-2.10168e+07
-2.07958e+07
-2.2496e+07
-2.07802e+07
-1.77906e+07
-1.91368e+07
-1.93151e+07
-2.01594e+07
-2.04779e+07
-1.85446e+07
-1.96044e+07
-1.90928e+07
-1.79204e+07
-1.74777e+07
-1.71376e+07
-1.75051e+07
-1.91569e+07
-1.86894e+07
-1.88916e+07
-2.08112e+07
-2.04874e+07
-1.96836e+07
-1.81579e+07
-2.01725e+07
-1.98154e+07
-1.89484e+07
-1.64412e+07
-1.67416e+07
-1.83459e+07
-1.8062e+07
-1.85946e+07
-1.94966e+07
-1.98476e+07
-1.77856e+07
-1.87744e+07
-1.83746e+07
-1.67689e+07
-1.70806e+07
-1.44531e+07
-1.52932e+07
-1.30143e+07
-1.3423e+07
-1.61123e+07
-1.53818e+07
-1.41066e+07
-1.4149e+07
-1.31341e+07
-1.26793e+07
-1.5038e+07
-1.41084e+07
-1.44181e+07
-1.44451e+07
-1.63589e+07
-1.57314e+07
-1.42665e+07
-1.38202e+07
-1.16183e+07
-1.29262e+07
-1.34189e+07
-1.27708e+07
-1.20171e+07
-1.33467e+07
-1.42471e+07
-1.45896e+07
-1.23816e+07
-1.2986e+07
-1.37538e+07
-1.33425e+07
-1.48268e+07
-1.56046e+07
-1.51486e+07
-1.5058e+07
-1.64447e+07
-1.69555e+07
-1.66351e+07
-1.60816e+07
-1.47658e+07
-1.47341e+07
-1.52172e+07
-1.58824e+07
-1.37139e+07
-1.41045e+07
-1.72627e+07
-1.86272e+07
-1.97353e+07
-2.10399e+07
-2.12565e+07
-1.98649e+07
-1.95547e+07
-2.1457e+07
-1.99694e+07
-1.88651e+07
-1.74868e+07
-1.68482e+07
-1.88302e+07
-1.85236e+07
-1.77579e+07
-1.5269e+07
-1.53921e+07
-1.69071e+07
-1.69107e+07
-1.74789e+07
-1.82073e+07
-1.8479e+07
-1.65834e+07
-1.72396e+07
-1.71613e+07
-1.56877e+07
-1.54996e+07
-1.80345e+07
-1.88571e+07
-1.91595e+07
-1.71094e+07
-1.79973e+07
-1.77288e+07
-1.61022e+07
-1.63529e+07
-1.74125e+07
-1.95023e+07
-1.83206e+07
-1.91768e+07
-1.57701e+07
-1.59986e+07
-1.74651e+07
-1.76162e+07
-1.52667e+07
-1.49732e+07
-1.69146e+07
-1.64946e+07
-1.67633e+07
-1.65381e+07
-1.81159e+07
-1.82703e+07
-1.79049e+07
-1.77119e+07
-1.61605e+07
-1.63159e+07
-1.69388e+07
-1.72394e+07
-1.54237e+07
-1.56836e+07
-1.2959e+07
-1.41536e+07
-1.52713e+07
-1.50761e+07
-1.31959e+07
-1.38785e+07
-1.48955e+07
-1.46509e+07
-1.25025e+07
-1.37552e+07
-1.43684e+07
-1.36354e+07
-1.60568e+07
-1.65454e+07
-1.48684e+07
-1.45583e+07
-1.72711e+07
-1.6871e+07
-1.53737e+07
-1.54922e+07
-1.59014e+07
-1.57457e+07
-1.72946e+07
-1.75762e+07
-1.44579e+07
-1.41125e+07
-1.56452e+07
-1.62242e+07
-2.39482e+07
-2.43394e+07
-1.94749e+07
-1.94044e+07
-1.93595e+07
-1.93526e+07
-1.91728e+07
-1.76524e+07
-1.68819e+07
-1.71657e+07
-1.89278e+07
-1.87845e+07
-1.88691e+07
-1.90196e+07
-1.74102e+07
-1.76497e+07
-1.97425e+07
-1.81841e+07
-2.25824e+07
-2.18648e+07
-2.32618e+07
-2.24472e+07
-2.33501e+07
-2.11898e+07
-2.31184e+07
-2.35006e+07
-2.14292e+07
-2.21328e+07
-2.28577e+07
-1.97389e+07
-1.98768e+07
-1.99302e+07
-1.99254e+07
-1.83227e+07
-1.85535e+07
-1.90358e+07
-2.06689e+07
-2.02401e+07
-1.86208e+07
-1.78833e+07
-1.81581e+07
-2.03085e+07
-2.03895e+07
-2.03602e+07
-2.01312e+07
-1.73732e+07
-1.76215e+07
-1.62311e+07
-1.65013e+07
-1.5822e+07
-1.55634e+07
-1.58095e+07
-1.60923e+07
-1.71474e+07
-1.70435e+07
-1.56491e+07
-1.62975e+07
-1.92577e+07
-1.82875e+07
-1.74919e+07
-1.78826e+07
-1.93453e+07
-2.073e+07
-1.9185e+07
-1.88468e+07
-1.84923e+07
-1.8765e+07
-1.90879e+07
-2.04445e+07
-1.83068e+07
-1.78658e+07
-1.85937e+07
-1.96017e+07
-1.74467e+07
-1.70931e+07
-1.79606e+07
-1.88831e+07
-1.77085e+07
-1.78952e+07
-1.8386e+07
-1.97608e+07
-1.84962e+07
-1.75891e+07
-1.66691e+07
-1.70111e+07
-1.87448e+07
-2.01286e+07
-1.8133e+07
-1.83559e+07
-1.5738e+07
-1.52249e+07
-1.62794e+07
-1.7025e+07
-1.57369e+07
-1.60644e+07
-1.65658e+07
-1.78017e+07
-1.64553e+07
-1.57847e+07
-1.47981e+07
-1.54058e+07
-1.70921e+07
-1.83885e+07
-1.65201e+07
-1.62992e+07
-1.54071e+07
-1.55042e+07
-1.64085e+07
-1.61863e+07
-1.56423e+07
-1.54232e+07
-1.67186e+07
-1.66933e+07
-1.54242e+07
-1.57344e+07
-1.54393e+07
-1.57489e+07
-1.75486e+07
-1.6747e+07
-1.61409e+07
-1.57246e+07
-1.79854e+07
-1.93637e+07
-1.74707e+07
-1.72946e+07
-1.682e+07
-1.70186e+07
-1.88748e+07
-1.75633e+07
-1.659e+07
-1.62094e+07
-1.80316e+07
-1.71809e+07
-2.25644e+07
-2.32263e+07
-2.39248e+07
-2.32385e+07
-2.41544e+07
-2.25994e+07
-2.40056e+07
-2.40818e+07
-2.23777e+07
-2.30641e+07
-2.23734e+07
-2.0988e+07
-2.16091e+07
-2.16432e+07
-2.11515e+07
-2.001e+07
-1.99547e+07
-2.03048e+07
-2.19339e+07
-2.16812e+07
-2.00078e+07
-1.96565e+07
-1.96657e+07
-2.14111e+07
-2.19787e+07
-2.19742e+07
-2.12688e+07
-2.08713e+07
-2.12441e+07
-2.12342e+07
-2.07695e+07
-2.10018e+07
-1.93949e+07
-1.88137e+07
-1.89957e+07
-2.04871e+07
-2.08182e+07
-2.05939e+07
-2.0832e+07
-1.92783e+07
-1.93519e+07
-1.96973e+07
-2.13467e+07
-2.33696e+07
-2.40437e+07
-1.97541e+07
-2.14502e+07
-2.10961e+07
-2.04435e+07
-1.79412e+07
-1.83269e+07
-1.99507e+07
-1.94418e+07
-2.00189e+07
-2.07849e+07
-2.11348e+07
-1.9352e+07
-2.03432e+07
-1.98116e+07
-1.83106e+07
-1.87193e+07
-2.01625e+07
-2.14581e+07
-2.27316e+07
-2.33937e+07
-2.38731e+07
-2.2644e+07
-2.25168e+07
-2.39279e+07
-2.27789e+07
-2.18944e+07
-2.06167e+07
-2.08264e+07
-2.14191e+07
-2.01527e+07
-2.17382e+07
-2.11145e+07
-2.0565e+07
-1.96239e+07
-1.9119e+07
-1.87366e+07
-1.91759e+07
-2.07198e+07
-2.01518e+07
-2.05495e+07
-2.20423e+07
-2.17278e+07
-2.1206e+07
-1.70432e+07
-1.76218e+07
-1.84884e+07
-1.85293e+07
-1.66964e+07
-1.74919e+07
-1.80755e+07
-1.81719e+07
-1.72173e+07
-1.65103e+07
-1.79119e+07
-1.70992e+07
-1.87295e+07
-1.87445e+07
-1.99197e+07
-1.9804e+07
-2.03174e+07
-1.99781e+07
-2.11939e+07
-2.1185e+07
-2.08134e+07
-2.08996e+07
-1.98585e+07
-1.95528e+07
-2.0163e+07
-2.02538e+07
-1.92041e+07
-1.91477e+07
-1.94399e+07
-1.95269e+07
-1.82949e+07
-1.82966e+07
-2.01145e+07
-2.01783e+07
-1.89985e+07
-1.86322e+07
-1.78468e+07
-1.77933e+07
-1.91393e+07
-1.90531e+07
-1.94176e+07
-1.90953e+07
-2.04611e+07
-2.05435e+07
-1.78146e+07
-1.79911e+07
-1.63847e+07
-1.65245e+07
-1.86377e+07
-1.85467e+07
-1.71742e+07
-1.69421e+07
-1.60889e+07
-1.58863e+07
-1.7632e+07
-1.73846e+07
-1.76208e+07
-1.73706e+07
-1.89836e+07
-1.89824e+07
-1.72997e+07
-1.73426e+07
-1.54265e+07
-1.62898e+07
-1.70776e+07
-1.62938e+07
-1.59416e+07
-1.67504e+07
-1.77147e+07
-1.77747e+07
-1.58905e+07
-1.66517e+07
-1.6956e+07
-1.68429e+07
-1.82476e+07
-1.83956e+07
-1.85551e+07
-1.82186e+07
-1.97591e+07
-1.9708e+07
-1.93496e+07
-1.93664e+07
-1.77979e+07
-1.80846e+07
-1.86355e+07
-1.87565e+07
-1.74148e+07
-1.73384e+07
-2.27283e+07
-2.16064e+07
-2.36718e+07
-2.39898e+07
-2.44236e+07
-2.39022e+07
-2.38855e+07
-2.43783e+07
-2.36705e+07
-2.11092e+07
-2.2296e+07
-2.23559e+07
-2.25964e+07
-2.28587e+07
-2.18413e+07
-2.24324e+07
-2.19852e+07
-2.12986e+07
-2.08227e+07
-2.04171e+07
-2.08831e+07
-2.16321e+07
-2.20926e+07
-2.22028e+07
-2.31295e+07
-2.28706e+07
-2.26994e+07
-2.14405e+07
-2.2613e+07
-2.22977e+07
-2.19503e+07
-1.95872e+07
-2.00276e+07
-2.1453e+07
-2.09092e+07
-2.15569e+07
-2.2011e+07
-2.10142e+07
-2.23324e+07
-2.17612e+07
-2.12629e+07
-2.0489e+07
-2.00114e+07
-2.3786e+07
-2.4016e+07
-2.51345e+07
-2.51475e+07
-2.48446e+07
-2.49362e+07
-2.51752e+07
-2.48942e+07
-2.48211e+07
-2.38834e+07
-2.36008e+07
-2.32901e+07
-2.39269e+07
-2.38221e+07
-2.28585e+07
-2.37302e+07
-2.40494e+07
-2.41328e+07
-2.43865e+07
-2.39827e+07
-2.37082e+07
-2.3992e+07
-2.27029e+07
-2.28908e+07
-2.25455e+07
-2.32506e+07
-2.28706e+07
-2.19929e+07
-2.25359e+07
-2.23793e+07
-2.34319e+07
-2.41855e+07
-2.39145e+07
-2.37037e+07
-2.25758e+07
-2.38019e+07
-2.37168e+07
-2.26343e+07
-2.28645e+07
-2.14252e+07
-2.18902e+07
-2.13731e+07
-2.2386e+07
-2.34692e+07
-2.35194e+07
-2.23806e+07
-2.22357e+07
-2.16543e+07
-2.30819e+07
-2.17361e+07
-1.90732e+07
-1.85779e+07
-1.91342e+07
-2.02128e+07
-1.91656e+07
-1.95725e+07
-1.96495e+07
-2.1018e+07
-1.99351e+07
-1.88738e+07
-1.82264e+07
-1.86863e+07
-1.98924e+07
-2.12547e+07
-1.95162e+07
-1.9938e+07
-1.80762e+07
-1.85786e+07
-1.87396e+07
-1.94537e+07
-1.80639e+07
-1.87421e+07
-1.83833e+07
-1.76823e+07
-1.89911e+07
-1.97456e+07
-1.89355e+07
-1.84232e+07
-2.04719e+07
-1.93849e+07
-1.94435e+07
-1.89236e+07
-2.03703e+07
-2.16692e+07
-2.06674e+07
-2.01238e+07
-1.98165e+07
-2.03153e+07
-2.01517e+07
-2.14891e+07
-1.98277e+07
-1.92515e+07
-1.96458e+07
-2.0724e+07
-2.37196e+07
-2.3287e+07
-2.48173e+07
-2.46481e+07
-2.47709e+07
-2.40598e+07
-2.47546e+07
-2.48298e+07
-2.42205e+07
-2.34342e+07
-2.38006e+07
-2.17705e+07
-2.26276e+07
-2.26513e+07
-2.1707e+07
-2.21245e+07
-2.05419e+07
-2.04397e+07
-2.02651e+07
-2.15152e+07
-2.23272e+07
-2.23167e+07
-2.1585e+07
-2.08351e+07
-2.05217e+07
-2.07736e+07
-2.2367e+07
-2.18926e+07
-2.29394e+07
-2.29432e+07
-2.2012e+07
-2.14993e+07
-2.10769e+07
-2.27293e+07
-2.12524e+07
-2.22167e+07
-2.32342e+07
-2.21128e+07
-2.32149e+07
-2.25876e+07
-2.10238e+07
-2.07766e+07
-2.11591e+07
-2.11613e+07
-2.04728e+07
-2.07385e+07
-2.08816e+07
-2.17607e+07
-2.24522e+07
-2.18829e+07
-2.21088e+07
-2.15448e+07
-2.16987e+07
-2.19925e+07
-2.12405e+07
-2.10895e+07
-2.13402e+07
-2.09748e+07
-2.17036e+07
-1.94667e+07
-2.03607e+07
-1.90877e+07
-1.97193e+07
-1.90896e+07
-1.84898e+07
-1.8903e+07
-1.94771e+07
-1.8781e+07
-1.93387e+07
-1.92103e+07
-2.00385e+07
-2.05234e+07
-1.99175e+07
-2.12405e+07
-2.01941e+07
-2.04333e+07
-2.10328e+07
-2.19156e+07
-2.06602e+07
-2.09528e+07
-2.21484e+07
-2.13436e+07
-2.07691e+07
-2.10039e+07
-1.99072e+07
-2.01592e+07
-1.95865e+07
-2.59494e+07
-2.53149e+07
-2.52687e+07
-2.48285e+07
-2.60608e+07
-2.53834e+07
-2.53504e+07
-2.60212e+07
-2.61281e+07
-2.52781e+07
-2.58876e+07
-2.45858e+07
-2.51022e+07
-2.41119e+07
-2.4357e+07
-2.46651e+07
-2.43161e+07
-2.40878e+07
-2.40247e+07
-2.46619e+07
-2.43658e+07
-2.472e+07
-2.44086e+07
-2.40249e+07
-2.41984e+07
-2.34796e+07
-2.34458e+07
-2.38731e+07
-2.37585e+07
-2.34756e+07
-2.38103e+07
-2.33874e+07
-2.4157e+07
-2.45176e+07
-2.4753e+07
-2.41544e+07
-2.41615e+07
-2.428e+07
-2.41836e+07
-2.43458e+07
-2.2749e+07
-2.30744e+07
-2.34991e+07
-2.34148e+07
-2.41368e+07
-2.40045e+07
-2.41427e+07
-2.39275e+07
-2.36766e+07
-2.36045e+07
-2.30304e+07
-2.32614e+07
-2.0831e+07
-2.09321e+07
-2.01105e+07
-1.99697e+07
-2.15231e+07
-2.15291e+07
-2.07005e+07
-2.03678e+07
-1.95566e+07
-1.96563e+07
-2.06171e+07
-2.05084e+07
-2.10999e+07
-2.08075e+07
-2.18117e+07
-2.18388e+07
-2.03975e+07
-2.029e+07
-1.94611e+07
-1.964e+07
-1.98723e+07
-1.94291e+07
-1.98911e+07
-2.00617e+07
-2.06163e+07
-2.07064e+07
-1.90997e+07
-1.95582e+07
-2.03788e+07
-2.05028e+07
-2.11407e+07
-2.12634e+07
-2.18595e+07
-2.15876e+07
-2.23173e+07
-2.23892e+07
-2.20979e+07
-2.20901e+07
-2.14841e+07
-2.11991e+07
-2.14086e+07
-2.15262e+07
-2.088e+07
-2.07668e+07
-2.38637e+07
-2.4611e+07
-2.55252e+07
-2.50107e+07
-2.49586e+07
-2.52846e+07
-2.53799e+07
-2.49762e+07
-2.53644e+07
-2.48828e+07
-2.42356e+07
-2.3004e+07
-2.36001e+07
-2.33531e+07
-2.33788e+07
-2.12658e+07
-2.16879e+07
-2.26814e+07
-2.23219e+07
-2.30215e+07
-2.31131e+07
-2.33676e+07
-2.2633e+07
-2.29179e+07
-2.26251e+07
-2.20673e+07
-2.16423e+07
-2.36943e+07
-2.3596e+07
-2.37928e+07
-2.33127e+07
-2.33697e+07
-2.31713e+07
-2.24031e+07
-2.27468e+07
-2.36134e+07
-2.39837e+07
-2.39607e+07
-2.38086e+07
-2.20099e+07
-2.24099e+07
-2.29453e+07
-2.31651e+07
-2.22027e+07
-2.18244e+07
-2.19186e+07
-2.21606e+07
-2.22214e+07
-2.2499e+07
-2.21452e+07
-2.20875e+07
-2.16741e+07
-2.23143e+07
-2.24519e+07
-2.26723e+07
-2.31783e+07
-2.34139e+07
-2.27728e+07
-2.26431e+07
-2.29784e+07
-2.29723e+07
-2.26373e+07
-2.26684e+07
-2.21038e+07
-2.19453e+07
-2.24615e+07
-2.07143e+07
-2.07577e+07
-2.12955e+07
-2.11222e+07
-1.97639e+07
-2.01781e+07
-2.09745e+07
-2.08732e+07
-2.03453e+07
-2.04308e+07
-2.04751e+07
-2.00923e+07
-2.19143e+07
-2.20665e+07
-2.14771e+07
-2.1557e+07
-2.26381e+07
-2.25599e+07
-2.19028e+07
-2.21275e+07
-2.23981e+07
-2.22361e+07
-2.27818e+07
-2.28387e+07
-2.11118e+07
-2.1226e+07
-2.16907e+07
-2.18163e+07
-2.04694e+07
-2.08101e+07
-2.0984e+07
-2.06444e+07
-2.09482e+07
-2.11822e+07
-2.15767e+07
-2.13654e+07
-2.10487e+07
-2.09998e+07
-2.11088e+07
-2.18104e+07
-2.22334e+07
-2.17283e+07
-2.17478e+07
-2.16489e+07
-2.22709e+07
-2.21152e+07
-5.90292e+06
-1.24009e+07
-1.28753e+07
-1.08654e+07
-7.34256e+06
-1.17766e+07
-1.29359e+07
-1.38789e+07
-1.33808e+07
-1.09713e+07
-9.11213e+06
-1.58869e+07
-1.747e+07
-1.76154e+07
-1.5283e+07
-1.72752e+07
-1.59125e+07
-1.45561e+07
-1.57348e+07
-1.45328e+07
-1.69391e+07
-1.831e+07
-1.71716e+07
-1.5671e+07
-1.51985e+07
-1.7843e+07
-1.01716e+07
-1.14155e+07
-1.78574e+07
-1.29233e+07
-1.07355e+07
-1.76243e+07
-1.22556e+07
-1.21326e+07
-1.36313e+07
-1.32916e+07
-1.17607e+07
-1.75553e+07
-1.74871e+07
-1.82337e+07
-1.60139e+07
-1.99188e+07
-1.79168e+07
-1.76218e+07
-1.9821e+07
-1.74799e+07
-1.87146e+07
-1.70933e+07
-1.55066e+07
-1.74823e+07
-1.73159e+07
-1.89315e+07
-2.16288e+07
-2.01838e+07
-1.94876e+07
-1.66768e+07
-1.99137e+07
-2.1779e+07
-1.59005e+07
-2.13229e+07
-1.52765e+07
-1.94834e+07
-2.06352e+07
-1.97787e+07
-2.1147e+07
-1.60476e+07
-1.68086e+07
-1.75387e+07
-1.45805e+07
-1.93239e+07
-1.63429e+07
-1.77024e+07
-1.53145e+07
-1.74022e+07
-1.53399e+07
-1.79084e+07
-1.84485e+07
-1.77413e+07
-1.78126e+07
-1.45473e+07
-1.98288e+07
-2.19464e+07
-2.09497e+07
-2.40725e+07
-2.18533e+07
-2.00808e+07
-2.44141e+07
-1.9693e+07
-2.41283e+07
-2.14792e+07
-2.03651e+07
-2.16207e+07
-1.93887e+07
-2.38717e+07
-1.78449e+07
-1.86238e+07
-2.0773e+07
-1.7069e+07
-1.7633e+07
-1.89196e+07
-2.08121e+07
-1.78461e+07
-2.15602e+07
-1.94795e+07
-1.7565e+07
-1.9262e+07
-1.80315e+07
-2.16075e+07
-2.21686e+07
-2.03225e+07
-1.65889e+07
-2.11616e+07
-2.20548e+07
-2.0603e+07
-1.73334e+07
-2.24134e+07
-1.80155e+07
-2.02703e+07
-2.09766e+07
-2.07248e+07
-1.72793e+07
-2.25085e+07
-2.36366e+07
-2.28997e+07
-2.21e+07
-2.19333e+07
-2.27194e+07
-2.36488e+07
-2.13323e+07
-2.35331e+07
-2.07119e+07
-2.24279e+07
-2.27277e+07
-2.26381e+07
-2.35234e+07
-2.13189e+07
-2.0553e+07
-2.21763e+07
-2.46018e+07
-2.1152e+07
-2.0219e+07
-2.22966e+07
-2.42621e+07
-2.067e+07
-2.43731e+07
-2.18419e+07
-2.25864e+07
-2.25091e+07
-2.47449e+07
-2.095e+07
-2.3384e+07
-2.41171e+07
-2.38147e+07
-2.44543e+07
-2.40722e+07
-2.3614e+07
-2.48e+07
-2.32098e+07
-2.48233e+07
-2.38345e+07
-2.32662e+07
-2.39152e+07
-2.29109e+07
-2.4514e+07
-2.45147e+07
-2.46425e+07
-2.43545e+07
-2.39069e+07
-2.4375e+07
-2.44532e+07
-2.46461e+07
-2.37454e+07
-2.2983e+07
-2.19581e+07
-2.3089e+07
-2.37454e+07
-2.31693e+07
-2.25036e+07
-2.38367e+07
-2.30513e+07
-2.34017e+07
-2.2607e+07
-2.32434e+07
-2.38488e+07
-2.25451e+07
-2.55574e+07
-2.46215e+07
-2.54293e+07
-2.55119e+07
-2.56578e+07
-2.54962e+07
-2.4758e+07
-2.40651e+07
-2.42723e+07
-2.4735e+07
-2.38177e+07
-2.37768e+07
-2.43457e+07
-2.44335e+07
-2.41896e+07
-2.43892e+07
-2.45214e+07
-2.43668e+07
-2.44817e+07
-2.44042e+07
-2.46791e+07
-1.44609e+07
-1.56061e+07
-1.45606e+07
-1.47349e+07
-1.36986e+07
-1.472e+07
-1.52003e+07
-1.39036e+07
-1.21336e+07
-1.43387e+07
-1.46545e+07
-1.18713e+07
-1.36026e+07
-1.48034e+07
-1.51601e+07
-1.59193e+07
-1.42337e+07
-1.66837e+07
-1.50054e+07
-1.48852e+07
-1.62567e+07
-1.538e+07
-1.5079e+07
-1.67703e+07
-1.63449e+07
-1.54784e+07
-1.44213e+07
-1.64896e+07
-1.72306e+07
-1.50409e+07
-1.33292e+07
-1.5201e+07
-1.47128e+07
-1.48226e+07
-1.72429e+07
-1.7369e+07
-1.33154e+07
-1.39885e+07
-1.25704e+07
-1.73684e+07
-1.43387e+07
-1.37694e+07
-1.72779e+07
-1.54415e+07
-1.38485e+07
-1.62239e+07
-1.5829e+07
-1.716e+07
-1.65581e+07
-1.72251e+07
-1.78059e+07
-1.66491e+07
-1.45527e+07
-1.73407e+07
-1.62693e+07
-1.75231e+07
-2.0178e+07
-1.86275e+07
-1.45004e+07
-2.0226e+07
-1.53622e+07
-1.99242e+07
-1.89144e+07
-2.05808e+07
-1.55552e+07
-1.93354e+07
-1.89081e+07
-2.07974e+07
-1.472e+07
-1.90592e+07
-1.91882e+07
-1.8499e+07
-1.53395e+07
-1.88149e+07
-1.94928e+07
-1.44861e+07
-1.82585e+07
-1.87085e+07
-1.45347e+07
-1.7969e+07
-1.98994e+07
-1.8354e+07
-1.53386e+07
-1.81721e+07
-1.89523e+07
-2.06977e+07
-1.94373e+07
-2.33882e+07
-2.08656e+07
-2.32203e+07
-1.86643e+07
-1.90401e+07
-2.3582e+07
-2.12391e+07
-1.99979e+07
-1.92882e+07
-2.11201e+07
-2.38095e+07
-1.83878e+07
-2.04359e+07
-1.88635e+07
-2.27693e+07
-2.02849e+07
-1.85936e+07
-2.2909e+07
-1.83155e+07
-2.23145e+07
-1.979e+07
-1.83965e+07
-1.80766e+07
-2.00012e+07
-2.22172e+07
-2.29718e+07
-2.16912e+07
-1.93699e+07
-2.09442e+07
-1.8656e+07
-2.30256e+07
-2.14631e+07
-2.27953e+07
-1.79759e+07
-2.11014e+07
-2.17503e+07
-2.27268e+07
-1.87e+07
-2.1361e+07
-2.32207e+07
-2.17981e+07
-1.9354e+07
-2.22575e+07
-2.31903e+07
-2.00312e+07
-2.20345e+07
-2.33723e+07
-2.06799e+07
-2.23373e+07
-2.15639e+07
-2.33967e+07
-2.00483e+07
-2.21332e+07
-2.15868e+07
-2.31565e+07
-2.25686e+07
-2.44999e+07
-2.30931e+07
-2.48895e+07
-2.18509e+07
-2.14265e+07
-2.4833e+07
-2.27976e+07
-2.19278e+07
-2.11042e+07
-2.28984e+07
-2.4467e+07
-2.23445e+07
-2.33497e+07
-2.26052e+07
-2.48947e+07
-2.3438e+07
-2.20163e+07
-2.45344e+07
-2.24901e+07
-2.45383e+07
-2.36681e+07
-2.3259e+07
-2.27583e+07
-2.36145e+07
-2.48703e+07
-2.41571e+07
-2.39267e+07
-2.40402e+07
-2.36971e+07
-2.43615e+07
-2.41237e+07
-2.40753e+07
-2.42756e+07
-2.46669e+07
-2.42948e+07
-2.35134e+07
-2.43347e+07
-2.43971e+07
-2.418e+07
-2.40176e+07
-2.38506e+07
-2.39819e+07
-2.30485e+07
-2.40427e+07
-2.35971e+07
-2.37185e+07
-2.39437e+07
-2.30937e+07
-2.34817e+07
-2.3424e+07
-2.39344e+07
-2.35515e+07
-2.36456e+07
-2.5334e+07
-2.49908e+07
-2.48439e+07
-2.45245e+07
-2.50683e+07
-2.44005e+07
-2.5159e+07
-2.53936e+07
-2.44685e+07
-2.52568e+07
-2.51369e+07
-2.54646e+07
-2.51842e+07
-2.45613e+07
-2.49139e+07
-2.48783e+07
-2.47624e+07
-2.43817e+07
-2.48387e+07
-2.50608e+07
-2.45639e+07
-2.47764e+07
-2.46165e+07
-2.46539e+07
-2.43783e+07
-2.45473e+07
-2.47192e+07
-2.43777e+07
)
;

boundaryField
{
    left
    {
        type            calculated;
        value           nonuniform List<scalar> 0();
    }
    bottom
    {
        type            calculated;
        value           nonuniform List<scalar> 0();
    }
    interface
    {
        type            calculated;
        value           nonuniform List<scalar> 
2120
(
-2.22114e+07
-1.87559e+07
-2.69071e+07
-2.47105e+07
-1.85047e+07
-2.04066e+07
-2.26789e+07
-2.05374e+07
-2.24024e+07
-2.46009e+07
-2.28074e+07
-2.45813e+07
-2.46547e+07
-2.6152e+07
-2.46651e+07
-2.52969e+07
-2.07356e+07
-2.05053e+07
-2.53771e+07
-2.53081e+07
-1.66393e+07
-1.6885e+07
-1.83818e+07
-1.87192e+07
-2.1649e+07
-2.15097e+07
-2.35661e+07
-2.37161e+07
-2.37199e+07
-2.38267e+07
-2.33973e+07
-2.30467e+07
-2.54072e+07
-2.53127e+07
-2.34374e+07
-2.30949e+07
-2.16149e+07
-1.95181e+07
-2.58324e+07
-2.49957e+07
-1.52111e+07
-1.7779e+07
-1.68241e+07
-1.98505e+07
-2.22389e+07
-2.09489e+07
-2.29283e+07
-2.42511e+07
-2.32175e+07
-2.42691e+07
-2.48139e+07
-2.16562e+07
-2.62875e+07
-2.49502e+07
-2.48158e+07
-2.17314e+07
-2.14014e+07
-1.97776e+07
-2.55693e+07
-2.50926e+07
-1.56519e+07
-1.75492e+07
-1.72177e+07
-1.96106e+07
-2.20942e+07
-2.10758e+07
-2.31025e+07
-2.41214e+07
-2.33399e+07
-2.41663e+07
-2.44556e+07
-2.20016e+07
-2.5885e+07
-2.50292e+07
-2.44667e+07
-2.20704e+07
-2.20237e+07
-1.90043e+07
-2.78419e+07
-2.48042e+07
-1.41176e+07
-1.82585e+07
-7.30826e+06
-1.00385e+07
-1.59071e+07
-1.60302e+07
-1.60176e+07
-2.02377e+07
-1.67743e+07
-1.96754e+07
-1.99301e+07
-1.98776e+07
-1.99515e+07
-2.17352e+07
-2.15127e+07
-2.02268e+07
-1.61977e+07
-1.61123e+07
-2.25314e+07
-2.06716e+07
-2.24308e+07
-2.25791e+07
-2.02561e+07
-2.03158e+07
-2.00685e+07
-2.05008e+07
-2.25766e+07
-2.44932e+07
-2.07502e+07
-2.19454e+07
-2.04896e+07
-2.21544e+07
-2.3462e+07
-2.36259e+07
-2.29456e+07
-2.44748e+07
-2.28492e+07
-2.27164e+07
-2.43559e+07
-2.47864e+07
-2.46868e+07
-2.44573e+07
-2.54252e+07
-2.55163e+07
-2.55419e+07
-2.54887e+07
-2.55035e+07
-2.39387e+07
-2.45874e+07
-2.47057e+07
-2.37826e+07
-2.84505e+07
-2.47623e+07
-2.54971e+07
-2.5528e+07
-2.52853e+07
-2.5493e+07
-2.54246e+07
-2.46338e+07
-2.48793e+07
-2.45483e+07
-2.49647e+07
-2.10562e+07
-2.11065e+07
-2.09578e+07
-2.02693e+07
-2.54196e+07
-2.52472e+07
-1.63561e+07
-1.7105e+07
-1.46356e+07
-1.51644e+07
-1.46905e+07
-1.48925e+07
-1.52602e+07
-1.50945e+07
-1.80031e+07
-1.904e+07
-1.79651e+07
-1.84259e+07
-1.81774e+07
-1.81949e+07
-1.86302e+07
-1.84139e+07
-1.84526e+07
-2.03298e+07
-1.81259e+07
-1.74588e+07
-1.7799e+07
-2.17956e+07
-2.13588e+07
-2.16622e+07
-2.17693e+07
-2.1931e+07
-2.15027e+07
-2.11634e+07
-2.14229e+07
-2.13376e+07
-2.34209e+07
-2.38483e+07
-2.19281e+07
-2.31099e+07
-2.21424e+07
-2.25502e+07
-2.34496e+07
-2.3614e+07
-2.23469e+07
-2.35927e+07
-2.39424e+07
-2.34896e+07
-2.39286e+07
-2.38055e+07
-2.36132e+07
-2.38348e+07
-2.4152e+07
-2.37262e+07
-2.49718e+07
-2.48605e+07
-2.37494e+07
-2.33298e+07
-2.36932e+07
-2.46279e+07
-2.47481e+07
-2.2697e+07
-2.29685e+07
-2.26092e+07
-2.55259e+07
-2.52075e+07
-2.5245e+07
-2.56321e+07
-2.5185e+07
-2.37789e+07
-2.34549e+07
-2.3792e+07
-2.50389e+07
-2.51159e+07
-2.27524e+07
-2.31154e+07
-2.27766e+07
-2.18197e+07
-1.92687e+07
-2.62726e+07
-2.49125e+07
-1.47053e+07
-1.80111e+07
-7.9113e+06
-8.89993e+06
-1.89551e+06
-1.8697e+06
-1.23114e+06
-2.52788e+06
5.92982e+06
7.40848e+06
6.71968e+06
6.61698e+06
-1.38304e+07
-1.58145e+07
-1.68794e+07
-1.71569e+07
-1.57025e+07
-1.64194e+07
-2.00523e+07
-1.67196e+07
-1.7021e+07
-1.74021e+07
-1.71247e+07
-1.72651e+07
-1.60368e+07
-1.4222e+07
-1.39383e+07
-1.37455e+07
-1.44122e+07
-1.20331e+07
-1.13298e+07
-1.18298e+07
-1.15351e+07
-1.86276e+07
-1.94734e+07
-1.92703e+07
-1.96686e+07
-2.12886e+07
-1.9374e+07
-1.8817e+07
-7.57461e+06
-5.44009e+06
-7.65794e+06
-6.48454e+06
-1.6318e+07
-1.87792e+07
-1.85039e+07
-1.65193e+07
-1.47121e+07
-1.48665e+07
-1.43254e+07
-1.4315e+07
-2.23874e+07
-2.08031e+07
-2.14213e+07
-2.22847e+07
-2.25721e+07
-2.21375e+07
-1.51591e+07
-1.45085e+07
-1.49753e+07
-1.46945e+07
-2.04458e+07
-2.06339e+07
-1.93995e+07
-1.70554e+07
-1.67823e+07
-1.72155e+07
-1.66208e+07
-2.27627e+07
-2.43709e+07
-2.09971e+07
-2.2354e+07
-2.12408e+07
-1.90983e+07
-1.60561e+07
-1.58429e+07
-1.55578e+07
-1.63315e+07
-1.44976e+07
-1.47125e+07
-1.50053e+07
-1.50489e+07
-2.19979e+07
-2.3291e+07
-2.3111e+07
-2.2572e+07
-2.3077e+07
-2.43755e+07
-2.2397e+07
-2.29849e+07
-2.32898e+07
-2.31203e+07
-1.93557e+07
-1.90962e+07
-1.89689e+07
-1.94802e+07
-1.78345e+07
-1.72595e+07
-1.76823e+07
-1.74137e+07
-2.42582e+07
-2.41606e+07
-2.37459e+07
-2.53417e+07
-2.52648e+07
-2.53566e+07
-2.52583e+07
-2.50407e+07
-2.5173e+07
-2.47899e+07
-2.50537e+07
-2.51371e+07
-2.45693e+07
-2.4406e+07
-1.73863e+07
-1.66553e+07
-1.69153e+07
-1.71338e+07
-2.40838e+07
-2.49134e+07
-2.48094e+07
-2.42268e+07
-1.99603e+07
-1.98163e+07
-2.0525e+07
-1.95629e+07
-2.02044e+07
-2.13537e+07
-2.09545e+07
-2.68757e+07
-2.48491e+07
-2.54618e+07
-2.59197e+07
-2.60211e+07
-2.54203e+07
-2.51824e+07
-2.51685e+07
-2.47947e+07
-2.50892e+07
-2.51473e+07
-2.47241e+07
-1.99579e+07
-1.9467e+07
-1.98416e+07
-1.95861e+07
-2.41109e+07
-2.47222e+07
-2.51487e+07
-2.50593e+07
-2.48109e+07
-2.11235e+07
-2.13933e+07
-2.17686e+07
-2.14375e+07
-2.08913e+07
-2.11187e+07
-2.1225e+07
-2.1776e+07
-2.1449e+07
-2.07862e+07
-2.11869e+07
-2.00223e+07
-2.54981e+07
-2.5165e+07
-1.60261e+07
-1.73282e+07
-2.03417e+06
-87024.6
-1.32517e+06
-812283
-1.43006e+07
-1.33697e+07
-1.41157e+07
-4.09556e+06
-3.59308e+06
-2.92291e+06
-4.74842e+06
76352.4
1.43664e+06
760507
748760
-4.19332e+06
-5.68113e+06
-5.05065e+06
-4.83214e+06
-2.27502e+06
-2.49793e+06
-1.60974e+06
-3.15282e+06
3.44564e+06
3.26222e+06
4.22027e+06
2.49622e+06
3.63428e+06
3.57802e+06
2.89595e+06
4.31913e+06
1.19363e+06
-440300
269852
473600
-1.54195e+07
-1.65785e+07
-1.55689e+07
-1.62584e+07
-1.11981e+07
-1.0695e+07
-9.18749e+06
-1.16451e+07
-7.91898e+06
-5.53292e+06
-6.65335e+06
-6.16107e+06
-1.76108e+07
-1.93337e+07
-1.56689e+07
-1.50507e+07
-1.54559e+07
-1.52612e+07
-1.77333e+07
-1.75006e+07
-1.7922e+07
-1.75938e+07
-1.62996e+07
-1.60851e+07
-1.58827e+07
-1.65048e+07
-1.36375e+07
-1.29561e+07
-1.34416e+07
-1.31545e+07
-1.56318e+07
-1.62772e+07
-1.60911e+07
-1.58187e+07
-1.50613e+07
-1.53309e+07
-1.48699e+07
-1.55226e+07
-1.34776e+07
-1.37336e+07
-1.32752e+07
-1.39361e+07
-1.26415e+07
-1.23514e+07
-1.28425e+07
-1.21482e+07
-1.40814e+07
-1.47415e+07
-1.4543e+07
-1.42797e+07
-1.88474e+07
-1.90623e+07
-1.78895e+07
-1.76393e+07
-1.74553e+07
-1.80754e+07
-1.73102e+07
-1.66853e+07
-1.7113e+07
-1.68806e+07
-1.75766e+07
-1.87674e+07
-1.9077e+07
-1.61213e+07
-1.56822e+07
-1.5318e+07
-1.64679e+07
-1.50138e+07
-1.37866e+07
-1.464e+07
-1.41999e+07
-9.48954e+06
-9.16901e+06
-7.90769e+06
-9.66603e+06
-1.12632e+07
-1.18936e+07
-1.05482e+07
-1.15442e+07
-1.09028e+07
-1.16747e+07
-1.16856e+07
-1.18921e+07
-1.71227e+07
-1.6795e+07
-1.93072e+07
-1.63315e+07
-1.29047e+07
-1.164e+07
-1.28877e+07
-1.25856e+07
-1.35636e+07
-1.33509e+07
-1.35228e+07
-1.26512e+07
-1.29234e+07
-1.34746e+07
-1.33523e+07
-1.33939e+07
-1.35054e+07
-1.31473e+07
-1.39731e+07
-1.36526e+07
-1.29906e+07
-1.28355e+07
-1.25733e+07
-1.23115e+07
-2.19386e+07
-2.12181e+07
-2.18225e+07
-2.19838e+07
-2.07956e+07
-2.05802e+07
-2.02869e+07
-2.01427e+07
-2.07238e+07
-2.01263e+07
-1.95296e+07
-1.99696e+07
-1.96863e+07
-1.65444e+07
-1.68228e+07
-1.63666e+07
-1.69994e+07
-1.56996e+07
-1.54212e+07
-1.58761e+07
-1.52429e+07
-1.70688e+07
-1.76894e+07
-1.75206e+07
-1.72395e+07
-2.09897e+07
-2.08137e+07
-2.12434e+07
-1.88019e+07
-1.81853e+07
-1.86242e+07
-1.83625e+07
-1.9319e+07
-1.90443e+07
-1.94854e+07
-1.88788e+07
-1.83707e+07
-1.89602e+07
-1.88082e+07
-1.85241e+07
-1.65605e+07
-1.59467e+07
-1.63925e+07
-1.6116e+07
-1.7898e+07
-1.81831e+07
-1.83424e+07
-1.77371e+07
-2.32596e+07
-2.39929e+07
-1.77643e+07
-1.67039e+07
-1.74568e+07
-1.7025e+07
-2.17073e+07
-2.27436e+07
-2.14755e+07
-2.29324e+07
-1.86463e+07
-1.82275e+07
-1.79399e+07
-1.89219e+07
-1.51794e+07
-1.44894e+07
-1.49237e+07
-1.47444e+07
-1.76574e+07
-1.84738e+07
-1.8223e+07
-1.79169e+07
-1.68296e+07
-1.71343e+07
-1.65375e+07
-1.74163e+07
-1.42857e+07
-1.45751e+07
-1.39229e+07
-1.4918e+07
-1.48663e+07
-1.48396e+07
-1.43355e+07
-1.46255e+07
-1.52947e+07
-1.62344e+07
-1.59219e+07
-1.56189e+07
-2.27418e+07
-2.29303e+07
-2.06395e+07
-2.02467e+07
-2.00177e+07
-2.08575e+07
-1.99456e+07
-1.90401e+07
-1.97022e+07
-1.92941e+07
-2.34699e+07
-2.40487e+07
-2.12804e+07
-2.07115e+07
-2.11452e+07
-2.0848e+07
-2.33678e+07
-2.35568e+07
-2.32461e+07
-2.16697e+07
-2.13666e+07
-2.12415e+07
-2.1793e+07
-1.89664e+07
-1.84341e+07
-1.88332e+07
-1.85701e+07
-2.05409e+07
-2.10566e+07
-2.0942e+07
-2.06581e+07
-2.01781e+07
-2.04654e+07
-2.00545e+07
-2.05873e+07
-1.91114e+07
-1.93987e+07
-1.89686e+07
-1.95391e+07
-1.82748e+07
-1.80098e+07
-1.84179e+07
-1.7864e+07
-1.9529e+07
-2.00825e+07
-1.99506e+07
-1.9663e+07
-2.33411e+07
-2.39454e+07
-2.43786e+07
-2.40568e+07
-2.25962e+07
-2.22868e+07
-2.21827e+07
-2.2699e+07
-2.2267e+07
-2.17307e+07
-2.21526e+07
-2.18472e+07
-2.50733e+07
-2.52505e+07
-2.51687e+07
-2.52645e+07
-2.34516e+07
-2.41009e+07
-2.44173e+07
-2.40543e+07
-2.31557e+07
-2.3233e+07
-2.36069e+07
-2.29944e+07
-2.35974e+07
-2.434e+07
-2.39767e+07
-2.30105e+07
-2.23562e+07
-2.2861e+07
-2.25167e+07
-1.8898e+07
-1.91973e+07
-1.86622e+07
-1.94251e+07
-1.81215e+07
-1.79063e+07
-1.76655e+07
-1.83552e+07
-1.95722e+07
-2.02816e+07
-2.00768e+07
-1.9785e+07
-2.34025e+07
-2.44999e+07
-2.50017e+07
-2.43639e+07
-2.16621e+07
-2.08893e+07
-2.14711e+07
-2.10897e+07
-2.22086e+07
-2.18445e+07
-2.23787e+07
-2.16639e+07
-2.12209e+07
-2.18531e+07
-2.28567e+07
-2.24848e+07
-2.16527e+07
-2.14349e+07
-2.1747e+07
-2.21158e+07
-1.92631e+07
-1.86099e+07
-1.88403e+07
-1.90406e+07
-2.06054e+07
-2.08769e+07
-2.1068e+07
-2.04051e+07
-2.56629e+07
-2.51233e+07
-2.4694e+07
-2.53054e+07
-2.53665e+07
-2.57176e+07
-2.44994e+07
-2.39529e+07
-2.41215e+07
-2.44575e+07
-2.41271e+07
-2.36503e+07
-2.34542e+07
-2.3793e+07
-2.35874e+07
-2.40085e+07
-2.44436e+07
-2.41286e+07
-2.37541e+07
-2.32967e+07
-2.368e+07
-2.33737e+07
-2.10997e+07
-2.13838e+07
-2.09931e+07
-2.14875e+07
-2.02934e+07
-2.0042e+07
-2.04016e+07
-1.9931e+07
-2.14088e+07
-2.18846e+07
-2.17886e+07
-2.15084e+07
-2.49652e+07
-2.48904e+07
-2.53104e+07
-2.44274e+07
-2.30933e+07
-2.25927e+07
-2.29982e+07
-2.26903e+07
-2.33604e+07
-2.30514e+07
-2.34445e+07
-2.29655e+07
-2.21479e+07
-2.2411e+07
-2.21027e+07
-2.24386e+07
-2.25814e+07
-2.3114e+07
-2.27754e+07
-2.24979e+07
-2.22355e+07
-2.2106e+07
-2.24377e+07
-2.08165e+07
-2.03651e+07
-2.07154e+07
-2.04693e+07
-2.18822e+07
-2.21592e+07
-2.22459e+07
-2.1792e+07
-5.94351e+06
-1.97973e+06
-3.8719e+06
4.38683e+06
6.74939e+06
-1.50715e+07
-1.45046e+07
-1.50734e+07
-1.27282e+07
-1.21191e+07
-1.92118e+07
-1.78783e+07
-8.82395e+06
-5.52243e+06
-1.56794e+07
-1.48199e+07
-1.37332e+07
-1.36589e+07
-2.18558e+07
-1.58039e+07
-1.52581e+07
-1.99481e+07
-1.73333e+07
-1.7807e+07
-1.99287e+07
-1.62915e+07
-1.71138e+07
-1.37816e+07
-1.40732e+07
-2.19947e+07
-1.9622e+07
-1.9989e+07
-1.84052e+07
-1.79589e+07
-2.34459e+07
-2.44361e+07
-1.81236e+07
-1.73752e+07
-2.32475e+07
-2.27477e+07
-2.01426e+07
-2.08475e+07
-2.47497e+07
-2.48266e+07
-2.04448e+07
-2.01057e+07
-2.38411e+07
-2.1362e+07
-2.16524e+07
-3.91444e+06
-363397
-6.57332e+06
-9.03476e+06
-4.57895e+06
-3.14834e+06
-1.0779e+06
-6.50762e+06
-1.32736e+06
712710
-2.73894e+06
-7.95369e+06
-5.3641e+06
-4.70501e+06
-2.09341e+06
-2.80106e+06
-70489.9
-4.73876e+06
3.57721e+06
2.98112e+06
5.92656e+06
707129
3.62402e+06
1.42065e+06
2.82008e+06
-2.12803e+06
-20914.9
630882
-1.37461e+07
-1.08837e+07
-1.24292e+07
-9.58952e+06
-6.3393e+06
-1.35107e+07
-1.17881e+07
-3.80713e+06
-7.61605e+06
-5.71209e+06
-1.62278e+07
-1.44123e+07
-1.55725e+07
-1.50365e+07
-1.69413e+07
-1.64412e+07
-1.58455e+07
-1.52396e+07
-1.70735e+07
-1.43123e+07
-1.37276e+07
-1.49733e+07
-1.69216e+07
-1.63648e+07
-1.55376e+07
-1.47827e+07
-1.55954e+07
-1.42011e+07
-1.61765e+07
-1.32063e+07
-1.39802e+07
-1.25961e+07
-1.45974e+07
-1.29285e+07
-1.35302e+07
-1.3406e+07
-1.54008e+07
-1.47996e+07
-1.40048e+07
-1.84277e+07
-1.78054e+07
-1.80771e+07
-1.73715e+07
-1.68143e+07
-1.86473e+07
-1.78822e+07
-1.60412e+07
-1.72784e+07
-1.6625e+07
-1.65471e+07
-1.65512e+07
-1.52677e+07
-1.41478e+07
-1.7562e+07
-1.61988e+07
-1.26698e+07
-1.50845e+07
-1.378e+07
-9.76421e+06
-9.52877e+06
-5.89044e+06
-1.08039e+07
-1.03169e+07
-1.17319e+07
-1.01704e+07
-1.20898e+07
-1.1788e+07
-1.23115e+07
-1.539e+07
-1.41043e+07
-1.00897e+07
-1.36862e+07
-1.1821e+07
-1.41201e+07
-1.27981e+07
-1.47228e+07
-1.18244e+07
-1.31639e+07
-1.45415e+07
-1.34543e+07
-1.39249e+07
-1.31103e+07
-1.2672e+07
-1.34938e+07
-1.27756e+07
-1.30298e+07
-1.22409e+07
-2.12704e+07
-2.08299e+07
-1.99877e+07
-1.95442e+07
-2.12653e+07
-2.06789e+07
-1.89192e+07
-2.02072e+07
-1.93918e+07
-1.62613e+07
-1.71022e+07
-1.57202e+07
-1.76343e+07
-1.59807e+07
-1.65057e+07
-1.64365e+07
-1.83097e+07
-1.78061e+07
-1.69548e+07
-2.01245e+07
-2.06336e+07
-1.93692e+07
-1.75522e+07
-1.88308e+07
-1.80835e+07
-1.95422e+07
-1.87562e+07
-2.00462e+07
-1.82544e+07
-1.77719e+07
-1.95512e+07
-1.91027e+07
-1.82378e+07
-1.71715e+07
-1.66743e+07
-1.76124e+07
-1.84736e+07
-1.895e+07
-1.71214e+07
-1.87732e+07
-1.56159e+07
-1.78768e+07
-1.66194e+07
-2.01835e+07
-2.09226e+07
-1.90541e+07
-1.78288e+07
-1.6933e+07
-1.9852e+07
-1.60029e+07
-1.50976e+07
-1.68256e+07
-1.92942e+07
-1.85568e+07
-1.76316e+07
-1.65453e+07
-1.74733e+07
-1.56492e+07
-1.82971e+07
-1.41287e+07
-1.49064e+07
-1.34787e+07
-1.59343e+07
-1.40788e+07
-1.47784e+07
-1.43566e+07
-1.71813e+07
-1.62595e+07
-1.53425e+07
-2.17967e+07
-2.11481e+07
-2.10242e+07
-1.98692e+07
-1.91564e+07
-2.16493e+07
-2.08041e+07
-1.81097e+07
-2.01e+07
-1.89071e+07
-2.18091e+07
-2.01297e+07
-2.14046e+07
-2.05434e+07
-2.25247e+07
-2.28895e+07
-2.19378e+07
-2.10601e+07
-2.06753e+07
-2.23081e+07
-1.94954e+07
-1.91046e+07
-2.00186e+07
-2.15727e+07
-2.12392e+07
-2.03768e+07
-1.98948e+07
-2.07615e+07
-1.95119e+07
-2.11243e+07
-1.88261e+07
-1.96944e+07
-1.83874e+07
-2.01135e+07
-1.85482e+07
-1.89694e+07
-1.89671e+07
-2.06384e+07
-2.02479e+07
-1.9379e+07
-2.30058e+07
-2.2875e+07
-2.19768e+07
-2.16508e+07
-2.31833e+07
-2.27668e+07
-2.11812e+07
-2.24261e+07
-2.15375e+07
-2.43269e+07
-2.3968e+07
-2.37599e+07
-2.28957e+07
-2.23632e+07
-2.413e+07
-2.36248e+07
-2.16739e+07
-2.32025e+07
-2.2194e+07
-1.86154e+07
-1.95257e+07
-1.78856e+07
-2.01863e+07
-1.83618e+07
-1.90471e+07
-1.88461e+07
-2.09908e+07
-2.03945e+07
-1.95121e+07
-2.3837e+07
-2.23935e+07
-2.0091e+07
-2.18436e+07
-2.07263e+07
-2.25664e+07
-2.14968e+07
-2.30519e+07
-2.0926e+07
-2.05677e+07
-2.24767e+07
-2.19077e+07
-2.12552e+07
-1.99226e+07
-1.92677e+07
-2.03568e+07
-2.11773e+07
-2.17267e+07
-1.9725e+07
-2.42432e+07
-2.33552e+07
-2.31443e+07
-2.43509e+07
-2.41795e+07
-2.28286e+07
-2.39683e+07
-2.30688e+07
-2.08214e+07
-2.16789e+07
-2.04905e+07
-2.19853e+07
-2.05527e+07
-2.087e+07
-2.09264e+07
-2.23595e+07
-2.20822e+07
-2.12341e+07
-2.41949e+07
-2.35595e+07
-2.20809e+07
-2.3281e+07
-2.23795e+07
-2.36465e+07
-2.27422e+07
-2.38918e+07
-2.24732e+07
-2.17079e+07
-2.30094e+07
-2.27796e+07
-2.19811e+07
-2.12647e+07
-2.09704e+07
-2.16149e+07
-2.24491e+07
-2.27007e+07
-2.13311e+07
-1.79775e+07
-1.82383e+07
-2.55753e+07
-2.60851e+07
-1.77107e+07
-1.743e+07
-1.6846e+07
-2.01286e+07
-2.2874e+07
-2.27248e+07
-2.44708e+07
-2.43415e+07
-2.30145e+07
-2.31488e+07
-2.53649e+07
-2.62012e+07
-2.09658e+07
-2.08351e+07
-2.00797e+07
-1.98283e+07
-1.95671e+07
-2.52502e+07
-2.52732e+07
-2.52172e+07
-2.51578e+07
-1.5571e+07
-1.59236e+07
-1.86543e+07
-1.88764e+07
-2.16e+07
-2.32852e+07
-2.4044e+07
-2.55606e+07
-2.54761e+07
-2.53935e+07
-2.10556e+07
-1.22344e+07
-1.09028e+07
-6.49774e+06
-5.29644e+06
-7.1217e+06
-4.6444e+06
-5.86808e+06
-1.25278e+06
-2.61805e+06
-2.4988e+06
-586235
-3.24838e+06
-3.17623e+06
5.16252e+06
5.15144e+06
8.20964e+06
5.94936e+06
7.5217e+06
5.83904e+06
-1.49068e+07
-1.45385e+07
-1.4863e+07
-1.4416e+07
-1.49862e+07
-1.49955e+07
-1.95265e+07
-1.97268e+07
-1.64935e+07
-1.6817e+07
-1.70524e+07
-1.65785e+07
-1.62647e+07
-1.63399e+07
-1.40267e+07
-1.46971e+07
-1.41297e+07
-1.35484e+07
-1.4886e+07
-1.46013e+07
-1.25258e+07
-1.22361e+07
-1.11241e+07
-1.23235e+07
-1.16248e+07
-1.17397e+07
-1.88253e+07
-1.91609e+07
-1.89689e+07
-1.93508e+07
-1.90203e+07
-1.95384e+07
-1.88541e+07
-1.82133e+07
-1.85399e+07
-1.8508e+07
-1.91541e+07
-1.94456e+07
-9.26856e+06
-8.33658e+06
-4.24453e+06
-8.41253e+06
-6.40267e+06
-4.33208e+06
-1.50996e+07
-1.5088e+07
-1.53096e+07
-1.5417e+07
-1.50579e+07
-1.50535e+07
-1.40114e+07
-1.3459e+07
-1.46074e+07
-1.4536e+07
-1.39743e+07
-1.49241e+07
-2.24223e+07
-2.08835e+07
-2.06941e+07
-2.15688e+07
-2.18828e+07
-2.17353e+07
-2.2028e+07
-2.17138e+07
-2.21714e+07
-1.56241e+07
-1.53401e+07
-1.43193e+07
-1.54428e+07
-1.47882e+07
-1.48786e+07
-1.97679e+07
-2.00841e+07
-2.02634e+07
-1.99038e+07
-1.95848e+07
-1.9722e+07
-1.74949e+07
-1.6891e+07
-1.69433e+07
-1.76519e+07
-1.7372e+07
-1.64523e+07
-2.25537e+07
-2.40642e+07
-2.42087e+07
-2.02688e+07
-1.96572e+07
-2.05266e+07
-1.93902e+07
-2.00038e+07
-1.9727e+07
-1.57684e+07
-1.65717e+07
-1.61193e+07
-1.5278e+07
-1.68457e+07
-1.66079e+07
-1.40875e+07
-1.49823e+07
-1.50256e+07
-1.37307e+07
-1.44547e+07
-1.47088e+07
-2.27131e+07
-2.21992e+07
-2.25214e+07
-2.23876e+07
-2.28948e+07
-2.30695e+07
-2.34268e+07
-2.44866e+07
-2.45839e+07
-2.22654e+07
-2.25793e+07
-2.27118e+07
-2.24456e+07
-2.21309e+07
-2.231e+07
-1.92262e+07
-1.97476e+07
-1.92212e+07
-1.88363e+07
-1.98697e+07
-1.9602e+07
-1.8259e+07
-1.79822e+07
-1.71013e+07
-1.81108e+07
-1.7528e+07
-1.75657e+07
-2.35479e+07
-2.38597e+07
-2.37583e+07
-2.39598e+07
-2.36482e+07
-2.4059e+07
-2.49552e+07
-2.45406e+07
-2.48574e+07
-2.46382e+07
-1.7639e+07
-1.78789e+07
-1.63913e+07
-1.71712e+07
-1.76301e+07
-1.68725e+07
-2.30868e+07
-2.35644e+07
-2.37174e+07
-2.29224e+07
-2.34055e+07
-2.32387e+07
-1.97198e+07
-2.03745e+07
-2.00821e+07
-1.93131e+07
-2.06095e+07
-2.04546e+07
-2.47978e+07
-2.51493e+07
-2.51006e+07
-2.48405e+07
-2.03345e+07
-2.00704e+07
-1.93448e+07
-2.02217e+07
-1.97221e+07
-1.97023e+07
-2.43356e+07
-2.40234e+07
-2.44248e+07
-2.3933e+07
-2.42457e+07
-2.41541e+07
-2.14609e+07
-2.10193e+07
-2.09914e+07
-2.15587e+07
-2.13231e+07
-2.06786e+07
-2.13112e+07
-2.15425e+07
-2.11876e+07
-2.08206e+07
-2.05749e+07
-1.90454e+07
-2.50909e+07
-1.33588e+07
-3.22817e+06
-2.73909e+06
1.11197e+06
-2.53609e+06
-1.53198e+06
371327
-1.26723e+07
-7.19941e+06
-7.7407e+06
-7.80898e+06
-1.39152e+07
-1.42245e+07
-3.41912e+06
-5.23851e+06
-2.47033e+06
-4.25538e+06
-2.23051e+06
-1.78553e+06
-5.87523e+06
-5.39527e+06
-660678
-595469
2.13559e+06
18982.2
1.45775e+06
75360.9
-3.56634e+06
-3.37415e+06
-7.45369e+06
-6.96545e+06
-4.42718e+06
-5.98076e+06
-3.99543e+06
-5.50189e+06
-1.43296e+06
-2.92745e+06
-1.82547e+06
-3.46237e+06
-760019
-928388
-3.7979e+06
-4.10473e+06
4.34832e+06
2.68162e+06
4.04554e+06
2.20807e+06
5.12978e+06
5.01087e+06
1.73892e+06
1.45374e+06
2.87575e+06
4.38477e+06
2.85181e+06
2.14206e+06
2.17069e+06
5.07044e+06
1.93236e+06
2.07469e+06
-1.43795e+06
-1.14197e+06
999667
-739591
1.34676e+06
-235206
-1.46945e+07
-1.28448e+07
-1.47546e+07
-1.23545e+07
-1.4568e+07
-1.44432e+07
-1.03249e+07
-1.28776e+07
-8.45557e+06
-1.06974e+07
-8.77383e+06
-7.47551e+06
-1.32188e+07
-1.22362e+07
-1.0935e+07
-9.38535e+06
-4.89725e+06
-4.45712e+06
-9.57948e+06
-6.02031e+06
-6.82642e+06
-5.08628e+06
-1.76649e+07
-1.93183e+07
-1.90994e+07
-1.60104e+07
-1.58812e+07
-1.48385e+07
-1.4622e+07
-1.57918e+07
-1.52409e+07
-1.54711e+07
-1.4829e+07
-1.71617e+07
-1.75091e+07
-1.72817e+07
-1.77324e+07
-1.73793e+07
-1.79505e+07
-1.60899e+07
-1.66551e+07
-1.56447e+07
-1.6288e+07
-1.56763e+07
-1.54435e+07
-1.68652e+07
-1.67099e+07
-1.41185e+07
-1.38325e+07
-1.27551e+07
-1.39248e+07
-1.32421e+07
-1.33518e+07
-1.54435e+07
-1.51631e+07
-1.67381e+07
-1.64611e+07
-1.59025e+07
-1.65534e+07
-1.53506e+07
-1.60041e+07
-1.45889e+07
-1.52543e+07
-1.51349e+07
-1.57915e+07
-1.43965e+07
-1.46746e+07
-1.57145e+07
-1.59847e+07
-1.30031e+07
-1.36815e+07
-1.35269e+07
-1.41879e+07
-1.28009e+07
-1.30698e+07
-1.41401e+07
-1.43922e+07
-1.31305e+07
-1.24376e+07
-1.25543e+07
-1.33303e+07
-1.30436e+07
-1.19432e+07
-1.38818e+07
-1.36062e+07
-1.52019e+07
-1.49394e+07
-1.43415e+07
-1.50022e+07
-1.38048e+07
-1.44786e+07
-1.82233e+07
-1.85749e+07
-1.87747e+07
-1.83714e+07
-1.80157e+07
-1.81624e+07
-1.76977e+07
-1.82708e+07
-1.71872e+07
-1.78246e+07
-1.72655e+07
-1.7003e+07
-1.84602e+07
-1.8261e+07
-1.76839e+07
-1.75052e+07
-1.64871e+07
-1.62379e+07
-1.74831e+07
-1.69118e+07
-1.70746e+07
-1.6432e+07
-1.7223e+07
-1.78917e+07
-1.82212e+07
-1.75535e+07
-1.69343e+07
-1.72019e+07
-1.57593e+07
-1.68994e+07
-1.49015e+07
-1.60314e+07
-1.4952e+07
-1.4537e+07
-1.72342e+07
-1.68098e+07
-1.58325e+07
-1.53973e+07
-1.35863e+07
-1.31281e+07
-1.5465e+07
-1.42374e+07
-1.45679e+07
-1.33675e+07
-8.40168e+06
-9.68248e+06
-7.89314e+06
-9.65856e+06
-7.60505e+06
-7.40148e+06
-1.06502e+07
-1.08968e+07
-9.89209e+06
-1.05261e+07
-1.20837e+07
-1.01329e+07
-1.17114e+07
-1.26558e+07
-1.09271e+07
-1.12482e+07
-1.23894e+07
-1.23757e+07
-1.08505e+07
-1.15613e+07
-1.13894e+07
-1.17472e+07
-1.59146e+07
-1.60956e+07
-1.57023e+07
-1.64745e+07
-1.58879e+07
-1.6845e+07
-1.39521e+07
-1.32903e+07
-1.18531e+07
-1.09189e+07
-1.387e+07
-1.24166e+07
-1.22443e+07
-1.11306e+07
-1.42565e+07
-1.32015e+07
-1.30463e+07
-1.22678e+07
-1.43823e+07
-1.39115e+07
-1.30566e+07
-1.23968e+07
-1.3252e+07
-1.37619e+07
-1.41798e+07
-1.38707e+07
-1.28589e+07
-1.37937e+07
-1.33651e+07
-1.32562e+07
-1.42961e+07
-1.33222e+07
-1.31386e+07
-1.38653e+07
-1.25553e+07
-1.2691e+07
-1.26866e+07
-1.27996e+07
-1.24642e+07
-1.22106e+07
-1.31215e+07
-1.30437e+07
-1.30211e+07
-1.25649e+07
-2.22626e+07
-2.20975e+07
-2.10665e+07
-2.14277e+07
-2.11151e+07
-2.15841e+07
-2.09565e+07
-2.127e+07
-2.11098e+07
-2.04307e+07
-2.09785e+07
-1.98416e+07
-2.04316e+07
-1.99929e+07
-1.96943e+07
-2.11233e+07
-2.08667e+07
-2.05251e+07
-2.02797e+07
-1.93705e+07
-1.90793e+07
-2.03678e+07
-1.98097e+07
-1.98413e+07
-1.92356e+07
-1.60821e+07
-1.67224e+07
-1.66417e+07
-1.72826e+07
-1.59024e+07
-1.61854e+07
-1.71755e+07
-1.74592e+07
-1.61584e+07
-1.55193e+07
-1.55987e+07
-1.63328e+07
-1.605e+07
-1.506e+07
-1.68963e+07
-1.66106e+07
-1.81439e+07
-1.78558e+07
-1.73484e+07
-1.79776e+07
-1.67833e+07
-1.74089e+07
-2.06115e+07
-2.02979e+07
-2.04387e+07
-2.04674e+07
-2.07812e+07
-2.09477e+07
-1.91928e+07
-1.89767e+07
-1.80062e+07
-1.77317e+07
-1.90132e+07
-1.84433e+07
-1.8538e+07
-1.79083e+07
-1.9714e+07
-1.91479e+07
-1.92098e+07
-1.85904e+07
-1.98815e+07
-1.96498e+07
-1.87084e+07
-1.84248e+07
-1.82158e+07
-1.79291e+07
-1.9404e+07
-1.91081e+07
-1.86546e+07
-1.92545e+07
-1.80844e+07
-1.86753e+07
-1.70071e+07
-1.67255e+07
-1.57725e+07
-1.68428e+07
-1.62222e+07
-1.62858e+07
-1.80595e+07
-1.74493e+07
-1.86359e+07
-1.80195e+07
-1.85005e+07
-1.87931e+07
-1.72863e+07
-1.75732e+07
-2.39212e+07
-2.37679e+07
-1.84823e+07
-1.80685e+07
-1.63718e+07
-1.59627e+07
-1.81857e+07
-1.71348e+07
-1.73383e+07
-1.62932e+07
-2.04423e+07
-2.10232e+07
-2.07771e+07
-2.12573e+07
-2.06828e+07
-2.14846e+07
-1.83598e+07
-1.9329e+07
-1.75377e+07
-1.85066e+07
-1.76431e+07
-1.72423e+07
-1.95939e+07
-1.91915e+07
-1.57081e+07
-1.54865e+07
-1.46751e+07
-1.54031e+07
-1.45956e+07
-1.4984e+07
-1.73882e+07
-1.71033e+07
-1.90542e+07
-1.87228e+07
-1.79611e+07
-1.88094e+07
-1.73692e+07
-1.81716e+07
-1.62536e+07
-1.71125e+07
-1.68419e+07
-1.77561e+07
-1.59586e+07
-1.62391e+07
-1.76937e+07
-1.80292e+07
-1.37271e+07
-1.46224e+07
-1.42082e+07
-1.52568e+07
-1.39734e+07
-1.36493e+07
-1.52655e+07
-1.56011e+07
-1.41513e+07
-1.44262e+07
-1.44991e+07
-1.44799e+07
-1.47268e+07
-1.49757e+07
-1.49647e+07
-1.47047e+07
-1.68821e+07
-1.6545e+07
-1.55941e+07
-1.65757e+07
-1.50173e+07
-1.59326e+07
-2.15865e+07
-2.21264e+07
-2.23269e+07
-2.19197e+07
-2.13741e+07
-2.1704e+07
-2.04144e+07
-2.12397e+07
-1.9638e+07
-2.04672e+07
-1.97827e+07
-1.94014e+07
-2.14476e+07
-2.10694e+07
-2.05759e+07
-2.01856e+07
-1.87761e+07
-1.83847e+07
-2.03423e+07
-1.94488e+07
-1.9543e+07
-1.86477e+07
-2.3679e+07
-2.42661e+07
-2.16775e+07
-2.14125e+07
-2.05729e+07
-2.02697e+07
-2.15422e+07
-2.10069e+07
-2.09825e+07
-2.0407e+07
-2.2963e+07
-2.26492e+07
-2.2839e+07
-2.27708e+07
-2.30849e+07
-2.32047e+07
-2.15415e+07
-2.20646e+07
-2.0934e+07
-2.1491e+07
-2.11124e+07
-2.08058e+07
-2.21879e+07
-2.19151e+07
-1.93672e+07
-1.90963e+07
-1.82944e+07
-1.9238e+07
-1.86965e+07
-1.87038e+07
-2.04226e+07
-2.01398e+07
-2.14642e+07
-2.11676e+07
-2.08254e+07
-2.13534e+07
-2.02592e+07
-2.07726e+07
-1.9768e+07
-2.03022e+07
-2.03392e+07
-2.0885e+07
-1.96415e+07
-1.99266e+07
-2.07081e+07
-2.1006e+07
-1.86814e+07
-1.92543e+07
-1.92533e+07
-1.98371e+07
-1.85354e+07
-1.88222e+07
-1.96786e+07
-1.99758e+07
-1.86912e+07
-1.81286e+07
-1.81538e+07
-1.88309e+07
-1.85584e+07
-1.77145e+07
-1.93931e+07
-1.91056e+07
-2.05108e+07
-2.02119e+07
-1.98157e+07
-2.03809e+07
-1.92425e+07
-1.97963e+07
-2.35445e+07
-2.3232e+07
-2.3654e+07
-2.31201e+07
-2.34336e+07
-2.33204e+07
-2.24881e+07
-2.29808e+07
-2.18699e+07
-2.23919e+07
-2.20731e+07
-2.17624e+07
-2.30835e+07
-2.2801e+07
-2.26565e+07
-2.23782e+07
-2.1612e+07
-2.13021e+07
-2.25428e+07
-2.20348e+07
-2.19613e+07
-2.1421e+07
-2.42135e+07
-2.46445e+07
-2.47528e+07
-2.45285e+07
-2.40952e+07
-2.44063e+07
-2.33052e+07
-2.38933e+07
-2.27132e+07
-2.33153e+07
-2.28341e+07
-2.25386e+07
-2.40256e+07
-2.37128e+07
-2.3488e+07
-2.31597e+07
-2.21892e+07
-2.18509e+07
-2.33477e+07
-2.27051e+07
-2.26764e+07
-2.20229e+07
-1.83779e+07
-1.91278e+07
-1.89625e+07
-1.97518e+07
-1.81362e+07
-1.84199e+07
-1.96487e+07
-1.99709e+07
-1.78827e+07
-1.85947e+07
-1.81442e+07
-1.7422e+07
-1.88222e+07
-1.85881e+07
-1.93515e+07
-1.90746e+07
-2.07963e+07
-2.04853e+07
-1.98643e+07
-2.05978e+07
-1.92947e+07
-1.99948e+07
-2.3555e+07
-2.40123e+07
-2.38664e+07
-2.41502e+07
-2.3699e+07
-2.42814e+07
-2.22154e+07
-2.18505e+07
-2.06796e+07
-2.03098e+07
-2.20332e+07
-2.12718e+07
-2.12863e+07
-2.05196e+07
-2.2734e+07
-2.20319e+07
-2.20196e+07
-2.13116e+07
-2.28959e+07
-2.25449e+07
-2.14776e+07
-2.11217e+07
-2.10079e+07
-2.07914e+07
-2.22831e+07
-2.20633e+07
-2.14527e+07
-2.20956e+07
-2.10168e+07
-2.16581e+07
-1.94915e+07
-1.97034e+07
-1.83777e+07
-1.90754e+07
-1.94869e+07
-1.88147e+07
-2.08059e+07
-2.01468e+07
-2.13626e+07
-2.0682e+07
-2.12607e+07
-2.15449e+07
-1.99385e+07
-2.02007e+07
-2.58053e+07
-2.52343e+07
-2.49675e+07
-2.46338e+07
-2.50367e+07
-2.45679e+07
-2.48968e+07
-2.48247e+07
-2.38902e+07
-2.42991e+07
-2.32892e+07
-2.37007e+07
-2.35191e+07
-2.32177e+07
-2.43489e+07
-2.40428e+07
-2.41138e+07
-2.3823e+07
-2.32182e+07
-2.29111e+07
-2.40422e+07
-2.36037e+07
-2.34477e+07
-2.29901e+07
-2.07125e+07
-2.12059e+07
-2.12759e+07
-2.1784e+07
-2.06026e+07
-2.08833e+07
-2.15902e+07
-2.18859e+07
-2.06609e+07
-2.01814e+07
-2.01511e+07
-2.07666e+07
-2.05077e+07
-1.98162e+07
-2.13086e+07
-2.10301e+07
-2.22694e+07
-2.19775e+07
-2.16901e+07
-2.21781e+07
-2.11327e+07
-2.1606e+07
-2.45912e+07
-2.42753e+07
-2.45096e+07
-2.43528e+07
-2.46709e+07
-2.47491e+07
-2.34702e+07
-2.31845e+07
-2.24941e+07
-2.21826e+07
-2.33765e+07
-2.29008e+07
-2.27851e+07
-2.22821e+07
-2.37314e+07
-2.32729e+07
-2.31366e+07
-2.26541e+07
-2.38133e+07
-2.35258e+07
-2.28758e+07
-2.25658e+07
-2.20609e+07
-2.18009e+07
-2.29354e+07
-2.26603e+07
-2.24143e+07
-2.28576e+07
-2.18931e+07
-2.23186e+07
-2.1167e+07
-2.09175e+07
-2.02587e+07
-2.10702e+07
-2.06119e+07
-2.05741e+07
-2.19732e+07
-2.15199e+07
-2.25361e+07
-2.20686e+07
-2.23316e+07
-2.26187e+07
-2.14264e+07
-2.16995e+07
-2.23489e+07
-2.18969e+07
-2.22528e+07
)
;
    }
    procBoundary6to2
    {
        type            processor;
        value           nonuniform List<scalar> 
65
(
-4.1359e+06
2.51542e+06
-1.55336e+07
-1.15359e+07
-1.82767e+07
-1.4245e+07
-1.38146e+07
-1.16138e+07
-3.19326e+06
834955
1.13224e+06
1.32359e+06
-7.17844e+06
2.78388e+06
-1.1957e+07
-1.1957e+07
-1.15207e+07
-1.15207e+07
-1.15207e+07
-1.22447e+07
-9.22422e+06
-7.0433e+06
1.91804e+06
-1.96591e+06
-762852
-1.04659e+07
-6.84199e+06
-8.51951e+06
-1.33971e+07
-1.7907e+07
-1.23756e+07
-1.79675e+07
-1.7907e+07
8.20544e+06
7.43024e+06
9.6152e+06
-1.96552e+07
-9.45241e+06
-1.10949e+07
-1.3117e+07
-1.64552e+06
4.57629e+06
5.89637e+06
8.00605e+06
6.23507e+06
-1.56692e+07
-1.4904e+07
-1.53967e+07
-1.65297e+07
-1.38751e+07
-1.48917e+07
-1.41279e+07
-1.2567e+07
1.32359e+06
1.13224e+06
1.13224e+06
-762852
-1.96591e+06
-9.22062e+06
-1.81273e+07
-4.69384e+06
-1.23696e+07
-1.04659e+07
-1.25552e+07
-1.25552e+07
)
;
    }
    procBoundary6to7
    {
        type            processor;
        value           nonuniform List<scalar> 
328
(
-6.24929e+06
-1.44374e+07
-1.61302e+07
-4.30649e+06
-6.24845e+06
-7.86954e+06
540804
6.9538e+06
8.36683e+06
-1.29353e+07
-1.10595e+07
-8.33227e+06
-1.3514e+06
-9.32799e+06
-1.12223e+07
-1.01794e+07
-9.409e+06
-1.83659e+07
-1.91265e+07
-1.38314e+07
-8.45315e+06
-1.1253e+07
-1.76769e+07
-1.40541e+07
-1.15216e+07
-1.60919e+07
-1.64564e+07
-1.78945e+07
-1.48762e+07
-1.91477e+07
-1.83282e+07
-2.04551e+07
-1.80876e+07
-1.65924e+07
-1.82189e+07
-1.21514e+07
-1.46418e+07
-1.80528e+07
-1.67853e+07
-2.04664e+07
-2.03437e+07
-1.71605e+07
-1.85551e+07
-2.08351e+07
-1.11353e+07
-1.22493e+07
-1.62385e+07
-1.67777e+07
-416266
-1.95236e+06
178442
137537
2.0937e+06
117406
-9.02007e+06
-8.28651e+06
-1.08363e+07
-7.33402e+06
-1.08437e+07
-8.44801e+06
-1.6055e+07
-1.64635e+07
-1.76599e+07
-1.7131e+07
-1.56694e+07
-1.20371e+07
-9.31456e+06
-1.6115e+07
-9.74367e+06
-1.24718e+07
-1.58468e+07
-1.81376e+07
-1.70662e+07
-1.56859e+07
-1.74877e+07
-1.84405e+07
-2.03521e+07
-1.47297e+07
-1.6696e+07
-1.99143e+07
-1.61853e+07
-1.41247e+07
-1.77614e+07
-1.85908e+07
-1.87774e+07
-1.8073e+07
-2.00129e+07
-1.97533e+07
-1.88059e+07
-1.9925e+07
-1.92773e+07
-2.01693e+07
-8.11449e+06
-1.38629e+07
-1.61487e+07
-2.57965e+06
-5.85064e+06
-3.71463e+06
559278
6.17625e+06
4.53015e+06
-1.18096e+07
-8.24024e+06
-1.09188e+07
-3.49534e+06
-1.10388e+07
-8.92905e+06
-1.22851e+07
-1.26386e+07
-1.89036e+07
-1.82206e+07
-1.45696e+07
-1.14409e+07
-8.64148e+06
-1.7106e+07
-1.08704e+07
-1.34684e+07
-1.60359e+07
-1.78378e+07
-1.62808e+07
-1.52219e+07
-1.81501e+07
-1.90015e+07
-2.05226e+07
-1.59709e+07
-1.7618e+07
-1.8806e+07
-1.51523e+07
-1.27881e+07
-1.71161e+07
-1.82199e+07
-1.96623e+07
-1.96623e+07
-1.96623e+07
-1.96623e+07
-1.96623e+07
-1.96623e+07
-2.02323e+07
-1.89563e+07
-1.77102e+07
-2.04911e+07
-2.04911e+07
-2.04911e+07
-2.04911e+07
-2.04911e+07
-2.04911e+07
-9.74698e+06
-1.31412e+07
-1.61538e+07
-1.75285e+07
-1.26973e+06
-1.69526e+06
-3.90767e+06
442551
2.27862e+06
4.09051e+06
-1.04969e+07
-1.08855e+07
-8.2198e+06
-5.48732e+06
-8.66822e+06
-1.09028e+07
-1.4781e+07
-1.44727e+07
-1.78198e+07
-1.84409e+07
-1.51308e+07
-8.96536e+06
-1.16906e+07
-1.65917e+07
-1.2968e+07
-1.02558e+07
-1.59482e+07
-1.66081e+07
-1.79091e+07
-1.54804e+07
-1.87407e+07
-1.78714e+07
-2.0512e+07
-1.72004e+07
-1.53436e+07
-1.93584e+07
-1.34868e+07
-1.56611e+07
-1.83646e+07
-1.74332e+07
-1.83584e+07
-1.9006e+07
-2.01124e+07
-1.83025e+07
-1.93543e+07
-1.98742e+07
-2.05739e+07
-1.97034e+07
-2.00958e+07
-2.05858e+07
-2.08252e+07
-7.86954e+06
-6.24845e+06
-3.71463e+06
-5.85064e+06
8.36683e+06
6.9538e+06
4.53015e+06
6.17625e+06
-8.33227e+06
-1.10595e+07
-1.09188e+07
-8.24024e+06
-1.12223e+07
-9.32799e+06
-8.92905e+06
-1.10388e+07
-9.409e+06
-1.01794e+07
-1.26386e+07
-1.22851e+07
-1.91265e+07
-1.83659e+07
-1.82206e+07
-1.89036e+07
-1.1253e+07
-8.45315e+06
-8.64148e+06
-1.14409e+07
-1.15216e+07
-1.40541e+07
-1.34684e+07
-1.08704e+07
-1.78945e+07
-1.64564e+07
-1.62808e+07
-1.78378e+07
-1.83282e+07
-1.91477e+07
-1.90015e+07
-1.81501e+07
-1.65924e+07
-1.80876e+07
-1.7618e+07
-1.59709e+07
-1.46418e+07
-1.21514e+07
-1.27881e+07
-1.51523e+07
-1.67853e+07
-1.80528e+07
-1.82199e+07
-1.71161e+07
-1.94593e+07
-1.97608e+07
-1.9298e+07
-1.93152e+07
-1.85551e+07
-1.71605e+07
-1.77102e+07
-1.89563e+07
-2.05464e+07
-2.08296e+07
-2.03921e+07
-2.00674e+07
178442
-1.95236e+06
-3.90767e+06
-1.69526e+06
117406
2.0937e+06
4.09051e+06
2.27862e+06
-1.08363e+07
-8.28651e+06
-8.2198e+06
-1.08855e+07
-8.44801e+06
-1.08437e+07
-1.09028e+07
-8.66822e+06
-1.64635e+07
-1.6055e+07
-1.44727e+07
-1.4781e+07
-1.7131e+07
-1.76599e+07
-1.84409e+07
-1.78198e+07
-9.31456e+06
-1.20371e+07
-1.16906e+07
-8.96536e+06
-1.24718e+07
-9.74367e+06
-1.02558e+07
-1.2968e+07
-1.70662e+07
-1.81376e+07
-1.79091e+07
-1.66081e+07
-1.84405e+07
-1.74877e+07
-1.78714e+07
-1.87407e+07
-1.6696e+07
-1.47297e+07
-1.53436e+07
-1.72004e+07
-1.41247e+07
-1.61853e+07
-1.56611e+07
-1.34868e+07
-1.85908e+07
-1.77614e+07
-1.74332e+07
-1.83646e+07
-1.8073e+07
-1.87774e+07
-1.9006e+07
-1.83584e+07
-1.88059e+07
-1.97533e+07
-1.93543e+07
-1.83025e+07
-2.01693e+07
-1.92773e+07
-1.97034e+07
-2.05739e+07
-2.03762e+07
-2.05515e+07
-2.02855e+07
)
;
    }
}


// ************************************************************************* //
