/*--------------------------------*- C++ -*----------------------------------*\
| =========                 |                                                 |
| \\      /  F ield         | OpenFOAM: The Open Source CFD Toolbox           |
|  \\    /   O peration     | Version:  2012                                  |
|   \\  /    A nd           | Website:  www.openfoam.com                      |
|    \\/     M anipulation  |                                                 |
\*---------------------------------------------------------------------------*/
FoamFile
{
    version     2.0;
    format      ascii;
    class       volScalarField;
    location    "0.104/solid";
    object      epsilonEq;
}
// * * * * * * * * * * * * * * * * * * * * * * * * * * * * * * * * * * * * * //

dimensions      [0 0 0 0 0 0 0];


internalField   nonuniform List<scalar> 
3125
(
1.73858e-08
1.65991e-08
1.48385e-08
1.74728e-08
1.67382e-08
1.52517e-08
1.7821e-08
1.71531e-08
1.60676e-08
1.76889e-08
1.70624e-08
1.58623e-08
4.83358e-09
9.68214e-09
1.87999e-08
1.73092e-08
4.92408e-09
1.87227e-08
9.6223e-09
4.20516e-09
9.05711e-09
1.81856e-08
1.6441e-08
4.4648e-09
1.79688e-08
8.93094e-09
2.65304e-09
8.26965e-09
1.58008e-08
1.37191e-08
3.29158e-09
1.34333e-08
7.9135e-09
2.1084e-08
2.12078e-08
5.01211e-09
1.75511e-08
9.74468e-09
1.88473e-08
4.91179e-09
1.89628e-08
9.80842e-09
2.10322e-08
2.09423e-08
2.04179e-08
2.05862e-08
4.63508e-09
1.68597e-08
9.16783e-09
1.82448e-08
4.4597e-09
1.83996e-08
9.26453e-09
2.03526e-08
2.01199e-08
1.79772e-08
1.88861e-08
3.39522e-09
1.54665e-08
8.33045e-09
1.61707e-08
3.25735e-09
1.68945e-08
8.32235e-09
1.75213e-08
1.49456e-08
1.90974e-08
1.00381e-08
5.12382e-09
1.27904e-08
6.81073e-09
6.39741e-09
6.33644e-09
1.25167e-08
1.24539e-08
4.84604e-09
1.72356e-08
1.85952e-08
9.4982e-09
1.87008e-08
4.74577e-09
9.56282e-09
1.23421e-08
1.24309e-08
6.18236e-09
6.31076e-09
5.62132e-09
5.33488e-09
1.19328e-08
1.16942e-08
4.20278e-09
1.62631e-08
1.75858e-08
8.63867e-09
1.78848e-08
3.82671e-09
8.78989e-09
1.11967e-08
1.15871e-08
4.85936e-09
5.2379e-09
4.06158e-09
3.71023e-09
8.48929e-09
6.97625e-09
2.27446e-09
1.3496e-08
1.23944e-08
6.48494e-09
6.60144e-09
3.86752e-09
2.13761e-08
2.12693e-08
2.12067e-08
5.00094e-09
1.76088e-08
1.89911e-08
9.95396e-09
5.13834e-09
1.89557e-08
9.87625e-09
6.41864e-09
6.53799e-09
1.25522e-08
1.26487e-08
1.27147e-08
1.26607e-08
6.76543e-09
6.58747e-09
2.08021e-08
2.09174e-08
2.07586e-08
2.06314e-08
4.62633e-09
1.69659e-08
1.8556e-08
9.4269e-09
4.75565e-09
1.8441e-08
9.34951e-09
5.69373e-09
5.90736e-09
1.19995e-08
1.21543e-08
1.23059e-08
1.21983e-08
6.13594e-09
5.96318e-09
1.3568e-08
1.96985e-08
2.00286e-08
1.30376e-08
1.34536e-08
1.95707e-08
1.90832e-08
1.03609e-08
1.17302e-08
1.28734e-08
1.2079e-08
3.39403e-09
1.56587e-08
1.74709e-08
8.49131e-09
3.81491e-09
1.70564e-08
8.37449e-09
4.12724e-09
4.29725e-09
8.93069e-09
1.00576e-08
1.10228e-08
1.03487e-08
4.74312e-09
4.36362e-09
9.7637e-09
7.9543e-09
1.53851e-08
1.39914e-08
7.70692e-09
1.12853e-08
1.29964e-08
1.60958e-08
8.58655e-09
1.47193e-08
1.72108e-08
1.1073e-08
4.88515e-09
9.02391e-09
6.44394e-09
6.45479e-09
9.03468e-09
1.10595e-08
1.10965e-08
4.87315e-09
6.48489e-09
9.06922e-09
1.11149e-08
6.4757e-09
9.05163e-09
1.06027e-08
4.34736e-09
8.44722e-09
5.95689e-09
6.00298e-09
8.50658e-09
1.05582e-08
1.06556e-08
4.346e-09
6.0947e-09
8.61985e-09
1.06925e-08
6.05944e-09
8.57143e-09
9.27771e-09
3.25388e-09
6.01686e-09
4.99e-09
5.36385e-09
6.58347e-09
8.53148e-09
9.69246e-09
3.25069e-09
5.51862e-09
7.19529e-09
9.88642e-09
5.53551e-09
6.98912e-09
1.11998e-08
4.95003e-09
9.17468e-09
6.56175e-09
1.12096e-08
6.55072e-09
9.16112e-09
1.11716e-08
4.96258e-09
6.50952e-09
9.09936e-09
1.11469e-08
6.52524e-09
9.12852e-09
1.08096e-08
4.55097e-09
8.78864e-09
6.23551e-09
1.08351e-08
6.21334e-09
8.75648e-09
1.07696e-08
4.558e-09
6.142e-09
8.67233e-09
1.07382e-08
6.17247e-09
8.71158e-09
1.00202e-08
3.26769e-09
7.59274e-09
5.4242e-09
1.00637e-08
5.40261e-09
7.49855e-09
1.0007e-08
3.2929e-09
5.46215e-09
7.32278e-09
9.95991e-09
5.43406e-09
7.40093e-09
1.14214e-08
5.17827e-09
9.44263e-09
6.75531e-09
1.13784e-08
5.19143e-09
9.28453e-09
6.68889e-09
9.36739e-09
6.71664e-09
1.13228e-08
8.49686e-09
1.28816e-08
9.97744e-09
1.01298e-08
1.29583e-08
1.01651e-08
8.36748e-09
8.47102e-09
5.74735e-09
5.86733e-09
6.87904e-09
5.86047e-09
5.6868e-09
5.71757e-09
6.944e-09
5.95635e-09
5.34158e-09
5.36389e-09
5.56531e-09
6.38836e-09
5.56403e-09
5.40499e-09
5.38179e-09
5.53164e-09
6.37049e-09
5.51969e-09
8.08731e-09
8.0993e-09
9.76692e-09
1.24915e-08
9.73595e-09
8.14102e-09
8.12295e-09
9.70661e-09
1.24688e-08
9.72223e-09
1.10211e-08
9.00536e-09
4.79256e-09
6.423e-09
1.10371e-08
8.98771e-09
6.41216e-09
1.0993e-08
4.80354e-09
8.93643e-09
6.36816e-09
8.95968e-09
6.38586e-09
1.09724e-08
8.06543e-09
8.04265e-09
1.23725e-08
9.60288e-09
9.64264e-09
9.69335e-09
1.24051e-08
9.65955e-09
7.98901e-09
8.01765e-09
5.32263e-09
5.29565e-09
5.43694e-09
6.24313e-09
5.42575e-09
5.23823e-09
5.27345e-09
5.48272e-09
6.28332e-09
5.48328e-09
4.64906e-09
4.74437e-09
5.02133e-09
5.53711e-09
5.01552e-09
4.87203e-09
4.79504e-09
4.88646e-09
5.45073e-09
4.88752e-09
7.40512e-09
7.50743e-09
9.2548e-09
1.18617e-08
9.15804e-09
7.6383e-09
7.55813e-09
9.00151e-09
1.17763e-08
9.11864e-09
1.04471e-08
8.36938e-09
4.03132e-09
5.89195e-09
1.04985e-08
8.2951e-09
5.83726e-09
1.03818e-08
4.02311e-09
8.1147e-09
5.70003e-09
8.20062e-09
5.764e-09
1.03257e-08
7.34424e-09
7.20911e-09
1.13398e-08
8.54791e-09
8.74145e-09
8.95566e-09
1.14712e-08
8.79627e-09
6.96959e-09
7.14002e-09
4.58915e-09
4.47433e-09
4.53718e-09
5.00681e-09
4.5494e-09
4.27156e-09
4.40589e-09
4.73502e-09
5.11911e-09
4.72026e-09
3.49695e-09
3.87553e-09
3.74922e-09
3.85591e-09
3.67024e-09
3.7857e-09
3.80425e-09
3.3271e-09
3.65752e-09
3.45371e-09
4.35125e-09
5.08193e-09
6.93138e-09
7.99881e-09
6.36837e-09
5.63105e-09
5.19343e-09
5.46539e-09
7.44295e-09
6.25271e-09
7.67058e-09
5.25089e-09
1.47757e-09
4.20721e-09
8.19928e-09
4.73503e-09
3.88092e-09
1.09698e-08
1.27432e-08
7.56154e-09
1.63306e-08
9.73016e-09
5.30836e-09
4.87935e-09
7.73446e-09
9.20821e-09
3.76887e-09
5.16012e-09
3.88775e-09
4.12768e-09
3.52308e-09
9.91174e-09
5.14518e-09
5.24615e-09
6.70841e-09
5.07938e-09
3.21727e-09
3.23132e-09
2.74272e-09
4.63472e-09
4.39839e-09
3.42041e-09
3.05067e-09
3.80237e-09
3.1455e-09
1.12176e-08
5.07727e-09
9.18044e-09
6.58356e-09
1.12185e-08
9.17344e-09
6.59872e-09
1.12351e-08
5.06721e-09
9.21196e-09
6.64805e-09
1.12635e-08
9.18102e-09
6.62855e-09
5.50493e-09
5.4713e-09
5.61404e-09
6.46258e-09
5.6038e-09
5.42382e-09
5.45043e-09
5.65916e-09
6.4996e-09
5.66047e-09
8.24405e-09
8.22067e-09
9.78458e-09
1.25882e-08
9.83554e-09
8.16546e-09
8.19816e-09
9.88508e-09
1.26243e-08
9.85339e-09
8.26542e-09
8.26065e-09
9.94224e-09
1.26774e-08
9.89279e-09
8.32839e-09
8.29769e-09
9.89411e-09
1.26599e-08
9.87931e-09
5.53269e-09
5.58046e-09
5.78669e-09
6.71895e-09
5.78406e-09
5.6599e-09
5.61402e-09
5.7261e-09
6.66176e-09
5.7127e-09
1.08911e-08
4.69887e-09
8.82442e-09
6.26967e-09
1.0869e-08
8.85041e-09
6.29094e-09
1.09221e-08
4.69005e-09
8.90627e-09
6.33908e-09
1.09423e-08
8.8823e-09
6.32259e-09
5.0664e-09
5.0155e-09
5.13267e-09
5.78258e-09
5.12591e-09
4.91543e-09
4.9786e-09
5.22102e-09
5.84764e-09
5.22019e-09
7.83028e-09
7.78115e-09
9.28647e-09
1.20534e-08
9.35983e-09
7.68193e-09
7.74278e-09
9.44989e-09
1.21085e-08
9.38699e-09
7.86218e-09
7.89982e-09
9.58386e-09
1.22717e-08
9.53883e-09
7.96179e-09
7.92921e-09
9.47204e-09
1.22329e-08
9.51803e-09
5.09839e-09
5.14312e-09
5.36883e-09
6.0889e-09
5.3688e-09
5.21186e-09
5.17184e-09
5.30518e-09
6.03584e-09
5.29458e-09
1.31543e-08
1.32986e-08
1.08603e-08
1.13225e-08
1.26442e-08
1.23714e-08
1.01485e-08
3.58942e-09
7.69702e-09
5.44701e-09
1.00964e-08
7.79575e-09
5.50112e-09
1.02036e-08
3.60154e-09
8.0103e-09
5.62725e-09
1.02618e-08
7.91142e-09
5.56172e-09
3.81968e-09
3.77613e-09
3.91204e-09
4.19617e-09
3.88573e-09
3.77605e-09
3.7579e-09
3.98231e-09
4.21962e-09
3.99651e-09
6.28176e-09
5.9766e-09
6.9605e-09
9.33527e-09
7.37255e-09
5.6325e-09
5.95561e-09
7.79898e-09
9.72273e-09
7.42072e-09
6.34051e-09
6.60283e-09
8.48674e-09
1.08304e-08
8.23283e-09
6.89433e-09
6.67487e-09
7.859e-09
1.06021e-08
8.16404e-09
3.87229e-09
3.9868e-09
4.3477e-09
4.60139e-09
4.32808e-09
4.19671e-09
4.05767e-09
4.13909e-09
4.4937e-09
4.14329e-09
9.09509e-09
8.40409e-09
1.34581e-08
1.74751e-08
1.01577e-08
7.83563e-09
7.31431e-09
4.85919e-09
5.89467e-09
5.55596e-09
5.53721e-09
5.88059e-09
7.31456e-09
1.54569e-08
1.94425e-08
1.43705e-08
1.87625e-08
1.54884e-08
1.94097e-08
1.43457e-08
7.34285e-09
4.87811e-09
5.59754e-09
5.94404e-09
7.37029e-09
5.59757e-09
5.93684e-09
1.54302e-08
1.43175e-08
1.87392e-08
1.93507e-08
1.93715e-08
1.43265e-08
1.54077e-08
6.82704e-09
4.27887e-09
5.25091e-09
4.92566e-09
4.92065e-09
5.26031e-09
6.78657e-09
1.48851e-08
1.87745e-08
1.38616e-08
1.81185e-08
1.49396e-08
1.87203e-08
1.38094e-08
6.93143e-09
4.38877e-09
5.10526e-09
5.45736e-09
6.9802e-09
5.09871e-09
5.43706e-09
5.0203e-09
3.00879e-09
2.99988e-09
3.20063e-09
3.49506e-09
3.33472e-09
4.48483e-09
5.8137e-09
3.24204e-09
3.89959e-09
4.01504e-09
5.99957e-09
3.87886e-09
3.94646e-09
2.20123e-08
2.11341e-08
2.20562e-08
2.21255e-08
2.11807e-08
2.21029e-08
7.4285e-09
4.95888e-09
6.03562e-09
5.68848e-09
7.45369e-09
5.68719e-09
6.02751e-09
1.55624e-08
1.94929e-08
1.44127e-08
1.88972e-08
1.5525e-08
1.9531e-08
1.44538e-08
7.38397e-09
4.93717e-09
5.63645e-09
5.97328e-09
7.37905e-09
5.61798e-09
5.9601e-09
2.19582e-08
2.09884e-08
2.19189e-08
2.09601e-08
2.18525e-08
2.18776e-08
7.08579e-09
4.57477e-09
5.64044e-09
5.28828e-09
7.1223e-09
5.28594e-09
5.627e-09
1.50381e-08
1.88466e-08
1.39185e-08
1.82978e-08
1.49915e-08
1.88923e-08
1.396e-08
7.01484e-09
4.51173e-09
5.17724e-09
5.51153e-09
6.99168e-09
5.16515e-09
5.50935e-09
1.50825e-08
1.40465e-08
1.89956e-08
1.83504e-08
1.89556e-08
1.51224e-08
1.401e-08
6.08829e-09
3.29914e-09
4.28264e-09
4.03117e-09
6.19687e-09
4.00918e-09
4.22756e-09
6.05434e-09
3.28334e-09
3.9402e-09
4.04566e-09
5.96571e-09
3.91668e-09
4.06649e-09
7.57032e-09
5.15977e-09
6.1903e-09
5.86328e-09
6.18358e-09
5.84365e-09
7.5444e-09
6.45207e-09
6.4766e-09
4.69122e-09
4.71639e-09
4.39758e-09
4.41302e-09
4.47461e-09
4.43863e-09
6.13348e-09
6.15192e-09
6.22149e-09
6.18567e-09
7.28384e-09
5.86599e-09
4.79979e-09
5.51742e-09
7.30905e-09
5.85835e-09
5.51789e-09
1.53259e-08
1.92133e-08
1.86318e-08
1.42132e-08
1.4241e-08
1.92449e-08
1.5294e-08
1.53564e-08
1.42973e-08
1.93152e-08
1.86687e-08
1.53833e-08
1.42752e-08
1.92886e-08
7.24117e-09
4.77567e-09
5.80284e-09
5.46473e-09
5.79192e-09
5.44825e-09
7.23348e-09
6.1338e-09
6.0978e-09
6.03439e-09
6.05593e-09
4.39751e-09
4.36079e-09
4.30956e-09
4.33091e-09
3.77631e-09
3.83914e-09
4.01374e-09
3.9492e-09
5.43022e-09
5.49682e-09
5.7058e-09
5.64117e-09
6.70284e-09
5.17726e-09
4.10351e-09
4.83014e-09
6.77247e-09
5.14329e-09
4.8144e-09
6.55599e-09
3.92335e-09
4.85358e-09
4.55206e-09
4.88045e-09
4.55723e-09
6.49433e-09
5.40963e-09
5.31851e-09
4.99026e-09
5.08888e-09
3.75704e-09
3.67107e-09
3.4181e-09
3.50126e-09
2.8475e-09
3.11652e-09
3.03506e-09
2.97997e-09
3.12536e-09
3.4732e-09
4.03593e-09
3.91695e-09
3.4159e-09
2.62602e-09
1.671e-09
2.7289e-09
4.13404e-09
2.11639e-09
2.53853e-09
1.15348e-08
1.28908e-08
1.44841e-08
1.13287e-08
1.20035e-08
1.40369e-08
1.0602e-08
1.11233e-08
9.24888e-09
1.39393e-08
1.2024e-08
1.11671e-08
8.75986e-09
1.4023e-08
8.61281e-09
6.02219e-09
9.25601e-09
6.26713e-09
9.18229e-09
5.6531e-09
8.4246e-09
2.89586e-09
2.50006e-09
2.55402e-09
1.83083e-09
2.22453e-08
2.12062e-08
2.21886e-08
2.21462e-08
2.11936e-08
2.21509e-08
7.45254e-09
5.03648e-09
6.07015e-09
5.73404e-09
7.45477e-09
6.05575e-09
5.71708e-09
7.48087e-09
5.08052e-09
6.14859e-09
5.80892e-09
7.5252e-09
6.13805e-09
5.8082e-09
4.56224e-09
4.51957e-09
4.47505e-09
4.49056e-09
6.32153e-09
6.27786e-09
6.22061e-09
6.23747e-09
6.31946e-09
6.34968e-09
6.44821e-09
6.40111e-09
4.56712e-09
4.58987e-09
4.69152e-09
4.64485e-09
2.16965e-08
2.084e-08
2.17342e-08
2.18144e-08
2.08805e-08
2.17814e-08
2.16446e-08
2.07117e-08
2.16028e-08
7.14324e-09
4.66422e-09
5.68142e-09
5.34361e-09
7.13093e-09
5.67328e-09
5.32815e-09
1.52279e-08
1.91654e-08
1.41773e-08
1.85152e-08
1.52608e-08
1.91318e-08
1.41484e-08
7.19429e-09
4.70401e-09
5.76901e-09
5.41897e-09
7.22578e-09
5.75864e-09
5.41745e-09
1.51937e-08
1.4086e-08
1.90495e-08
1.8477e-08
1.51598e-08
1.90824e-08
1.41129e-08
4.1841e-09
4.13386e-09
4.02442e-09
4.06699e-09
5.89767e-09
5.84876e-09
5.71696e-09
5.75992e-09
5.90318e-09
5.9324e-09
6.03231e-09
5.9915e-09
4.18951e-09
4.21858e-09
4.30634e-09
4.2638e-09
6.24618e-09
3.48298e-09
4.35666e-09
4.12036e-09
6.17405e-09
4.39272e-09
4.12282e-09
6.38998e-09
3.69509e-09
4.76259e-09
4.43705e-09
6.48578e-09
4.70984e-09
4.40868e-09
3.04814e-09
2.96874e-09
2.99139e-09
3.01665e-09
4.40029e-09
4.26604e-09
4.01037e-09
4.0999e-09
4.41737e-09
4.53585e-09
4.9605e-09
4.83575e-09
3.04808e-09
3.11754e-09
3.39212e-09
3.28749e-09
1.56449e-08
1.61677e-08
1.61976e-08
1.58022e-08
1.39266e-08
1.62839e-08
1.31547e-08
1.08614e-08
1.25341e-08
1.37946e-08
1.10561e-08
1.22667e-08
1.45084e-08
1.52886e-08
1.3724e-08
9.74165e-09
9.86524e-09
1.11294e-08
1.50365e-08
1.63247e-08
7.31353e-09
4.83878e-09
5.55804e-09
5.90454e-09
7.33743e-09
5.55764e-09
5.89865e-09
7.34253e-09
4.89852e-09
5.5959e-09
5.93373e-09
7.34297e-09
5.57651e-09
5.91864e-09
6.82801e-09
4.2605e-09
4.98183e-09
5.33252e-09
6.88649e-09
4.97118e-09
5.30656e-09
6.93083e-09
4.40799e-09
5.06528e-09
5.39601e-09
6.89983e-09
5.05592e-09
5.39925e-09
5.10883e-09
3.10025e-09
3.77377e-09
3.71592e-09
5.51874e-09
3.6588e-09
3.52488e-09
5.83083e-09
3.2916e-09
3.88613e-09
3.84595e-09
5.60621e-09
3.87765e-09
3.92886e-09
7.43083e-09
4.97875e-09
5.6826e-09
6.01946e-09
7.42701e-09
5.66371e-09
6.00764e-09
7.3868e-09
4.91493e-09
5.6404e-09
5.9883e-09
7.41851e-09
5.63981e-09
5.97943e-09
7.08578e-09
4.59514e-09
5.26898e-09
5.60512e-09
7.0685e-09
5.25443e-09
5.59985e-09
7.01543e-09
4.4906e-09
5.20598e-09
5.55789e-09
7.05817e-09
5.20144e-09
5.5419e-09
6.13099e-09
3.32536e-09
3.98173e-09
4.1575e-09
6.05736e-09
3.9688e-09
4.18665e-09
5.99037e-09
3.23342e-09
3.92782e-09
4.11476e-09
6.1006e-09
3.92242e-09
4.07212e-09
7.67104e-09
5.22845e-09
6.2791e-09
5.94016e-09
7.65452e-09
6.27736e-09
5.92477e-09
7.58299e-09
5.1294e-09
6.232e-09
5.87612e-09
7.63776e-09
6.21274e-09
5.87573e-09
6.53292e-09
6.57715e-09
7.89462e-09
8.52115e-09
7.39537e-09
7.41011e-09
7.92219e-09
1.19786e-08
1.35866e-08
1.36335e-08
1.19442e-08
1.19958e-08
1.37123e-08
1.20433e-08
1.36416e-08
1.20863e-08
1.37084e-08
1.20543e-08
1.37559e-08
6.5231e-09
6.47341e-09
7.29862e-09
8.39157e-09
7.78406e-09
7.30631e-09
7.81309e-09
7.86244e-09
7.36459e-09
8.4211e-09
7.33199e-09
7.8365e-09
4.74868e-09
4.7859e-09
5.94702e-09
6.05603e-09
5.51561e-09
5.69306e-09
5.46807e-09
5.9335e-09
6.06367e-09
5.2017e-09
6.00156e-09
5.99082e-09
5.21714e-09
4.32928e-09
4.46777e-09
4.27902e-09
4.5161e-09
5.21761e-09
5.96256e-09
5.99644e-09
5.16612e-09
4.34063e-09
4.58743e-09
4.35075e-09
4.55944e-09
4.74919e-09
4.6975e-09
5.86065e-09
5.43102e-09
5.62732e-09
5.96711e-09
5.38623e-09
5.9734e-09
5.85642e-09
5.85945e-09
6.00795e-09
5.44712e-09
5.621e-09
5.4018e-09
5.90805e-09
5.97048e-09
5.30393e-09
6.05567e-09
6.09076e-09
5.2549e-09
4.61779e-09
4.37361e-09
4.43624e-09
4.40098e-09
5.4955e-09
5.11612e-09
5.28122e-09
5.61835e-09
5.07279e-09
5.6175e-09
5.50044e-09
5.49264e-09
5.63347e-09
5.12139e-09
5.27823e-09
5.07904e-09
5.52162e-09
5.61038e-09
4.91943e-09
5.65209e-09
5.67472e-09
4.89755e-09
4.06927e-09
4.12694e-09
4.04696e-09
4.14106e-09
4.91878e-09
5.6735e-09
5.67842e-09
4.90035e-09
4.0732e-09
4.13578e-09
4.05581e-09
4.13869e-09
4.43752e-09
4.45305e-09
5.53925e-09
5.15917e-09
5.31986e-09
5.68116e-09
5.1179e-09
5.65515e-09
5.57392e-09
5.53684e-09
5.65442e-09
5.15354e-09
5.31896e-09
5.10861e-09
5.53893e-09
5.65417e-09
4.88299e-09
5.62659e-09
5.63427e-09
4.87962e-09
4.05222e-09
4.09794e-09
4.01619e-09
4.11776e-09
4.89696e-09
5.61777e-09
5.64168e-09
4.8577e-09
4.05497e-09
4.13208e-09
4.04913e-09
4.13583e-09
6.17887e-09
6.14196e-09
6.98611e-09
8.08232e-09
7.47508e-09
6.98042e-09
7.49177e-09
7.5111e-09
7.00314e-09
8.09622e-09
6.99588e-09
7.49392e-09
1.16594e-08
1.33191e-08
1.16781e-08
1.3294e-08
1.0463e-08
1.25138e-08
9.75011e-09
1.01525e-08
1.24812e-08
1.01399e-08
1.04771e-08
1.04531e-08
1.01168e-08
9.74026e-09
1.24663e-08
1.24763e-08
1.01308e-08
1.04424e-08
1.16495e-08
1.32759e-08
1.16393e-08
1.32888e-08
6.17664e-09
6.19551e-09
7.04752e-09
8.1327e-09
7.55253e-09
7.03769e-09
7.53626e-09
7.51669e-09
7.02943e-09
8.11683e-09
7.02191e-09
7.5332e-09
1.04148e-08
1.24442e-08
9.70927e-09
1.00834e-08
1.24485e-08
1.00969e-08
1.04053e-08
1.15992e-08
1.3227e-08
1.15914e-08
1.32356e-08
1.04228e-08
1.01095e-08
9.71559e-09
1.24621e-08
1.24472e-08
1.01011e-08
1.04301e-08
1.16108e-08
1.32612e-08
1.16234e-08
1.32465e-08
7.28397e-09
4.81952e-09
5.8524e-09
5.51464e-09
7.27966e-09
5.84049e-09
5.49631e-09
7.24186e-09
4.75505e-09
5.82117e-09
5.47252e-09
7.27212e-09
5.81222e-09
5.47126e-09
6.96207e-09
7.46741e-09
8.05674e-09
6.9509e-09
7.45177e-09
6.08639e-09
6.10593e-09
7.42951e-09
8.04305e-09
6.93918e-09
6.9367e-09
7.44641e-09
1.14851e-08
1.31005e-08
1.31153e-08
1.147e-08
1.03067e-08
1.23263e-08
9.61401e-09
9.96948e-09
1.23451e-08
9.98984e-09
1.02905e-08
1.03206e-08
1.00172e-08
1.23804e-08
9.62535e-09
1.23491e-08
1.0336e-08
1.0002e-08
1.14989e-08
1.31534e-08
1.15186e-08
1.31308e-08
1.03797e-08
1.24388e-08
1.00722e-08
9.6802e-09
1.0392e-08
1.2414e-08
1.00615e-08
1.15595e-08
1.32137e-08
1.15766e-08
1.31923e-08
1.0369e-08
1.00339e-08
9.67096e-09
1.23906e-08
1.24098e-08
1.00513e-08
1.03531e-08
1.15482e-08
1.31674e-08
1.15337e-08
1.31847e-08
6.0855e-09
6.0475e-09
6.88623e-09
7.98977e-09
7.37451e-09
6.88388e-09
7.39476e-09
7.41954e-09
6.9131e-09
8.00747e-09
6.90156e-09
7.40053e-09
4.35788e-09
4.37661e-09
5.44841e-09
5.08101e-09
5.59461e-09
5.23767e-09
5.48323e-09
5.04164e-09
5.5698e-09
5.44903e-09
5.56745e-09
5.07567e-09
5.23809e-09
5.03126e-09
5.44677e-09
5.56991e-09
4.78899e-09
5.53144e-09
5.53305e-09
4.79643e-09
3.96439e-09
3.96426e-09
3.9205e-09
4.00044e-09
4.8032e-09
5.51081e-09
5.54206e-09
4.75429e-09
3.97644e-09
4.04835e-09
3.98046e-09
4.03398e-09
4.35662e-09
4.31775e-09
5.39733e-09
5.02371e-09
5.18715e-09
5.51419e-09
4.98369e-09
5.51922e-09
5.39484e-09
5.39413e-09
5.53887e-09
5.03475e-09
5.18411e-09
4.99285e-09
5.42789e-09
5.5129e-09
4.8525e-09
5.56391e-09
5.59232e-09
4.82054e-09
4.0255e-09
4.08848e-09
4.00697e-09
4.09658e-09
4.85094e-09
5.58923e-09
4.83744e-09
5.59388e-09
4.02237e-09
4.06678e-09
3.99624e-09
4.08442e-09
3.89932e-09
3.82498e-09
4.82162e-09
4.47296e-09
4.633e-09
4.90494e-09
4.44735e-09
4.9396e-09
4.7788e-09
4.8233e-09
4.9839e-09
4.52289e-09
4.63659e-09
4.47924e-09
4.88536e-09
4.94093e-09
4.37364e-09
5.03783e-09
5.09282e-09
4.313e-09
3.58903e-09
3.4907e-09
3.58842e-09
3.4711e-09
4.36854e-09
5.10745e-09
5.09231e-09
4.38029e-09
3.56972e-09
3.39134e-09
3.52533e-09
3.43639e-09
3.91403e-09
3.96652e-09
4.96537e-09
4.64975e-09
4.77212e-09
5.12286e-09
4.6089e-09
5.0836e-09
5.02259e-09
4.96301e-09
5.0524e-09
4.61357e-09
4.76844e-09
4.58183e-09
4.92843e-09
5.07943e-09
4.22864e-09
4.96674e-09
4.94627e-09
4.26158e-09
3.44756e-09
3.20857e-09
3.38678e-09
3.27029e-09
4.2451e-09
4.89087e-09
4.95498e-09
4.16486e-09
3.47339e-09
3.35596e-09
3.49212e-09
3.31887e-09
5.57406e-09
5.49711e-09
6.2791e-09
7.43279e-09
6.7416e-09
6.3025e-09
6.79813e-09
6.87864e-09
6.38174e-09
7.47365e-09
6.34816e-09
6.82801e-09
1.10028e-08
1.26659e-08
1.10482e-08
1.26206e-08
9.86224e-09
1.19719e-08
9.21875e-09
9.58622e-09
1.19152e-08
9.55157e-09
9.89778e-09
1.09711e-08
1.25403e-08
1.09238e-08
1.25869e-08
5.58961e-09
5.64345e-09
6.51914e-09
7.61211e-09
7.01959e-09
6.49191e-09
6.97978e-09
6.91209e-09
6.43963e-09
7.57956e-09
6.45631e-09
6.95683e-09
1.07787e-08
1.23332e-08
1.07271e-08
1.23888e-08
1.08234e-08
1.24928e-08
1.088e-08
1.24421e-08
6.70241e-09
4.11745e-09
5.07016e-09
4.75445e-09
6.65027e-09
5.08901e-09
4.75496e-09
6.55313e-09
3.91195e-09
4.98633e-09
4.64686e-09
6.63638e-09
4.94333e-09
4.62441e-09
6.20991e-09
6.69912e-09
7.29985e-09
6.16653e-09
6.63761e-09
5.2309e-09
5.31354e-09
6.52655e-09
7.25224e-09
6.07604e-09
6.11181e-09
6.59622e-09
1.02229e-08
1.17176e-08
1.18186e-08
1.01254e-08
1.02962e-08
1.19937e-08
1.03885e-08
1.19008e-08
1.06017e-08
1.22772e-08
1.06778e-08
1.22004e-08
1.0542e-08
1.20684e-08
1.04618e-08
1.21393e-08
5.20475e-09
5.09671e-09
5.82867e-09
7.02588e-09
6.25712e-09
5.87386e-09
6.34142e-09
6.47078e-09
5.99532e-09
7.08158e-09
5.94088e-09
6.39434e-09
3.61097e-09
3.68579e-09
4.65222e-09
4.36719e-09
4.82227e-09
4.47467e-09
4.72631e-09
4.32248e-09
4.77249e-09
4.64534e-09
4.71896e-09
4.30287e-09
4.46683e-09
4.28097e-09
4.58873e-09
4.76277e-09
3.88054e-09
4.60677e-09
4.57131e-09
3.93329e-09
3.15609e-09
2.82802e-09
3.08551e-09
2.90025e-09
3.9012e-09
4.49566e-09
4.58053e-09
3.79646e-09
3.18669e-09
2.99555e-09
3.21437e-09
2.94691e-09
3.58691e-09
3.48953e-09
4.44175e-09
4.10193e-09
4.27381e-09
4.51031e-09
4.08544e-09
4.5611e-09
4.37689e-09
4.44822e-09
4.62301e-09
4.1809e-09
4.28123e-09
4.13335e-09
4.52921e-09
4.56925e-09
4.08285e-09
4.70327e-09
4.77794e-09
3.99855e-09
3.34037e-09
3.17122e-09
3.35068e-09
3.13762e-09
4.07423e-09
4.80588e-09
4.10452e-09
4.77707e-09
3.31334e-09
3.03452e-09
3.25553e-09
3.09634e-09
3.19829e-09
3.10766e-09
3.025e-09
2.95666e-09
3.4665e-09
2.76435e-09
3.19008e-09
2.8329e-09
2.89817e-09
3.08319e-09
3.17356e-09
3.36311e-09
3.50082e-09
3.25632e-09
3.2057e-09
2.9528e-09
3.28644e-09
3.40206e-09
3.5828e-09
3.2934e-09
2.65717e-09
2.77922e-09
2.67653e-09
2.75358e-09
3.21676e-09
3.63409e-09
3.56185e-09
3.19948e-09
2.66207e-09
2.55095e-09
2.62779e-09
2.69744e-09
3.06803e-09
3.08585e-09
3.4455e-09
3.42202e-09
3.6351e-09
3.65558e-09
3.39307e-09
3.56352e-09
3.55503e-09
3.38426e-09
3.33456e-09
3.40575e-09
3.71487e-09
3.37964e-09
3.28579e-09
3.50416e-09
3.23076e-09
3.2038e-09
3.00821e-09
3.1915e-09
2.75401e-09
1.85918e-09
2.88288e-09
1.91289e-09
3.16751e-09
2.76599e-09
2.87376e-09
3.14737e-09
2.68832e-09
2.34729e-09
2.60753e-09
2.11435e-09
3.78766e-09
3.51512e-09
3.44693e-09
4.61126e-09
3.64539e-09
3.71654e-09
3.92198e-09
4.27883e-09
4.16491e-09
4.80172e-09
3.98025e-09
4.09814e-09
6.85447e-09
8.19132e-09
7.08738e-09
7.83832e-09
6.63811e-09
7.22567e-09
6.42272e-09
7.59029e-09
3.81799e-09
3.96182e-09
4.57526e-09
5.42164e-09
4.6885e-09
4.48326e-09
4.60295e-09
4.41139e-09
4.33145e-09
5.43017e-09
4.43963e-09
4.52395e-09
5.97482e-09
6.57867e-09
5.84692e-09
6.65397e-09
6.06123e-09
7.02716e-09
6.23682e-09
6.72726e-09
3.1563e-09
1.59086e-09
2.56715e-09
2.67677e-09
3.24967e-09
1.76497e-09
1.87879e-09
1.05584e-08
1.30875e-08
1.26978e-08
1.13961e-08
1.4928e-08
1.33759e-08
9.68517e-09
9.72917e-09
1.18162e-08
1.458e-08
1.58751e-08
1.42372e-08
7.79008e-09
9.56027e-09
7.8745e-09
5.43675e-09
6.11599e-09
6.56183e-09
6.3352e-09
5.35635e-09
6.68703e-09
8.71387e-09
6.80539e-09
7.41419e-09
8.65696e-09
7.10319e-09
6.70943e-09
3.64152e-09
3.40585e-09
4.25834e-09
7.70916e-09
3.68813e-09
5.6421e-09
5.53211e-09
3.54236e-09
5.08759e-09
3.15148e-09
3.34033e-09
3.86671e-09
2.72207e-09
2.97973e-09
2.44724e-09
2.19662e-09
2.16097e-09
3.75012e-09
2.77345e-09
2.62073e-09
2.569e-09
8.2336e-09
6.46529e-09
5.35614e-09
5.11701e-09
6.98777e-09
5.42342e-09
7.54108e-09
4.57082e-09
5.81085e-09
6.48852e-09
5.77794e-09
6.56311e-09
6.07837e-09
6.97234e-09
5.66698e-09
7.08918e-09
4.20899e-09
1.86493e-09
2.99532e-09
1.4387e-09
1.98498e-09
2.50175e-09
2.50365e-09
2.6038e-09
2.95516e-09
2.86819e-09
2.6551e-09
2.79525e-09
3.23124e-09
3.00221e-09
2.86425e-09
2.8188e-09
1.83869e-09
2.22124e-09
2.63595e-09
4.68347e-09
3.05767e-09
4.81958e-09
3.55434e-09
3.37977e-09
4.26277e-09
4.74521e-09
3.81324e-09
3.0801e-09
2.61338e-09
3.4155e-09
4.64055e-09
3.24764e-09
3.29772e-09
2.43938e-09
2.52495e-09
3.03182e-09
2.36033e-09
2.33353e-09
1.92558e-09
2.51041e-09
2.12513e-09
2.64106e-09
2.61997e-09
2.77307e-09
2.64843e-09
1.95326e-09
2.64992e-09
1.76385e-09
2.23651e-09
1.41976e-08
1.42397e-08
1.43288e-08
1.42663e-08
1.43514e-08
1.39481e-08
1.39645e-08
1.40058e-08
1.39791e-08
1.40667e-08
1.40475e-08
1.40196e-08
1.40391e-08
1.41782e-08
1.41357e-08
1.41139e-08
1.41319e-08
1.40802e-08
1.40858e-08
1.41017e-08
1.40913e-08
7.44552e-09
5.01733e-09
6.08562e-09
5.74718e-09
7.47158e-09
6.08035e-09
5.74288e-09
7.47926e-09
5.10494e-09
6.12644e-09
5.7969e-09
7.474e-09
6.11022e-09
5.77934e-09
4.51549e-09
4.53492e-09
5.64076e-09
5.25061e-09
5.41172e-09
5.78483e-09
5.20687e-09
5.75483e-09
5.68073e-09
5.64021e-09
5.75391e-09
5.24209e-09
5.41172e-09
5.19607e-09
5.6389e-09
5.75532e-09
4.94532e-09
5.71639e-09
5.71819e-09
4.9492e-09
4.09157e-09
4.13567e-09
4.05308e-09
4.16049e-09
4.95939e-09
5.70146e-09
4.91899e-09
5.72535e-09
4.09717e-09
4.19395e-09
4.09798e-09
4.18582e-09
4.51548e-09
4.47788e-09
5.58861e-09
5.19325e-09
5.36445e-09
5.70486e-09
5.15069e-09
5.59303e-09
5.70513e-09
5.58718e-09
5.72602e-09
5.20182e-09
5.36129e-09
5.15828e-09
5.62027e-09
5.69931e-09
5.00613e-09
5.74881e-09
5.77548e-09
4.97236e-09
4.1459e-09
4.24183e-09
4.13071e-09
4.24354e-09
5.00381e-09
5.77772e-09
5.77671e-09
4.99752e-09
4.13949e-09
4.20984e-09
4.11208e-09
4.22841e-09
6.26588e-09
6.28717e-09
7.14581e-09
8.23654e-09
7.65079e-09
7.13461e-09
7.63379e-09
7.61255e-09
7.12057e-09
8.22361e-09
7.11914e-09
7.62829e-09
1.17065e-08
1.33314e-08
1.16931e-08
1.33484e-08
1.05109e-08
1.25255e-08
9.79845e-09
1.01684e-08
1.25496e-08
1.04938e-08
1.01886e-08
1.05256e-08
1.02227e-08
9.81135e-09
1.26004e-08
1.25585e-08
1.02054e-08
1.05455e-08
1.17177e-08
1.33873e-08
1.33587e-08
1.17384e-08
6.26554e-09
6.22875e-09
7.0722e-09
8.1662e-09
7.56139e-09
7.06764e-09
7.57858e-09
7.60104e-09
7.09662e-09
8.18377e-09
7.08418e-09
7.58446e-09
1.17776e-08
1.34438e-08
1.3423e-08
1.17921e-08
1.17648e-08
1.33947e-08
1.34157e-08
1.17504e-08
6.38716e-09
6.33525e-09
7.17441e-09
8.25341e-09
7.65645e-09
7.16669e-09
7.67794e-09
7.70208e-09
7.19145e-09
8.27039e-09
7.18906e-09
7.67507e-09
1.18892e-08
1.35723e-08
1.19209e-08
1.35285e-08
1.18742e-08
1.35081e-08
1.35238e-08
1.18625e-08
6.3817e-09
6.41413e-09
7.26272e-09
7.76291e-09
8.31163e-09
7.2485e-09
7.73422e-09
7.70204e-09
7.23296e-09
8.28266e-09
7.22035e-09
7.73107e-09
1.18119e-08
1.34566e-08
1.34618e-08
1.18085e-08
1.18282e-08
1.34837e-08
1.34752e-08
1.18363e-08
4.62552e-09
4.57912e-09
5.70396e-09
5.29545e-09
5.47847e-09
5.81795e-09
5.25364e-09
5.70505e-09
5.82098e-09
5.70317e-09
5.84509e-09
5.31244e-09
5.47745e-09
5.26176e-09
5.74074e-09
5.81275e-09
5.14408e-09
5.87687e-09
5.90956e-09
5.10385e-09
4.27576e-09
4.44014e-09
4.26486e-09
4.43098e-09
5.14075e-09
5.91705e-09
5.13539e-09
5.91209e-09
4.26944e-09
4.37629e-09
4.23603e-09
4.40713e-09
4.63535e-09
4.66066e-09
5.7827e-09
5.37789e-09
5.9265e-09
5.56206e-09
5.82878e-09
5.33137e-09
5.89062e-09
5.77651e-09
5.88093e-09
5.35908e-09
5.55988e-09
5.31774e-09
5.77188e-09
5.88826e-09
5.06133e-09
5.83687e-09
5.83563e-09
5.07561e-09
4.19446e-09
4.26007e-09
4.14868e-09
4.29692e-09
5.0789e-09
5.81684e-09
5.02598e-09
5.84583e-09
4.20857e-09
4.3518e-09
4.21568e-09
4.33342e-09
1.39355e-08
1.39106e-08
1.3892e-08
1.39058e-08
1.38471e-08
1.38553e-08
1.38797e-08
1.38652e-08
1.37182e-08
1.37316e-08
1.37698e-08
1.37495e-08
1.38321e-08
1.38122e-08
1.37869e-08
1.38031e-08
1.33251e-08
1.33511e-08
1.34171e-08
1.3386e-08
1.35282e-08
1.34996e-08
1.3451e-08
1.34768e-08
1.36981e-08
1.36737e-08
1.3641e-08
1.36594e-08
1.35566e-08
1.35728e-08
1.36176e-08
1.35955e-08
7.1431e-09
4.64321e-09
5.709e-09
5.35817e-09
7.17711e-09
5.69772e-09
5.35569e-09
7.19455e-09
4.72367e-09
5.74659e-09
5.40858e-09
7.18514e-09
5.73705e-09
5.39215e-09
4.11573e-09
4.1514e-09
5.17792e-09
4.8399e-09
4.97501e-09
5.32845e-09
4.80062e-09
5.29638e-09
5.22412e-09
5.17805e-09
5.28056e-09
4.82087e-09
4.97426e-09
4.78258e-09
5.15945e-09
5.29521e-09
4.47389e-09
5.21685e-09
5.20757e-09
4.49317e-09
3.66708e-09
3.52198e-09
3.61562e-09
3.57065e-09
4.48914e-09
5.16961e-09
4.42608e-09
5.21688e-09
3.68654e-09
3.63955e-09
3.69729e-09
3.61357e-09
4.1082e-09
4.05189e-09
5.08305e-09
4.7268e-09
4.88255e-09
5.18132e-09
4.69341e-09
5.06013e-09
5.20116e-09
5.08115e-09
5.23165e-09
4.75445e-09
4.88214e-09
4.7131e-09
5.12861e-09
5.19763e-09
4.57863e-09
5.26936e-09
5.31081e-09
4.53236e-09
3.77178e-09
3.73787e-09
3.76387e-09
3.72817e-09
4.57544e-09
5.31687e-09
5.31056e-09
4.57603e-09
3.75849e-09
3.66861e-09
3.72301e-09
3.7015e-09
5.81889e-09
5.85447e-09
6.71886e-09
7.81283e-09
7.22281e-09
6.70015e-09
7.1959e-09
7.15286e-09
6.67024e-09
7.79035e-09
6.67628e-09
7.18273e-09
1.11166e-08
1.27055e-08
1.10832e-08
1.27347e-08
9.96478e-09
1.1988e-08
9.31172e-09
9.61848e-09
1.20252e-08
9.93357e-09
9.65437e-09
9.99102e-09
9.70579e-09
9.33146e-09
1.20785e-08
1.20321e-08
9.67734e-09
1.00189e-08
1.1143e-08
1.28011e-08
1.27659e-08
1.11786e-08
5.8111e-09
5.75488e-09
6.56777e-09
7.69478e-09
7.04537e-09
6.57712e-09
7.08273e-09
7.13243e-09
6.62864e-09
7.72314e-09
6.60751e-09
7.09875e-09
1.00968e-08
1.21758e-08
9.42573e-09
9.80463e-09
1.21351e-08
9.78239e-09
1.012e-08
1.12558e-08
1.29114e-08
1.28794e-08
1.12862e-08
1.0076e-08
9.7332e-09
9.4092e-09
1.20931e-08
1.21277e-08
9.76279e-09
1.00486e-08
1.12354e-08
1.28308e-08
1.28597e-08
1.12062e-08
5.96998e-09
5.92499e-09
6.75442e-09
7.86676e-09
7.23936e-09
6.75624e-09
7.26555e-09
7.29907e-09
6.79262e-09
7.88725e-09
6.77808e-09
7.27469e-09
1.14284e-08
1.30817e-08
1.14518e-08
1.30553e-08
1.02543e-08
1.23164e-08
9.95265e-09
9.56503e-09
1.02716e-08
1.22819e-08
9.93659e-09
1.14138e-08
1.30225e-08
1.30425e-08
1.13942e-08
1.02397e-08
9.90159e-09
9.55243e-09
1.22537e-08
1.22765e-08
9.92324e-09
1.02208e-08
5.97325e-09
5.99913e-09
6.85745e-09
7.36292e-09
7.94981e-09
6.84356e-09
7.34261e-09
7.31256e-09
6.82528e-09
7.93192e-09
6.82515e-09
7.33468e-09
1.01647e-08
1.21864e-08
9.48659e-09
9.82618e-09
1.22085e-08
1.01444e-08
9.85083e-09
1.1331e-08
1.29368e-08
1.29558e-08
1.13103e-08
1.13492e-08
1.30009e-08
1.29761e-08
1.13735e-08
1.01819e-08
9.88373e-09
9.49964e-09
1.22438e-08
1.22115e-08
9.86495e-09
1.01999e-08
4.24977e-09
4.20419e-09
5.26168e-09
4.89752e-09
5.05387e-09
5.37136e-09
4.85944e-09
5.25173e-09
5.38147e-09
5.25826e-09
5.40485e-09
4.91369e-09
5.05133e-09
4.87218e-09
5.2974e-09
5.37568e-09
4.73323e-09
5.436e-09
5.47015e-09
4.69436e-09
3.91513e-09
3.94158e-09
3.90376e-09
3.93613e-09
4.73106e-09
5.47245e-09
4.72614e-09
5.47056e-09
3.90566e-09
3.88745e-09
3.87475e-09
3.91394e-09
4.25442e-09
4.28006e-09
5.33112e-09
4.97771e-09
5.47994e-09
5.12264e-09
5.37168e-09
4.93752e-09
5.45081e-09
5.33112e-09
5.44232e-09
4.96523e-09
5.12246e-09
4.92404e-09
5.32171e-09
5.45023e-09
4.65032e-09
5.39463e-09
5.39146e-09
4.66299e-09
3.83107e-09
3.76383e-09
3.78487e-09
3.80455e-09
4.66505e-09
5.36421e-09
4.61137e-09
5.40094e-09
3.84637e-09
3.86265e-09
3.85359e-09
3.84238e-09
1.32816e-08
1.32405e-08
1.3161e-08
1.3202e-08
1.29578e-08
1.30007e-08
1.31122e-08
1.30687e-08
1.23475e-08
1.24339e-08
1.2598e-08
1.25137e-08
1.29232e-08
1.28498e-08
1.26966e-08
1.27701e-08
9.02083e-09
9.36378e-09
9.9836e-09
9.65522e-09
1.09892e-08
1.07535e-08
1.02313e-08
1.05144e-08
1.22434e-08
1.21229e-08
1.18523e-08
1.19948e-08
1.11995e-08
1.1387e-08
1.17103e-08
1.15376e-08
6.2224e-09
3.47184e-09
4.5149e-09
4.2172e-09
6.32891e-09
4.45567e-09
4.18683e-09
6.39945e-09
3.70223e-09
4.60554e-09
4.32941e-09
6.32758e-09
4.6424e-09
4.33774e-09
2.97195e-09
3.01206e-09
3.81257e-09
3.57126e-09
3.70386e-09
3.96619e-09
3.54861e-09
3.93387e-09
3.8821e-09
3.82294e-09
3.91085e-09
3.55844e-09
3.72972e-09
3.5147e-09
3.77825e-09
3.93733e-09
3.2114e-09
3.78898e-09
3.77863e-09
3.2392e-09
2.75157e-09
2.7853e-09
2.69427e-09
2.78306e-09
3.29163e-09
3.74807e-09
3.22281e-09
3.83632e-09
2.73665e-09
2.69607e-09
2.74056e-09
2.73604e-09
3.00341e-09
2.95172e-09
3.70095e-09
3.49962e-09
3.70934e-09
3.77528e-09
3.45456e-09
3.63382e-09
3.8207e-09
3.68736e-09
3.82618e-09
3.47396e-09
3.65569e-09
3.47077e-09
3.74586e-09
3.8096e-09
3.34763e-09
3.87272e-09
3.94593e-09
3.25138e-09
2.7854e-09
2.60146e-09
2.78619e-09
2.61345e-09
3.2942e-09
3.93926e-09
3.91242e-09
3.33692e-09
2.79028e-09
2.65452e-09
2.74225e-09
2.64872e-09
4.1667e-09
4.27366e-09
5.10986e-09
6.14933e-09
5.44055e-09
5.02403e-09
5.33155e-09
5.13223e-09
4.88455e-09
6.12116e-09
4.95676e-09
5.23479e-09
7.58546e-09
8.48356e-09
7.34441e-09
8.82494e-09
7.81498e-09
9.42376e-09
9.07766e-09
8.06752e-09
4.17245e-09
4.05805e-09
4.63577e-09
5.803e-09
4.77544e-09
4.69816e-09
4.85805e-09
5.03002e-09
4.81488e-09
5.78737e-09
4.73429e-09
4.93975e-09
8.69979e-09
1.03839e-08
1.01459e-08
8.90323e-09
8.50946e-09
9.64859e-09
9.94392e-09
8.2776e-09
4.68011e-09
4.54287e-09
5.2042e-09
6.44523e-09
5.53925e-09
5.27102e-09
5.64837e-09
5.8382e-09
5.4321e-09
6.49879e-09
5.35166e-09
5.7333e-09
9.90813e-09
1.16173e-08
1.00324e-08
1.14904e-08
9.80454e-09
1.12385e-08
1.13823e-08
9.67008e-09
4.71e-09
4.82383e-09
5.73572e-09
6.18791e-09
6.81599e-09
5.66761e-09
6.09568e-09
5.92576e-09
5.53011e-09
6.7569e-09
5.59122e-09
6.02438e-09
9.25119e-09
1.05697e-08
1.07709e-08
9.07626e-09
9.38734e-09
1.11053e-08
1.09231e-08
9.54652e-09
3.1971e-09
3.09567e-09
3.99428e-09
3.68613e-09
3.86146e-09
4.06913e-09
3.66102e-09
3.93433e-09
4.11224e-09
3.99435e-09
4.1662e-09
3.75052e-09
3.85662e-09
3.71055e-09
4.07848e-09
4.11707e-09
3.69385e-09
4.26027e-09
4.35021e-09
3.5847e-09
3.02684e-09
2.79579e-09
3.04519e-09
2.75676e-09
3.67429e-09
4.38582e-09
3.72598e-09
4.34375e-09
3.00104e-09
2.66845e-09
2.93576e-09
2.72918e-09
3.21757e-09
3.30223e-09
4.22099e-09
3.9684e-09
4.40101e-09
4.06625e-09
4.30985e-09
3.92192e-09
4.34419e-09
4.21246e-09
4.27845e-09
3.88546e-09
4.0597e-09
3.86822e-09
4.14254e-09
4.33099e-09
3.45949e-09
4.14875e-09
4.10942e-09
3.52255e-09
2.86551e-09
2.5856e-09
2.80479e-09
2.62101e-09
3.4977e-09
4.04474e-09
3.38404e-09
4.13108e-09
2.87994e-09
2.65242e-09
2.9019e-09
2.62447e-09
8.67588e-09
8.3252e-09
7.7135e-09
8.05814e-09
7.14595e-09
7.29949e-09
7.54821e-09
7.2694e-09
1.59714e-08
1.70033e-08
6.30413e-09
6.50522e-09
7.28226e-09
7.27211e-09
6.86998e-09
7.91221e-09
1.4825e-08
1.36805e-08
1.80453e-08
1.85729e-08
1.86357e-08
1.37402e-08
1.4764e-08
1.31785e-08
1.67132e-08
1.19995e-08
1.5238e-08
1.35251e-08
1.61807e-08
1.16129e-08
1.2506e-08
1.01972e-08
1.4421e-08
1.4402e-08
1.53457e-08
1.09607e-08
1.17812e-08
1.55928e-08
1.45087e-08
1.95902e-08
1.89412e-08
1.95742e-08
1.56101e-08
1.44957e-08
2.12777e-08
2.04734e-08
2.13328e-08
2.14508e-08
2.05312e-08
2.14013e-08
2.11999e-08
2.02773e-08
2.1134e-08
2.01959e-08
2.09658e-08
2.10424e-08
1.91551e-08
1.83371e-08
1.94356e-08
1.98584e-08
1.86417e-08
1.96833e-08
1.38822e-08
1.7081e-08
1.22672e-08
1.64552e-08
1.37671e-08
1.73116e-08
1.24439e-08
1.39908e-08
1.27595e-08
1.76395e-08
1.66971e-08
1.7502e-08
1.40668e-08
1.26212e-08
1.86967e-08
1.68638e-08
1.81193e-08
1.59636e-08
1.62983e-08
1.71681e-08
1.58255e-08
1.97724e-08
1.92218e-08
1.46105e-08
1.47304e-08
1.98485e-08
1.57501e-08
1.58698e-08
1.93107e-08
1.48255e-08
1.9908e-08
1.45481e-08
1.82159e-08
1.76911e-08
1.33404e-08
1.34254e-08
1.82985e-08
1.44732e-08
1.46254e-08
1.36e-08
1.84787e-08
1.77928e-08
1.46962e-08
1.35236e-08
1.84071e-08
2.23375e-08
2.14918e-08
2.24215e-08
2.15746e-08
2.24839e-08
1.56379e-08
1.96844e-08
1.45079e-08
1.89366e-08
1.56821e-08
1.96377e-08
1.44681e-08
1.5619e-08
1.45014e-08
1.9607e-08
1.89355e-08
1.56173e-08
1.96057e-08
1.44727e-08
2.15091e-08
2.06687e-08
2.15491e-08
2.05548e-08
1.98125e-08
2.06556e-08
2.08623e-08
1.9926e-08
2.07749e-08
2.04248e-08
1.94241e-08
2.0308e-08
2.00295e-08
1.92566e-08
2.01604e-08
1.43131e-08
1.80999e-08
1.32338e-08
1.73442e-08
1.43919e-08
1.80071e-08
1.31315e-08
1.42274e-08
1.28926e-08
1.77778e-08
1.72023e-08
1.41525e-08
1.78809e-08
1.30041e-08
1.07583e-08
1.27138e-08
1.00264e-08
1.03801e-08
1.27936e-08
1.04259e-08
1.07125e-08
1.07946e-08
1.05261e-08
1.29366e-08
1.00583e-08
1.28267e-08
1.08533e-08
1.04794e-08
1.05886e-08
1.29774e-08
1.06227e-08
1.08903e-08
9.82966e-09
9.47662e-09
9.19352e-09
1.18508e-08
1.19035e-08
9.52078e-09
9.78811e-09
9.65729e-09
1.16892e-08
9.04451e-09
9.29928e-09
1.17506e-08
9.35298e-09
9.60802e-09
9.69885e-09
9.43536e-09
9.07477e-09
1.18297e-08
1.17626e-08
9.39043e-09
9.74329e-09
9.15475e-09
1.1219e-08
8.62204e-09
8.79225e-09
1.13185e-08
8.87368e-09
9.07266e-09
9.2237e-09
9.00783e-09
1.14439e-08
8.66681e-09
1.13386e-08
9.29732e-09
8.93729e-09
9.49257e-09
1.16655e-08
9.24858e-09
8.89836e-09
9.55234e-09
1.15807e-08
9.19297e-09
9.43658e-09
9.07393e-09
8.85912e-09
1.14748e-08
1.15613e-08
9.1418e-09
9.36724e-09
6.62994e-09
9.43509e-09
6.68808e-09
6.88245e-09
9.13326e-09
6.78e-09
6.78114e-09
6.47972e-09
6.5181e-09
6.66231e-09
8.73343e-09
9.11641e-09
6.64681e-09
6.31733e-09
5.8826e-09
7.68299e-09
5.78761e-09
5.89483e-09
8.10887e-09
6.03416e-09
5.78849e-09
5.99898e-09
6.33414e-09
5.90119e-09
8.64355e-09
8.17912e-09
6.18832e-09
6.1402e-09
5.66064e-09
7.58796e-09
5.75097e-09
4.94244e-09
5.66493e-09
7.22467e-09
5.61778e-09
5.66555e-09
5.20962e-09
4.81352e-09
6.86931e-09
7.19334e-09
5.45433e-09
5.39575e-09
1.05909e-08
1.26567e-08
9.87566e-09
1.0279e-08
1.26401e-08
1.02717e-08
1.06005e-08
1.05814e-08
1.02452e-08
9.86793e-09
1.26151e-08
1.26379e-08
1.02627e-08
1.05633e-08
1.06492e-08
1.26853e-08
1.03411e-08
9.9079e-09
1.06789e-08
1.26232e-08
1.03125e-08
1.0633e-08
1.02812e-08
9.89093e-09
1.26119e-08
1.26155e-08
1.02976e-08
1.06242e-08
1.0613e-08
1.26549e-08
9.88608e-09
1.02846e-08
1.26401e-08
1.06103e-08
1.02921e-08
1.0616e-08
1.02864e-08
9.888e-09
1.2619e-08
1.2627e-08
1.02837e-08
1.06133e-08
7.10928e-09
9.45082e-09
7.15773e-09
7.01592e-09
9.70167e-09
6.94802e-09
7.12589e-09
7.26488e-09
7.37818e-09
7.17295e-09
9.97076e-09
9.71118e-09
7.25884e-09
7.44004e-09
7.91843e-09
1.04653e-08
7.64268e-09
7.89964e-09
1.02642e-08
7.78396e-09
8.06756e-09
7.77521e-09
7.52809e-09
7.59775e-09
1.001e-08
1.0238e-08
7.65562e-09
7.60315e-09
8.8893e-09
1.11873e-08
8.71306e-09
8.39117e-09
8.98554e-09
1.10579e-08
8.62676e-09
8.79853e-09
8.44224e-09
8.33763e-09
1.08922e-08
1.10305e-08
8.5424e-09
8.68669e-09
8.33748e-09
1.04974e-08
7.9861e-09
8.01787e-09
1.06589e-08
8.20308e-09
8.1316e-09
8.45197e-09
8.33889e-09
8.03951e-09
1.08517e-08
1.06857e-08
8.23422e-09
8.57561e-09
)
;

boundaryField
{
    left
    {
        type            calculated;
        value           nonuniform List<scalar> 0();
    }
    bottom
    {
        type            calculated;
        value           nonuniform List<scalar> 
214
(
1.66702e-08
1.58564e-08
1.40797e-08
1.67568e-08
1.59984e-08
1.44927e-08
1.71234e-08
1.64295e-08
1.53181e-08
1.69959e-08
1.63353e-08
1.51122e-08
9.67227e-09
9.61791e-09
1.6592e-08
9.13207e-09
9.03292e-09
1.56953e-08
8.67459e-09
8.09581e-09
1.30272e-08
1.68382e-08
9.78699e-09
9.72963e-09
1.61237e-08
9.3027e-09
9.22204e-09
1.47163e-08
8.6843e-09
8.72647e-09
5.52615e-09
9.9896e-09
5.22106e-09
5.2619e-09
5.12054e-09
5.207e-09
1.65152e-08
9.56401e-09
9.50564e-09
4.65864e-09
4.80027e-09
4.49541e-09
4.62427e-09
1.55151e-08
8.92719e-09
8.82105e-09
3.85516e-09
4.87052e-09
3.51044e-09
1.30707e-08
6.39204e-09
1.53333e-08
9.91314e-09
9.84514e-09
1.69071e-08
5.3791e-09
5.49763e-09
5.27515e-09
5.35428e-09
9.4425e-09
9.37517e-09
1.62344e-08
4.98486e-09
5.09382e-09
4.8336e-09
4.9559e-09
8.73002e-09
8.67717e-09
1.4909e-08
4.52368e-09
4.48305e-09
4.9229e-09
4.60221e-09
1.46561e-08
8.51022e-09
1.74053e-08
5.58253e-09
5.6167e-09
5.24611e-09
5.25491e-09
5.16464e-09
5.18775e-09
4.71785e-09
4.75368e-09
4.54309e-09
4.57309e-09
4.24375e-09
4.71548e-09
4.2309e-09
3.06125e-09
7.53301e-09
4.80898e-09
5.43129e-09
5.4622e-09
5.30877e-09
5.32933e-09
5.03338e-09
5.06179e-09
4.88737e-09
4.91912e-09
4.48794e-09
4.46524e-09
4.82092e-09
4.70721e-09
1.07959e-08
9.98307e-09
1.24879e-08
5.86642e-09
7.92874e-09
9.01115e-09
1.58846e-08
1.19388e-08
1.0237e-08
5.92205e-09
5.95675e-09
5.76149e-09
5.80535e-09
6.00696e-09
5.25937e-09
5.24588e-09
5.20048e-09
5.20312e-09
5.24257e-09
5.22025e-09
5.24684e-09
5.22823e-09
5.10818e-09
5.1278e-09
4.98925e-09
5.02148e-09
5.19715e-09
5.18757e-09
5.15563e-09
5.16473e-09
3.93126e-09
3.98466e-09
3.72677e-09
3.79761e-09
4.17981e-09
4.21172e-09
4.04127e-09
4.09077e-09
3.26917e-09
3.34419e-09
3.02416e-09
3.1181e-09
3.61048e-09
3.66342e-09
3.41559e-09
3.49231e-09
2.49966e-09
2.8062e-09
1.88851e-09
2.08492e-09
3.25614e-09
3.22558e-09
3.17848e-09
3.26906e-09
3.17957e-09
4.29199e-09
2.51528e-09
2.44462e-09
3.44473e-09
2.78911e-09
6.39509e-09
5.74108e-09
5.54787e-09
5.56901e-09
5.42243e-09
5.45224e-09
5.6966e-09
5.70889e-09
5.60817e-09
5.63351e-09
5.31718e-09
5.32455e-09
5.23498e-09
5.24474e-09
5.39608e-09
5.39711e-09
5.34874e-09
5.35758e-09
4.79723e-09
4.82637e-09
4.66054e-09
4.69991e-09
4.93981e-09
4.95298e-09
4.86312e-09
4.88646e-09
4.42362e-09
4.46082e-09
4.26098e-09
4.31154e-09
4.60196e-09
4.62033e-09
4.50496e-09
4.53707e-09
2.59769e-09
2.64851e-09
2.49994e-09
2.53582e-09
2.88901e-09
2.95778e-09
2.69004e-09
2.77394e-09
2.93442e-09
2.83566e-09
3.18679e-09
3.11441e-09
2.5643e-09
2.53954e-09
2.69644e-09
2.64057e-09
)
;
    }
    interface
    {
        type            calculated;
        value           nonuniform List<scalar> 
1684
(
4.99237e-09
5.07454e-09
4.34388e-09
4.59474e-09
2.64197e-09
3.29361e-09
5.16431e-09
5.07285e-09
4.77348e-09
4.60707e-09
3.45706e-09
3.2795e-09
5.29364e-09
4.99394e-09
4.90203e-09
4.31979e-09
3.94823e-09
2.21704e-09
5.16616e-09
5.29398e-09
4.77888e-09
4.89967e-09
3.47869e-09
3.91133e-09
1.12513e-08
1.19929e-08
1.60906e-08
8.04154e-09
1.33731e-08
1.72252e-08
5.03444e-09
5.03319e-09
4.47177e-09
4.48983e-09
3.21213e-09
3.23939e-09
5.11304e-09
5.11424e-09
4.70143e-09
4.69273e-09
3.32393e-09
3.33016e-09
5.35188e-09
5.34966e-09
4.95033e-09
4.94992e-09
4.16321e-09
4.13157e-09
1.35325e-09
1.09851e-08
1.25772e-08
7.49861e-09
1.62559e-08
9.67597e-09
5.08083e-09
4.80044e-09
7.33255e-09
9.25773e-09
3.62343e-09
3.50937e-09
5.15865e-09
3.95961e-09
9.90086e-09
5.01487e-09
3.22931e-09
4.44426e-09
4.30189e-09
3.45045e-09
5.23023e-09
5.23505e-09
4.84049e-09
4.84477e-09
3.67142e-09
3.70801e-09
1.32919e-08
1.74146e-08
1.01404e-08
5.01032e-09
5.03813e-09
4.40383e-09
4.53249e-09
2.95885e-09
3.24277e-09
5.1221e-09
5.09078e-09
4.72486e-09
4.64765e-09
3.36842e-09
3.30952e-09
5.31994e-09
6.47537e-09
4.58502e-09
4.65534e-09
6.15376e-09
6.23179e-09
4.95733e-09
4.92362e-09
3.95421e-09
4.18154e-09
4.23657e-09
4.03065e-09
1.68462e-09
2.72856e-09
2.50366e-09
5.19185e-09
5.24867e-09
4.74365e-09
4.66339e-09
6.33013e-09
6.24092e-09
6.34158e-09
6.45998e-09
4.80728e-09
4.85851e-09
5.90458e-09
5.73744e-09
5.92333e-09
6.04122e-09
4.37417e-09
4.48307e-09
3.55976e-09
3.80712e-09
3.16763e-09
3.07781e-09
4.42574e-09
4.95242e-09
3.19029e-09
3.5379e-09
1.31385e-08
1.07657e-08
1.3549e-08
1.01902e-08
1.44948e-08
1.5169e-08
9.64894e-09
9.23847e-09
1.46842e-08
1.6193e-08
4.99757e-09
5.0507e-09
4.39987e-09
4.53898e-09
3.07729e-09
3.2819e-09
5.13321e-09
5.07646e-09
4.73483e-09
4.63805e-09
3.3793e-09
3.27226e-09
5.38961e-09
5.30031e-09
7.92028e-09
7.05971e-09
1.19052e-08
1.19281e-08
6.95961e-09
7.82189e-09
7.8439e-09
7.88833e-09
7.03364e-09
4.55756e-09
5.81288e-09
3.72797e-09
4.55163e-09
5.78018e-09
5.81348e-09
3.75391e-09
5.76067e-09
6.1162e-09
6.12094e-09
4.63726e-09
4.61645e-09
5.76314e-09
5.75823e-09
4.31517e-09
5.48037e-09
5.50272e-09
3.52874e-09
4.3134e-09
3.52153e-09
5.45331e-09
5.82844e-09
5.795e-09
4.29528e-09
3.50517e-09
4.29182e-09
3.51923e-09
6.64481e-09
7.50127e-09
7.5339e-09
6.67995e-09
7.52144e-09
1.15903e-08
1.0397e-08
1.01327e-08
1.01248e-08
1.04071e-08
1.15782e-08
6.19736e-09
6.72215e-09
7.5766e-09
7.54521e-09
6.68796e-09
7.55838e-09
1.03477e-08
1.00663e-08
1.00772e-08
1.0338e-08
1.15269e-08
1.15203e-08
1.15404e-08
4.96916e-09
4.91133e-09
6.63534e-09
7.48859e-09
7.47709e-09
6.10663e-09
7.45454e-09
6.59849e-09
1.14121e-08
1.13995e-08
1.02388e-08
9.95101e-09
9.96741e-09
1.02215e-08
1.03149e-08
1.00502e-08
1.03227e-08
1.00435e-08
1.14885e-08
6.54488e-09
7.39916e-09
7.43939e-09
6.58696e-09
4.54489e-09
5.36525e-09
5.74325e-09
5.40106e-09
5.71046e-09
4.21833e-09
3.43855e-09
4.2146e-09
5.34544e-09
5.37627e-09
3.4574e-09
5.6551e-09
5.65768e-09
4.26549e-09
3.49423e-09
4.26414e-09
3.4847e-09
5.02344e-09
5.05972e-09
4.729e-09
3.8556e-09
4.88864e-09
4.94122e-09
3.15714e-09
3.85369e-09
4.94607e-09
3.13869e-09
4.89521e-09
5.25871e-09
5.20828e-09
3.7388e-09
3.05016e-09
3.73804e-09
3.07387e-09
5.5759e-09
5.92724e-09
6.75521e-09
6.88547e-09
6.0578e-09
1.09312e-08
9.79244e-09
9.55344e-09
9.52475e-09
9.82633e-09
1.08945e-08
6.19504e-09
7.02995e-09
6.92859e-09
6.09197e-09
1.07014e-08
4.23477e-09
4.03688e-09
5.88541e-09
6.70124e-09
5.25129e-09
6.5355e-09
5.72066e-09
6.59733e-09
1.01431e-08
1.02246e-08
1.05276e-08
1.04629e-08
5.46603e-09
6.25922e-09
6.33597e-09
6.46743e-09
5.66859e-09
4.95016e-09
4.65162e-09
4.88703e-09
3.43945e-09
2.85322e-09
3.44382e-09
4.36276e-09
2.87407e-09
3.74064e-09
4.37365e-09
4.61322e-09
4.66825e-09
3.60564e-09
2.97741e-09
3.60222e-09
2.95689e-09
2.57696e-09
2.66432e-09
3.07638e-09
3.42026e-09
2.57422e-09
2.89261e-09
2.54442e-09
3.07683e-09
3.4475e-09
3.69961e-09
3.59163e-09
3.30019e-09
2.14794e-09
3.45702e-09
2.17541e-09
3.69624e-09
3.24313e-09
3.53672e-09
4.14567e-09
3.93698e-09
3.97937e-09
6.72345e-09
6.96013e-09
6.50272e-09
3.74427e-09
4.26741e-09
4.58711e-09
4.29069e-09
4.01566e-09
5.83432e-09
5.91597e-09
1.59668e-09
1.04613e-08
1.30744e-08
1.12635e-08
1.49152e-08
9.65476e-09
9.62108e-09
1.45547e-08
1.58707e-08
7.72378e-09
9.48064e-09
5.4417e-09
5.84878e-09
6.24118e-09
5.36075e-09
8.6541e-09
6.45147e-09
8.53483e-09
7.19358e-09
3.60274e-09
2.9846e-09
7.62148e-09
3.60458e-09
5.66099e-09
3.10553e-09
2.97628e-09
3.19187e-09
2.86372e-09
2.43678e-09
2.13833e-09
2.14065e-09
8.17327e-09
6.08775e-09
5.02399e-09
6.85449e-09
7.95466e-09
5.69173e-09
4.19213e-09
4.13975e-09
1.99321e-09
1.51272e-09
2.93775e-09
2.78403e-09
1.39516e-09
2.48947e-09
2.73566e-09
2.59581e-09
4.441e-09
4.74149e-09
3.41147e-09
4.08101e-09
4.74984e-09
2.95467e-09
4.2785e-09
2.75649e-09
2.36288e-09
1.70525e-09
2.56801e-09
1.41523e-09
5.18279e-09
5.26192e-09
5.55217e-09
5.93599e-09
5.89772e-09
4.34146e-09
5.5378e-09
5.54188e-09
3.53946e-09
4.33732e-09
5.55167e-09
3.55664e-09
5.84898e-09
5.84532e-09
4.38493e-09
3.58944e-09
4.38329e-09
3.57911e-09
6.2858e-09
6.82086e-09
7.67505e-09
7.63938e-09
6.78031e-09
1.16338e-08
1.0443e-08
1.01528e-08
1.04261e-08
1.01682e-08
1.16479e-08
6.73166e-09
7.59024e-09
7.60348e-09
7.62414e-09
6.76871e-09
1.17054e-08
1.16902e-08
6.39544e-09
6.83033e-09
7.68692e-09
7.73095e-09
6.87832e-09
7.71043e-09
1.18251e-08
1.18512e-08
6.94164e-09
7.79535e-09
7.7425e-09
6.88637e-09
1.1741e-08
1.17367e-08
1.17585e-08
5.61024e-09
5.96437e-09
5.96311e-09
4.49328e-09
5.69638e-09
5.72773e-09
3.68633e-09
4.49206e-09
5.72879e-09
3.67009e-09
5.68758e-09
6.07889e-09
5.73314e-09
6.03323e-09
4.43465e-09
3.61349e-09
4.4319e-09
3.6341e-09
4.79577e-09
4.86927e-09
4.29943e-09
5.10235e-09
5.46971e-09
5.4278e-09
3.94885e-09
5.04753e-09
3.21052e-09
3.94675e-09
3.23237e-09
4.279e-09
5.00398e-09
5.3098e-09
5.00178e-09
5.3293e-09
4.03123e-09
3.29486e-09
4.02978e-09
3.27986e-09
6.39359e-09
7.23825e-09
7.17351e-09
6.32662e-09
7.19842e-09
1.10419e-08
9.89542e-09
9.59341e-09
9.86206e-09
9.62461e-09
1.10724e-08
5.81657e-09
6.22196e-09
7.06435e-09
7.14531e-09
6.30433e-09
7.11866e-09
1.00293e-08
9.77761e-09
9.76044e-09
1.00495e-08
1.11848e-08
1.12117e-08
1.1161e-08
5.97772e-09
6.41153e-09
7.26137e-09
7.31635e-09
6.46828e-09
1.1358e-08
1.01873e-08
9.9292e-09
1.02013e-08
9.9179e-09
1.13406e-08
6.53186e-09
7.38193e-09
7.36675e-09
7.33603e-09
6.48356e-09
1.00962e-08
9.80542e-09
1.00745e-08
9.8263e-09
1.12575e-08
5.1795e-09
5.50683e-09
5.18733e-09
5.51536e-09
4.16365e-09
5.27359e-09
3.40562e-09
4.16228e-09
5.30395e-09
3.3925e-09
5.62554e-09
5.5873e-09
4.09954e-09
3.33439e-09
4.09667e-09
3.35417e-09
3.56658e-09
3.79617e-09
3.77595e-09
4.05326e-09
4.00205e-09
2.85833e-09
3.65688e-09
2.70014e-09
2.93834e-09
3.65067e-09
2.67448e-09
3.81808e-09
3.63408e-09
3.86988e-09
2.98503e-09
2.6726e-09
2.93947e-09
2.68999e-09
4.76935e-09
5.4007e-09
5.07941e-09
4.51133e-09
7.47563e-09
7.71364e-09
4.14338e-09
4.27795e-09
4.68715e-09
4.7806e-09
4.96697e-09
4.47392e-09
4.87066e-09
8.60771e-09
4.82834e-09
5.51345e-09
5.81533e-09
5.09496e-09
5.71671e-09
9.83314e-09
5.4061e-09
6.17575e-09
6.09191e-09
5.91627e-09
5.16151e-09
6.00902e-09
9.16118e-09
8.99061e-09
3.33239e-09
3.93806e-09
4.14651e-09
4.19671e-09
3.2738e-09
2.77357e-09
3.26081e-09
2.76224e-09
3.37606e-09
4.1692e-09
4.51477e-09
4.24029e-09
4.44157e-09
3.08043e-09
2.69976e-09
3.10504e-09
2.69854e-09
1.59297e-08
1.70262e-08
5.9244e-09
6.63379e-09
4.88327e-09
6.14366e-09
6.05477e-09
4.57686e-09
4.49585e-09
5.45087e-09
5.70974e-09
5.40888e-09
5.00899e-09
3.91649e-09
3.5863e-09
2.81745e-09
3.09295e-09
2.97814e-09
3.98244e-09
4.75837e-09
4.8729e-09
4.35734e-09
4.20658e-09
4.38052e-09
3.97968e-09
6.55211e-09
1.41304e-08
1.42478e-08
1.42793e-08
6.53184e-09
4.94688e-09
3.57822e-09
3.65703e-09
4.93439e-09
5.87415e-09
3.69033e-09
3.31087e-09
5.49663e-09
3.32262e-09
4.62536e-09
3.29671e-09
3.3111e-09
6.1884e-09
1.38525e-08
1.38125e-08
1.37668e-08
1.37946e-08
1.36341e-08
1.3684e-08
1.37485e-08
1.37037e-08
6.09507e-09
5.36022e-09
3.19693e-09
3.24762e-09
4.53482e-09
5.39674e-09
3.28043e-09
5.41607e-09
3.26981e-09
4.06353e-09
2.84497e-09
2.7837e-09
4.0946e-09
4.80886e-09
2.66192e-09
2.75024e-09
1.31898e-08
1.30616e-08
5.61007e-09
1.28475e-08
1.30148e-08
1.22242e-08
1.25024e-08
1.28036e-08
1.25839e-08
5.20141e-09
3.78537e-09
4.45659e-09
2.43751e-09
2.52109e-09
4.56454e-09
2.62834e-09
4.6511e-09
2.55064e-09
3.16804e-09
2.71979e-09
3.528e-09
2.49489e-09
3.21732e-09
1.69388e-09
2.81999e-09
2.28726e-09
8.69078e-09
7.79183e-09
7.05026e-09
7.5607e-09
7.09659e-09
7.17033e-09
7.31267e-09
4.42009e-09
2.91566e-09
3.18529e-09
1.65589e-09
1.47648e-09
1.36652e-08
1.37719e-08
1.38036e-08
1.34136e-08
1.34621e-08
1.35182e-08
1.34816e-08
1.36338e-08
1.35858e-08
1.35403e-08
1.3559e-08
4.70567e-09
3.32782e-09
5.52755e-09
3.36028e-09
4.69696e-09
5.57409e-09
3.39806e-09
3.38105e-09
1.38716e-08
1.39219e-08
6.27538e-09
1.39853e-08
1.39419e-08
1.40998e-08
1.40433e-08
6.40752e-09
1.40053e-08
1.40194e-08
4.80585e-09
3.54424e-09
3.50318e-09
4.8261e-09
5.65189e-09
3.42e-09
5.63921e-09
3.47507e-09
1.33941e-08
1.33605e-08
1.3312e-08
1.33415e-08
1.31865e-08
1.32352e-08
1.32926e-08
1.32551e-08
1.27995e-08
1.2892e-08
1.2998e-08
1.2925e-08
1.3164e-08
1.31123e-08
1.3027e-08
1.30876e-08
5.0533e-09
2.87706e-09
5.01572e-09
2.94933e-09
3.02181e-09
2.97944e-09
5.83919e-09
1.32281e-08
1.33252e-08
1.34398e-08
1.33566e-08
1.36127e-08
1.35529e-08
5.99356e-09
1.34667e-08
1.35291e-08
4.42504e-09
3.17072e-09
5.30241e-09
3.13759e-09
4.44014e-09
3.05036e-09
3.11092e-09
1.2758e-08
1.26439e-08
1.24269e-08
1.25956e-08
1.18232e-08
1.20908e-08
1.23855e-08
1.21834e-08
8.43233e-09
9.40507e-09
1.04513e-08
9.69964e-09
1.17113e-08
1.13335e-08
1.06723e-08
1.11865e-08
3.09058e-09
3.66001e-09
2.72289e-09
2.6267e-09
3.09984e-09
2.45505e-09
3.80536e-09
2.5677e-09
4.16181e-09
9.00668e-09
9.91822e-09
1.08942e-08
1.017e-08
4.66783e-09
1.21284e-08
1.17412e-08
4.72504e-09
1.10843e-08
1.1605e-08
4.13459e-09
2.42012e-09
4.24028e-09
2.38173e-09
2.41646e-09
2.38797e-09
8.01479e-09
7.10706e-09
6.50968e-09
6.76931e-09
6.01009e-09
6.43426e-09
6.50822e-09
6.49012e-09
4.89602e-09
5.77334e-09
4.58869e-09
5.40803e-09
5.42719e-09
4.61937e-09
5.48959e-09
6.16376e-09
6.20668e-09
6.11822e-09
6.06746e-09
4.5406e-09
4.50465e-09
5.312e-09
5.32551e-09
3.99972e-09
4.74691e-09
4.12203e-09
4.9455e-09
5.5003e-09
5.6612e-09
5.3383e-09
5.08646e-09
3.83819e-09
4.5896e-09
3.65124e-09
4.33823e-09
3.03821e-09
2.92448e-09
2.7845e-09
3.02956e-09
3.53507e-09
3.35048e-09
3.86431e-09
2.35763e-09
2.53605e-09
1.88237e-09
4.70263e-09
5.59212e-09
4.66743e-09
5.49817e-09
5.51669e-09
6.29877e-09
6.24989e-09
6.36022e-09
6.42707e-09
4.76698e-09
5.62743e-09
4.82747e-09
4.30995e-09
5.14524e-09
4.23391e-09
5.86875e-09
5.76736e-09
5.94219e-09
6.01197e-09
4.38969e-09
4.4421e-09
5.25146e-09
5.29099e-09
3.09228e-09
3.8261e-09
3.09878e-09
3.66825e-09
4.2681e-09
4.06444e-09
4.52356e-09
4.85198e-09
3.24657e-09
3.90797e-09
3.4422e-09
1.24335e-08
1.2046e-08
1.35986e-08
1.10063e-08
6.58291e-09
7.08814e-09
7.94505e-09
1.07344e-08
1.05043e-08
1.07763e-08
1.04707e-08
1.41617e-08
1.18796e-08
1.19645e-08
1.41947e-08
1.06862e-08
1.03701e-08
1.04054e-08
1.06456e-08
1.20058e-08
1.05819e-08
1.06067e-08
1.08406e-08
1.1981e-08
1.43125e-08
6.49559e-09
6.97928e-09
6.99067e-09
7.86833e-09
6.21338e-09
5.8559e-09
6.21802e-09
4.96813e-09
5.84783e-09
5.8049e-09
4.55488e-09
3.69007e-09
3.61079e-09
4.51072e-09
3.73843e-09
3.65811e-09
5.76389e-09
6.17022e-09
6.11982e-09
4.88384e-09
5.81164e-09
5.90748e-09
4.6016e-09
3.77002e-09
5.78214e-09
5.45224e-09
5.75138e-09
5.40785e-09
4.58137e-09
5.44005e-09
5.44766e-09
4.29821e-09
3.49395e-09
3.33752e-09
5.50431e-09
4.28376e-09
3.50672e-09
3.32664e-09
5.79942e-09
5.79399e-09
4.62913e-09
5.44801e-09
5.46523e-09
5.4619e-09
4.27565e-09
3.47933e-09
3.30952e-09
5.4718e-09
4.2627e-09
3.4926e-09
3.33461e-09
6.16287e-09
6.65204e-09
7.51473e-09
6.65488e-09
1.03835e-08
1.01019e-08
1.01122e-08
1.03728e-08
1.15702e-08
1.16058e-08
1.38337e-08
1.3818e-08
6.20755e-09
6.69728e-09
7.56539e-09
6.69507e-09
1.03559e-08
1.00909e-08
1.00853e-08
1.03607e-08
1.1552e-08
1.37696e-08
1.37836e-08
6.61081e-09
6.1178e-09
6.60689e-09
7.46813e-09
1.02528e-08
1.14285e-08
9.99538e-09
1.02652e-08
9.98402e-09
1.36458e-08
1.14456e-08
1.36634e-08
1.03005e-08
1.14749e-08
1.00169e-08
1.00301e-08
1.02849e-08
1.14634e-08
1.15031e-08
1.37312e-08
1.37155e-08
6.06843e-09
6.55531e-09
7.41545e-09
6.56008e-09
7.42577e-09
5.71127e-09
5.37654e-09
5.7104e-09
4.5514e-09
5.36219e-09
5.42357e-09
5.36423e-09
4.20905e-09
3.40505e-09
3.2219e-09
4.17685e-09
3.44074e-09
3.25729e-09
5.31205e-09
5.68712e-09
5.65169e-09
4.49682e-09
5.34716e-09
5.42448e-09
4.23945e-09
3.46264e-09
3.30228e-09
4.23816e-09
3.46199e-09
3.28536e-09
5.11649e-09
5.06112e-09
4.7563e-09
3.99549e-09
4.81002e-09
4.74599e-09
3.80595e-09
3.13978e-09
2.8483e-09
4.93558e-09
3.84753e-09
3.10392e-09
2.81623e-09
5.17648e-09
5.20382e-09
4.13064e-09
4.8859e-09
4.87507e-09
4.79282e-09
3.74838e-09
3.00584e-09
2.70284e-09
4.80771e-09
3.67355e-09
3.0683e-09
2.74473e-09
5.51735e-09
5.97426e-09
6.80448e-09
5.9994e-09
6.84298e-09
9.75774e-09
9.44942e-09
9.48736e-09
9.71386e-09
1.09722e-08
1.31427e-08
1.08519e-08
1.31064e-08
5.64904e-09
6.14708e-09
6.99722e-09
6.12835e-09
6.96713e-09
1.07526e-08
9.6247e-09
9.39927e-09
9.36023e-09
9.66842e-09
1.06506e-08
1.29024e-08
9.58494e-09
9.266e-09
9.31456e-09
9.53271e-09
1.08031e-08
1.29587e-08
5.81521e-09
6.64833e-09
5.31456e-09
5.78211e-09
9.14906e-09
8.95716e-09
1.0313e-08
9.22409e-09
8.89287e-09
1.23237e-08
1.00495e-08
1.24038e-08
9.08146e-09
8.74257e-09
8.81851e-09
8.99452e-09
9.3652e-09
9.03481e-09
9.09634e-09
9.29379e-09
1.05949e-08
1.2727e-08
9.42139e-09
9.20508e-09
9.47856e-09
9.1568e-09
1.03914e-08
1.26611e-08
5.11614e-09
5.54172e-09
5.58313e-09
6.40008e-09
4.83043e-09
4.87697e-09
4.57357e-09
3.84186e-09
4.54503e-09
4.42647e-09
3.46424e-09
2.80458e-09
2.48102e-09
4.44427e-09
3.35923e-09
2.87441e-09
2.50998e-09
4.74507e-09
4.67645e-09
3.65195e-09
4.39026e-09
4.45692e-09
4.636e-09
3.53644e-09
2.9672e-09
2.62348e-09
4.62793e-09
3.60977e-09
2.91421e-09
2.59211e-09
3.05676e-09
3.17492e-09
2.87764e-09
3.04042e-09
3.01655e-09
2.93023e-09
3.53515e-09
3.07791e-09
2.62468e-09
2.68392e-09
3.49017e-09
2.86923e-09
2.40812e-09
2.63726e-09
3.38204e-09
3.32476e-09
3.47327e-09
3.11283e-09
3.29036e-09
3.07714e-09
3.25164e-09
2.03916e-09
1.84991e-09
3.32763e-09
2.28748e-09
2.06746e-09
3.41262e-09
3.55454e-09
3.78778e-09
3.70372e-09
6.38815e-09
6.4271e-09
6.52197e-09
6.24083e-09
8.37571e-09
6.5458e-09
6.74572e-09
6.65973e-09
6.68266e-09
6.28332e-09
8.1023e-09
3.89786e-09
4.15096e-09
4.49344e-09
4.15445e-09
4.40703e-09
5.91444e-09
6.24184e-09
6.15745e-09
6.04173e-09
5.72697e-09
7.25897e-09
5.77429e-09
5.95747e-09
6.0214e-09
5.67446e-09
6.09453e-09
7.31608e-09
1.26543e-08
1.33616e-08
1.17965e-08
1.42131e-08
7.81709e-09
6.50398e-09
6.64848e-09
7.38283e-09
6.50023e-09
4.11456e-09
5.50466e-09
4.85698e-09
2.55581e-09
2.11534e-09
2.22608e-09
2.46275e-09
4.88863e-09
5.27606e-09
5.14947e-09
5.3148e-09
4.44598e-09
4.58041e-09
5.99423e-09
5.58123e-09
5.28775e-09
5.54088e-09
5.28026e-09
5.63645e-09
7.20552e-09
5.51071e-09
5.83214e-09
5.5828e-09
5.7092e-09
5.74488e-09
7.60036e-09
2.8848e-09
2.19608e-09
2.40276e-09
2.90979e-09
2.99441e-09
1.94375e-09
2.37085e-09
2.64451e-09
2.96963e-09
2.31277e-09
3.36716e-09
3.82057e-09
2.56912e-09
5.20095e-09
3.23721e-09
2.69926e-09
1.81348e-09
2.00944e-09
1.57255e-09
2.64161e-09
3.01502e-09
9.10871e-10
1.46008e-09
1.36919e-08
1.37263e-08
1.34225e-08
1.34427e-08
1.35067e-08
1.34917e-08
1.36098e-08
1.3587e-08
1.3537e-08
1.35576e-08
5.90018e-09
5.89769e-09
4.71248e-09
5.54822e-09
5.56365e-09
5.59594e-09
4.32903e-09
3.51125e-09
3.34404e-09
4.30737e-09
3.53593e-09
3.37492e-09
5.87621e-09
5.53467e-09
5.84011e-09
4.65956e-09
5.49927e-09
5.60015e-09
4.35901e-09
3.55934e-09
3.41553e-09
5.59833e-09
4.36196e-09
3.55649e-09
3.3967e-09
6.29834e-09
6.79302e-09
7.66162e-09
6.78936e-09
7.65235e-09
1.04605e-08
1.02023e-08
1.01904e-08
1.04744e-08
1.16646e-08
1.16237e-08
1.38813e-08
1.38996e-08
6.24972e-09
6.73904e-09
6.74234e-09
7.61273e-09
1.05153e-08
1.02309e-08
1.02434e-08
1.16796e-08
1.04999e-08
1.39711e-08
1.17184e-08
1.39542e-08
1.05303e-08
1.0259e-08
1.02553e-08
1.05337e-08
6.35934e-09
6.8431e-09
7.70523e-09
6.84564e-09
1.18076e-08
1.05619e-08
1.02691e-08
1.02825e-08
1.05523e-08
1.407e-08
1.05826e-08
1.03237e-08
1.06065e-08
1.03028e-08
1.17967e-08
1.40467e-08
6.42677e-09
6.90521e-09
7.77502e-09
6.90221e-09
7.76491e-09
1.05511e-08
1.02727e-08
1.02702e-08
1.17687e-08
1.05482e-08
1.40017e-08
1.4017e-08
1.05492e-08
1.02699e-08
1.05468e-08
1.02764e-08
5.99659e-09
5.95595e-09
4.76226e-09
5.61175e-09
5.65063e-09
4.46155e-09
3.65885e-09
3.55543e-09
5.72718e-09
4.4722e-09
3.64161e-09
3.52696e-09
6.02756e-09
5.6915e-09
6.03016e-09
4.83693e-09
5.67863e-09
5.65349e-09
4.42587e-09
3.58047e-09
3.44439e-09
5.66768e-09
4.39418e-09
3.6152e-09
3.48408e-09
1.33785e-08
1.33646e-08
1.33146e-08
1.33321e-08
1.3197e-08
1.32175e-08
1.32785e-08
1.32646e-08
1.28258e-08
1.28603e-08
1.29718e-08
1.29475e-08
1.31437e-08
1.31259e-08
1.30417e-08
1.30666e-08
5.41308e-09
5.11243e-09
5.42644e-09
4.32055e-09
5.0971e-09
5.09882e-09
5.1507e-09
3.94822e-09
3.17215e-09
2.90994e-09
5.06149e-09
3.89692e-09
3.22098e-09
2.95107e-09
5.37089e-09
5.0514e-09
5.32594e-09
4.2266e-09
5.00769e-09
5.15232e-09
3.99333e-09
3.27245e-09
3.03139e-09
5.14825e-09
4.0156e-09
3.25067e-09
3.00457e-09
5.86309e-09
6.35833e-09
7.21691e-09
6.34778e-09
9.92083e-09
9.67752e-09
9.65377e-09
9.94716e-09
1.11043e-08
1.10122e-08
1.32583e-08
1.32883e-08
5.77538e-09
6.24944e-09
7.09587e-09
6.26329e-09
1.00061e-08
9.71155e-09
9.73609e-09
9.97767e-09
1.1136e-08
1.34084e-08
1.33836e-08
5.94546e-09
6.42801e-09
7.28305e-09
6.43609e-09
7.29759e-09
1.017e-08
9.88351e-09
9.90062e-09
1.13243e-08
1.01504e-08
1.13782e-08
1.35884e-08
1.35694e-08
6.00976e-09
6.50316e-09
6.49694e-09
7.35433e-09
1.12787e-08
1.01129e-08
9.86026e-09
9.84552e-09
1.13004e-08
1.01289e-08
1.34835e-08
1.12394e-08
1.35047e-08
5.54899e-09
5.2269e-09
5.21866e-09
5.50985e-09
4.38158e-09
5.1803e-09
5.20387e-09
5.2398e-09
5.30659e-09
4.13179e-09
3.38119e-09
3.18272e-09
4.14403e-09
3.36606e-09
3.15881e-09
5.24724e-09
5.58106e-09
5.58651e-09
4.45258e-09
5.25605e-09
5.2267e-09
4.09439e-09
3.29948e-09
3.0783e-09
4.05493e-09
3.34038e-09
3.11634e-09
1.27175e-08
1.26804e-08
1.24741e-08
1.25431e-08
1.1909e-08
1.20022e-08
1.23237e-08
1.22546e-08
8.74599e-09
9.10021e-09
1.02233e-08
9.96454e-09
1.15956e-08
1.14689e-08
1.08542e-08
1.10208e-08
3.9701e-09
3.75803e-09
4.00577e-09
3.12247e-09
3.77665e-09
3.7605e-09
2.87372e-09
2.64732e-09
2.72989e-09
3.72809e-09
2.86804e-09
2.66764e-09
2.66483e-09
3.89547e-09
3.70122e-09
3.85797e-09
3.0483e-09
3.66277e-09
3.82917e-09
2.90182e-09
2.65431e-09
2.49002e-09
3.78514e-09
2.95947e-09
2.66207e-09
2.55182e-09
4.25286e-09
4.65018e-09
5.29309e-09
4.61087e-09
5.18575e-09
7.17531e-09
7.25688e-09
7.14546e-09
7.3448e-09
7.22741e-09
9.32073e-09
7.01075e-09
6.89424e-09
6.85023e-09
6.99785e-09
7.96214e-09
9.60572e-09
4.04267e-09
4.36365e-09
4.36612e-09
8.40739e-09
7.6913e-09
7.42552e-09
7.54672e-09
7.51949e-09
1.06622e-08
8.80836e-09
8.18144e-09
1.04415e-08
7.83763e-09
7.80232e-09
7.69109e-09
7.98641e-09
4.55536e-09
4.92807e-09
5.61954e-09
4.97936e-09
9.7219e-09
8.72261e-09
8.38025e-09
8.47401e-09
8.60742e-09
9.94964e-09
1.19998e-08
8.81356e-09
8.65009e-09
8.90978e-09
8.5708e-09
9.59367e-09
1.18853e-08
4.81661e-09
5.30432e-09
5.25393e-09
9.30696e-09
8.37094e-09
8.26202e-09
8.16342e-09
8.49571e-09
1.12769e-08
9.46091e-09
1.14265e-08
8.25822e-09
7.93699e-09
8.11927e-09
8.04696e-09
4.26874e-09
4.00929e-09
4.01429e-09
4.20168e-09
3.23852e-09
3.94916e-09
3.92491e-09
4.00809e-09
4.22091e-09
3.1851e-09
2.76779e-09
2.41671e-09
4.20479e-09
3.28487e-09
2.71944e-09
2.41311e-09
4.14969e-09
4.3698e-09
4.428e-09
3.44383e-09
4.11082e-09
3.97587e-09
3.11395e-09
2.66426e-09
2.42467e-09
3.01325e-09
2.6929e-09
2.39781e-09
7.72476e-09
7.34371e-09
6.44635e-09
6.65936e-09
6.62642e-09
6.97944e-09
)
;
    }
    procBoundary5to1
    {
        type            processor;
        value           nonuniform List<scalar> 
55
(
1.79233e-08
1.79233e-08
1.79233e-08
1.01339e-08
1.92972e-08
1.01339e-08
1.01339e-08
1.01339e-08
1.01339e-08
1.29918e-08
7.02879e-09
2.15694e-08
1.14157e-08
9.4475e-09
6.77509e-09
1.09318e-08
1.30324e-08
1.02038e-08
5.9532e-09
4.41145e-09
4.65597e-09
7.65974e-09
5.21196e-09
6.31312e-09
5.96162e-09
6.56763e-09
4.77353e-09
8.54279e-09
7.44155e-09
7.93169e-09
1.02038e-08
1.21114e-08
1.37766e-08
1.43925e-08
5.95177e-09
5.69758e-09
5.48433e-09
6.06148e-09
5.29642e-09
4.41145e-09
6.08822e-09
4.41145e-09
4.65597e-09
1.43925e-08
1.58598e-08
1.48058e-08
1.98904e-08
1.02038e-08
1.30324e-08
2.24741e-08
1.06304e-08
1.09318e-08
1.09318e-08
1.02038e-08
1.30324e-08
)
;
    }
    procBoundary5to4
    {
        type            processor;
        value           nonuniform List<scalar> 
526
(
2.1389e-08
2.04775e-08
1.78553e-08
2.14879e-08
2.14879e-08
2.14879e-08
2.1389e-08
2.1389e-08
2.06404e-08
2.06404e-08
2.06404e-08
2.04775e-08
2.04775e-08
1.85596e-08
1.85596e-08
1.85596e-08
1.78553e-08
1.78553e-08
2.18924e-08
2.11234e-08
1.98415e-08
2.18924e-08
2.18924e-08
2.1745e-08
2.1745e-08
2.1745e-08
2.11234e-08
2.11234e-08
2.10182e-08
2.10182e-08
2.10182e-08
1.98415e-08
1.98415e-08
1.95777e-08
1.95777e-08
1.95777e-08
2.13013e-08
2.02915e-08
1.6582e-08
2.15763e-08
2.15763e-08
2.15763e-08
1.44114e-08
1.91709e-08
1.45115e-08
1.92808e-08
1.43744e-08
1.91201e-08
2.13013e-08
2.13013e-08
1.4307e-08
1.90369e-08
2.07819e-08
2.07819e-08
2.07819e-08
1.38441e-08
1.85482e-08
1.40001e-08
1.87019e-08
1.37785e-08
1.84821e-08
2.02915e-08
2.02915e-08
1.82632e-08
1.89715e-08
1.89715e-08
1.89715e-08
1.59608e-08
1.69539e-08
1.5489e-08
1.6582e-08
1.6582e-08
1.6582e-08
1.6582e-08
1.34494e-08
1.46626e-08
1.43744e-08
1.4307e-08
2.12177e-08
1.41909e-08
1.42827e-08
1.37785e-08
2.00801e-08
2.20014e-08
1.46626e-08
1.94624e-08
1.46626e-08
1.46626e-08
2.16461e-08
2.16461e-08
2.16461e-08
1.45895e-08
1.9363e-08
1.45267e-08
1.92872e-08
1.44114e-08
1.44114e-08
1.44114e-08
1.45115e-08
1.45115e-08
1.45115e-08
1.45895e-08
1.45895e-08
1.45895e-08
1.45267e-08
1.45267e-08
1.45267e-08
1.43744e-08
1.43744e-08
1.4307e-08
1.4307e-08
2.12177e-08
2.12177e-08
1.41909e-08
1.89079e-08
1.42827e-08
1.90109e-08
1.41909e-08
1.41909e-08
1.42827e-08
1.42827e-08
2.09056e-08
2.09056e-08
2.09056e-08
1.41536e-08
1.88639e-08
1.4044e-08
1.87478e-08
1.38441e-08
1.38441e-08
1.38441e-08
1.40001e-08
1.40001e-08
1.40001e-08
1.41536e-08
1.41536e-08
1.41536e-08
1.4044e-08
1.4044e-08
1.4044e-08
1.37785e-08
1.37785e-08
1.36315e-08
1.2141e-08
1.20823e-08
1.27528e-08
1.53875e-08
1.54184e-08
1.27059e-08
2.00801e-08
2.00801e-08
1.78412e-08
1.81731e-08
1.15286e-08
1.14288e-08
1.21668e-08
1.48725e-08
1.49403e-08
1.20757e-08
1.19331e-08
1.20254e-08
1.25759e-08
1.53371e-08
1.26388e-08
1.52751e-08
1.92904e-08
1.92904e-08
1.92904e-08
1.77033e-08
1.71779e-08
7.95024e-09
7.51184e-09
8.55281e-09
1.21298e-08
1.24046e-08
8.13226e-09
9.57907e-09
9.87587e-09
1.02995e-08
1.37927e-08
1.36001e-08
1.05579e-08
1.11874e-08
1.13318e-08
1.18419e-08
1.47898e-08
1.19623e-08
1.46846e-08
1.03451e-08
1.01022e-08
1.10074e-08
1.3937e-08
1.40812e-08
1.07953e-08
6.61559e-09
7.08675e-09
7.23323e-09
1.18407e-08
1.15515e-08
7.67291e-09
5.18647e-09
5.16437e-09
5.44565e-09
9.74573e-09
9.83765e-09
5.44352e-09
1.77261e-08
1.29847e-08
5.45246e-09
5.28525e-09
5.65616e-09
9.38448e-09
5.4208e-09
9.54274e-09
1.75571e-08
1.85876e-08
1.47468e-08
1.48229e-08
1.43452e-08
1.43207e-08
1.42203e-08
1.42546e-08
1.37067e-08
1.36315e-08
1.47468e-08
1.47468e-08
1.47468e-08
1.48229e-08
1.48229e-08
1.44466e-08
1.44466e-08
1.44466e-08
1.44466e-08
1.44848e-08
1.44848e-08
1.44848e-08
1.44848e-08
1.45473e-08
1.45473e-08
1.45473e-08
1.45473e-08
1.45271e-08
1.45271e-08
1.45271e-08
1.45271e-08
1.43452e-08
1.43452e-08
1.43452e-08
1.43207e-08
1.43207e-08
1.43207e-08
1.42203e-08
1.42203e-08
1.42203e-08
1.42546e-08
1.42546e-08
1.42546e-08
1.38958e-08
1.38958e-08
1.38958e-08
1.38958e-08
1.39524e-08
1.39524e-08
1.39524e-08
1.39524e-08
1.41167e-08
1.41167e-08
1.41167e-08
1.41167e-08
1.40768e-08
1.40768e-08
1.40768e-08
1.40768e-08
1.37067e-08
1.37067e-08
1.37067e-08
1.36315e-08
1.36315e-08
1.36315e-08
1.15916e-08
1.16868e-08
1.22525e-08
1.50836e-08
1.50026e-08
1.23322e-08
1.18579e-08
1.17614e-08
1.25036e-08
1.51528e-08
1.52202e-08
1.24173e-08
8.28888e-09
8.68295e-09
8.95204e-09
1.29405e-08
1.26563e-08
9.33006e-09
9.32107e-09
8.97448e-09
1.00138e-08
1.31835e-08
1.34217e-08
9.68587e-09
1.10621e-08
1.08817e-08
1.17087e-08
1.44726e-08
1.45926e-08
1.15506e-08
1.05173e-08
1.07313e-08
1.12008e-08
1.43519e-08
1.42017e-08
1.13795e-08
6.20777e-09
5.76597e-09
6.75999e-09
1.09128e-08
1.12258e-08
6.33577e-09
5.21296e-09
5.46913e-09
5.64616e-09
1.04839e-08
1.02299e-08
5.89605e-09
1.41225e-08
1.89089e-08
1.00329e-08
1.00329e-08
5.74087e-09
6.00386e-09
5.38418e-09
5.86218e-09
9.35074e-09
9.39324e-09
5.81361e-09
2.26217e-08
2.25775e-08
1.92092e-08
2.26678e-08
2.26944e-08
1.92543e-08
2.248e-08
2.25241e-08
1.90781e-08
2.24394e-08
1.90473e-08
2.24138e-08
2.27665e-08
2.28302e-08
1.93004e-08
2.27258e-08
2.27159e-08
1.92762e-08
2.22941e-08
2.22556e-08
1.8936e-08
2.23406e-08
2.23769e-08
1.89768e-08
2.21579e-08
2.22041e-08
1.88198e-08
1.8292e-08
1.91077e-08
1.75571e-08
1.68659e-08
1.76819e-08
1.85876e-08
1.79086e-08
1.80046e-08
1.69786e-08
1.37705e-08
1.41225e-08
1.69767e-08
1.89089e-08
1.82738e-08
1.68659e-08
1.79086e-08
1.33236e-08
1.3293e-08
1.33352e-08
1.33771e-08
1.33877e-08
1.30429e-08
1.30281e-08
1.30546e-08
1.30754e-08
1.31128e-08
1.31291e-08
1.31021e-08
1.30865e-08
1.32488e-08
1.32775e-08
1.3235e-08
1.32209e-08
1.31577e-08
1.31505e-08
1.31807e-08
1.31923e-08
1.29962e-08
1.30153e-08
1.29881e-08
1.29761e-08
1.29324e-08
1.29231e-08
1.29466e-08
1.296e-08
1.28176e-08
1.28008e-08
1.28324e-08
1.28525e-08
1.28905e-08
1.29076e-08
1.2882e-08
1.28665e-08
1.24512e-08
1.24158e-08
1.24785e-08
1.25148e-08
1.25883e-08
1.26185e-08
1.25711e-08
1.25407e-08
1.27599e-08
1.27837e-08
1.2748e-08
1.27273e-08
1.26637e-08
1.26419e-08
1.2683e-08
1.27077e-08
1.2335e-08
1.23814e-08
1.23056e-08
1.22611e-08
1.2141e-08
1.20823e-08
1.21768e-08
1.22263e-08
1.15286e-08
1.14288e-08
1.15916e-08
1.16868e-08
1.19331e-08
1.20254e-08
1.18579e-08
1.17614e-08
7.95024e-09
7.51184e-09
8.28888e-09
8.68295e-09
9.57907e-09
9.87587e-09
9.32107e-09
8.97448e-09
1.11874e-08
1.13318e-08
1.10621e-08
1.08817e-08
1.03451e-08
1.01022e-08
1.05173e-08
1.07313e-08
6.61559e-09
7.08675e-09
6.20777e-09
5.76597e-09
5.18647e-09
5.16437e-09
5.21296e-09
5.46913e-09
1.69767e-08
1.82738e-08
5.74087e-09
3.60658e-09
5.45246e-09
5.28525e-09
6.00386e-09
5.38418e-09
2.18829e-08
2.18263e-08
1.85921e-08
2.19515e-08
2.20053e-08
1.86515e-08
2.16763e-08
2.1748e-08
1.84125e-08
2.15839e-08
1.83279e-08
2.15068e-08
1.98346e-08
1.95302e-08
1.63372e-08
2.01123e-08
2.03114e-08
1.6686e-08
1.84939e-08
1.90637e-08
1.4908e-08
1.76458e-08
1.41336e-08
1.71297e-08
2.30021e-08
2.29226e-08
1.95531e-08
2.30623e-08
1.96257e-08
2.21041e-08
2.20631e-08
1.87752e-08
2.11828e-08
2.10765e-08
1.79493e-08
2.13075e-08
2.14048e-08
1.80744e-08
2.08101e-08
2.09404e-08
1.75512e-08
2.06462e-08
2.05005e-08
1.73608e-08
)
;
    }
}


// ************************************************************************* //
