/*--------------------------------*- C++ -*----------------------------------*\
| =========                 |                                                 |
| \\      /  F ield         | OpenFOAM: The Open Source CFD Toolbox           |
|  \\    /   O peration     | Version:  2012                                  |
|   \\  /    A nd           | Website:  www.openfoam.com                      |
|    \\/     M anipulation  |                                                 |
\*---------------------------------------------------------------------------*/
FoamFile
{
    version     2.0;
    format      ascii;
    class       volScalarField;
    location    "0.104/solid";
    object      sigmaMin;
}
// * * * * * * * * * * * * * * * * * * * * * * * * * * * * * * * * * * * * * //

dimensions      [1 -1 -2 0 0 0 0];


internalField   nonuniform List<scalar> 
3125
(
-1245
-1180.07
-1047.86
-1251.82
-1191.32
-1075.18
-1280.9
-1225.65
-1138.09
-1271.1
-1218.16
-1122.08
-556.722
-852.379
-1442.41
-1238.71
-567.748
-1433.36
-847.177
-499.697
-795.08
-1377.43
-1167.45
-522.01
-1357.26
-783.825
-480.884
-689.22
-1231.07
-977.272
-458.812
-1125.81
-655.449
-1535.11
-1546.29
-577.334
-1258.35
-857.829
-1446.56
-565.677
-1457.67
-863.647
-1530.82
-1521.21
-1470.23
-1485.96
-536.777
-1201.27
-805.073
-1383.24
-519.374
-1398.78
-813.923
-1464.3
-1444.01
-1315.38
-1359.06
-454.747
-1091.13
-708.491
-1245.22
-448.945
-1278.63
-718.656
-1295.71
-1169.32
-1474.9
-884.469
-587.929
-1394.08
-596.443
-568.573
-563.75
-1362.46
-1354.07
-558.778
-1232.49
-1419.62
-835.775
-1430.48
-546.847
-841.781
-1340.6
-1351.27
-553.029
-561.5
-515.942
-498.855
-1299.03
-1279.48
-502.815
-1153.4
-1324.85
-757.573
-1349.88
-474.897
-771.254
-1247.23
-1271.73
-469.566
-491.868
-392.942
-356.905
-1158.57
-1081.36
-460.587
-902.663
-1062.64
-530.006
-1026.22
-351.47
-1564.8
-1557.37
-1548.05
-575.285
-1264.08
-1467.22
-876.998
-590.903
-1459.18
-870.002
-570.566
-578.455
-1366.66
-1378.05
-1386
-1379.38
-593.049
-582.095
-1507.23
-1518.27
-1503.11
-1490.48
-534.496
-1210.11
-1415.6
-829.092
-548.869
-1403.25
-821.845
-521.246
-534.405
-1304.9
-1320.15
-1336.57
-1324.62
-549.492
-538.58
-1418.62
-1410.6
-1436.38
-1383.45
-1409.45
-1401.3
-1369.96
-1288.9
-1327.09
-1375.1
-1339.06
-449.893
-1106.21
-1315.98
-743.382
-478.479
-1287.82
-729.942
-405.711
-427.603
-1169.15
-1200.19
-1238.03
-1209.55
-460.76
-435.883
-1271.83
-1164.99
-940.054
-1104.37
-1110.21
-771.712
-675.484
-951.727
-573
-696.294
-986.026
-963.644
-563.336
-928.243
-722.002
-723.217
-930.278
-962.007
-967.077
-561.341
-727.437
-935.236
-968.914
-726.374
-932.823
-903.521
-512.887
-864.46
-665.802
-668.981
-869.98
-899.387
-910.582
-510.114
-678.63
-880.952
-914.197
-675.986
-876.059
-782.04
-486.024
-751.846
-570.072
-583.369
-772.414
-750.677
-805.315
-469.463
-594.574
-787.349
-814.666
-594.306
-783.555
-978.435
-569.584
-947.37
-737.101
-980.152
-735.773
-945.034
-974.679
-571.753
-730.76
-938.488
-972.655
-732.156
-941.553
-929.261
-527.343
-899.054
-694.782
-932.013
-692.787
-895.281
-923.638
-529.742
-684.819
-886.26
-920.505
-687.255
-890.52
-834.407
-444.096
-801.748
-609.028
-838.955
-606.223
-796.832
-828.573
-450.884
-600.303
-790.386
-824.397
-601.122
-792.341
-1005.81
-590.804
-975.16
-760.375
-1000.65
-593.863
-962.469
-753.355
-968.861
-755.261
-997.31
-946.521
-1403.62
-1100.43
-1112.02
-1411.22
-1115.87
-933.177
-942.092
-658.323
-657.785
-600.027
-657.864
-652.295
-654.841
-604.517
-666.305
-614.609
-617.1
-627.626
-567.682
-627.036
-621.921
-619.278
-623.247
-565.922
-623.183
-899.558
-901.49
-1073.77
-1359.08
-1070.22
-906.629
-904.219
-1065.53
-1356.28
-1068.05
-956.684
-925.551
-551.963
-718.698
-958.517
-923.045
-717.456
-952.777
-553.966
-916.858
-712.021
-919.752
-713.676
-950.682
-896.874
-894.144
-1344.26
-1053.16
-1057.29
-1063.44
-1348.02
-1059.76
-887.902
-891.043
-612.257
-609.187
-612.935
-556.557
-613.019
-603.023
-606.471
-618.869
-559.675
-618.263
-545.663
-552.899
-572.713
-511.288
-571.897
-564.865
-558.44
-560.385
-505.091
-560.77
-834.54
-840.867
-1016.29
-1292.73
-1009.17
-851.999
-846.359
-996.755
-1285.81
-1004.52
-886.867
-857.66
-487.817
-658.003
-891.566
-851.335
-654.466
-878.44
-491.023
-837.009
-641.865
-843.769
-645.891
-873.301
-828.318
-820.946
-1255.55
-967.069
-976.828
-991.656
-1263.76
-982.353
-806.181
-814.111
-539.267
-530.775
-530.912
-477.427
-531.479
-514.108
-523.577
-547.341
-485.535
-546.42
-427.171
-438.771
-432.42
-377.102
-420.76
-448.267
-442.048
-389.959
-357.385
-397.159
-750.594
-761.532
-913.116
-1142.72
-904.439
-762.331
-765.137
-868.274
-1116.05
-898.269
-710.077
-720.031
-435.537
-533.36
-736.951
-704.282
-522.126
-801.138
-1009.96
-863.818
-1000.4
-695.66
-408.757
-479.734
-540.877
-723.052
-637.023
-771.285
-483.739
-730.361
-702.461
-986.777
-815.915
-843.955
-972.392
-809.64
-714.15
-422.536
-406.201
-354.529
-440.728
-440.937
-381.856
-331.952
-389.072
-985.221
-584.996
-949.531
-740.985
-983.671
-950.805
-742.669
-989.342
-582.85
-956.543
-748.722
-991.921
-953.105
-747.046
-633.027
-629.269
-631.844
-573.2
-631.862
-624.142
-626.731
-637.556
-576.091
-636.951
-918.865
-916.28
-1076.34
-1371.02
-1081.25
-909.663
-913.248
-1087.03
-1375.2
-1083.69
-921.393
-921.501
-1095.86
-1381.44
-1091.05
-928.12
-925.106
-1088.59
-1379.62
-1088.76
-636.442
-641.279
-650.901
-590.36
-650.185
-649.411
-645.147
-643.665
-586.282
-643.724
-939.489
-542.961
-903.182
-699.701
-937.05
-906.468
-701.648
-944.101
-540.889
-913.322
-707.843
-946.378
-910.24
-706.196
-584.265
-579.385
-582.421
-526.165
-582.662
-569.736
-575.136
-591.743
-530.933
-591.029
-870.327
-866.06
-1020.32
-1310.1
-1026.35
-856.862
-861.638
-1035.42
-1315.38
-1029.94
-874.118
-877.732
-1050.42
-1332.6
-1046
-884.597
-881.252
-1038.55
-1328.47
-1043.06
-588.042
-592.289
-606.793
-546.666
-606.098
-599.848
-595.734
-599.248
-542.693
-599.366
-1389.58
-1398.25
-1300.93
-1314.33
-1363.47
-1350.82
-851.059
-465.313
-808
-616.117
-845.831
-814.354
-620.14
-859.191
-461.496
-829.224
-632.949
-864.642
-822.134
-628.758
-471.949
-465.308
-455.619
-413.165
-456.857
-454.835
-459.717
-475.596
-421.179
-475.092
-771.033
-764.489
-913.249
-1179.03
-919.156
-761.293
-762.411
-930.908
-1190.15
-921.297
-776.029
-783.968
-961.363
-1228.8
-950.63
-799.193
-790.488
-935.051
-1219.05
-945.13
-478.919
-488.188
-513.85
-452.978
-512.91
-506.188
-496.05
-494.16
-443.795
-494.634
-1245.15
-1205.93
-1029.52
-1036
-1000.86
-1048.35
-763.946
-560.655
-678.926
-640.606
-639.183
-678.589
-762.581
-1181.98
-1335.13
-1228.45
-1438.84
-1184.4
-1332.66
-1225.59
-769.454
-563.635
-645.795
-685.118
-770.311
-647.152
-685.994
-1178.33
-1220.64
-1435.92
-1326.58
-1328.6
-1222.76
-1176.24
-705.943
-507.423
-619.959
-582.129
-579.958
-619.747
-702.795
-1120
-1271.2
-1167.95
-1371.11
-1124.35
-1266.78
-1162.52
-718.526
-515.213
-595.043
-634.904
-720.529
-596.761
-635.575
-622.745
-496.003
-554.494
-511.358
-515.304
-560.985
-599.433
-632.233
-456.974
-511.38
-556.449
-637.48
-515.806
-560.663
-1387.09
-1539.31
-1389.82
-1396.04
-1543.28
-1394.06
-779.908
-572.386
-695.337
-655.749
-780.663
-657.066
-696.295
-1190.98
-1339.61
-1232.45
-1450.86
-1188.35
-1342.29
-1236.23
-773.397
-569.459
-649.922
-688.231
-771.799
-648.423
-687.94
-1382.57
-1526.94
-1379.99
-1523.81
-1373.81
-1375.87
-735.456
-531.278
-651.557
-611.883
-736.911
-613.37
-652.238
-1134.7
-1278.3
-1173.86
-1388.64
-1130.87
-1282.15
-1178.58
-725.657
-525.508
-602.145
-640.158
-723.224
-600.294
-639.966
-1140.44
-1188.09
-1291.87
-1393.87
-1288.47
-1143.8
-1183.89
-644.771
-446.109
-560.319
-519.754
-647.966
-522.994
-562.413
-639.708
-452.303
-516.923
-558.552
-635.225
-512.112
-554.759
-796.993
-592.179
-711.456
-674.139
-711.29
-671.885
-794.435
-741.31
-744.491
-530.021
-533.54
-499.471
-502.597
-508.68
-506.688
-706.92
-709.993
-717.616
-714.578
-760.307
-675.796
-554.558
-636.4
-761.124
-676.604
-637.717
-1166.37
-1313.3
-1423.42
-1207.86
-1211.16
-1315.91
-1163.75
-1170.34
-1217.71
-1322.6
-1427.13
-1172.63
-1214.89
-1320.32
-753.669
-551.139
-668.435
-630.27
-668.239
-628.842
-751.956
-707.51
-704.503
-695.75
-699.03
-500.171
-497.994
-489.879
-493.406
-444.089
-450.085
-463.977
-459.73
-643.159
-649.409
-665.742
-660.632
-696.677
-613.257
-494.308
-573.197
-699.433
-613.921
-575.211
-680.985
-484.193
-594.3
-556.536
-593.941
-554.025
-677.054
-643.648
-636.97
-614.815
-622.676
-445.149
-439.61
-420.176
-427.269
-433.465
-432.208
-396.148
-393.179
-604.541
-616.786
-583.009
-581.046
-551.444
-537.246
-422.148
-481.836
-582.771
-529.835
-493.141
-817.767
-818.438
-945.766
-820.163
-865.978
-910.43
-737.131
-858.712
-928.316
-982.126
-1017.45
-878.605
-892.371
-963.343
-683.57
-557.995
-692.967
-497.152
-721.219
-530.881
-628.102
-595.387
-579.77
-415.425
-359.156
-1409.25
-1552.12
-1405.73
-1399.64
-1549.38
-1401.2
-783.763
-580.445
-699.141
-660.807
-782.374
-698.625
-659.504
-790.796
-585.876
-707.354
-668.862
-792.383
-708.297
-670.729
-517.763
-515.062
-507.923
-510.967
-728.873
-725.204
-717.007
-719.9
-727.932
-732.191
-741.607
-737.598
-517.459
-521.582
-532.022
-529.365
-1360.39
-1510.99
-1363.03
-1369.8
-1514.77
-1367.47
-1355.53
-1498.78
-1352.62
-741.009
-539.492
-655.76
-617.595
-739.058
-655.57
-616.003
-1156.59
-1308.46
-1203.86
-1411.48
-1159.39
-1305.62
-1200.4
-748.968
-544.124
-664.857
-625.42
-750.134
-665.553
-626.716
-1151.9
-1192.66
-1297.5
-1407.36
-1148.92
-1300.46
-1196.24
-478.541
-475.275
-463.098
-467.957
-682.661
-678.655
-665.322
-670.124
-682.242
-686.093
-696.234
-692.806
-477.765
-481.803
-490.516
-487.829
-654.251
-458.854
-567.419
-529.113
-650.036
-566.233
-525.949
-669.963
-468.518
-586.313
-546.045
-673.352
-587.189
-548.386
-398.847
-393.254
-390
-393.911
-586.684
-578.91
-574.846
-578.227
-584.472
-592.652
-615.605
-607.359
-396.229
-402.833
-421.482
-414.84
-873.618
-967.634
-952.55
-1010.9
-1063.23
-1007.82
-841.974
-736.399
-797.611
-799.505
-635.142
-758.67
-899.661
-899.347
-848.501
-666.215
-611.157
-712.688
-832.392
-930.813
-764.955
-559.07
-641.204
-680.478
-765.681
-642.467
-681.406
-768.482
-565.292
-645.335
-683.604
-767.09
-643.889
-683.213
-708.255
-505.256
-584.778
-624.745
-710.627
-586.642
-625.411
-716.47
-517.061
-592.8
-630.737
-713.69
-590.815
-630.597
-621.21
-486.348
-514.407
-562.441
-631.623
-520.773
-566.839
-637.353
-467.31
-520.346
-564.912
-628.808
-513.412
-560.38
-778.721
-573.828
-654.768
-693.378
-777.129
-653.284
-693.138
-774.499
-567.556
-650.305
-689.995
-775.492
-651.737
-690.797
-733.838
-532.912
-610.346
-648.442
-731.647
-608.636
-648.297
-727.49
-523.621
-603.977
-643.715
-729.223
-605.552
-644.398
-644.381
-450.867
-519.895
-558.935
-640.334
-515.901
-556.795
-637.367
-445.08
-512.686
-553.995
-640.348
-516.76
-557.443
-805.059
-596.779
-719.398
-680.005
-802.902
-719.263
-678.215
-798.545
-589.006
-714.46
-673.77
-800.433
-715.038
-676.057
-749.024
-753.778
-910.691
-948.194
-851.019
-852.353
-913.387
-1374.11
-1565.21
-1571.46
-1368.33
-1379.74
-1583.33
-1385.37
-1576.22
-1395.13
-1587.03
-1391.42
-1591.66
-748.194
-744.56
-839.74
-935.086
-894.155
-841.154
-898.295
-905.833
-846.726
-939.915
-845.107
-902.083
-532.043
-537.083
-680.777
-691.761
-629.107
-654.047
-625.222
-676.053
-694.687
-568.636
-678.529
-675.98
-572.408
-477.343
-376.324
-475.142
-378.062
-567.511
-671.651
-673.028
-565.151
-479.492
-382.944
-483.046
-380.44
-534.559
-532.014
-674.458
-622.614
-647.371
-684.666
-618.608
-686.759
-671.608
-675.568
-689.309
-623.055
-647.987
-621.259
-676.625
-688.411
-576.389
-680.322
-682.344
-574.132
-384.098
-484.111
-504.532
-502.533
-635.029
-588.006
-609.731
-646.378
-584.714
-648.018
-632.541
-636.121
-649.645
-589.257
-610.555
-586.622
-636.406
-649.12
-538.839
-640.037
-640.265
-539.131
-452.273
-358.194
-453.238
-357.727
-538.614
-642.39
-641.041
-539.573
-452.862
-358.437
-453.37
-357.701
-504.035
-507.246
-641.152
-593.422
-615.409
-654.358
-591.008
-653.72
-641.922
-639.993
-651.003
-592.471
-614.329
-589.021
-637.212
-652.682
-536.424
-639.22
-637.786
-538.81
-450.405
-355.974
-449.37
-356.317
-535.905
-635.208
-635.748
-534.602
-451.48
-358.547
-453.705
-357.516
-712.783
-709.511
-805.92
-899.793
-862.052
-806.173
-863.922
-866.289
-808.142
-902.105
-808.559
-864.376
-1339.43
-1536.19
-1341.15
-1533.96
-1198.77
-1303.46
-1072.95
-1157.08
-1302.03
-1155.34
-1200.39
-1197.05
-1152.36
-1071
-1298.72
-1300.29
-1153.85
-1195.67
-1337.38
-1530.35
-1335.54
-1532.23
-711.875
-715.098
-813.243
-906.919
-871.085
-813.427
-869.062
-866.404
-810.837
-904.393
-810.969
-868.333
-1192.83
-1294.21
-1066.2
-1148.45
-1295.47
-1149.84
-1191.62
-1332.98
-1525.82
-1331.61
-1527.08
-1193.83
-1151.76
-1067.85
-1297.17
-1296.63
-1150.61
-1194.62
-1333.88
-1528.98
-1334.48
-1528.14
-759.215
-556.033
-673.945
-635.717
-757.647
-673.744
-634.274
-754.927
-549.531
-670.591
-631.214
-755.982
-671.324
-632.491
-803.339
-861.521
-897.128
-803.445
-859.794
-701.521
-704.657
-856.816
-894.697
-800.518
-801.059
-858.808
-1319.8
-1511.1
-1513.01
-1317.52
-1180.09
-1280.46
-1054.25
-1135.04
-1282.44
-1137.17
-1178.18
-1181.92
-1140.8
-1285.71
-1056.49
-1284.35
-1183.59
-1138.85
-1321.4
-1516.84
-1323.01
-1515.13
-1189.09
-1292.57
-1147.35
-1062.83
-1190.33
-1291.57
-1145.98
-1329.2
-1524.46
-1330.38
-1522.91
-1187.39
-1142.57
-1060.92
-1287.9
-1289.86
-1144.42
-1185.53
-1327.25
-1518.93
-1324.9
-1521.2
-702.002
-698.71
-794.544
-888.393
-850.502
-795.025
-852.795
-855.957
-797.683
-891.237
-797.693
-853.69
-495.009
-498.462
-630.869
-584.475
-644.827
-605.66
-631.87
-582.139
-644.078
-629.719
-640.823
-583.285
-604.477
-579.769
-626.438
-642.737
-526.902
-628.98
-626.743
-530.387
-441.315
-348.17
-439.59
-349.377
-525.714
-622.682
-623.985
-523.531
-443.539
-353.509
-446.718
-351.361
-495.737
-493.412
-623.509
-577.427
-598.6
-634.242
-574.191
-636.347
-620.334
-624.925
-638.922
-579.212
-599.725
-576.704
-625.824
-638.013
-532.173
-630.332
-631.202
-531.536
-448.001
-355.688
-449.342
-354.886
-532.435
-634.205
-533.986
-632.514
-447.709
-354.295
-447.466
-354.387
-455.199
-450.366
-565.998
-525.198
-542.664
-573.108
-521.705
-576.911
-559.831
-568.512
-582.983
-528.822
-545.137
-527.079
-572.338
-580.405
-483.253
-574.077
-577.022
-480.5
-405.864
-323.307
-408.559
-321.214
-484.728
-583.92
-580.398
-488.216
-403.444
-318.227
-401.707
-319.576
-454.265
-459.802
-581.105
-539.984
-557.436
-595.561
-538.182
-593.338
-584.513
-578.868
-586.969
-537.066
-555.089
-533.432
-573.157
-590.352
-472.652
-571.495
-567.346
-477.918
-391.604
-308.763
-388.609
-311.002
-470.312
-558.786
-562.488
-466.055
-395.774
-316.775
-399.911
-313.794
-655.314
-649.349
-742.2
-835.401
-797.094
-743.237
-801.409
-807.415
-748.721
-840.608
-748.182
-803.341
-1275.36
-1469.35
-1278.39
-1466.82
-1137.68
-1241.3
-1014.79
-1097.75
-1238.93
-1094.71
-1140.31
-1272.19
-1459.44
-1268.12
-1462.84
-654.97
-660.506
-759.651
-851.866
-818.181
-759.22
-814.768
-809.115
-753.854
-847.324
-754.901
-812.868
-1258.48
-1445.75
-1254.87
-1448.82
-1261.29
-1455
-1264.92
-1452.6
-694.111
-496.435
-607.704
-569.97
-690.499
-607.552
-567.691
-683.679
-481.675
-600.212
-560.106
-686.808
-600.949
-562.272
-736.478
-795.311
-827.952
-735.787
-790.878
-629.666
-636.808
-783.656
-822.185
-728.88
-730.241
-788.45
-1225.89
-1410.88
-1414.72
-1221.13
-1229.49
-1423.5
-1233.76
-1420.21
-1247.56
-1439.95
-1251.82
-1436.6
-1243.49
-1428.4
-1238.03
-1431.76
-630.056
-622.449
-714.43
-807.382
-769.013
-715.616
-774.075
-781.398
-722.489
-813.601
-721.687
-776.424
-432.746
-439.467
-553.816
-515.806
-568.446
-531.085
-558.81
-514.371
-565.239
-550.91
-556.789
-511.654
-528.046
-508.065
-543.619
-561.165
-441.363
-538.467
-532.875
-448.165
-363.784
-288.923
-359.936
-291.76
-438.107
-521.094
-526.483
-432.167
-369.318
-298.453
-374.242
-294.884
-433.869
-427.684
-533.661
-495.85
-511.572
-537.953
-492.559
-542.918
-525.699
-536.91
-551.396
-500.975
-514.808
-499.655
-542.641
-547.66
-456.034
-542.006
-546.396
-451.694
-383.274
-307.212
-386.777
-304.527
-458.31
-555.946
-463.148
-551.207
-379.482
-300.237
-376.734
-302.344
-419.304
-421.773
-372.936
-421.742
-425.332
-346.229
-422.017
-331.788
-391.897
-371.386
-356.467
-419.824
-425.453
-422.553
-381.905
-339.989
-335.773
-363.087
-386.474
-340.123
-282.138
-248.933
-285.814
-241.248
-340.832
-412.55
-399.904
-340.569
-275.117
-220.125
-275.231
-231.747
-400.725
-401.44
-415.941
-423.41
-437.447
-426.576
-421.862
-412.932
-426.876
-404.824
-376.036
-422.211
-433.525
-416.421
-391.252
-395.435
-341.676
-342.155
-315.604
-334.441
-285.474
-183.805
-303.385
-184.313
-335.222
-317.724
-305.597
-346.676
-284.511
-208.735
-275.604
-196.825
-603.167
-598.343
-678.013
-752.363
-745.268
-680.071
-755.33
-755.294
-681.558
-763.158
-688.238
-755.679
-1156.59
-1318.05
-1155.19
-1313.22
-1152.43
-1293.11
-1151.18
-1303.68
-588.859
-589.896
-674.11
-762.762
-740.486
-678.562
-744.601
-751.938
-684.61
-764.69
-678.898
-747.821
-1117.51
-1218.34
-1098.63
-1232.02
-1136.37
-1275.78
-1142.07
-1261.01
-555.897
-457.602
-579.622
-525.265
-567.983
-518.639
-463.091
-850.895
-878.907
-927.864
-987.957
-1063.49
-1022.27
-892.671
-936.029
-962.058
-941.304
-1030.98
-980.962
-617.09
-672.66
-605.689
-447.761
-457.928
-498.207
-540.134
-477.652
-537.644
-611.189
-499.186
-559.078
-772.355
-638.41
-688.234
-662.529
-597.189
-657.632
-814.025
-701.927
-734.266
-560.816
-522.301
-606.24
-663.926
-732.811
-721.763
-647.552
-705.917
-577.632
-564.969
-636.594
-705.322
-651.909
-641.656
-668.91
-941.029
-892.071
-845.153
-872.422
-882.494
-850.663
-968.119
-810.484
-1032.6
-1172.65
-1072.83
-1136.82
-973.475
-1018.02
-893.504
-1079.71
-722.96
-664.826
-701.644
-351.142
-412.792
-376.286
-391.317
-352.921
-408.708
-406.831
-420.646
-384.848
-466.539
-377.585
-448.722
-411.2
-359.767
-330.909
-373.804
-438.14
-322.039
-385.197
-275.388
-321.064
-434.106
-424.582
-380.362
-217.074
-250.552
-538.187
-477.02
-477.732
-433.194
-305.194
-289.874
-357.615
-279.081
-279.582
-193.67
-286.073
-194.277
-329.59
-330.662
-333.558
-342.576
-252.355
-173.308
-213.188
-179.571
-1626.27
-1632.05
-1644.24
-1637.88
-1649.53
-1598.97
-1601.57
-1606.61
-1604.02
-1614.38
-1613.19
-1609.13
-1611.8
-1621.86
-1617.56
-1613.38
-1615.5
-1614.51
-1614.92
-1613.75
-1613.88
-785.076
-579.151
-701.11
-662.628
-785.904
-702.336
-663.799
-789.483
-588.134
-705.277
-668.084
-787.732
-704.58
-666.504
-511.695
-515.32
-652.256
-603.52
-626
-666.064
-600.894
-664.909
-653.765
-650.707
-661.275
-601.824
-624.56
-598.262
-647.384
-663.311
-542.208
-648.084
-646.173
-545.244
-454.23
-358.497
-453.005
-359.106
-541.474
-643.288
-540.026
-643.893
-455.659
-362.444
-458.526
-360.689
-512.691
-510.664
-645.179
-596.716
-619.309
-655.844
-593.4
-642.747
-657.582
-646.401
-659.514
-597.906
-620.114
-595.388
-646.892
-658.852
-547.1
-649.382
-650.304
-546.221
-460.14
-364.822
-461.74
-363.812
-547.548
-654.184
-652.012
-549.643
-459.426
-363.037
-459.035
-363.173
-722.198
-725.463
-824.741
-919.348
-883.337
-825.111
-881.83
-879.09
-822.006
-917.029
-822.625
-880.994
-1345.89
-1538.42
-1343.28
-1541.06
-1204.74
-1305.8
-1077.7
-1158.89
-1308.14
-1202.45
-1161.26
-1207.07
-1166.04
-1080.02
-1312.3
-1310.41
-1163.66
-1209.37
-1348.05
-1546.03
-1543.35
-1350.17
-722.573
-719.46
-816.006
-910.294
-871.94
-816.457
-874.211
-877.662
-819.165
-913.118
-819.041
-875.379
-1356.86
-1553.22
-1552.13
-1357.26
-1355.13
-1548.15
-1550.89
-1352.71
-736.056
-731.237
-827.63
-920.944
-883.266
-827.353
-885.049
-886.503
-828.956
-923.391
-830.287
-884.229
-1360.38
-1561.12
-1363.77
-1556.91
-1357.51
-1553.14
-1554.82
-1356.1
-734.108
-738.791
-835.557
-891.706
-928.239
-835.582
-888.11
-884.712
-832.587
-924.289
-831.929
-887.644
-1357.64
-1553.44
-1553.62
-1357.65
-1357.29
-1552.65
-1553.29
-1356.34
-525.462
-522.285
-658.3
-608.146
-632.06
-668.335
-605.145
-654.956
-670.765
-660.5
-674.271
-611.266
-633.764
-607.977
-661.869
-672.771
-561.437
-664.899
-666.317
-560.071
-472.836
-375.156
-474.839
-373.527
-561.937
-670.336
-563.989
-668.198
-472.053
-371.702
-471.234
-372.383
-525.722
-530.032
-669.678
-618.001
-682.538
-642.302
-671.112
-615.651
-681.344
-667.607
-676.863
-616.05
-640.681
-612.862
-663.881
-679.503
-554.702
-663.04
-660.549
-558.693
-464.352
-365.437
-462.489
-366.552
-553.475
-655.788
-550.859
-657.23
-466.811
-370.758
-470.253
-368.566
-1596.71
-1594.33
-1590.49
-1592.56
-1586.2
-1587.48
-1589.33
-1588.34
-1571.05
-1572.95
-1576.78
-1575.07
-1584.8
-1583.19
-1579.03
-1581.31
-1532.13
-1534.46
-1539.84
-1537.74
-1551.1
-1548.99
-1543.24
-1545.92
-1568.69
-1566.65
-1561.91
-1564.2
-1553.8
-1555.62
-1559.45
-1557.87
-742.49
-537.835
-658.477
-618.935
-743.789
-659.179
-620.281
-747.616
-545.587
-662.395
-624.218
-745.787
-662.232
-622.734
-470.956
-475.518
-601.553
-558.251
-577.262
-615.811
-556.183
-614.261
-603.866
-599.812
-609.345
-556.117
-575.449
-552.542
-595.252
-612.026
-495.241
-595.535
-592.332
-499.573
-412.176
-324.589
-409.858
-326.286
-493.5
-586.024
-490.345
-588.525
-415.327
-331.231
-418.953
-328.666
-471.782
-468.104
-590.138
-547.134
-566.118
-599.023
-543.719
-585.412
-601.984
-592.114
-606.346
-549.816
-567.952
-547.721
-594.531
-604.583
-503.275
-597.503
-599.473
-501.497
-422.971
-336.197
-425.173
-334.494
-504.288
-604.663
-601.913
-506.987
-421.337
-332.383
-420.263
-333.228
-674.267
-678.611
-777.472
-870.31
-835.805
-777.253
-833.216
-828.818
-773.077
-866.774
-773.893
-831.734
-1284.14
-1473.06
-1280.9
-1475.31
-1145.87
-1244.67
-1021.9
-1100.19
-1247.36
-1143.21
-1103.27
-1148.53
-1108.41
-1025.15
-1252.07
-1250.07
-1105.61
-1150.86
-1286.39
-1480.67
-1478.6
-1288.91
-674.663
-670.002
-764.125
-857.566
-819.56
-764.919
-822.933
-827.581
-769.057
-861.654
-768.769
-824.36
-1158.63
-1262.02
-1034.33
-1117.97
-1260.27
-1115.69
-1160.63
-1297.2
-1491.52
-1489.48
-1299.4
-1156.09
-1110.7
-1031.5
-1255.14
-1257.75
-1113.41
-1153.55
-1294.6
-1483.93
-1486.59
-1291.34
-689.755
-685.898
-781.007
-874.68
-836.86
-781.615
-839.504
-843.115
-784.759
-877.91
-784.707
-840.562
-1313.82
-1508.74
-1315.67
-1506.81
-1174.54
-1278.16
-1133.4
-1049.54
-1176.23
-1276.68
-1131.51
-1311.58
-1502.27
-1504.48
-1308.99
-1172.48
-1127.56
-1047.19
-1272.49
-1274.6
-1129.69
-1170.49
-689.25
-692.919
-791.524
-849.656
-884.758
-791.474
-847.457
-843.969
-788.075
-881.8
-788.651
-846.322
-1164.87
-1264.62
-1039.76
-1119.82
-1266.69
-1162.82
-1122.16
-1303.78
-1494.16
-1496.01
-1301.34
-1305.45
-1499.84
-1498.31
-1307.15
-1166.83
-1125.97
-1042.27
-1270.1
-1268.73
-1123.87
-1168.51
-484.796
-481.894
-608.401
-563.81
-583.947
-618.469
-560.487
-604.641
-620.879
-610.028
-624.203
-565.985
-585.36
-563.605
-611.589
-622.917
-519.254
-615.564
-617.001
-517.989
-436.964
-347.221
-438.857
-345.739
-519.975
-621.241
-522.24
-618.91
-435.868
-344.116
-435.119
-344.727
-484.158
-488.103
-617.78
-572.878
-632.01
-593.016
-619.477
-570.575
-630.791
-616.237
-626.63
-571.044
-591.462
-567.59
-612.34
-628.951
-512.549
-613.912
-611.247
-516.41
-427.981
-337.208
-426.083
-338.55
-511.12
-606.316
-508.587
-608.062
-430.624
-343.063
-433.999
-340.705
-1528.37
-1525.7
-1518
-1521.5
-1505.18
-1507.75
-1513.75
-1511.82
-1469.07
-1472.54
-1480.01
-1476.87
-1501.29
-1496.84
-1486.31
-1490.46
-1377.33
-1384.08
-1395.67
-1387.96
-1419.57
-1414.46
-1400.86
-1408.32
-1463.98
-1459.68
-1447.48
-1453.06
-1425.39
-1430.38
-1441.04
-1435.56
-656.178
-455.417
-572.086
-531.804
-659.654
-573.335
-534.443
-667.348
-471.117
-580.217
-542.323
-663.037
-579.771
-539.656
-390.06
-395.131
-474.774
-449.404
-461.093
-486.37
-448.834
-481.349
-482.321
-470.826
-469.737
-443.972
-458.808
-441.982
-461.881
-475.462
-351.508
-441.589
-434.109
-359.4
-292.593
-252.602
-288.733
-256.224
-346.994
-418.283
-343.973
-426.036
-299.119
-262.578
-305.374
-259.098
-394.676
-390.562
-446.203
-430.383
-446.639
-439.539
-429.16
-433.224
-448.796
-451.585
-462.15
-435.597
-448.877
-435.286
-460.133
-456.545
-370.523
-446.338
-452.746
-363.626
-318.272
-269.41
-323.193
-266.883
-374.686
-467.302
-459.957
-382.729
-312.839
-263.696
-308.401
-265.644
-574.432
-581.059
-679.52
-769.929
-739.77
-679.512
-736.74
-733.267
-674.935
-766.764
-675.125
-735.099
-1156.65
-1323.66
-1156.86
-1327.95
-1160.55
-1340.56
-1333.53
-1163.16
-578.101
-572.768
-674.639
-762.019
-736.813
-671.792
-734.038
-732.435
-671.437
-761.286
-672.982
-732.79
-1177.7
-1363.29
-1359.53
-1181.08
-1173.13
-1347.27
-1353.97
-1168.6
-600.016
-591.447
-685.167
-777.651
-741.144
-685.86
-745.107
-751.732
-692.364
-782.93
-691.701
-747.123
-1212.48
-1405.12
-1217.28
-1401.48
-1207.9
-1391.28
-1395.85
-1202.31
-599.126
-607.55
-707.677
-766.949
-798.452
-706.852
-761.915
-754.211
-699.084
-792.224
-700.526
-759.18
-1189.19
-1368.89
-1373.34
-1184.76
-1193.12
-1384.67
-1379.99
-1197.69
-409.117
-402.518
-492.866
-460.198
-474.737
-493.485
-457.748
-483.997
-499.23
-496.6
-509.731
-466.43
-477.853
-465.571
-503.901
-504.954
-418.069
-498.119
-504.183
-411.688
-353.051
-287.257
-357.472
-284.055
-421.493
-517.148
-428.26
-510.755
-347.723
-279.205
-344.045
-281.695
-407.424
-414.71
-517.537
-484.199
-531.737
-496.667
-524.4
-483.14
-527.285
-513.878
-516.487
-478.42
-493.121
-475.349
-505.109
-521.948
-398.721
-493.466
-486.372
-407.266
-329.649
-269.946
-325.592
-272.095
-394.423
-471.976
-387.062
-478.657
-335.77
-277.726
-341.198
-274.293
-1373.61
-1364.27
-1342.57
-1359.52
-1266.01
-1298.12
-1334.5
-1310.7
-1092.58
-1057.9
-897.327
-919.844
-1243.36
-1192.83
-1022.62
-1144.41
-1112.71
-1149.69
-1364.34
-1253.64
-1258.73
-1155.76
-1107.85
-991.619
-1127.69
-1049.8
-1208.41
-1006.05
-1104.92
-1038.33
-956.928
-981.839
-1173.34
-1018.66
-1062.14
-1013.84
-923.64
-1194.76
-1242.64
-1348.44
-1454.84
-1346.51
-1196.74
-1240.25
-1325.1
-1475.6
-1328.95
-1338.76
-1480.9
-1335.32
-1317.94
-1457.76
-1313.53
-1450.8
-1300.15
-1305.37
-1183.18
-1331.85
-1196.4
-1220.19
-1346.19
-1210.71
-1026.59
-1147.51
-1058.26
-1257.34
-1021.01
-1158.75
-1063.88
-1035.56
-1078.5
-1178.48
-1268.21
-1170.11
-1040.69
-1071.56
-1158.8
-1266.13
-1133.09
-1223.01
-1047.88
-1084.15
-1219.16
-1367.86
-1483.54
-1258.53
-1266.88
-1372.36
-1214.91
-1224.15
-1490.25
-1274.1
-1377.81
-1085.52
-1223.02
-1333.61
-1119.35
-1126.77
-1229.53
-1079.67
-1094.3
-1142.17
-1244.92
-1341.99
-1099.8
-1135.17
-1239.26
-1415.69
-1572.63
-1420.11
-1578.73
-1425.62
-1205.93
-1361.41
-1250.93
-1462.31
-1209.21
-1357.98
-1246.86
-1201.77
-1244.33
-1351.99
-1460.13
-1200.1
-1353.5
-1244.8
-1344.43
-1494.54
-1347.41
-1268.79
-1419.59
-1275.43
-1291.15
-1428.19
-1285.45
-1258.27
-1391.14
-1250.86
-1231.87
-1380.72
-1239.84
-1064.41
-1213
-1110.72
-1306.61
-1070.51
-1205.94
-1102.83
-1055.24
-1086.45
-1188.48
-1297.27
-1049.45
-1195.89
-1093.9
-1231.35
-1330.95
-1103.74
-1181.73
-1336.16
-1187.2
-1225.77
-1237.35
-1199.8
-1346.54
-1108.23
-1341.41
-1243.56
-1194.11
-1207.35
-1351.42
-1210.44
-1249.58
-1134.44
-1088.27
-1011.12
-1232.47
-1235.7
-1091.8
-1131.32
-1121.43
-1218.92
-998.78
-1074.82
-1222.39
-1078.72
-1118.11
-1124.87
-1085.36
-1002.89
-1228.58
-1225.85
-1081.72
-1127.89
-1090.02
-1186.56
-969.641
-1043.08
-1190.75
-1047.67
-1086.18
-1094.22
-1055.84
-1198.5
-974.5
-1194.88
-1097.87
-1051.39
-1110.67
-1214.7
-1071.71
-989.68
-1114.29
-1211.52
-1067.72
-1106.37
-1059.64
-985.039
-1203.25
-1207.45
-1064.03
-1102.3
-1030.65
-1120.36
-909.796
-995.636
-1113.86
-998.831
-1029.99
-1029.46
-1000.6
-910.131
-1102.16
-1113.86
-998.742
-1027.86
-1011.92
-1047.82
-879.426
-984.578
-1068.8
-990.999
-1004.74
-1019.56
-997.767
-890.219
-1095.95
-1079.19
-996.799
-1023.3
-967.833
-1026.1
-973.64
-827.44
-988.969
-996.326
-951.471
-931.02
-888.735
-808.118
-927.334
-964.536
-919.152
-893.96
-1215.27
-1318.74
-1086.73
-1172.57
-1318.32
-1171.84
-1215.89
-1213.9
-1168.68
-1085.05
-1314.77
-1316.87
-1170.56
-1211.84
-1217.9
-1326.38
-1177.19
-1094.2
-1221.19
-1323.49
-1173.66
-1215.47
-1170.22
-1091.33
-1319.82
-1321.04
-1171.63
-1214.57
-1216.18
-1319.6
-1088.52
-1172.7
-1319.72
-1216.24
-1172.97
-1215.71
-1171.81
-1089.67
-1318.96
-1319.78
-1171.81
-1214.91
-1029.9
-1120.24
-916.185
-994.415
-1125.88
-1029.92
-992.602
-1031.88
-994.858
-915.796
-1131.51
-1126.13
-994.081
-1034.11
-1045.73
-1147.52
-927.909
-1007.63
-1143.11
-1004.78
-1048.63
-1041.75
-998.617
-925.273
-1134.32
-1140.37
-1001.19
-1038.23
-1077.96
-1181.84
-1039.52
-958.786
-1081.82
-1177.94
-1035.07
-1073.21
-1026.24
-953.86
-1168.61
-1173.61
-1030.89
-1068.85
-1055.8
-1151.06
-938.118
-1010.58
-1155.78
-1052.38
-1014.21
-1060.09
-1022.04
-942.279
-1163.78
-1159.46
-1017.8
-1063.94
)
;

boundaryField
{
    left
    {
        type            calculated;
        value           nonuniform List<scalar> 0();
    }
    bottom
    {
        type            calculated;
        value           nonuniform List<scalar> 
214
(
-1190.26
-1123.08
-991.081
-1197.06
-1134.59
-1016.82
-1227.46
-1170.23
-1080.41
-1218.08
-1162.46
-1064.29
-864.437
-859.307
-1183.81
-807.172
-796.234
-1110.17
-703.455
-664.511
-933.085
-1203.83
-875.696
-869.825
-1144.86
-825.774
-816.984
-1033.2
-733.564
-722.137
-571.29
-896.717
-542.983
-547.194
-533.617
-541.131
-1177.32
-853.9
-847.797
-490.4
-503.104
-471.557
-485.504
-1095.89
-784.179
-771.159
-375.154
-431.803
-351.812
-892.014
-538.477
-940.795
-889.229
-882.142
-1210.42
-558.667
-568.213
-548.912
-555.831
-841.036
-833.713
-1154.05
-521.263
-530.635
-507.187
-517.875
-757.76
-744.953
-1048.36
-455.962
-466.403
-444.583
-452.353
-649.093
-528.514
-675.637
-574.96
-578.663
-544.954
-546.341
-536.829
-539.455
-494.928
-499.489
-476.045
-481.32
-391.147
-418.813
-334.266
-322.229
-503.71
-380.185
-562.363
-565.617
-551.365
-553.762
-524.832
-528.093
-511.181
-514.943
-458.268
-462.895
-447.156
-451.511
-803.52
-715.933
-803.995
-492.61
-614.986
-689.321
-884.367
-594.863
-572.751
-386.863
-389.397
-381.863
-383.09
-390.43
-362.336
-363.198
-360.545
-360.264
-361.983
-362.314
-362.979
-361.605
-355.93
-358.14
-352.035
-352.886
-359.518
-360.341
-358.85
-358.567
-314.423
-317.621
-307.96
-310.005
-322.54
-324.803
-318.793
-319.919
-292.667
-296.632
-284.477
-287.403
-303.774
-306.716
-298.128
-300.18
-222.439
-236.504
-189.444
-198.61
-269.397
-273.767
-254.394
-262.709
-265.978
-210.692
-199.703
-207.822
-164.316
-186.987
-460.996
-427.618
-373.739
-375.957
-369.837
-370.53
-378.958
-380.564
-376.83
-377.123
-365.245
-366.964
-362.632
-362.642
-368.283
-369.401
-367.504
-367.199
-344.23
-346.722
-339.866
-340.903
-349.457
-351.124
-347.595
-347.874
-330.992
-333.716
-325.845
-327.249
-337.148
-338.974
-334.685
-335.226
-267.751
-271.529
-263.221
-264.549
-279.366
-283.119
-272.442
-275.139
-271.744
-272.13
-274.725
-274.986
-264.23
-265.398
-267.549
-266.425
)
;
    }
    interface
    {
        type            calculated;
        value           nonuniform List<scalar> 
1684
(
-568.385
-578.935
-508.945
-530.676
-479.464
-457.952
-588.703
-577.708
-546.412
-529.577
-456.778
-452.065
-601.203
-569.542
-558.189
-510.064
-482.587
-459.291
-587.783
-603.103
-545.342
-559.176
-455.132
-483.602
-780.37
-678.249
-958.449
-585.645
-691.649
-999.231
-574.333
-573.228
-520.903
-519.885
-476.121
-466.641
-581.692
-582.959
-537.898
-538.921
-448.474
-451.853
-603.75
-605.685
-563.451
-564.512
-496.399
-497.358
-446.654
-786.357
-1019.15
-859.584
-978.777
-706.704
-415.828
-482.1
-552.184
-703.426
-639.165
-637.787
-766.753
-466.911
-960.515
-817.063
-712.123
-362.004
-441.402
-425.252
-596.836
-596.038
-552.957
-552.005
-468.998
-468.013
-1035.89
-1028.2
-964.527
-571.876
-575.609
-515.617
-525.052
-488.136
-457.986
-584.624
-581.04
-541.884
-534.915
-450.775
-453.118
-604.714
-743.226
-520.359
-529.319
-708.453
-718.004
-566.111
-561.955
-460.512
-481.005
-503.031
-490.571
-431.493
-584.712
-414.028
-592.387
-599.17
-538.683
-529.165
-729.047
-718.55
-729.684
-742.197
-549.722
-555.309
-682.671
-666.922
-683.781
-696.46
-497.266
-510.03
-462.257
-475.446
-406.839
-397.027
-584.859
-614.139
-406.873
-432.678
-850.049
-738.912
-791.02
-645.289
-910.352
-901.386
-656.089
-622.233
-819.459
-936.378
-570.816
-576.725
-514.587
-525.9
-477.813
-464.259
-585.402
-579.607
-542.731
-533.875
-452.707
-448.993
-608.865
-602.029
-903.556
-807.884
-1354.93
-1361.34
-796.234
-888.78
-891.976
-898.608
-804.138
-524.569
-661.948
-425.984
-520.725
-655.8
-657.068
-430.805
-662.333
-702.277
-704.175
-530.248
-525.056
-663.644
-664.792
-496.153
-625.052
-625.245
-403.255
-495.945
-402.586
-630.66
-671.866
-670.379
-495.267
-400.157
-492.537
-403.164
-762.355
-855.131
-859.083
-766.707
-857.675
-1320.83
-1192.44
-1166.84
-1165.59
-1193.65
-1318.53
-713.465
-771.525
-864.013
-859.844
-767.239
-861.455
-1186.39
-1158.72
-1159.79
-1185.17
-1314.01
-1312.75
-1315.14
-567.014
-560.906
-761.493
-854.006
-852.778
-703.044
-849.745
-757.044
-1300.76
-1298.74
-1173.6
-1145.28
-1146.99
-1171.59
-1182.91
-1157.15
-1183.68
-1156.22
-1310.39
-751.034
-843.427
-848.288
-755.932
-515.728
-620.684
-662.547
-621.812
-660.888
-486.65
-391.811
-483.133
-608.326
-609.531
-395.777
-651.083
-652.88
-490.319
-399.524
-490.812
-398.251
-587.588
-591.519
-553.617
-444.199
-561.284
-563.94
-358.72
-446.735
-569.894
-355.113
-572.423
-611.941
-608.473
-436.131
-344.477
-430.835
-349.337
-654.795
-698.22
-789.123
-798.566
-707.819
-1256.65
-1131.18
-1107.25
-1104.91
-1133.63
-1252.93
-718.543
-809.627
-801.353
-710.119
-1239.46
-503.82
-489.653
-695.782
-786.078
-631.364
-775.392
-684.868
-779.28
-1206.76
-1211.16
-1228.54
-1223.89
-670.106
-760.288
-764.495
-771.816
-681.934
-584.042
-549.531
-579.373
-406.203
-330.803
-399.41
-510.021
-335.074
-447.167
-525.149
-550.884
-556.247
-417.884
-341.385
-421.927
-338.57
-329.822
-316.157
-324.765
-365.434
-262.065
-321.627
-250.783
-394.537
-417.012
-437.156
-422.755
-352.721
-226.199
-374.855
-229.387
-589.522
-659.871
-734.819
-736.62
-655.94
-738.681
-1133.53
-1132.59
-1129.43
-576.038
-638.894
-722.725
-734.051
-649.239
-1096.91
-1113.55
-465.369
-846.306
-860.873
-984.313
-1067.56
-905.916
-935.392
-931.089
-1034.38
-625.018
-674.267
-442.379
-467.162
-548.519
-470.84
-610.867
-509.766
-761.471
-618.984
-652.88
-583.156
-827.3
-704.802
-540.316
-509.604
-651.688
-723.708
-704.501
-580.544
-646.002
-602.13
-924.389
-907.155
-871.059
-881.782
-945.356
-1017.56
-717.503
-720.985
-685.356
-669.59
-698.062
-685.763
-358.54
-340.197
-391.313
-364.564
-441.911
-390.817
-283.007
-429.536
-420.327
-535.827
-472.768
-464.781
-312.741
-229.467
-330.644
-223.941
-591.926
-600.635
-641.446
-683.994
-681.906
-500.09
-632.464
-630.812
-403.694
-497.084
-628.796
-407.177
-672.977
-674.242
-503.335
-410.664
-504.197
-409.084
-723.668
-783.019
-876.204
-872.228
-778.502
-1326.87
-1198.21
-1169.11
-1195.95
-1171
-1329.38
-772.492
-865.406
-867.228
-870.352
-777.12
-1337.93
-1335.89
-736.252
-783.644
-876.868
-880.254
-788.605
-878.565
-1342.25
-1344.91
-794.192
-885.736
-879.719
-788.258
-1338.82
-1338.71
-1338.61
-646.907
-685.71
-687.61
-516.195
-649.147
-650.404
-422.552
-517.197
-653.841
-420.218
-658.165
-700.533
-659.537
-698.228
-511.755
-412.744
-507.771
-417.095
-548.736
-556.114
-490.007
-592.246
-632.741
-630.08
-457.277
-578.448
-363.462
-452.939
-368.43
-489.696
-580.399
-614.534
-578.187
-617.413
-463.226
-375.357
-464.894
-372.732
-736.003
-827.721
-821.38
-729.519
-823.745
-1265.01
-1139.37
-1110.41
-1136.5
-1112.94
-1267.72
-674.516
-720.431
-811.984
-819.253
-727.794
-816.865
-1152.26
-1127.64
-1125.94
-1153.95
-1278.46
-1280.18
-1275.46
-689.851
-737.446
-829.532
-835.24
-743.331
-1295.11
-1168.16
-1143.15
-1169.51
-1141.77
-1292.55
-749.883
-841.936
-840.368
-836.801
-744.584
-1158.36
-1130.09
-1156.19
-1132
-1284.72
-598.313
-634.717
-596.708
-636.913
-478.295
-601.443
-388.855
-479.405
-604.378
-386.824
-649.397
-647.144
-473.393
-378.88
-469.535
-383.238
-461.18
-476.126
-470.286
-498.501
-491.614
-329.104
-423.695
-278.892
-323.199
-409.849
-288.365
-448.784
-436.405
-458.084
-339.644
-306.653
-345.289
-300.196
-639.51
-727.444
-719.503
-631.709
-1135.67
-1140.36
-573.329
-633.728
-719.652
-717.868
-717.616
-631.923
-717.251
-1158.03
-640.917
-730.195
-740.804
-651.918
-736.975
-1194.15
-667.356
-756.745
-752.744
-744.615
-654.796
-748.9
-1169.44
-1165.52
-418.314
-485.718
-504.202
-510.577
-379.958
-327.125
-386.172
-323.248
-419.304
-510.997
-546.006
-515.644
-539.824
-363.214
-312.954
-354.808
-318.456
-1090.76
-1071.61
-918.278
-904.847
-552.803
-707.836
-697.302
-520.367
-510.241
-644.833
-665.44
-642.88
-616.38
-459.92
-433.71
-434.085
-399.376
-593.22
-573.41
-539.442
-553.998
-497.049
-481.373
-583.821
-568.375
-750.324
-1628.62
-1645.6
-1653.62
-748.283
-554.864
-391.562
-398.283
-556.636
-664.509
-400.494
-369.664
-626.969
-370.159
-525.258
-367.683
-369.872
-713.08
-1598.2
-1592.76
-1588.59
-1591
-1573.14
-1578.5
-1586.63
-1581.29
-702.292
-613.932
-358.753
-364.053
-515.699
-615.725
-366.874
-619.035
-365.468
-471.311
-327.828
-321.921
-471.828
-557.758
-309.719
-318.99
-1530.08
-1519.9
-656.585
-1505.31
-1515.47
-1469.36
-1482.26
-1500.88
-1488.04
-629.057
-448.006
-525.493
-279.807
-292.938
-530.281
-306.243
-542.558
-297.255
-413.638
-255.004
-402.447
-224.276
-344.079
-184.069
-325.089
-215.121
-1374.44
-1357.09
-1273.41
-1336.18
-933.72
-1250.26
-1064.66
-432.238
-211.551
-539.539
-199.186
-168.153
-1572.6
-1588.14
-1594.57
-1545.41
-1552.07
-1559.35
-1555.26
-1566.79
-1560.13
-1560.35
-1559.04
-533.171
-370.573
-628.215
-374.272
-533.473
-634.187
-377.325
-375.504
-1601.27
-1608.17
-722.876
-1616.23
-1611.84
-1622.5
-1615.44
-736.349
-1617.28
-1615.03
-546.922
-389.245
-385.715
-548.512
-646.788
-378.598
-640.378
-383.911
-1542.38
-1537.25
-1532.68
-1535.37
-1517.95
-1523.3
-1530.81
-1525.88
-1480.02
-1487.64
-1498.29
-1490.96
-1515.31
-1509.18
-1501.07
-1506.56
-581.252
-330.346
-572.82
-337.53
-343.839
-339.704
-675.829
-1533.71
-1541.48
-1552.86
-1544.99
-1570.43
-1563.9
-690.797
-1555.71
-1561.18
-503.936
-356.995
-606.371
-353.691
-504.245
-345.795
-351.875
-1476.46
-1466.86
-1452.74
-1462.58
-1418.29
-1430.71
-1448.41
-1436.46
-1327.48
-1345.09
-1370.7
-1354.04
-1412.55
-1398.15
-1377.02
-1391.55
-399.653
-430.332
-259.86
-271.353
-401.554
-277.048
-455.871
-274.193
-572.746
-1382.56
-1396.73
-1421.66
-1406.63
-598.129
-1464
-1449.12
-600.328
-1427.81
-1442.07
-487.731
-275.873
-504.674
-276.959
-277.2
-277.249
-1318.42
-1295.64
-1218.86
-1273.76
-885.575
-1177.75
-1000
-745.24
-555.21
-661.528
-522.573
-624.337
-623.573
-527.038
-631.626
-710.568
-716.214
-706.059
-699.571
-517.884
-512.836
-613.062
-611.825
-465.648
-556.747
-476.599
-574.996
-649.125
-662.197
-638.581
-621.849
-454.356
-546.009
-439.865
-520.825
-427.31
-363.826
-378.246
-395.541
-427.349
-604.135
-571.024
-574.937
-379.958
-364.329
-535.77
-642.964
-531.262
-634.147
-633.426
-726.802
-720.538
-732.633
-739.867
-542.418
-645.496
-551.214
-493.555
-594.168
-485.35
-680.185
-670.237
-686.45
-694.38
-500.407
-507.108
-608.005
-609.583
-402.852
-475.166
-399.502
-443.777
-578.432
-571.917
-590.788
-608.686
-411.368
-480.752
-426.547
-799.696
-744.221
-854.4
-708.205
-753.513
-810.87
-905.916
-1231.55
-1209.31
-1235.95
-1204.82
-1632.89
-1350.15
-1365.6
-1640.73
-1224.34
-1191.83
-1196.36
-1219.31
-1375.32
-1218.76
-1220.85
-1244.8
-1372.5
-1656.47
-746.276
-799.095
-801.307
-895.759
-710.367
-666.557
-712.9
-558.766
-668.705
-659.717
-526.67
-425.306
-392.436
-519.966
-432.111
-396.806
-663.955
-708.48
-706.088
-553.889
-664.9
-666.323
-529.526
-434.634
-667.359
-623.92
-665.951
-625.753
-522.769
-626.424
-620.391
-497.211
-402.863
-369.732
-625.87
-496.129
-403.91
-369.112
-668.28
-669.328
-527.523
-629.151
-628.197
-622.703
-496.301
-400.556
-367.33
-620.907
-492.648
-403.376
-369.749
-711.127
-764.172
-856.702
-765.049
-1190.35
-1162.65
-1163.72
-1188.96
-1316.94
-1322.12
-1596.76
-1593.75
-715.708
-769.967
-862.603
-769.137
-1187.41
-1161.72
-1160.91
-1187.93
-1315.6
-1589.17
-1590.6
-760.056
-705.226
-758.907
-851.382
-1175.44
-1302.67
-1150.66
-1176.79
-1149.11
-1574.64
-1303.93
-1577.05
-1180.82
-1308.15
-1152.92
-1154.32
-1178.99
-1306.17
-1311.22
-1585.59
-1582.88
-700.327
-753.055
-845.29
-754.165
-846.666
-658.01
-617.818
-659.508
-518.269
-619.095
-617.614
-611.973
-488.685
-391.393
-359.331
-482.503
-397.104
-362.8
-614.865
-656.623
-654.628
-513.122
-615.928
-616.507
-490.578
-399.588
-366.543
-491.499
-398.744
-365.317
-599.058
-595.1
-560.195
-466.355
-563.007
-546.488
-442.841
-359.864
-326.316
-566.847
-448.738
-354.431
-322.918
-602.04
-605.401
-476.48
-569.35
-566.521
-554.117
-439.187
-343.7
-311.379
-549.875
-428.514
-351.275
-316.892
-650.96
-702.016
-792.629
-704.447
-795.457
-1127.75
-1098.57
-1101.38
-1124.39
-1259.09
-1527.39
-1249.49
-1523.02
-660.428
-715.746
-807.074
-713.493
-804.408
-1242.99
-1117.99
-1094.84
-1091.92
-1120.92
-1235.83
-1508.28
-1114.77
-1084.96
-1088.2
-1111.17
-1245.81
-1512.47
-692.068
-782.696
-636.3
-689.197
-1087.51
-1065
-1214.81
-1091.28
-1061.4
-1472.99
-1202.48
-1478.34
-1083.51
-1053.08
-1056.83
-1079.21
-1099.92
-1069.79
-1073.37
-1095.65
-1231.85
-1497.56
-1104.21
-1080.95
-1107.54
-1077.86
-1219.52
-1492.1
-624.073
-674.769
-677.661
-767.94
-570.568
-575.183
-541.989
-453.846
-538.138
-520.542
-410.192
-329.811
-282.634
-515.002
-395.715
-336.804
-289.981
-566.443
-561.096
-441.067
-529.645
-533.613
-534.286
-415.326
-342.7
-304.113
-538.42
-424.714
-337.969
-299.158
-348.068
-378.131
-334.084
-415.961
-366.221
-313.283
-381.914
-322.019
-270.055
-247.613
-393.192
-322.854
-239.641
-236.046
-403.982
-379.682
-398.237
-397.705
-390.329
-325.3
-349.135
-221.55
-193.053
-372.562
-237.217
-203.47
-584.463
-663.324
-738.606
-658.104
-1020.35
-1013.32
-1008.48
-1019.73
-1373.66
-1022.64
-1004.14
-1009.25
-1020.93
-1127.69
-1361.39
-578.457
-641.034
-726.638
-646.621
-729.918
-1009.76
-1009.45
-1013.46
-1012.59
-1079.63
-1301.22
-999.543
-1008.12
-1008.07
-991.767
-1119.63
-1328.45
-924.336
-1029.57
-977.186
-987.673
-604.715
-502.295
-535.107
-553.755
-677.401
-649.175
-744.519
-586.608
-639.5
-563.203
-613.014
-671.034
-873.348
-836.849
-853.254
-853.523
-811.707
-810.901
-965.216
-923.464
-915.298
-946.709
-883.407
-1052.97
-1215.75
-953.891
-999.041
-979.36
-979.083
-905.187
-1140.96
-435.144
-295.009
-280.994
-401.761
-355.829
-412.797
-349.284
-333.26
-321.432
-322.749
-318.831
-375.139
-252.178
-535.651
-436.176
-442.611
-260.077
-242.17
-195.557
-341.779
-366.989
-187.205
-184.428
-1576.72
-1583.57
-1547.19
-1550.27
-1559.02
-1556.92
-1564.51
-1560.39
-1559.75
-1560.2
-678.672
-680.225
-535.813
-639.486
-638.178
-638.308
-501.719
-403.92
-370.457
-497.134
-408.054
-373.437
-677.365
-636.434
-675.618
-531.188
-635.67
-635.022
-503.514
-410.923
-376.766
-636.469
-505.222
-409.54
-375.328
-725.933
-781.461
-875.095
-780.395
-873.828
-1200.81
-1175.86
-1174.02
-1202.48
-1330.98
-1324.62
-1603.02
-1606.29
-721.071
-774.387
-775.378
-868.722
-1207.53
-1179.22
-1180.57
-1333.92
-1205.74
-1615.91
-1338.07
-1613.51
-1209.47
-1182.4
-1182.12
-1209.43
-733.255
-785.824
-878.455
-786.388
-1339.07
-1208.57
-1179.95
-1180.97
-1207.58
-1620
-1211.48
-1186.38
-1214.18
-1183.58
-1337.78
-1615.67
-739.526
-791.623
-883.172
-790.995
-882.028
-1209.45
-1181.64
-1181.83
-1337.84
-1208.65
-1616.46
-1616.32
-1210.04
-1182.96
-1210.12
-1182.98
-692.209
-689.78
-543.702
-649.391
-650.92
-516.018
-422.915
-388.315
-652.026
-518.052
-420.241
-385.992
-694.229
-654.135
-696.278
-551.489
-655.762
-644.626
-513.685
-412.356
-379.003
-641.707
-507.031
-418.188
-382.755
-1541.03
-1538.24
-1533.34
-1534.98
-1519.51
-1521.9
-1529.84
-1527.43
-1482.29
-1485.54
-1496.5
-1493.24
-1513.76
-1510.9
-1502.67
-1505.16
-625.3
-583.938
-627.788
-493.659
-589.862
-587.761
-590.176
-459.81
-362.564
-331.407
-575.107
-451.5
-370.084
-335.843
-623.088
-585.015
-620.091
-485.842
-583.049
-585.715
-462.578
-376.225
-342.671
-587.812
-466.461
-372.523
-340.227
-678.84
-733.883
-825.81
-732.143
-1141.92
-1118.12
-1115.86
-1144.08
-1269.77
-1262.16
-1536.02
-1539.25
-671.6
-723.375
-814.715
-725.215
-1149.48
-1121.05
-1123.19
-1146.84
-1272.69
-1550.93
-1547.37
-687.474
-739.812
-831.697
-741.24
-833.341
-1165.83
-1137.93
-1139.56
-1290.33
-1163.76
-1296.52
-1568.78
-1565.67
-693.364
-748.13
-746.784
-838.746
-1286.75
-1160.27
-1135.83
-1134.19
-1288.1
-1161.73
-1557.28
-1282.56
-1559.73
-641.454
-599.218
-601.915
-639.032
-500.813
-600.447
-592.468
-594.077
-602.737
-478.03
-389.546
-355.975
-480.668
-386.836
-354
-605.958
-643.251
-645.25
-507.261
-604.26
-596.891
-475.683
-378.305
-346.537
-468.608
-384.757
-350.389
-1473.93
-1469.85
-1455.51
-1459.72
-1421.51
-1427.19
-1445.49
-1440.29
-1331.16
-1340.06
-1366.75
-1359.3
-1408.99
-1402.71
-1380.96
-1387.22
-479.166
-436.835
-485.689
-402.633
-465.132
-460.321
-333.416
-274.377
-263.153
-416.824
-320.599
-292.715
-269.074
-473.279
-455.064
-465.699
-398.646
-449.879
-443.087
-336.193
-309.093
-276.919
-449.295
-349.099
-297.694
-274.566
-577.839
-635.955
-724.569
-634.92
-721.899
-1024.18
-1003.28
-1003.78
-1025.92
-1134.96
-1384.06
-1021.23
-1004.06
-1021.16
-1001.13
-1142.41
-1393.31
-569.167
-633.317
-630.651
-1152.52
-1034.7
-1008.58
-1009.96
-1031.2
-1418.47
-1160.97
-1148.74
-1410.72
-1038.96
-1016.47
-1014.68
-1041.8
-592.37
-645.251
-733.847
-647.45
-1188.81
-1066.62
-1036.32
-1039.95
-1061.96
-1197.93
-1460.17
-1071.33
-1048.48
-1075.16
-1045.08
-1183.96
-1453.7
-606.251
-662.823
-659.758
-1174.38
-1053.11
-1030.99
-1027.78
-1057.03
-1431.35
-1178.32
-1437.8
-1049.06
-1020.52
-1045.22
-1023.24
-523.047
-481.547
-495.732
-516.422
-412.98
-490.865
-462.18
-468.532
-493.379
-375.732
-328.667
-276.246
-499.023
-390.215
-322.28
-275.824
-505.966
-528.364
-534.345
-425.223
-501.104
-475.197
-368.499
-311.428
-276.357
-351.188
-320.488
-277.602
-1315.18
-1301.99
-1231.36
-1265.8
-1150.26
-1072.37
)
;
    }
    procBoundary5to1
    {
        type            processor;
        value           nonuniform List<scalar> 
55
(
-1289.63
-1289.63
-1289.63
-892.966
-1491.77
-892.966
-892.966
-892.966
-892.966
-1413.06
-609.144
-1580.6
-1007.69
-977.447
-762.377
-1253.18
-1354.66
-1118.25
-666.983
-485.369
-384.976
-806.999
-595.783
-724.368
-684.115
-753.382
-538.146
-951.205
-856.185
-913.51
-1118.25
-1396.06
-1592.12
-1653.68
-684.118
-656.914
-629.464
-697.601
-577.456
-485.369
-685.629
-485.369
-384.976
-1653.68
-1225.66
-1275.35
-1379.06
-1118.25
-1354.66
-1426.92
-1210.56
-1253.18
-1253.18
-1118.25
-1354.66
)
;
    }
    procBoundary5to4
    {
        type            processor;
        value           nonuniform List<scalar> 
526
(
-1354.86
-1288.05
-1119.01
-1361.91
-1361.91
-1361.91
-1354.86
-1354.86
-1299.64
-1299.64
-1299.64
-1288.05
-1288.05
-1162.32
-1162.32
-1162.32
-1119.01
-1119.01
-1391.7
-1334.9
-1244.12
-1391.7
-1391.7
-1382.01
-1382.01
-1382.01
-1334.9
-1334.9
-1327.2
-1327.2
-1327.2
-1244.12
-1244.12
-1226.48
-1226.48
-1226.48
-1348.28
-1275
-1024.75
-1368.51
-1368.51
-1368.51
-1505.51
-1438.79
-1517.2
-1448.87
-1501.14
-1434.48
-1348.28
-1348.28
-1492.18
-1425.33
-1309.84
-1309.84
-1309.84
-1441.7
-1377.61
-1457.26
-1391.93
-1435.83
-1371.7
-1275
-1275
-1353.1
-1187.37
-1187.37
-1187.37
-1219.81
-1267.85
-1196.8
-1024.75
-1024.75
-1024.75
-1024.75
-1072.83
-1534.4
-1501.14
-1492.18
-1341.89
-1478.25
-1489.27
-1435.83
-1260.38
-1400.1
-1534.4
-1467.66
-1534.4
-1534.4
-1374.52
-1374.52
-1374.52
-1526.55
-1460.71
-1518.84
-1451
-1505.51
-1505.51
-1505.51
-1517.2
-1517.2
-1517.2
-1526.55
-1526.55
-1526.55
-1518.84
-1518.84
-1518.84
-1501.14
-1501.14
-1492.18
-1492.18
-1341.89
-1341.89
-1478.25
-1412.26
-1489.27
-1422.32
-1478.25
-1478.25
-1489.27
-1489.27
-1318.9
-1318.9
-1318.9
-1474.1
-1408.1
-1461.77
-1396.45
-1441.7
-1441.7
-1441.7
-1457.26
-1457.26
-1457.26
-1474.1
-1474.1
-1474.1
-1461.77
-1461.77
-1461.77
-1435.83
-1435.83
-1423.1
-1415.33
-1411.28
-1479.37
-1485.91
-1489.12
-1476.51
-1260.38
-1260.38
-1321.26
-1345.65
-1378.78
-1374.77
-1445.18
-1451.54
-1455.6
-1441.63
-1399.39
-1406.6
-1468.05
-1481.24
-1472.38
-1478.25
-1207.61
-1207.61
-1207.61
-1311.76
-1279.97
-1282.48
-1273.93
-1339.06
-1343.45
-1351.9
-1330.81
-1313.2
-1321
-1382.97
-1399.93
-1395.06
-1388.64
-1366.4
-1372.4
-1432.37
-1445.71
-1436.88
-1442.09
-1333.64
-1325.23
-1400.44
-1406.65
-1412.05
-1394.91
-1255.81
-1268.85
-1310.81
-1332.44
-1323.27
-1321.44
-1154.6
-1130.61
-1207.55
-1203.37
-1219.72
-1182.7
-939.407
-1018.99
-1056.33
-1097.84
-1120.29
-1160.74
-1148.11
-1149.29
-746.331
-1015.69
-1543.2
-1550.57
-1497.35
-1494.35
-1481.86
-1485.78
-1429.29
-1423.1
-1543.2
-1543.2
-1543.2
-1550.57
-1550.57
-1509.79
-1509.79
-1509.79
-1509.79
-1514.11
-1514.11
-1514.11
-1514.11
-1521.53
-1521.53
-1521.53
-1521.53
-1519.32
-1519.32
-1519.32
-1519.32
-1497.35
-1497.35
-1497.35
-1494.35
-1494.35
-1494.35
-1481.86
-1481.86
-1481.86
-1485.78
-1485.78
-1485.78
-1446.79
-1446.79
-1446.79
-1446.79
-1452.25
-1452.25
-1452.25
-1452.25
-1469.81
-1469.81
-1469.81
-1469.81
-1465.54
-1465.54
-1465.54
-1465.54
-1429.29
-1429.29
-1429.29
-1423.1
-1423.1
-1423.1
-1379.64
-1383.31
-1449.33
-1463.55
-1460.48
-1452.7
-1393.36
-1386.66
-1462.77
-1468.96
-1473.3
-1457.62
-1285.31
-1294.24
-1348.27
-1369.02
-1361.29
-1356.85
-1308.72
-1298.65
-1375.02
-1379.37
-1387.33
-1366.55
-1361.04
-1352.1
-1426.08
-1430.46
-1436
-1419.64
-1338.04
-1346.62
-1406.92
-1423.26
-1418.57
-1412.65
-1243.48
-1221.78
-1296.44
-1293.49
-1308.32
-1279.01
-1179.43
-1203.75
-1235
-1267.72
-1251.02
-1257.7
-1037.19
-1067.13
-999.013
-999.013
-915.935
-1004.99
-912.574
-1059.74
-1045.06
-1097.9
-1004.39
-1375.38
-1372.46
-1442.26
-1379.23
-1381.43
-1446.13
-1365.4
-1368.29
-1430.79
-1361.53
-1427.46
-1359.24
-1391.19
-1395.14
-1455.69
-1386.85
-1384.84
-1452.32
-1348.95
-1346.08
-1415.37
-1353
-1355.55
-1419.16
-1338.38
-1341.6
-1404.12
-939.759
-902.745
-746.331
-869.477
-922.193
-1015.69
-965.79
-980.276
-959.677
-1011.95
-1037.19
-1100.01
-1067.13
-1084.57
-869.477
-965.79
-1529.3
-1524.09
-1532.56
-1537.6
-1540.8
-1498.75
-1496.05
-1500.38
-1502.55
-1509
-1509.82
-1507.23
-1504.51
-1517.14
-1520.43
-1513.99
-1512.2
-1510.78
-1510.52
-1511.51
-1510.81
-1491.89
-1493.96
-1489.68
-1487.5
-1484.45
-1483.08
-1485.45
-1486.09
-1471.24
-1468.86
-1472.59
-1474.28
-1480.49
-1481.91
-1478.6
-1475.98
-1435.53
-1432.17
-1437.43
-1440.04
-1448.2
-1450.61
-1445.79
-1442.21
-1464.92
-1467.09
-1462.69
-1459.81
-1454.8
-1452.38
-1456.25
-1458.02
-1426.53
-1429.86
-1423.56
-1419.2
-1415.33
-1411.28
-1414.96
-1416.84
-1378.78
-1374.77
-1379.64
-1383.31
-1399.39
-1406.6
-1393.36
-1386.66
-1282.48
-1273.93
-1285.31
-1294.24
-1313.2
-1321
-1308.72
-1298.65
-1366.4
-1372.4
-1361.04
-1352.1
-1333.64
-1325.23
-1338.04
-1346.62
-1255.81
-1268.85
-1243.48
-1221.78
-1154.6
-1130.61
-1179.43
-1203.75
-1100.01
-1084.57
-915.935
-839.78
-1056.33
-1097.84
-1004.99
-912.574
-1315.5
-1311.28
-1382.08
-1321.33
-1325.11
-1387.41
-1299.78
-1304.69
-1365.86
-1292.34
-1358.91
-1286.74
-1178.17
-1161.52
-1237.49
-1192.99
-1204.66
-1254.28
-1104.55
-1136.5
-1166.64
-1055.76
-1120.76
-1007.57
-1405.28
-1400.88
-1473.81
-1410.16
-1479.23
-1333.58
-1330.31
-1399.81
-1262.64
-1255.33
-1329.19
-1271.96
-1278.52
-1338.14
-1236.86
-1245.33
-1301.99
-1225.97
-1216.54
-1290.61
)
;
    }
}


// ************************************************************************* //
