/*--------------------------------*- C++ -*----------------------------------*\
| =========                 |                                                 |
| \\      /  F ield         | OpenFOAM: The Open Source CFD Toolbox           |
|  \\    /   O peration     | Version:  2012                                  |
|   \\  /    A nd           | Website:  www.openfoam.com                      |
|    \\/     M anipulation  |                                                 |
\*---------------------------------------------------------------------------*/
FoamFile
{
    version     2.0;
    format      ascii;
    class       volScalarField;
    location    "0.108/solid";
    object      epsilonEq;
}
// * * * * * * * * * * * * * * * * * * * * * * * * * * * * * * * * * * * * * //

dimensions      [0 0 0 0 0 0 0];


internalField   nonuniform List<scalar> 
3125
(
0.00184021
0.000977003
0.000891463
0.000412454
0.000212118
0.00202757
0.000980078
0.00162709
0.00107075
0.00177336
0.00107868
0.00103613
0.0004716
0.000853481
0.000590489
0.000998051
0.00020997
0.000209867
0.000524432
0.000213382
0.00138461
0.00111347
0.000561615
0.000654096
0.0005688
0.000973782
0.000472116
0.000765735
0.000667179
0.000387707
0.000963886
0.000460904
0.000128465
0.000166765
0.000201182
0.000252143
0.000128431
0.000290068
0.000181329
0.000154984
0.000208646
0.000119027
0.00120002
0.000986335
0.00132635
0.000995902
0.00108001
0.000586839
0.000758789
0.00106776
0.00116663
0.000790956
0.000783631
0.000960709
0.00113745
0.000905474
0.0011502
0.000707966
0.000720316
0.000935073
0.00124228
0.000730494
0.000901671
0.000896649
0.000795338
0.000886506
0.00070922
0.00110347
0.000696423
0.000904731
0.000893846
0.000619826
0.00109942
0.000690878
0.000547379
0.000439108
0.000650304
0.000212377
0.000290666
0.000377257
0.000707031
0.000302011
0.000306806
0.000422947
0.000777647
0.000627369
0.000785233
0.000337578
0.000471374
0.000606215
0.000845767
0.000489818
0.000431308
0.000603824
0.000129454
0.000218717
0.000318687
0.000340526
0.000190045
0.000406927
0.000241291
0.000159154
0.000287191
0.000173106
0.000965478
0.00118739
0.000507165
0.000559034
0.000596613
0.000977751
0.000549505
0.00075126
0.000706329
0.000414944
0.000922934
0.000447615
9.85193e-05
0.000107089
0.000206144
0.000355482
0.000171019
0.000229785
0.000189721
0.000182973
0.000148181
9.61513e-05
0.000683892
0.00122302
0.0009543
0.000920289
0.00099347
0.000614193
0.000680309
0.00113622
0.00144139
0.000994528
0.000765479
0.000807619
0.000673412
0.000656105
0.00107338
0.000721631
0.000747872
0.00115899
0.00155484
0.000995879
0.00065365
0.000657286
0.000520837
0.000558833
0.00071682
0.00109046
0.000702719
0.000651177
0.000638527
0.000613264
0.00106559
0.000646788
0.000489487
0.000437701
0.000531723
0.000218693
0.0002562
0.000403964
0.000809492
0.000369172
0.000243828
0.000289092
0.00050744
0.000464908
0.000656214
0.000348572
0.000404382
0.000601106
0.00095336
0.000558261
0.000282552
0.000327973
0.000132476
0.000173737
4.77145e-05
8.27681e-05
0.000330278
0.000460407
0.000275481
0.000267885
0.000224144
0.000186501
0.000192605
0.000135996
0.0011533
0.00117262
0.000626445
0.000575752
0.000433485
0.000602572
0.000482731
0.000552313
0.000616292
0.000499737
0.000590353
0.00052224
0.000541396
0.000977907
0.000500551
0.000536677
0.0005085
0.00048959
0.000527456
0.000642726
0.000690709
0.000710821
0.000719794
0.000648125
0.000570803
0.000705762
0.000628292
0.000401139
0.000418628
0.000434148
0.000947115
0.00049008
0.000458027
0.000429339
0.000478213
0.000444969
0.000135268
0.000112347
8.64394e-05
0.000115953
0.000104148
0.000129881
0.000127992
0.000109997
0.00019856
0.000168967
0.000164652
0.000301627
0.000128805
0.00015946
0.000158242
0.000124051
0.000153824
0.000144742
0.000177432
0.000204125
0.000241957
0.00017298
0.000137752
0.000226095
0.000163655
0.00017424
9.08029e-05
9.22235e-05
0.000173387
0.000119208
9.89809e-05
9.58727e-05
0.00011496
9.48192e-05
0.000874721
0.00116444
0.0011241
0.00116718
0.00103828
0.000872579
0.00090874
0.00111984
0.000928504
0.00101039
0.00102418
0.000797249
0.000705795
0.000608928
0.000649768
0.000676039
0.000792851
0.000674366
0.000701864
0.00112391
0.000938752
0.000985736
0.00128697
0.000832003
0.000950416
0.000898962
0.000827041
0.000943193
0.000859625
0.000820584
0.000732834
0.000845925
0.000802043
0.000901993
0.000871319
0.000826173
0.000847586
0.000995576
0.000790585
0.000654231
0.000654243
0.000963537
0.000755846
0.000778285
0.00109724
0.000817651
0.000759832
0.000721311
0.000706077
0.000740798
0.000796882
0.000706386
0.00075012
0.00110486
0.00081497
0.000953191
0.00137683
0.000843978
0.000950885
0.000786654
0.000818917
0.00091307
0.000655071
0.000657209
0.000732748
0.000892212
0.000740657
0.000751434
0.000890364
0.00074306
0.00060149
0.000570426
0.000584526
0.0008428
0.000626628
0.000673595
0.000855826
0.000639584
0.00071776
0.000708833
0.000706663
0.00109932
0.00068412
0.000699595
0.00070779
0.000688467
0.000703457
0.000610243
0.000632491
0.00072919
0.000908021
0.000714364
0.000683296
0.000906651
0.000707489
0.000614441
0.000656748
0.000649235
0.00108729
0.000678815
0.000655208
0.000666625
0.000682707
0.000658427
0.000417763
0.000502696
0.000372236
0.000369834
0.000420426
0.000487001
0.000315284
0.00035775
0.000591656
0.000307332
0.000269292
0.000210333
0.000245729
0.000246588
0.000295714
0.000257286
0.000258898
0.000390095
0.000345764
0.0003557
0.0007604
0.000320132
0.000357038
0.000334731
0.000307917
0.00034393
0.000352875
0.000304401
0.000215318
0.000356382
0.000250593
0.000301786
0.000373523
0.000263037
0.000569434
0.000717603
0.000521575
0.000404635
0.0004499
0.000696347
0.000453368
0.000504628
0.000722007
0.000476522
0.000422253
0.000344191
0.000395556
0.000400624
0.000473898
0.000414465
0.000418764
0.000601675
0.000559621
0.000557635
0.000901824
0.000493553
0.000543547
0.000543415
0.000491192
0.000542234
0.000389404
0.000343402
0.000314294
0.000505834
0.000365966
0.000435954
0.000530701
0.00038363
0.000153047
0.000103391
7.65902e-05
0.000133791
9.61212e-05
0.000168595
0.000153437
0.000116445
0.000325824
0.000262083
0.000270602
0.000398145
0.00020708
0.000258272
0.000244165
0.000201455
0.000253183
0.000167054
0.000209419
0.00029749
0.000334463
0.000248068
0.00018432
0.000310797
0.000231545
0.000178804
0.000113739
0.000130426
0.000238866
0.000191261
0.000147447
0.000125638
0.000185539
0.00014159
0.000359909
0.00033561
0.000480134
0.00049449
0.000607219
0.000606906
5.1231e-05
7.9387e-05
0.000207707
0.000193467
0.000434934
0.000436721
0.00038472
0.000409709
0.000606144
0.000603224
0.000434092
0.000434252
0.000431774
0.000434349
0.000327411
0.00033674
0.000428492
0.000425173
0.000465183
0.00044973
0.000222772
0.000237853
0.000317481
0.000308628
0.000172166
0.000181557
0.000163459
0.000176335
0.000171407
5.47665e-05
5.1426e-05
0.000163358
0.000154636
0.000187764
0.000207518
0.000166867
0.000177784
0.000168017
0.000175101
0.000159687
0.0015145
0.00144537
0.00225553
0.00236164
0.00156777
0.00250334
0.0011072
0.00116055
0.00229537
0.00241288
0.00115241
0.00237683
0.000567435
0.000557434
0.000584481
0.000576074
0.00100187
0.00102596
0.000602167
0.00115003
0.000709826
0.000641371
0.00113097
0.000691148
0.00124697
0.000559748
0.00125704
0.000552117
0.00123787
0.00126524
0.000541978
0.00117118
0.00114215
0.000483868
0.000455707
0.00115791
0.00115604
0.000468385
0.000576693
0.000584822
0.000876087
0.00129858
0.000749299
0.00127775
0.000852329
0.00116833
0.000728575
0.000679857
0.00118674
0.000747399
0.00103203
0.000367626
0.000398327
0.000990795
0.0010134
0.000378395
0.00100942
0.00112577
0.00112616
0.000449944
0.000443715
0.00110962
0.00114126
0.00043227
0.000111287
0.000103095
0.000111947
0.000103754
9.13169e-05
0.00013598
0.000111896
0.000292909
0.00017785
0.000152849
0.000267291
0.000165244
0.000487972
0.000185474
0.000510178
0.00019021
0.000480289
0.000518392
0.00017518
0.000342045
0.00031097
0.00013834
0.000118121
0.000337943
0.000314488
0.000127087
0.000120396
0.000130676
0.00029405
0.0005166
0.000273732
0.000487115
0.000278024
0.000318893
0.000190881
0.000196017
0.00034605
0.0002042
0.000140004
0.000159269
0.000109692
0.000100749
0.000133645
0.000110481
0.000111363
0.000263184
0.000284935
0.000110158
0.0001096
0.000259641
0.000288344
0.000101835
0.00129583
0.00127056
0.00206246
0.00135504
0.00217967
0.00240897
0.00101974
0.00104374
0.0021414
0.00107616
0.00227152
0.00226861
0.00146255
0.00215471
0.00127033
0.00205951
0.00141203
0.000534961
0.000517999
0.00161738
0.00103444
0.00114999
0.00167609
0.00118901
0.00131066
0.000579019
0.00127806
0.000606317
0.0012861
0.00130212
0.000599824
0.00149748
0.00153135
0.000757489
0.000728631
0.00155229
0.00147998
0.000726717
0.00214319
0.00106296
0.00218384
0.00102319
0.00225663
0.00207852
0.0010198
0.00168414
0.00158893
0.000825147
0.000790148
0.00165353
0.00161447
0.000824574
0.000550081
0.000563453
0.000900823
0.00132114
0.000802751
0.001346
0.000926501
0.00156457
0.00111266
0.000928033
0.00151715
0.00107711
0.0012435
0.00195673
0.00108247
0.0011974
0.00186186
0.000438524
0.000437729
0.00151746
0.000919113
0.00103455
0.00105063
0.00155072
0.00142851
0.000696337
0.000706713
0.00141255
0.000697888
0.00141255
0.00142699
0.00148841
0.00147722
0.00073376
0.000713468
0.000722761
0.00151884
0.00145336
0.00202095
0.000968704
0.00202256
0.000889205
0.00213925
0.00092232
0.00191463
0.00160695
0.00150908
0.000744646
0.000747777
0.000765694
0.00154958
0.00155837
0.000438436
0.000439403
0.000979836
0.000898559
0.00144021
0.000984134
0.00144137
0.00149206
0.00102195
0.00089159
0.00101169
0.00147337
0.000386445
0.00037869
0.00080262
0.000812306
0.00124428
0.000821338
0.00127088
0.00138987
0.000912614
0.000877992
0.000900007
0.0013752
0.00142568
0.000695088
0.000710137
0.00141281
0.000693673
0.00142578
0.00141314
0.0014112
0.00138889
0.000701175
0.000672569
0.000677883
0.00139751
0.00140323
0.000393016
0.000400291
0.000975447
0.000906987
0.00143956
0.00097056
0.0014386
0.00140245
0.000924136
0.000899912
0.00093484
0.00141353
0.00128718
0.000596212
0.000632884
0.00124317
0.000608906
0.00126858
0.00126203
0.00138076
0.001378
0.000684135
0.000666516
0.000659314
0.0013652
0.00139268
0.000566808
0.000977382
0.000532728
0.000952334
0.000549141
0.000351982
0.000368594
0.000786519
0.000455551
0.000444963
0.000815807
0.000462324
0.000581073
0.000196058
0.000540268
0.000223642
0.000549345
0.000570883
0.000206801
0.000736812
0.000751652
0.000271356
0.000279471
0.000766972
0.000722003
0.000260417
0.000962389
0.000356959
0.000967573
0.000366816
0.000986386
0.000943521
0.000346462
0.000826815
0.000780957
0.000313074
0.000282385
0.000809955
0.000796985
0.000293259
0.000335318
0.000318634
0.000310276
0.000546616
0.000323477
0.000577184
0.000326565
0.000756938
0.000427566
0.000406412
0.000727568
0.000410315
0.000783289
0.00121637
0.000758695
0.00076311
0.00118685
0.000248789
0.000258768
0.000983289
0.000650958
0.000629567
0.000653074
0.00101974
0.000735145
0.000326627
0.000356786
0.000680777
0.000344967
0.00071949
0.00069568
0.000930376
0.000949645
0.00045432
0.00045297
0.000436787
0.000967954
0.00091216
0.00120669
0.000583069
0.00121608
0.000591736
0.00123485
0.000569161
0.00118744
0.00104215
0.000986648
0.00050821
0.000471842
0.000489469
0.00102291
0.00100568
0.00023837
0.000229088
0.000437479
0.000456223
0.000678539
0.000461628
0.000717245
0.000946351
0.000605978
0.000579556
0.000581958
0.000908795
9.65426e-05
8.87523e-05
0.000112858
0.000107841
0.000101196
0.000110874
0.000143864
0.000348762
0.000231041
0.0001967
0.000208965
0.0003144
0.00061762
0.000308613
0.000299994
0.000642146
0.000290805
0.000656117
0.000603989
0.000429941
0.00038338
0.000207714
0.000186187
0.000202791
0.000418895
0.000394218
0.000104426
0.000112968
0.000413633
0.000382584
0.000640425
0.00038993
0.00060257
0.000383473
0.00025313
0.000264403
0.000275729
0.000419247
0.000161174
0.000163191
0.000117555
0.000113912
0.000120043
0.00014972
0.000125854
0.00032554
0.000348488
0.000156611
0.000170236
0.00015475
0.000314603
0.000358968
0.000614682
0.000975607
0.000589481
0.00337706
0.00299426
0.00318531
0.00318395
0.000521766
0.000508451
0.000821656
0.00052406
0.000842063
0.000881645
0.00054114
0.000862139
0.0017072
0.00156827
0.00171485
0.00154782
0.00171521
0.00157342
0.00159483
0.0017088
0.000601882
0.000605054
0.000981066
0.000736092
0.00098353
0.000982458
0.000720914
0.000983626
0.00158882
0.0015021
0.00155272
0.0015537
0.0016088
0.00159531
0.00154956
0.00163844
9.78682e-05
0.000106282
6.08974e-05
9.48385e-05
8.94568e-05
0.000126721
9.86587e-05
0.000111609
0.000729991
0.000756853
0.000781886
0.00069814
0.000682385
0.000601365
0.000656629
0.000632832
0.000166137
0.000179223
0.000388394
0.000215661
0.00036256
0.000312798
0.000202236
0.00033695
0.000191803
0.00014523
0.00018739
0.000140009
0.000255171
0.0002724
0.000242481
0.000293196
0.00291043
0.0032109
0.00346101
0.00149459
0.00145381
0.00144934
0.00147193
0.00271052
0.00250718
0.00215977
0.00233171
0.00157764
0.00154122
0.00154564
0.00156001
0.00298694
0.00276175
0.00237366
0.00256579
0.000377854
0.000697369
0.00035543
0.00355682
0.00323568
0.00344346
0.00334513
0.000642688
0.000942751
0.000672133
0.000457052
0.000433724
0.000931195
0.000733785
0.000702675
0.00172408
0.00152546
0.0017112
0.00155
0.00173128
0.00155415
0.00151936
0.00175576
0.0028084
0.00276944
0.00298007
0.00259712
0.00263175
0.00225388
0.00240427
0.00248506
0.000592524
0.000598658
0.000975958
0.00077944
0.000967885
0.000945923
0.00079338
0.000957935
0.000406391
0.000665094
0.000439137
0.000435469
0.000434144
0.000659249
0.000509847
0.000473226
0.00182139
0.00161963
0.00163206
0.00182239
0.00182748
0.00163365
0.00161026
0.00183818
0.00293339
0.00298181
0.00279696
0.00311829
0.00273737
0.00241789
0.00257631
0.00258272
0.00043764
0.000435657
0.000814498
0.000655456
0.000801895
0.000769755
0.000656686
0.000786271
0.00148236
0.00153164
0.00156971
0.00151966
0.00153004
0.00152363
0.00156118
0.00157547
0.00156781
0.00161453
0.00165527
0.00160674
0.00164672
0.00164137
0.00167467
0.00168776
0.000819168
0.000853669
0.000956272
0.000923339
0.00147212
0.00147042
0.00139847
0.00140784
0.000937686
0.000977135
0.00108291
0.00104468
0.00159391
0.00159049
0.00152094
0.00153246
0.000354587
0.000345239
0.000740824
0.000533876
0.000756671
0.000786196
0.000546642
0.000771131
0.00183128
0.00165568
0.00182529
0.00164703
0.00184035
0.0016795
0.00168971
0.00184525
0.000416984
0.000420757
0.000825178
0.000647506
0.000832505
0.000841856
0.000643145
0.000837269
0.00175306
0.00163656
0.00168306
0.00172166
0.00177473
0.00172209
0.00168066
0.00180017
0.000799371
0.000471908
0.000776128
0.000417831
0.000433991
0.000454489
0.000728375
0.000752304
0.00088454
0.000798815
0.000831017
0.000860227
0.000933784
0.000964746
0.000900869
0.000988198
0.00148769
0.00149685
0.00152771
0.00144175
0.00145586
0.00136981
0.00142883
0.00141134
0.000269491
0.000253447
0.000414253
0.000258276
0.000439892
0.000493449
0.000273288
0.000466339
0.000723206
0.000493488
0.000705186
0.000289019
0.000298114
0.000479095
0.000667062
0.000685509
0.00102006
0.000919718
0.000982715
0.000964086
0.00107322
0.0010912
0.0010258
0.00112998
0.00165398
0.00162919
0.00157703
0.00169135
0.00161942
0.00150589
0.00156259
0.00157622
0.000199967
0.000190115
0.000400125
0.000297627
0.000423185
0.000469601
0.000312727
0.000445605
0.000752074
0.000716542
0.000618034
0.00065385
0.000154078
0.000196608
0.000281851
0.000251276
0.000872255
0.00083079
0.000726748
0.000769096
0.00015856
0.000220681
0.000341296
0.000294192
6.83963e-05
6.57834e-05
3.58991e-05
4.71009e-05
4.92183e-05
0.00010204
6.21755e-05
7.39736e-05
0.000854107
0.000874257
0.000909041
0.000813164
0.000801947
0.000710532
0.000768419
0.000748431
0.000138011
0.000145982
0.000377844
0.000252856
0.000354414
0.000309668
0.000238285
0.000331102
0.000198406
0.000194078
0.000140499
0.000150488
0.000148294
0.000154036
0.000185012
0.000217848
0.000154242
0.000213666
0.000151145
0.000298591
0.00033002
0.000286577
0.000349553
0.00129308
0.00118213
0.0013337
0.000534366
0.000546175
0.000943556
0.000609403
0.000930034
0.00089886
0.000592252
0.000914857
0.000449001
0.000449833
0.000464961
0.000589518
0.00107017
0.000637218
0.00104831
0.000619361
0.000466002
0.000497458
0.0004808
0.000567546
0.000534513
0.000549248
0.000629043
0.00109162
0.000655236
0.00111195
0.00067292
0.000517164
0.000514315
0.000531588
0.00123007
0.000536817
0.00120418
0.000509764
0.00121418
0.00122065
0.000525482
0.00171288
0.00160439
0.00170015
0.00163322
0.00170832
0.0016185
0.0017169
0.0015945
0.00118559
0.00049589
0.00118827
0.000494898
0.00119944
0.00117335
0.000481296
0.000597542
0.00059168
0.000954985
0.000658753
0.00096465
0.000978605
0.000674664
0.00097238
0.000736153
0.00068936
0.000712232
0.000734451
0.00123998
0.000808434
0.001259
0.000830078
0.000668702
0.000667417
0.000689591
0.000586403
0.000589667
0.000605472
0.000692803
0.00122175
0.00078728
0.00120469
0.000767104
0.000609147
0.000646097
0.000625597
0.00105285
0.00040837
0.00105455
0.000399322
0.00103451
0.00107233
0.00038864
0.00168196
0.00163538
0.00169997
0.00160092
0.00167531
0.00158264
0.00165164
0.00162295
0.00110891
0.000439603
0.00107408
0.000410391
0.0010924
0.0010912
0.000421208
9.59272e-05
9.58526e-05
0.000198504
0.000126275
0.000177436
0.000140731
0.000118408
0.000157235
9.88316e-05
9.14674e-05
9.48908e-05
0.000106014
0.000194674
0.000131784
0.000168911
0.000120483
9.72207e-05
0.00010842
0.000100285
0.000138854
0.000122843
0.000130652
0.00014004
0.00021896
0.000142729
0.000242903
0.00015359
0.000116249
0.000115631
0.000122907
0.000457618
0.000179726
0.000421934
0.000155326
0.000427592
0.000451035
0.000165263
0.000499334
0.000429687
0.000458273
0.000472928
0.000541455
0.000561016
0.000587285
0.000511146
0.00037003
0.000148214
0.000393229
0.000145386
0.000398362
0.000365506
0.000136051
0.00015381
0.000141494
0.000219749
0.00015469
0.0002419
0.000288709
0.000165662
0.000264737
0.000219026
0.000193406
0.000207614
0.000258006
0.000429204
0.000247585
0.000458478
0.000262773
0.000183256
0.000186125
0.000196844
0.00014761
0.00014586
0.000156451
0.000211032
0.000400687
0.000232545
0.000373567
0.000218263
0.00015484
0.000175921
0.000166108
0.000169918
9.1698e-05
0.00018873
8.64373e-05
0.000164337
0.000193731
8.93797e-05
0.000385696
0.000395154
0.000420709
0.000359199
0.000353528
0.000300884
0.000324109
0.000329543
0.000239005
0.000102275
0.000212046
8.97409e-05
0.000235383
0.000216162
9.49352e-05
0.00158937
0.00154343
0.00148166
0.00148856
0.00167357
0.0017638
0.00201291
0.00187963
0.00172295
0.00166273
0.00158126
0.00160011
0.00181907
0.00192629
0.00220894
0.00205721
0.00103884
0.000906486
0.00108356
0.0012527
0.00109521
0.00121314
0.00121747
0.00188776
0.0013174
0.00197056
0.00136383
0.00106654
0.0011369
0.00117465
0.00047894
0.00049916
0.000847945
0.000884588
0.000821507
0.000764509
0.000896494
0.00079351
0.0010757
0.00181085
0.00127255
0.00174057
0.00122961
0.000994957
0.000955507
0.00102909
0.00109994
0.000982914
0.00106405
0.00187113
0.0016958
0.00162265
0.00193592
0.0018216
0.0015462
0.00178026
0.00159687
0.00133809
0.00062723
0.00135944
0.000645341
0.00136955
0.00132884
0.000621686
0.00144901
0.000700515
0.00139462
0.000670912
0.00140648
0.00143457
0.000698043
0.00203657
0.000980208
0.00188771
0.000937162
0.00197975
0.00193705
0.000977884
0.00210661
0.00176322
0.00186194
0.00201567
0.00221962
0.00209922
0.00233913
0.00197392
0.00176086
0.000861181
0.00180251
0.000897828
0.00172475
0.001845
0.00086038
0.000584597
0.000574991
0.000871878
0.000846655
0.000893599
0.000930558
0.000833437
0.000913217
0.000760948
0.000755532
0.000786553
0.000823455
0.00140283
0.000981954
0.00137287
0.000953412
0.000778501
0.000840632
0.000812988
0.00096174
0.000876422
0.000929827
0.000898328
0.00143705
0.00101223
0.00147488
0.00104357
0.000850983
0.000869302
0.000898866
0.000999669
0.000824435
0.000965404
0.00103511
0.00112306
0.00170539
0.00115744
0.00177805
0.000805622
0.000911662
0.000936249
0.000435666
0.000437042
0.000645428
0.000653585
0.00061362
0.000545316
0.00065346
0.000579784
0.000938244
0.00109411
0.00164371
0.00107041
0.0015925
0.000848789
0.000761571
0.000860222
0.000890793
0.000768704
0.000873874
0.00194664
0.0017888
0.00172205
0.00200201
0.00189424
0.00163848
0.0018646
0.00168017
0.00143222
0.000706571
0.000703837
0.00141813
0.000700748
0.00143927
0.00141438
0.00146604
0.000709044
0.000707787
0.00142525
0.000714036
0.00144998
0.00143671
0.0019148
0.000849076
0.000845121
0.00173446
0.000881089
0.00181863
0.00182032
0.00217675
0.0018769
0.00197411
0.00208971
0.00230037
0.00223727
0.00242114
0.0021094
0.00166642
0.00076301
0.000814203
0.00166182
0.000787568
0.00160014
0.00173764
0.000438451
0.000439078
0.000674486
0.00065589
0.000701894
0.000749386
0.000656702
0.000726345
0.000806068
0.000735774
0.00081005
0.000895416
0.000992373
0.00144563
0.000988088
0.00144316
0.000738337
0.000817409
0.000813626
0.00083972
0.000747749
0.000832227
0.000890101
0.000998055
0.00145156
0.00100423
0.00146056
0.000745141
0.000821992
0.000826543
0.001618
0.00157768
0.00155397
0.00160034
0.00158803
0.00162002
0.00160608
0.00158283
0.0017143
0.00167419
0.00164539
0.00169068
0.00169025
0.00172194
0.0017134
0.00169057
0.00115466
0.00112888
0.00102753
0.00105703
0.00122606
0.00124719
0.0013324
0.00131649
0.00128326
0.00125391
0.00115098
0.00118498
0.00135117
0.00137553
0.00145957
0.00144038
0.000362852
0.000371048
0.000828005
0.000591674
0.00081935
0.000798507
0.000581329
0.00080893
0.000649552
0.000599172
0.000665317
0.000828632
0.000855913
0.00131856
0.000839243
0.00129602
0.000613201
0.000694462
0.000680227
0.000743859
0.000662803
0.00073256
0.00086774
0.000871878
0.00133944
0.000886523
0.00135835
0.000651402
0.000708329
0.000720749
0.00142529
0.000709733
0.000688896
0.00141139
0.000691344
0.00142359
0.00141285
0.001859
0.00172324
0.00174347
0.00185516
0.00185405
0.00172083
0.00185244
0.00170617
0.00141678
0.000705065
0.000686464
0.00140847
0.000682691
0.00142104
0.00140383
0.000411147
0.000405836
0.000834011
0.000618758
0.000839052
0.000842525
0.000625944
0.000840991
0.000801824
0.000724657
0.000796897
0.000908098
0.000959235
0.00143315
0.000965395
0.00143669
0.000719799
0.000786086
0.000791844
0.000753899
0.000692315
0.000763292
0.000903921
0.000951557
0.00142798
0.000943604
0.00142189
0.000700197
0.000778823
0.000771403
0.00131003
0.000645812
0.000632033
0.00131368
0.000621277
0.00129234
0.00133106
0.00184186
0.00175165
0.00172443
0.00185239
0.00183396
0.001711
0.00181615
0.00174481
0.00136667
0.000676194
0.000641795
0.00133307
0.000651205
0.0013504
0.00134994
0.000433329
0.000402512
0.000418086
0.000518231
0.000899679
0.000514498
0.000926531
0.000531857
0.000387295
0.000388472
0.000403185
0.000401721
0.000385025
0.00062636
0.000386268
0.00065201
0.000703486
0.000403006
0.000677676
0.000471567
0.000871935
0.000496848
0.000844405
0.000479452
0.000332169
0.000329314
0.000345895
0.000374035
0.00034362
0.000359851
0.00113746
0.00116731
0.00110299
0.00119021
0.00109048
0.00100316
0.00103664
0.00106731
0.000612304
0.000234665
0.000631504
0.000227934
0.000643358
0.000601145
0.000217197
0.000705945
0.000268423
0.000662022
0.000238942
0.000674693
0.000692244
0.000249733
0.000936951
0.000356498
0.000892436
0.000325425
0.000918556
0.000910481
0.000336079
0.00128554
0.00119867
0.00126216
0.00123463
0.00132662
0.00134988
0.00137467
0.00128807
0.000855547
0.00032404
0.000865448
0.000314491
0.000838307
0.000883244
0.000303877
0.00028553
0.000302045
0.000599738
0.000336386
0.000573046
0.000519613
0.000319979
0.00054627
0.000230688
0.000226908
0.000242492
0.000340003
0.000636972
0.000359513
0.000607237
0.00034285
0.000238624
0.000266843
0.000254435
0.000318519
0.000288913
0.000305294
0.000389934
0.000667629
0.000376498
0.000698015
0.000393113
0.000275755
0.000279383
0.000292014
0.000633321
0.000553645
0.000616328
0.000738591
0.000720785
0.00112321
0.000742226
0.00115559
0.000537767
0.000581477
0.000599113
0.000278275
0.000268607
0.000582449
0.000419922
0.000604028
0.000646183
0.000435065
0.00062469
0.000674012
0.00069855
0.00108969
0.000676071
0.00105529
0.000506625
0.000470788
0.000525887
0.000562927
0.000487712
0.000544494
0.00128986
0.00129958
0.00123511
0.00134339
0.00123891
0.00113223
0.00118352
0.00119696
0.000774514
0.000376587
0.000382039
0.000797275
0.000363882
0.000813871
0.000758556
0.000892086
0.000433962
0.000399954
0.000835921
0.000418519
0.000852994
0.000874322
0.00117661
0.000575946
0.000538437
0.00112518
0.000554043
0.00115707
0.00114453
0.00144338
0.00133309
0.00139586
0.00139274
0.00148768
0.00148391
0.00153522
0.00142312
0.00107719
0.00052607
0.000522878
0.00109223
0.000506402
0.00105803
0.0011115
0.000209509
0.000219006
0.00055988
0.000374043
0.000537603
0.000492324
0.000358676
0.000514407
0.000351762
0.00033144
0.000371008
0.000481181
0.000509747
0.000794141
0.000485615
0.000756057
0.000348644
0.000409591
0.000390245
0.000487403
0.000418269
0.000467876
0.000555342
0.000534302
0.000832973
0.000558275
0.000871249
0.000400926
0.000429382
0.000448649
0.000443664
0.000474894
0.000560693
0.00052625
0.000400135
0.000372434
0.000312776
0.000337768
0.000537941
0.000576824
0.000670408
0.000628221
0.000492643
0.000455594
0.000380049
0.000416924
7.62152e-05
8.32513e-05
0.000197884
0.000137991
0.000175028
0.000127714
0.000121806
0.000151423
9.85897e-05
6.2576e-05
8.45979e-05
0.000116506
0.000144537
0.000215507
0.000124742
0.000182758
7.60972e-05
0.000111429
9.32272e-05
0.000187123
0.000152078
0.000168745
0.000174809
0.000165561
0.00024758
0.000187178
0.000280658
0.000134872
0.00013117
0.000150247
0.000579092
0.000280922
0.000254493
0.000528461
0.000272474
0.000540613
0.000565995
0.000599788
0.000523268
0.000570831
0.000553909
0.000646567
0.000666155
0.000697021
0.0006123
0.000466066
0.000225907
0.000237506
0.000491415
0.000220195
0.000503164
0.000454772
0.000128997
0.000120835
0.000219623
0.000181438
0.000242111
0.000286557
0.000195484
0.000263682
0.000332781
0.000280527
0.000313764
0.000358389
0.000343709
0.000527842
0.000366729
0.000565121
0.00026415
0.000277118
0.000295349
0.00020486
0.000200135
0.000222844
0.000287352
0.000320349
0.000490831
0.000297815
0.000454901
0.00021573
0.000258439
0.000240534
0.000199613
0.000107244
0.000115208
0.000218904
0.000109229
0.000187351
0.000231693
0.000468258
0.000483615
0.000441825
0.000509378
0.000429468
0.000368575
0.000390988
0.000406082
0.000293445
0.000140722
0.000126116
0.000249755
0.000139957
0.000281827
0.000262083
0.000165207
0.000205509
0.000160431
0.000172589
0.000153802
0.000160448
0.000153656
0.000159208
0.000174963
0.000154787
0.000146833
0.000167233
0.000122161
0.000128881
0.000154371
0.000116334
0.000121126
0.000170661
0.000171698
0.000134079
0.000143585
0.000179805
0.000127441
0.000136187
0.00284532
0.00119676
0.00123794
0.00254891
0.0011958
0.00269391
0.00270451
0.00142592
0.000627989
0.00130364
0.000579048
0.00145574
0.000544755
0.00129548
0.00144748
0.00128444
0.000564481
0.000505905
0.000589846
0.00128989
0.00141882
0.00131423
0.000351944
0.000426354
0.00114265
0.000414102
0.00126897
0.00116465
0.00131554
0.00120241
0.000436514
0.000440141
0.00037257
0.00118442
0.00135744
0.000598441
0.000190561
0.000578855
0.000194105
0.000647534
0.000172439
0.000542602
0.000565642
0.000471342
0.0001823
0.000155052
0.000169385
0.000506389
0.000519451
0.000172385
0.000192157
0.000129245
0.000137236
0.000139515
0.000145415
0.00015865
0.00021188
0.000212203
0.000101588
0.000101393
0.000112201
0.000188187
0.000239842
0.00295794
0.00125473
0.00129002
0.00258976
0.00126018
0.00278858
0.0027635
0.00147275
0.000590192
0.00131361
0.000634877
0.00143873
0.000670602
0.00132822
0.00146624
0.00137197
0.000718143
0.000655855
0.000642495
0.00150751
0.00134695
0.00238744
0.00111579
0.00239786
0.0010878
0.00252456
0.00110369
0.00225814
0.00224224
0.00200384
0.00103976
0.00101285
0.00103821
0.00212488
0.00212143
0.00158697
0.000695485
0.000728617
0.00145022
0.000755078
0.00156834
0.00144916
0.00157144
0.00146073
0.000781202
0.000737201
0.000725319
0.0015979
0.00145232
0.00245072
0.00115204
0.00242281
0.00110038
0.00260032
0.0011404
0.0022711
0.0022923
0.00200382
0.0010452
0.00103843
0.00105719
0.00212923
0.002167
0.00157504
0.000734831
0.000711553
0.00145354
0.000672648
0.0015917
0.00145817
0.00160302
0.00146803
0.000707441
0.000653699
0.000716895
0.00146364
0.00158484
0.0015101
0.00055005
0.000625041
0.00135772
0.000602083
0.00146524
0.00138106
0.00151253
0.00142051
0.000636484
0.000626041
0.000571069
0.00140242
0.00155302
0.000731585
0.000191479
0.000616006
0.000231038
0.000680312
0.000213144
0.000653051
0.000763594
0.000727742
0.000236534
0.000243528
0.000210577
0.000816387
0.000690673
0.00121414
0.000388013
0.00111905
0.000392371
0.00126212
0.000331508
0.00109357
0.00120164
0.0010374
0.000381064
0.000311513
0.000362377
0.0010662
0.00115134
0.000876121
0.000323973
0.000366817
0.000758171
0.000350838
0.000819972
0.000801009
0.000912739
0.000887285
0.000385751
0.000386035
0.000355755
0.000970028
0.000844846
0.0014069
0.000576599
0.00133134
0.000587536
0.00145517
0.00052739
0.00130363
0.00139192
0.00124066
0.000573352
0.000502128
0.000548396
0.001273
0.00133937
0.000727365
0.000316762
0.000312054
0.00071455
0.000292765
0.000781108
0.000672493
0.000689219
0.000588258
0.00029353
0.000261403
0.000282807
0.000629814
0.000637035
0.000254986
0.000263914
0.000129278
0.000138927
0.00013934
0.000229884
0.000294224
0.00259534
0.00113487
0.0012224
0.00254756
0.00269484
0.00118229
0.00245785
0.00127116
0.00056998
0.00132607
0.000572424
0.00131265
0.00128713
0.000552196
0.00125705
0.00129119
0.000556715
0.000520578
0.00130149
0.00124438
0.00053599
0.00143165
0.000443334
0.00126204
0.00051258
0.00126936
0.00139957
0.000524056
0.00141183
0.00128018
0.000555213
0.000523671
0.00144121
0.00127499
0.000472409
0.0012086
0.000467725
0.00125135
0.000501921
0.0012622
0.00119608
0.000480143
0.00122072
0.00128172
0.000506083
0.000514005
0.00123248
0.0012721
0.000492651
0.00107907
0.000380113
0.000412528
0.00111572
0.00113854
0.00039099
0.00105684
0.0010998
0.00117877
0.000422956
0.00041206
0.00115929
0.00111906
0.000401309
0.00138067
0.000494516
0.00125402
0.000478916
0.00141562
0.00124388
0.000417566
0.00139104
0.00121813
0.000394582
0.000468751
0.00135274
0.00123199
0.000466825
0.00116881
0.00045595
0.00123971
0.000466736
0.00118308
0.00122663
0.000444603
0.00115344
0.00119625
0.000422931
0.000455887
0.001137
0.00121227
0.000433689
0.000508668
0.000190118
0.000568242
0.00018683
0.000533223
0.000541311
0.00017921
0.000476387
0.000464985
0.000175749
0.00015844
0.000498883
0.000444735
0.000168772
0.000413944
0.000123397
0.000340341
0.000138544
0.000371095
0.000375791
0.000132083
0.000444773
0.000436777
0.000149635
0.000148941
0.000487212
0.000403747
0.000138446
0.000354026
0.000119953
0.000338647
0.000133703
0.000368787
0.000325398
0.000129084
0.000383586
0.000432103
0.000148193
0.000143451
0.000413821
0.00039996
0.000138351
0.00017705
0.000211624
9.6864e-05
8.85042e-05
0.000185911
0.000201619
9.26926e-05
0.000314797
0.000116204
0.000310824
0.000111067
0.00034742
0.000283556
0.000110406
0.000289838
0.000234403
0.000103012
0.000103694
0.000263028
0.000257927
0.000104295
0.000271867
0.000111129
0.000310098
0.000106763
0.000298071
0.000283047
0.000103094
0.000247224
0.000234209
9.12172e-05
9.98296e-05
0.000224095
0.000257898
9.6258e-05
0.00255025
0.00108605
0.00122937
0.002536
0.00270099
0.00114667
0.00239651
0.00160177
0.000830199
0.00155104
0.000764164
0.0014926
0.00166932
0.000769936
0.00156975
0.00140357
0.000702602
0.000734216
0.00151703
0.00144346
0.000771181
0.00132711
0.000589078
0.0013418
0.000629778
0.0013612
0.00130537
0.000609842
0.001353
0.00141419
0.000651532
0.00065576
0.00138504
0.00138363
0.000631742
0.00151184
0.000770349
0.00160091
0.00076004
0.00154207
0.00156917
0.000738609
0.00146216
0.00144939
0.000730078
0.000681636
0.00149159
0.00141979
0.00070923
0.0022036
0.00108837
0.00240682
0.00107617
0.00227452
0.00232704
0.00104306
0.00208785
0.00203527
0.00103022
0.000956587
0.00215006
0.00198024
0.000999172
0.00181287
0.000844877
0.0016202
0.000869327
0.00172806
0.00169942
0.000894535
0.00190114
0.00189107
0.000963979
0.000908954
0.00200384
0.00179068
0.000926046
0.00170791
0.000803866
0.00166881
0.000863812
0.00163438
0.00174576
0.000839382
0.0017902
0.00192908
0.000915604
0.000902357
0.00188088
0.00183298
0.000876589
0.00166154
0.000856625
0.000794936
0.00157744
0.000813253
0.00153266
0.0017171
0.00163699
0.00147584
0.000763646
0.000776012
0.00159918
0.000814025
0.00149912
0.00144952
0.000705654
0.00072631
0.00148125
0.00148292
0.000708772
0.00144806
0.00145334
0.0014973
0.000733026
0.000718243
0.00148814
0.000713109
0.00146115
0.00151949
0.000760383
0.000778145
0.0016068
0.000745624
0.00156592
0.00155489
0.00149299
0.0015124
0.000762829
0.000724914
0.000733907
0.00153477
0.00147386
0.00212437
0.00103073
0.00238215
0.00104952
0.00224075
0.00225449
0.000979975
0.00200592
0.00199406
0.000998968
0.000893453
0.00211064
0.000934156
0.00189964
0.00184974
0.000874731
0.000875071
0.00163557
0.000910221
0.00177334
0.0017055
0.00193969
0.00188939
0.000977039
0.000910562
0.00204136
0.000949525
0.00179099
0.00165751
0.000778314
0.000846058
0.00165913
0.000800525
0.00160083
0.00172356
0.00172572
0.00189049
0.000857881
0.000877089
0.000826845
0.00180625
0.00180068
0.00144896
0.000703317
0.000713945
0.00148195
0.00148344
0.000700877
0.00144785
0.00145
0.0014863
0.00071027
0.000695374
0.00148517
0.000698167
0.00144989
0.00161304
0.000622165
0.000689841
0.00147158
0.000683841
0.00147401
0.00158776
0.00158989
0.00147183
0.000700652
0.000694472
0.00161105
0.000637581
0.00147376
0.00144238
0.000678436
0.00069396
0.00147685
0.000683835
0.00148232
0.00143594
0.00144644
0.00148676
0.000692369
0.00069896
0.000688536
0.00144891
0.00148546
0.00132644
0.000603671
0.000626536
0.00134717
0.00137188
0.000616058
0.00130181
0.00134887
0.00141471
0.000638583
0.000638745
0.00139455
0.000628056
0.00136951
0.00157399
0.000666705
0.000671414
0.00146662
0.000606483
0.00160408
0.00145919
0.00158517
0.00143628
0.000589289
0.000664474
0.00154935
0.000647518
0.00144942
0.00141609
0.000672485
0.000675279
0.0014695
0.00066529
0.00142693
0.00145922
0.00140312
0.00143197
0.000648366
0.000667546
0.000657378
0.00138754
0.00144709
0.000928339
0.000285856
0.000873552
0.00029452
0.000838065
0.000982108
0.000250455
0.000900195
0.000765054
0.000230734
0.000281812
0.000846741
0.000801581
0.000260818
0.000607606
0.000201186
0.000603465
0.000222436
0.000639265
0.000574209
0.000212393
0.000640996
0.000710765
0.000234216
0.000234835
0.000674917
0.000674336
0.000223403
0.000773143
0.000280517
0.000850832
0.000283209
0.000816338
0.000805342
0.000268978
0.000740424
0.0007462
0.000271155
0.000246317
0.000781573
0.000707491
0.000257647
0.00100878
0.000369325
0.00109168
0.000378581
0.00106586
0.00103358
0.000358491
0.000982699
0.00101014
0.000367428
0.000336774
0.0010388
0.000955569
0.000347796
0.00106051
0.000271126
0.000908619
0.000332557
0.00100725
0.000942419
0.000311207
0.00108221
0.00100704
0.000336526
0.00034496
0.00113415
0.000975638
0.000291317
0.000867931
0.000291953
0.000884453
0.000320092
0.000836893
0.000917477
0.000303276
0.000898124
0.000980471
0.000325555
0.000331993
0.000927353
0.000949464
0.000314417
0.00109592
0.000454023
0.000458992
0.00105463
0.00041769
0.00101449
0.00115285
0.00106361
0.000930365
0.000386505
0.000440833
0.0010054
0.000420392
0.00097248
0.000762269
0.000334333
0.000362648
0.000749602
0.000791959
0.000352741
0.00072159
0.000803042
0.000877224
0.000381919
0.000390047
0.000834765
0.000371625
0.0008441
0.000964104
0.000462741
0.000455874
0.00104242
0.000444869
0.00100179
0.00100333
0.000924656
0.000919046
0.000437339
0.000408242
0.000426625
0.000960629
0.000884608
0.00124615
0.000590644
0.00132041
0.000587632
0.00129126
0.00127473
0.000576679
0.00121595
0.00122757
0.000572865
0.000546559
0.00126038
0.000561872
0.0011837
0.0012393
0.000446913
0.000510923
0.00109494
0.000487056
0.00118285
0.00113355
0.00126405
0.00120627
0.000518646
0.000527089
0.00131863
0.000475521
0.00117076
0.00107898
0.000480189
0.000508729
0.00108164
0.000497595
0.00104191
0.00112025
0.00111494
0.00119333
0.000530908
0.000525477
0.000514427
0.00115004
0.00115727
0.000640274
0.000316098
0.000307261
0.000707423
0.000665336
0.000297898
0.000680567
0.00060049
0.000582772
0.000288678
0.000261641
0.000623763
0.000279594
0.000560866
0.00051412
0.000202448
0.000223405
0.000430892
0.000218175
0.000468405
0.000469902
0.000550458
0.000547104
0.000250095
0.000240767
0.000598832
0.000231528
0.000507575
0.000446349
0.000192954
0.000218005
0.000426937
0.000209556
0.000464443
0.000409892
0.000483611
0.00054264
0.000244269
0.000235423
0.000226829
0.000521966
0.000503091
0.000211539
0.000260326
0.000123366
0.000122284
0.000224719
0.000116009
0.000245502
0.000395259
0.000188748
0.000175879
0.000394265
0.000175314
0.000434402
0.000359956
0.000363543
0.00029517
0.000150232
0.000161515
0.000327214
0.000161539
0.00032738
0.000339946
0.000176937
0.000169863
0.000390941
0.000161403
0.000374028
0.00035607
0.000307673
0.000291406
0.000133348
0.000155373
0.000146891
0.000276339
0.000323365
)
;

boundaryField
{
    left
    {
        type            calculated;
        value           nonuniform List<scalar> 0();
    }
    bottom
    {
        type            calculated;
        value           nonuniform List<scalar> 0();
    }
    interface
    {
        type            calculated;
        value           nonuniform List<scalar> 
2171
(
0.000211324
0.000209282
0.000208388
0.00021203
0.000125706
0.000153085
0.000126136
0.000156624
0.000865402
0.000679047
0.000728912
0.000849454
0.000833053
9.24099e-05
7.88667e-05
0.000125423
0.000339345
0.000280176
0.000181955
0.000507914
0.000859124
0.000850753
0.000852711
0.00085759
0.000520079
0.000591505
0.000871268
0.000828698
0.000774107
0.00082462
0.000880475
0.000893719
0.000660895
0.000604464
0.00035938
0.000421043
0.000755352
0.000693173
0.000408066
0.000480763
6.92038e-05
3.89559e-05
0.000105442
0.000384171
0.000313663
0.000184618
0.00108295
0.000784706
0.000743916
0.000572195
0.000618938
0.000676783
0.000633958
0.000796324
0.00082527
0.000781434
0.00074354
0.000690745
0.000730802
0.000188804
0.000140331
7.20951e-05
4.4944e-05
0.000114566
0.000167862
0.000128003
0.000206199
0.000261009
0.000288998
0.000241456
0.000182025
0.000226248
0.000173106
0.000772953
0.00105669
0.000986168
0.000853293
0.000850411
0.000909096
0.000965322
0.000854364
0.00085734
0.000794189
0.000833514
0.000892346
0.000847343
0.000755079
0.000740553
0.000710852
0.000621134
0.000776703
0.000745359
0.000738727
0.000809868
0.000861784
0.0008377
0.000789484
0.000827109
0.000873082
0.000839151
0.000742493
0.000792138
0.000841878
0.000806639
0.000881088
0.000893579
0.000866501
0.000870176
0.000850684
0.000867488
0.00055622
0.000507167
0.00052439
0.000584664
0.000439697
0.000490537
0.000503574
0.000441573
0.000305339
0.00035518
0.000422715
0.000372065
0.000723988
0.000664069
0.000601589
0.000670984
0.00057624
0.000642531
0.000577972
0.000505363
0.000392031
0.000461038
0.000553446
0.000484382
0.00020163
0.000131681
7.48953e-05
1.76586e-05
0.000105014
0.000197063
0.000130276
0.000223484
0.000290595
0.000369423
0.000303013
0.000217817
0.000281039
0.000176767
0.000487175
0.000599673
8.31541e-05
0.000318406
0.000415311
0.000517946
0.000472977
0.000403054
0.000201055
0.000168998
7.44232e-05
0.000188335
0.000206109
0.000170773
0.000148407
0.00146806
0.00224753
0.00235438
0.00249273
0.00228259
0.00240067
0.00236582
0.000566984
0.000667421
0.00103627
0.00106078
0.00118407
0.000789841
0.00126966
0.00126314
0.00124548
0.00128617
0.00120039
0.00115585
0.00117096
0.00118615
0.000574943
0.000926773
0.00132139
0.00120187
0.000806435
0.00121906
0.00106195
0.00100629
0.00102901
0.00103911
0.00115635
0.00114041
0.00112427
0.00117182
0.000127264
4.14105e-05
0.000103448
4.10716e-05
8.62955e-05
0.000136476
0.000300786
0.000194273
0.00050032
0.000518899
0.000488519
0.000532091
0.000348901
0.000315728
0.000343335
0.000320434
0.000337134
0.000534585
0.000503696
0.000328163
0.000210796
0.000134165
0.000157819
7.3404e-05
7.80142e-05
0.000129951
9.09942e-05
8.24793e-05
0.000266628
0.000289051
0.000263035
0.000293088
0.00123843
0.00205363
0.00217158
0.00239733
0.00212706
0.00225775
0.00225654
0.00141897
0.00214632
0.00205111
0.000530443
0.00161682
0.00114226
0.00132675
0.0012826
0.00130477
0.00130498
0.00150025
0.00152389
0.00155258
0.00147413
0.00213235
0.0021707
0.00224554
0.00206526
0.00167967
0.00158004
0.00164333
0.00161229
0.000945769
0.00134154
0.00136373
0.00156647
0.0011116
0.0011912
0.0019476
0.000457754
0.00151981
0.00104385
0.00155031
0.00144685
0.00142014
0.00141863
0.00144759
0.00149356
0.00147157
0.00152117
0.00144978
0.00200926
0.00200793
0.00212715
0.00190003
0.00160361
0.00150145
0.00154009
0.0015578
0.000470062
0.00105144
0.0014643
0.00149737
0.00104102
0.00148169
0.000887188
0.00127603
0.00142335
0.00100474
0.00140883
0.00144931
0.00142183
0.00144811
0.00142338
0.0014392
0.00140358
0.00141181
0.0014318
0.00105166
0.00146556
0.00143568
0.00101609
0.00144629
0.001314
0.00125814
0.00128372
0.00128849
0.00140921
0.00139303
0.00138037
0.00142132
0.000648912
0.00101134
0.0003666
0.000814775
0.000513996
0.000596676
0.000549555
0.000564134
0.000580682
0.000757858
0.000764493
0.000789293
0.000734423
0.000990553
0.000982925
0.00101546
0.00095867
0.000850771
0.000794231
0.000823555
0.000820263
0.000356422
0.000565767
0.000597359
0.000784326
0.000494116
0.000865685
0.00124747
0.00121723
0.000309331
0.00100811
0.000693283
0.00104562
0.000747709
0.00068867
0.000727956
0.000707503
0.000948006
0.000961204
0.000986823
0.000923247
0.00123152
0.0012308
0.0012606
0.00120182
0.00106267
0.000998698
0.00103535
0.00102546
0.000475955
0.000694446
0.000970153
0.000666606
9.72668e-05
5.24757e-05
0.00010456
5.33993e-05
9.85377e-05
0.000144103
0.000354697
0.000242231
0.000319327
0.00062714
0.000649519
0.000666857
0.000610785
0.000434709
0.000387002
0.000423081
0.000398244
0.000448886
0.000655143
0.00039048
0.000267278
0.000156165
0.000160961
8.47506e-05
9.65289e-05
0.000146537
0.000102077
0.000103979
0.000327491
0.000351561
0.000317037
0.000361976
0.000600105
0.000873114
0.00337854
0.00318615
0.000661827
0.000696056
0.000706094
0.000712446
0.00172586
0.00173346
0.000596646
0.000774508
0.000844642
0.000777053
0.000839086
0.00160904
0.00157652
0.00163242
6.16895e-05
6.28794e-05
9.07719e-05
0.000126729
0.00010866
0.000738333
0.000186321
0.000331758
0.000319123
0.000273145
0.000299351
0.000191286
0.000123102
0.000136997
0.000107532
0.000255245
0.000190877
0.00050551
0.00355955
0.000602595
0.000854573
0.000464418
0.000851752
0.000629486
0.00173686
0.00174321
0.00280835
0.00297916
0.000770444
0.000854946
0.000748518
0.000856449
0.000229117
0.000539219
0.00056362
0.000366811
0.00183296
0.00183506
0.00183687
0.00293409
0.000504975
0.000729117
0.000859702
0.000676633
0.000845543
0.000449346
0.000674369
0.000792218
0.000716428
0.000809199
0.00184691
0.00183961
0.00185698
0.000514194
0.000741124
0.000887175
0.000762199
0.000891631
0.00177148
0.00174126
0.000645231
0.000642291
0.000623363
0.000591857
0.000892916
0.00150945
0.000287829
0.000351808
0.000379614
0.000412708
0.000400102
0.000658439
0.000735488
0.000714666
0.000604864
0.00102743
0.000972143
0.00108302
0.00167276
0.00170864
0.00163563
0.000240312
0.000354765
0.000432326
0.00041867
0.000456587
0.00013394
0.000129858
5.95962e-05
6.94236e-05
4.56023e-05
5.54188e-05
9.13487e-05
7.74499e-05
0.000860666
0.000914782
0.000806388
0.000333691
0.000360333
0.000271448
0.00033687
0.000190656
0.000192263
0.000117199
0.00013349
0.000119013
0.000135357
0.000177214
0.000217714
0.000124267
0.000149529
0.000110394
0.000298369
0.00123179
0.00111013
0.000537005
0.000750798
0.00077171
0.000718788
0.000757877
0.000588301
0.000588222
0.0011053
0.000721189
0.000603667
0.000635687
0.000695354
0.000662888
0.00112679
0.000738734
0.00114678
0.000648843
0.000650852
0.00125457
0.00121429
0.00124039
0.00122961
0.00173385
0.0017238
0.00121401
0.00119947
0.00122693
0.00118547
0.000758926
0.000806737
0.000774805
0.000816417
0.000810966
0.000768854
0.00126862
0.000873454
0.000756465
0.000766922
0.000709864
0.000704516
0.00125185
0.000856362
0.000718201
0.000752705
0.00108323
0.00106995
0.00104997
0.00110313
0.00170606
0.00113964
0.0010893
0.00110725
0.0011221
0.000106682
0.000183508
0.000171727
0.000139496
0.000155259
3.67028e-05
9.0393e-05
8.25372e-05
0.000197679
0.000131949
0.000170742
9.98444e-05
0.000115468
0.000172255
0.00015435
0.000223199
0.000147383
0.000141152
0.000129643
0.000468938
0.000428978
0.000437986
0.000458678
0.000501719
0.00037804
0.000399751
0.000407651
0.000371416
0.000173593
0.000200444
0.000223762
0.000254518
0.000242132
0.000298507
0.000272917
0.000443452
0.000280955
0.000257279
0.000249123
0.000187078
0.000196475
0.00041362
0.000262688
0.000211539
0.000233188
0.00016799
0.000189778
0.000163994
0.000193601
0.000387497
0.000353926
0.000241339
0.000213969
0.000238013
0.000217327
0.000956593
0.000798741
0.00119378
0.00103195
0.00188055
0.00128625
0.00196259
0.0010084
0.00109154
0.000686101
0.00085174
0.000642753
0.00085056
0.0018048
0.00124662
0.000980593
0.0009269
0.00106113
0.000945777
0.00187532
0.00135176
0.00135875
0.00138062
0.00132999
0.00145448
0.00139221
0.00141481
0.00143035
0.00202634
0.00187497
0.00196665
0.0019278
0.00210585
0.00201678
0.0017545
0.00179037
0.00171344
0.00183705
0.000700173
0.000855552
0.000738005
0.000856328
0.000826391
0.000807271
0.00141544
0.00100811
0.00082026
0.000876291
0.000956845
0.000876942
0.00144684
0.00103154
0.00148172
0.000861824
0.000894563
0.000923949
0.000744038
0.0010933
0.00169852
0.000739567
0.000868942
0.000532511
0.000681893
0.000411393
0.000651812
0.0010736
0.00163859
0.00158955
0.000867222
0.0007646
0.000862341
0.000753721
0.00194914
0.00200332
0.00189879
0.00144837
0.00142062
0.00145306
0.00141875
0.00147414
0.00142582
0.00146104
0.00143522
0.00190393
0.00172096
0.0018044
0.00181077
0.00217574
0.00208965
0.00229913
0.00166069
0.00164938
0.00158904
0.00172982
0.000567442
0.000764619
0.000654035
0.000788517
0.000924846
0.000855256
0.00104552
0.00146263
0.000847204
0.000906045
0.000873659
0.000802182
0.00104361
0.00146575
0.00147177
0.000814928
0.000898412
0.000754398
0.000863367
0.000728356
0.000852165
0.000794913
0.000760042
0.000945381
0.00135176
0.00132881
0.000776625
0.000847106
0.000899299
0.000831273
0.000962517
0.0013729
0.000819452
0.00086249
0.00145034
0.00142368
0.00144991
0.00142426
0.00187819
0.00144439
0.0014216
0.00144816
0.00141763
0.000510392
0.000759863
0.000887555
0.000764456
0.000891676
0.000928394
0.00086922
0.00104556
0.00146352
0.00146571
0.000870481
0.00093008
0.000908561
0.000858006
0.00104003
0.00145932
0.000863461
0.000926714
0.00133748
0.00132909
0.00130759
0.00135908
0.00186271
0.00139509
0.00134847
0.00136565
0.00137823
0.000571983
0.000540309
0.000931592
0.000592121
0.000523858
0.000522072
0.000413576
0.000514464
0.000544491
0.000573118
0.000564456
0.000903087
0.00057271
0.000874517
0.000453482
0.000456812
0.000505154
0.000474012
0.00115312
0.00120355
0.00110217
0.000629148
0.000642353
0.000661469
0.000611559
0.000725982
0.000673418
0.000693856
0.000704078
0.000964473
0.000907082
0.000933443
0.000937397
0.00130057
0.00125189
0.00134556
0.0008805
0.000879754
0.000852154
0.000909267
0.000494213
0.000482809
0.00043298
0.00046191
0.000315382
0.000321984
0.000659808
0.000414845
0.000628542
0.000338522
0.000366746
0.000436046
0.00040614
0.000691529
0.000434672
0.000722678
0.000389093
0.000383934
0.000775397
0.000704526
0.000795902
0.00115194
0.000684561
0.000712148
0.000525025
0.000625306
0.000585458
0.000648559
0.000770914
0.00111752
0.00108208
0.000618809
0.000598778
0.000689249
0.000620772
0.00130303
0.000788176
0.000806799
0.000828758
0.000767575
0.000908778
0.000846008
0.000868855
0.000884912
0.00120077
0.00113892
0.00117111
0.00116801
0.00145689
0.0014073
0.00109874
0.00110557
0.00107086
0.00113405
0.000504334
0.00055397
0.000440492
0.000529809
0.000421887
0.000414878
0.000557715
0.000813513
0.000774075
0.000437901
0.000495792
0.000594478
0.000530307
0.000585452
0.000853407
0.000507335
0.000520851
0.000173109
0.000179414
0.0001127
0.000156616
4.0349e-05
9.36276e-05
5.06291e-05
0.000142596
0.000217453
0.00018378
7.76881e-05
0.00011554
0.000211375
0.000175621
0.000167331
0.000250511
0.000284533
0.000153688
0.000140836
0.000587762
0.000534229
0.000548485
0.000572332
0.000601842
0.000556019
0.000650064
0.000471821
0.000496696
0.000510031
0.000459505
0.000139916
0.000192227
0.000245908
0.000250941
0.000268239
0.000397514
0.000346794
0.000369683
0.000539213
0.000324691
0.00032613
0.000233867
0.000238809
0.000343253
0.00050105
0.00046387
0.000259735
0.000302325
0.000197491
0.000219356
0.000186703
0.000230874
0.000469323
0.000510392
0.000429842
0.000294535
0.000250954
0.000283647
0.000262247
0.000392376
0.000227692
0.000409489
0.000597949
0.000338004
0.000516832
0.000242274
0.000137691
0.000543809
0.000486789
0.000494178
0.000350482
0.000295508
0.000107536
0.00298577
0.000525727
0.00155464
0.00157618
0.00150469
0.0015838
0.000104325
0.000752356
0.000603474
0.000133879
0.000271731
0.0029092
0.00321128
0.00150628
0.00146764
0.00269815
0.00215466
0.00158597
0.00155469
0.00297561
0.00236928
0.00322349
0.00152744
0.0015412
0.00276227
0.00224807
0.000583908
0.000395149
0.00162352
0.00162417
0.00297524
0.00240919
0.00151232
0.00158595
0.00154613
0.00159532
0.0015881
0.00166815
0.00166019
0.00170125
0.000823775
0.000972168
0.00150286
0.00141228
0.000940973
0.00109411
0.00161771
0.00153221
0.00164564
0.00168465
0.00164132
0.00171316
0.000428979
0.000801011
0.000958683
0.00148643
0.00137231
0.00036402
0.000922768
0.00108664
0.00162116
0.00151035
0.000762667
0.000619868
0.000140554
0.000280904
0.000879124
0.000727827
0.000146072
0.000340263
0.000871016
0.000713003
0.000151849
0.000143474
0.000329641
0.00160716
0.00160521
0.000592998
0.00162273
0.00158538
0.000431202
0.000558242
0.00039373
0.000301572
0.00159129
0.00148558
0.00167033
0.00200291
0.00171841
0.00158255
0.00181488
0.00219673
0.00048226
0.00168477
0.0015465
0.00176061
0.00209062
0.000575977
0.000412277
0.00178056
0.00163936
0.00187294
0.00223036
0.000498564
0.00163599
0.00158899
0.00162401
0.00162364
0.00172916
0.0016713
0.00171792
0.00172795
0.00117588
0.00103499
0.00123685
0.00135844
0.00129903
0.00115665
0.00135981
0.00147943
0.000459825
0.00172852
0.00171088
0.00174204
0.00171622
0.00115964
0.00100555
0.00120111
0.00134079
0.000303061
0.000350286
0.00129368
0.00113593
0.00133716
0.00147696
0.000254162
0.000443447
0.000566297
0.000401881
0.000311782
0.000537536
0.000673393
0.000493044
0.000379285
6.8936e-05
0.000524783
0.000664209
0.000482721
0.000368916
0.000376874
0.000500369
0.000599942
7.96135e-05
0.000213649
0.000299719
0.000427515
0.000594798
0.00035756
0.000514104
0.000427264
0.000517713
0.000458963
0.000257338
0.00039011
0.000213771
0.000170993
6.64877e-05
0.000175635
0.000204666
0.000168347
0.000146016
0.00151891
0.000557936
0.000685848
0.00116555
0.000772703
0.000582379
0.00130254
0.000908206
0.000822766
0.000117875
9.51717e-05
0.000273942
0.000177973
0.00014938
0.000317885
0.000356353
0.000227572
0.00129371
0.00137201
0.000515404
0.00167341
0.00117492
0.000556193
0.000965489
0.00152146
0.0010828
0.00115159
0.00185297
0.000444055
0.00104985
0.000480888
0.00105018
0.00146333
0.00104021
0.00047835
0.000907717
0.00130327
0.000991987
0.000500476
0.00105077
0.00146624
0.00102594
0.000985623
0.000629909
0.000382232
0.000845057
0.000533834
0.00033499
0.000375814
0.000753591
0.000474072
0.000843238
0.000323237
0.000719682
0.000281396
0.000503166
0.000734295
0.000639403
0.000931464
8.7041e-05
9.35439e-05
0.000217146
0.000117947
0.000421984
0.000616098
0.000292689
0.000427304
0.000601489
0.00317846
0.00283527
0.00253888
0.00268201
0.00269559
0.000513128
0.000677208
0.000691985
0.00145096
0.00130806
0.00131149
0.0014251
0.00173071
0.00155034
0.00143216
0.00132143
0.00145907
0.00131579
0.00172977
0.0015812
0.000598608
0.000776833
0.000777493
0.00131941
0.00122944
0.00121182
0.00165935
0.00135932
0.00154179
0.00155213
0.0013157
0.00116908
0.0012722
0.00119094
0.000106094
9.06104e-05
0.000111713
0.000687566
0.000564195
0.000478674
0.000514322
0.000518412
0.000788593
0.000700378
0.000597677
0.000588838
0.000646231
0.000552035
0.000639332
0.000652936
0.000199378
0.000312023
0.000292304
0.000208963
0.00021025
0.000185232
0.000293253
0.000237206
0.000184263
0.000242013
0.000163594
9.91503e-05
0.000105933
0.000150065
0.00345253
0.00147878
0.00148005
0.00250343
0.00231936
0.00155652
0.00156507
0.00275931
0.002553
0.000168482
0.0034368
0.00334868
0.0029459
0.00257977
0.00277439
0.0027548
0.000608533
0.000445786
0.0006177
0.00147104
0.00137949
0.00176493
0.00150963
0.00135763
0.00172672
0.00153664
0.00147569
0.00132955
0.00144445
0.00134127
0.00152071
0.00262956
0.0022357
0.00199259
0.00211326
0.00211446
0.00258989
0.00237786
0.00238684
0.00251616
0.0022467
0.00248398
0.00239656
0.000589768
0.000764419
0.000757122
0.000273722
0.000376733
0.000320512
0.00157671
0.00146821
0.00184629
0.00160081
0.00146267
0.00162217
0.00161296
0.00159076
0.00146532
0.00157473
0.00146169
0.00273567
0.00228441
0.00199214
0.00211725
0.00258175
0.00215846
0.00278631
0.00311828
0.0025697
0.00243916
0.00241166
0.00259019
0.00225939
0.000510192
0.000714549
0.00069698
0.00154607
0.00155294
0.00155626
0.0015926
0.0016254
0.00163067
0.00166665
0.0017021
0.000866797
0.000929468
0.00148539
0.00143643
0.000986079
0.00104932
0.00160279
0.00155459
0.00043853
0.000689836
0.00070385
0.00160746
0.00148955
0.00148348
0.00159181
0.00165181
0.00158182
0.00147025
0.00159603
0.00147693
0.00186298
0.00167966
0.000516571
0.000750499
0.000757693
0.00179512
0.00151695
0.00144398
0.00142603
0.00155583
0.00167452
0.00181919
0.00168573
0.00151231
0.00138031
0.0014691
0.00140359
0.000627904
0.000443758
0.000610118
0.000945772
0.00076347
0.000741918
0.000998212
0.000815518
0.000704358
0.000841089
0.000855067
0.000730476
0.000627527
0.0006798
0.000665138
0.000903202
0.00147378
0.0012023
0.00106097
0.00108991
0.00115345
0.0015468
0.00144436
0.00121682
0.00114418
0.00126313
0.00111873
0.00143176
0.00141909
0.000272119
0.000371861
0.000392268
0.00064144
0.000377289
0.000623551
0.000912923
0.000898094
0.00113877
0.000969738
0.000855103
0.000978807
0.00102925
0.000875457
0.000766502
0.000819821
0.000809844
0.0013933
0.00126037
0.0012929
0.00159369
0.00134205
0.00158174
0.00155509
0.00141004
0.00135271
0.00145701
0.00132485
0.000227022
0.000376156
0.000397424
0.000719717
0.000661939
0.000193351
0.000250527
0.000832802
0.000774054
0.000217911
0.000293467
5.80455e-05
6.10143e-05
7.36761e-05
0.000688131
0.000592877
0.000634956
0.000636208
0.000816031
0.000726787
0.000721534
0.000780265
0.000678889
0.000753349
0.000765843
0.000163768
0.000312591
0.000292034
0.000252004
0.000261384
0.00022669
0.000349626
0.000291723
0.000211193
0.000286113
0.000191249
0.000124577
0.000132296
0.00127103
0.00258496
0.00253541
0.00268332
0.00244679
0.000547802
0.00074133
0.000730319
0.000604475
0.00108336
0.000703307
0.000619982
0.000680619
0.000755708
0.000665947
0.00127988
0.00131834
0.00132695
0.00126882
0.00129223
0.00134759
0.00133645
0.00130622
0.00173095
0.00141788
0.00130449
0.00173676
0.00144456
0.00130093
0.00162023
0.00143476
0.00128937
0.00129551
0.00140516
0.00159731
0.00124753
0.00130998
0.0012582
0.00130159
0.00123625
0.00128224
0.00129234
0.00122444
0.000588092
0.000765464
0.000770726
0.00079583
0.00128556
0.000890864
0.000781444
0.000724047
0.00123572
0.000839499
0.000738445
0.00112867
0.00120969
0.00119006
0.00114814
0.00110751
0.00114541
0.00116866
0.00108484
0.00169668
0.00139337
0.00124606
0.00167563
0.00135723
0.00125934
0.00172134
0.00160375
0.00138578
0.00128109
0.00141832
0.00127186
0.00161086
0.00118265
0.00122763
0.00116622
0.0012436
0.00119789
0.00127079
0.00121187
0.00125814
0.000109826
0.000167771
0.000152637
8.09043e-05
0.000115013
9.94464e-05
0.000157765
0.000248269
0.000162437
0.00014365
0.000486717
0.000473967
0.000508928
0.000454004
0.000520059
0.000580527
0.000544523
0.000553743
0.000546279
0.000443396
0.000442685
0.000590924
0.00048558
0.000409002
0.00046148
0.000470875
0.000412089
0.000343476
0.000374952
0.000374069
0.000513017
0.000390748
0.000439909
0.000422026
0.000406738
0.000360121
0.000343112
0.00037435
0.000330387
0.00016102
0.000217724
0.000235817
0.000281664
0.000473624
0.000299469
0.000265399
0.000202001
0.00038491
0.000244986
0.000217506
0.00017464
0.0002106
0.000183406
0.000200898
0.000139775
9.43632e-05
0.00014696
8.81152e-05
0.00028746
0.000233472
0.000324784
0.000260505
0.000257789
0.000421896
0.000360397
0.000312699
0.000312653
0.00034533
0.000284647
0.000328746
0.000248949
0.00023427
0.000224595
0.000259041
0.000274705
0.00031342
0.000301939
0.000285344
0.00154337
0.00149875
0.00175863
0.00187465
0.00166081
0.00160217
0.00191679
0.00205217
0.000997301
0.00253937
0.00252317
0.00268897
0.00238482
0.00115773
0.00132798
0.00112377
0.000499173
0.000671279
0.000656491
0.00173601
0.00120933
0.00100583
0.0010326
0.00182694
0.00157065
0.00140846
0.00152026
0.00144523
0.0016216
0.00193779
0.00178819
0.00158482
0.00160289
0.00154746
0.00149177
0.00166859
0.00136485
0.00142511
0.00139904
0.00139275
0.00134148
0.00136118
0.00137787
0.00132221
0.00146574
0.00145742
0.00149647
0.00142616
0.00151277
0.00159992
0.00154404
0.00156755
0.00207676
0.00202432
0.00213821
0.00196988
0.00219216
0.00239437
0.00226219
0.00231561
0.00221892
0.00189694
0.00188047
0.00199926
0.00178134
0.00185218
0.00233696
0.00196967
0.00181029
0.00161444
0.00172661
0.00169159
0.00178235
0.00191937
0.00187158
0.00182498
0.00170182
0.00166527
0.00163039
0.00173979
0.000566801
0.000713676
0.000726251
0.000842335
0.00138794
0.000986053
0.000858776
0.000934749
0.00105611
0.000913913
0.000898711
0.00111914
0.00176992
0.000880576
0.000428722
0.000495218
0.000454714
0.00105971
0.000862762
0.000860742
0.00163835
0.00148072
0.00187036
0.00160273
0.00150097
0.00172063
0.00167135
0.00166258
0.00157384
0.00153183
0.00171649
0.00146633
0.00150846
0.00150218
0.00147152
0.00146486
0.00150003
0.00149942
0.00146541
0.00149792
0.00152077
0.00154003
0.00148155
0.00152161
0.00160591
0.00156816
0.00155413
0.00199413
0.00198223
0.00209788
0.00188871
0.00211217
0.0023689
0.0022275
0.00224233
0.00193441
0.00187841
0.0020359
0.00178126
0.00196661
0.00241909
0.00210294
0.00184676
0.00162963
0.00177138
0.0016974
0.00171781
0.00188005
0.0017966
0.00179211
0.00165173
0.00165546
0.00159745
0.00171726
0.000490402
0.00059921
0.000628229
0.000919803
0.00104813
0.00146262
0.000913419
0.000881253
0.00104148
0.000889678
0.00161379
0.00161776
0.00163812
0.0016181
0.00170143
0.0017049
0.00173681
0.00171805
0.00113805
0.0010756
0.00127085
0.00132882
0.0012611
0.00119854
0.00139335
0.00145046
0.000469329
0.000747163
0.000738701
0.00081343
0.000927359
0.000830828
0.000888233
0.000977958
0.00139189
0.000875864
0.00147224
0.00151142
0.001509
0.00147322
0.00146988
0.00150259
0.00150602
0.00146702
0.00187339
0.00159651
0.00149386
0.00161542
0.001497
0.00173352
0.00187539
0.00187054
0.00171169
0.00161704
0.00149584
0.00149732
0.00159403
0.0014715
0.00151271
0.00147313
0.00151233
0.00146801
0.00150453
0.0015096
0.00146183
0.000505884
0.000763673
0.000765144
0.000930324
0.00104888
0.000930924
0.000916413
0.00103367
0.00145388
0.000922347
0.00137426
0.0014417
0.00142133
0.00139515
0.00135139
0.00137271
0.001398
0.0013261
0.00185344
0.00158835
0.0014606
0.00155447
0.00147331
0.00172973
0.00187182
0.00183684
0.00173569
0.00157963
0.00149056
0.00160775
0.00148372
0.00142929
0.00145954
0.00141347
0.00147477
0.0014424
0.00149723
0.001453
0.00148725
0.000555503
0.000959227
0.000611288
0.000538944
0.000397914
0.000534154
0.000553581
0.000553126
0.000470798
0.000488019
0.000899565
0.000780842
0.0010504
0.000846973
0.000817827
0.00110539
0.00106062
0.00092901
0.000891824
0.000855969
0.000981728
0.00065666
0.000727627
0.000690815
0.000691029
0.000622168
0.000617025
0.000653883
0.000587737
0.000759191
0.000764358
0.000800729
0.000725246
0.000792964
0.000872172
0.000836787
0.000826133
0.00100879
0.00103668
0.00106609
0.000980894
0.00103556
0.00112052
0.00109415
0.00106098
0.00108381
0.00102908
0.00113443
0.000997447
0.0012538
0.00139113
0.0012907
0.00106048
0.000928509
0.00100831
0.000962656
0.000921755
0.00100592
0.000951807
0.000974138
0.000890617
0.000907048
0.000858651
0.000940995
0.000318966
0.000473823
0.000453327
0.000332389
0.000395159
0.000349375
0.000418662
0.000454199
0.000401153
0.000754947
0.000819893
0.00118516
0.00073379
0.000336708
0.000545901
0.00056611
0.000745655
0.000642885
0.000666251
0.00124928
0.00106352
0.000942616
0.00100606
0.000985179
0.00123892
0.00135527
0.0011949
0.00119195
0.00109696
0.0010693
0.00102867
0.00115315
0.000815391
0.000890505
0.000847168
0.000857319
0.000773662
0.000759838
0.000803237
0.000731906
0.000939897
0.000933533
0.000976076
0.000898821
0.000980369
0.00105986
0.00101844
0.00102038
0.00123828
0.00124998
0.00128356
0.0012052
0.00126928
0.00134514
0.00131549
0.00129836
0.00150384
0.0012661
0.00122456
0.00131966
0.0011887
0.00138942
0.00155003
0.00142757
0.00123986
0.00111107
0.00118441
0.00115003
0.00113484
0.00121473
0.00117067
0.00117792
0.00109801
0.00110026
0.00105991
0.00113984
0.000267639
0.000483205
0.000461984
0.000446433
0.000530397
0.000471026
0.000569881
0.000612493
0.000892627
0.000545337
0.000478564
0.000526895
0.000371622
0.000338059
0.000578386
0.000628475
0.000454773
0.000416524
7.76065e-05
0.000153625
0.000133993
6.69445e-05
0.000117718
8.94807e-05
0.000188262
0.000192306
0.000164948
0.000608036
0.000589008
0.000630938
0.000567432
0.000648794
0.000716594
0.00067365
0.000689905
0.000549202
0.000550517
0.000700116
0.00059754
0.000510378
0.000569395
0.000614471
0.000512499
0.000432011
0.00047009
0.000468289
0.000488426
0.000547877
0.000527607
0.000507463
0.000450287
0.000429372
0.000467825
0.000412841
0.000128793
0.000211869
0.000231372
0.000373203
0.000395691
0.000577444
0.000349463
0.000256683
0.000317694
0.000279331
0.000208944
0.000258644
0.000222013
0.000244094
0.000164412
0.000114638
0.000173127
0.000109955
0.000361302
0.000293291
0.000391184
0.000324705
0.000326014
0.000442809
0.000405637
0.000393178
0.000394382
0.000432541
0.000359459
0.000308046
0.000290485
0.000275787
0.000323226
0.000341228
0.000392492
0.000376095
0.000356831
0.000165986
0.000113821
0.00010368
0.000169538
0.000124558
0.000114936
4.18753e-05
4.20242e-05
0.000109095
8.41925e-05
)
;
    }
    procBoundary7to2
    {
        type            processor;
        value           nonuniform List<scalar> 8(0.00145302 0.00145302 0.00178005 0.00178005 0.00178005 0.00290497 0.00350912 0.00328029);
    }
    procBoundary7to3
    {
        type            processor;
        value           nonuniform List<scalar> 
49
(
0.00207459
0.00231234
0.00031374
0.000439784
0.00150887
0.00247356
0.00162249
0.00263581
0.00120913
0.00253646
0.00119833
0.00134994
0.00142131
0.00230848
0.00256082
0.00110809
0.00113831
0.00241355
0.000986092
0.000569397
0.0036024
0.00343509
0.00313877
0.00313877
0.00370648
0.000715314
0.000344032
0.00380958
0.00372454
0.00121043
0.00137425
0.000943033
0.00113381
0.0030345
0.0012914
0.00129035
0.00287099
0.00317175
0.00136362
0.00138123
0.00295339
0.0027394
0.00127292
0.0028501
0.00123025
0.00271499
0.00129901
0.00287805
0.00121236
)
;
    }
    procBoundary7to6
    {
        type            processor;
        value           nonuniform List<scalar> 
328
(
0.00077912
0.00073226
0.000336601
0.000775214
0.000775214
0.000775214
0.00127981
0.00127981
0.00127981
0.000830493
0.000830493
0.000830493
0.00155636
0.00155636
0.00155636
0.00077912
0.00077912
0.00073226
0.00073226
0.000830349
0.000830349
0.000830349
0.00081981
0.00081981
0.00081981
0.000385511
0.000385511
0.000385511
0.000701613
0.000701613
0.000701613
0.000491365
0.000491365
0.000491365
0.000794758
0.000794758
0.000794758
0.000336601
0.000336601
0.000206781
0.000440257
0.000440257
0.000440257
0.00020607
0.000791467
0.000786398
0.000206149
0.000171966
0.000838836
0.000838836
0.000838836
0.000906259
0.000906259
0.000906259
0.000950941
0.000950941
0.000950941
0.00105229
0.00105229
0.00105229
0.000791467
0.000791467
0.000786398
0.000786398
0.000852781
0.000852781
0.000852781
0.000854545
0.000854545
0.000854545
0.000533979
0.000533979
0.000533979
0.000581108
0.000581108
0.000581108
0.000640517
0.000640517
0.000640517
0.000685491
0.000685491
0.000685491
0.000206149
0.000206149
0.000171966
0.000171966
0.000295009
0.000295009
0.000295009
0.000252416
0.000252416
0.000252416
0.000785594
0.000756961
0.000289691
0.000779473
0.000779473
0.000779473
0.00112828
0.00112828
0.00112828
0.000845466
0.000845466
0.000845466
0.00135758
0.00135758
0.00135758
0.000785594
0.000785594
0.000756961
0.000756961
0.000837535
0.000837535
0.000837535
0.000838269
0.000838269
0.000838269
0.000435442
0.000435442
0.000435442
0.000665713
0.000665713
0.000665713
0.000542366
0.000542366
0.000542366
0.000763492
0.000763492
0.000763492
0.000289691
0.000289691
0.000133649
0.000145683
0.000260587
0.000294447
0.00015717
0.000153698
0.00038983
0.00038983
0.00038983
0.000176313
0.000212453
0.000173565
0.000158557
0.000303798
0.000354182
0.000790638
0.000775034
0.000245831
0.000145683
0.000798293
0.000798293
0.000798293
0.00100282
0.00100282
0.00100282
0.000883486
0.000883486
0.000883486
0.00118849
0.00118849
0.00118849
0.000790638
0.000790638
0.000775034
0.000775034
0.000846254
0.000846254
0.000846254
0.00084982
0.00084982
0.00084982
0.000485089
0.000485089
0.000485089
0.000625213
0.000625213
0.000625213
0.000592519
0.000592519
0.000592519
0.000726821
0.000726821
0.000726821
0.000245831
0.000245831
0.000145683
0.000145683
0.000341094
0.000341094
0.000341094
0.000212453
0.000212453
0.000212453
0.000173565
0.000158557
0.000176287
0.00150058
0.00149902
0.00146369
0.00147553
0.00248905
0.00267658
0.00229193
0.00213129
0.00156124
0.00156317
0.00154426
0.00155726
0.00281578
0.00302131
0.00258746
0.0024116
0.00154761
0.00154676
0.0015967
0.00159538
0.00161817
0.00157408
0.00162019
0.00165748
0.00160352
0.00159698
0.0016439
0.00164925
0.00170003
0.00166217
0.00170185
0.00173271
0.000901843
0.000839926
0.000948129
0.00101158
0.00151324
0.00156332
0.00149466
0.00143963
0.00101428
0.00095271
0.00106135
0.00112413
0.00160733
0.00165264
0.00159006
0.00153897
0.000734078
0.00079384
0.000688722
0.000633288
0.000202377
0.000157264
0.000260587
0.000294447
0.000845084
0.000905546
0.000798235
0.000740768
0.000224494
0.000159131
0.000303798
0.000354182
0.00151199
0.00157253
0.00149221
0.00146012
0.00173169
0.00163702
0.00184429
0.00197352
0.00165736
0.00172637
0.00160523
0.00156819
0.0019315
0.00182531
0.00207803
0.00222131
0.00167029
0.00165608
0.00163316
0.00163982
0.00166178
0.00168383
0.0016797
0.00164958
0.00172348
0.00171755
0.00168968
0.00168905
0.00172926
0.00174426
0.0017476
0.00172388
0.00116039
0.00122408
0.00111979
0.00105529
0.00132255
0.00126125
0.00135502
0.00141361
0.00127149
0.00133264
0.00123117
0.00116769
0.00142775
0.00136933
0.00145922
0.00151432
0.000499059
0.000455832
0.00053936
0.000589215
0.000384629
0.000420017
0.000354068
0.000325333
0.000598455
0.000551681
0.000642264
0.000695136
0.00047011
0.000511936
0.00043343
0.000394661
0.00015717
0.000153698
0.000176666
)
;
    }
}


// ************************************************************************* //
