/*--------------------------------*- C++ -*----------------------------------*\
| =========                 |                                                 |
| \\      /  F ield         | OpenFOAM: The Open Source CFD Toolbox           |
|  \\    /   O peration     | Version:  2012                                  |
|   \\  /    A nd           | Website:  www.openfoam.com                      |
|    \\/     M anipulation  |                                                 |
\*---------------------------------------------------------------------------*/
FoamFile
{
    version     2.0;
    format      ascii;
    class       volScalarField;
    location    "0.108/solid";
    object      sigmaDiff;
}
// * * * * * * * * * * * * * * * * * * * * * * * * * * * * * * * * * * * * * //

dimensions      [1 -1 -2 0 0 0 0];


internalField   nonuniform List<scalar> 
3125
(
-6.99088e+07
-2.17526e+07
-2.14992e+07
-1.5447e+08
-2.98777e+07
-3.8582e+07
-6.61482e+07
-2.25423e+07
-6.5006e+07
-2.36362e+07
-5.75888e+07
-2.6799e+07
-2.20407e+07
-2.12998e+08
-1.77841e+08
-1.63315e+08
-1.08372e+07
-2.46578e+08
-1.7702e+07
-5.89219e+08
-2.48593e+08
-2.75273e+08
-2.3682e+07
-3.91249e+07
-2.9663e+07
-1.39052e+08
-1.54135e+08
-4.78187e+07
-1.61747e+07
-8.36476e+07
-2.46559e+07
-1.79355e+08
-2.34523e+08
-1.01354e+08
-2.0967e+07
-1.33353e+08
-4.62246e+07
-7.25102e+07
-5.51035e+07
-8.35095e+07
-6.08044e+07
-1.68442e+08
-1.00811e+08
-8.51722e+07
-2.97941e+07
-2.10983e+07
-5.25985e+07
-5.7454e+07
-3.12507e+07
-3.93108e+07
-3.10418e+07
-5.47126e+07
-6.31947e+07
-2.63828e+07
-2.43792e+07
-2.8782e+07
-2.60508e+07
-3.26057e+07
-3.3305e+07
-6.56806e+07
-6.6592e+07
-3.59608e+07
-3.85033e+07
-5.92639e+07
-4.34275e+07
-3.00432e+07
-3.35807e+07
-3.85598e+07
-5.96565e+07
-3.83078e+07
-4.28653e+07
-1.05861e+08
-4.32128e+07
-2.50908e+08
-2.95741e+07
-2.89465e+07
-5.6534e+07
-8.1408e+07
-4.43465e+08
-5.77083e+07
-3.64735e+08
-8.94755e+07
-1.29826e+08
-3.59472e+08
-2.93206e+08
-5.0529e+07
-3.85334e+07
-5.11951e+07
-3.14208e+08
-7.91125e+07
-1.13135e+08
-1.35959e+08
-1.50421e+08
-1.43201e+08
-2.78591e+08
-4.45354e+08
-5.10161e+08
-3.86905e+08
-1.84083e+08
-3.62979e+08
-3.11215e+08
-1.71227e+08
-4.77065e+08
-3.5209e+08
-3.67113e+07
-3.78367e+07
-9.25633e+07
-4.91273e+07
-1.12707e+08
-1.45052e+08
-1.24814e+08
-1.27356e+08
-1.12244e+08
-1.43692e+08
-1.2243e+08
-5.03636e+07
-1.17641e+08
-1.18858e+08
-6.7166e+07
-7.12926e+07
-1.4267e+08
-8.38496e+07
-1.59546e+08
-2.05619e+08
-1.71467e+08
-1.78679e+08
-1.7341e+08
-2.12263e+08
-1.77055e+08
-8.86344e+07
-1.6835e+08
-1.65854e+08
-2.94528e+07
-4.26258e+07
-7.39773e+07
-1.18917e+08
-1.09071e+08
-9.23204e+07
-3.15618e+07
-1.11806e+08
-8.46857e+07
-5.22779e+07
-9.97459e+07
-8.19938e+07
-7.22272e+07
-7.43657e+07
-8.39867e+07
-8.44568e+07
-1.21963e+08
-1.65043e+08
-1.32066e+08
-1.34465e+08
-8.69461e+07
-1.62764e+08
-1.33954e+08
-8.42343e+07
-1.19641e+08
-1.22102e+08
-3.24246e+07
-3.41332e+07
-3.21447e+07
-3.38062e+07
-3.47842e+07
-7.06562e+07
-1.98673e+07
-1.8463e+07
-1.99454e+07
-1.59225e+07
-1.3186e+08
-2.31763e+07
-1.62826e+07
-3.05416e+07
-3.64441e+07
-6.30301e+07
-6.75828e+07
-1.96785e+07
-2.71936e+07
-2.47088e+07
-6.51965e+07
-5.16561e+07
-5.08719e+07
-5.75754e+07
-5.25073e+07
-2.65134e+07
-2.62099e+07
-2.89197e+07
-5.94954e+07
-5.01956e+07
-5.24047e+07
-7.19281e+07
-2.57703e+07
-1.04349e+08
-2.52646e+07
-2.18515e+07
-2.59239e+07
-9.27286e+08
-4.03125e+08
-9.49546e+07
-1.83458e+08
-3.40939e+08
-1.65705e+08
-2.19632e+08
-2.07255e+08
-1.19546e+08
-1.25026e+08
-9.42228e+07
-1.91359e+08
-9.22264e+07
-3.88025e+07
-2.6589e+08
-7.82058e+07
-5.19678e+07
-1.15416e+08
-6.05635e+08
-5.55459e+08
-5.73809e+08
-2.33033e+08
-2.71079e+08
-2.56768e+08
-3.30484e+08
-2.79679e+08
-3.06368e+08
-2.98433e+07
-3.98139e+07
-6.69639e+07
-3.96368e+07
-4.29922e+07
-1.43e+08
-1.34474e+08
-1.38227e+08
-1.42726e+08
-1.44143e+08
-1.34123e+08
-5.1013e+07
-4.32259e+07
-4.00988e+07
-4.2972e+07
-8.14908e+07
-7.37364e+07
-5.53069e+07
-6.41736e+07
-1.89262e+08
-1.76319e+08
-1.84866e+08
-2.1908e+08
-2.25348e+08
-2.11155e+08
-9.98361e+07
-9.1737e+07
-8.779e+07
-2.27452e+07
-3.05894e+07
-3.01065e+07
-1.28814e+08
-1.26221e+08
-1.21613e+08
-4.03825e+07
-3.82472e+07
-4.23533e+07
-6.68854e+07
-8.11965e+07
-7.56702e+07
-6.271e+07
-8.11051e+07
-7.1003e+07
-5.83212e+07
-6.57777e+07
-1.66486e+08
-1.56744e+08
-1.55619e+08
-9.66997e+07
-8.8813e+07
-8.87758e+07
-8.5113e+07
-9.5953e+07
-9.60752e+07
-2.77881e+07
-5.4216e+07
-3.99348e+07
-3.67221e+07
-3.20239e+07
-3.30308e+07
-3.37296e+07
-3.97557e+07
-3.58096e+07
-3.6401e+07
-3.18853e+07
-3.39671e+07
-3.49981e+07
-3.95398e+07
-6.69067e+07
-4.26624e+07
-4.18142e+07
-6.84866e+07
-4.3644e+07
-2.12175e+07
-2.02374e+07
-1.56178e+07
-1.55803e+07
-9.9411e+07
-2.99691e+07
-1.57139e+07
-1.26154e+07
-3.09387e+07
-3.56365e+07
-6.44831e+07
-6.72317e+07
-2.90203e+07
-3.40469e+07
-2.67234e+07
-4.8136e+07
-3.68047e+07
-4.70038e+07
-4.36613e+07
-4.78621e+07
-5.85564e+07
-5.34087e+07
-5.30972e+07
-4.36793e+07
-4.81318e+07
-4.81346e+07
-2.84495e+07
-3.19846e+07
-3.06106e+07
-2.95545e+07
-3.61491e+07
-3.21763e+07
-3.4904e+07
-3.75068e+07
-3.36931e+07
-5.9735e+07
-5.33981e+07
-5.30631e+07
-4.38165e+07
-4.08105e+07
-4.62145e+07
-4.7811e+07
-4.19935e+07
-4.71715e+07
-7.78126e+07
-1.38262e+08
-1.02865e+08
-2.91273e+07
-1.49315e+08
-1.16269e+08
-1.85267e+08
-1.98838e+08
-1.43777e+08
-2.7609e+07
-3.18995e+07
-2.91255e+07
-2.37735e+07
-3.95516e+07
-2.94401e+07
-3.84819e+07
-4.83185e+07
-3.41895e+07
-5.06469e+08
-1.00329e+08
-3.07339e+08
-5.40568e+08
-4.3467e+08
-5.41548e+08
-7.09617e+07
-1.83285e+08
-2.06123e+08
-1.96929e+08
-2.36531e+08
-4.05615e+08
-4.49861e+08
-4.9745e+08
-9.87567e+07
-2.30844e+08
-2.53551e+08
-1.50389e+08
-1.66858e+08
-1.90416e+08
-2.77662e+08
-3.46929e+08
-2.65187e+08
-2.19401e+08
-3.25798e+08
-2.46584e+08
-7.72798e+07
-1.69468e+08
-1.88068e+08
-7.00104e+07
-5.429e+07
-1.17753e+08
-5.5651e+07
-1.59609e+08
-1.73385e+08
-2.00916e+08
-1.29146e+08
-2.55443e+08
-3.85484e+08
-2.92893e+08
-6.71977e+07
-2.00816e+08
-1.57994e+08
-5.41693e+07
-2.27327e+08
-1.06629e+08
-1.74588e+08
-1.29224e+08
-7.1272e+07
-1.84958e+08
-1.3023e+08
-2.17946e+08
-2.38089e+08
-1.75084e+08
-5.95623e+08
-4.36934e+08
-5.67332e+08
-5.33887e+08
-5.26776e+08
-5.51326e+08
-4.16174e+08
-4.99274e+08
-5.33291e+08
-2.11997e+08
-2.0866e+08
-2.36496e+08
-3.06789e+08
-3.53332e+08
-2.94958e+08
-2.50736e+08
-3.36991e+08
-2.77039e+08
-2.79301e+08
-2.07646e+08
-2.84795e+08
-4.33403e+08
-4.93513e+08
-4.62344e+08
-3.12019e+08
-4.58529e+08
-4.15578e+08
-3.18355e+07
-3.96899e+07
-7.32904e+07
-9.41212e+07
-8.43015e+07
-4.26327e+07
-3.97601e+07
-4.44437e+07
-1.03539e+08
-1.07786e+08
-9.75813e+07
-1.4499e+08
-1.39175e+08
-1.39809e+08
-1.30948e+08
-1.28444e+08
-1.3465e+08
-1.34542e+08
-1.29387e+08
-1.359e+08
-1.29535e+08
-1.09959e+08
-1.23654e+08
-1.42364e+08
-1.36761e+08
-1.33993e+08
-1.15583e+08
-1.30867e+08
-1.26142e+08
-5.14509e+07
-4.04236e+07
-4.25035e+07
-1.12269e+08
-1.21056e+08
-1.15968e+08
-1.14149e+08
-1.2159e+08
-1.1676e+08
-5.02424e+07
-7.98169e+07
-1.0637e+08
-1.45501e+08
-1.18664e+08
-6.39075e+07
-7.78369e+07
-6.78421e+07
-1.52482e+08
-1.47847e+08
-1.33811e+08
-1.98017e+08
-1.97645e+08
-1.91972e+08
-1.74444e+08
-1.75252e+08
-1.81473e+08
-1.89845e+08
-1.78095e+08
-1.86615e+08
-1.99242e+08
-1.71734e+08
-1.93955e+08
-2.18501e+08
-2.02162e+08
-2.06231e+08
-1.74099e+08
-1.91455e+08
-1.92278e+08
-9.81271e+07
-8.01637e+07
-8.84105e+07
-1.64698e+08
-1.71035e+08
-1.66421e+08
-1.5838e+08
-1.70305e+08
-1.6449e+08
-2.40382e+07
-3.3095e+07
-3.48212e+07
-3.58008e+07
-5.25022e+07
-4.59498e+07
-6.76617e+07
-6.3126e+07
-5.66949e+07
-1.25145e+08
-1.11222e+08
-1.17658e+08
-1.18007e+08
-1.04126e+08
-1.13256e+08
-1.02204e+08
-9.93645e+07
-1.08924e+08
-3.8206e+07
-3.93124e+07
-3.56783e+07
-1.06164e+08
-1.04048e+08
-9.81822e+07
-7.84949e+07
-9.48529e+07
-8.88055e+07
-6.04949e+07
-6.15823e+07
-6.95964e+07
-9.03589e+07
-9.45928e+07
-8.50041e+07
-7.16203e+07
-8.93782e+07
-7.93387e+07
-6.52061e+07
-7.97337e+07
-7.43634e+07
-7.62878e+07
-7.04778e+07
-8.45685e+07
-9.68979e+07
-9.68135e+07
-1.21272e+08
-1.09506e+08
-1.09149e+08
-1.65739e+08
-1.564e+08
-1.55669e+08
-1.44524e+08
-1.31948e+08
-1.44002e+08
-1.4605e+08
-1.32744e+08
-1.44557e+08
-9.46407e+07
-8.1154e+07
-8.4432e+07
-1.59905e+08
-1.54822e+08
-1.52639e+08
-1.32842e+08
-1.45054e+08
-1.43448e+08
-8.52138e+07
-9.65472e+07
-9.65432e+07
-1.0752e+08
-1.19749e+08
-1.07703e+08
-1.09347e+08
-1.20585e+08
-1.08421e+08
-6.58716e+07
-6.20841e+07
-7.58258e+07
-6.74171e+07
-6.68789e+07
-6.09206e+07
-7.29545e+07
-2.01327e+07
-1.77615e+07
-1.98102e+07
-1.99659e+07
-2.06272e+07
-1.85851e+07
-1.92866e+07
-1.89551e+07
-6.98792e+07
-2.74152e+08
-6.25853e+07
-1.10421e+08
-1.38319e+08
-1.7891e+08
-4.63163e+07
-3.00222e+07
-3.79398e+07
-2.0816e+07
-2.09246e+07
-2.08989e+07
-2.39191e+07
-1.95824e+07
-2.20568e+07
-2.22245e+07
-5.24746e+07
-5.77571e+07
-6.23276e+07
-6.00311e+07
-5.66369e+07
-5.36773e+07
-5.76845e+07
-3.16047e+07
-3.97178e+07
-4.00244e+07
-2.48497e+07
-2.43736e+07
-4.29909e+07
-4.91203e+07
-1.58087e+07
-3.30253e+08
-4.40591e+07
-3.85231e+07
-3.28356e+07
-2.22726e+07
-4.47103e+07
-2.23732e+07
-5.30965e+07
-4.44406e+08
-3.28468e+08
-2.86641e+08
-3.78073e+08
-3.53487e+08
-3.86617e+08
-4.12954e+08
-2.56807e+07
-3.95229e+07
-8.3564e+07
-5.38536e+07
-3.86264e+07
-3.29351e+07
-6.71317e+07
-6.64233e+07
-3.85527e+07
-1.44403e+08
-4.9172e+07
-1.05578e+08
-4.78783e+07
-1.08951e+08
-4.88414e+07
-1.40457e+08
-2.57756e+07
-8.33759e+07
-9.24699e+07
-3.79577e+07
-5.16551e+07
-3.53487e+07
-7.20557e+07
-4.26343e+07
-7.02846e+07
-1.98569e+08
-1.01407e+08
-1.009e+08
-1.62669e+08
-1.00872e+08
-1.64139e+08
-1.96375e+08
-3.85682e+07
-2.11935e+07
-1.91064e+07
-2.26753e+07
-2.41326e+07
-2.32378e+07
-3.16608e+07
-1.30538e+08
-4.44238e+07
-1.01649e+08
-4.66506e+07
-9.72646e+07
-1.35827e+08
-4.52199e+07
-5.76536e+07
-8.30231e+07
-1.01347e+08
-6.42083e+07
-6.09291e+07
-8.23792e+07
-6.43595e+07
-8.83419e+07
-9.38864e+07
-1.89349e+08
-9.98257e+07
-1.00424e+08
-1.6042e+08
-1.9328e+08
-9.95193e+07
-1.5751e+08
-1.46417e+07
-2.24273e+07
-2.50138e+07
-5.7529e+07
-7.65581e+07
-8.66229e+07
-2.43423e+07
-1.7832e+07
-2.24729e+07
-2.36811e+07
-2.02573e+07
-1.87501e+07
-2.12545e+07
-1.92508e+07
-4.23268e+07
-2.14847e+07
-2.7313e+07
-2.50631e+07
-2.10355e+07
-1.93337e+07
-2.94499e+07
-2.23232e+07
-3.1984e+07
-3.40464e+07
-2.92839e+07
-3.33986e+07
-3.26601e+07
-3.39725e+07
-3.14818e+07
-3.04931e+07
-3.15846e+07
-3.63161e+07
-4.1525e+07
-3.49807e+07
-3.65645e+07
-3.37258e+07
-3.75377e+07
-3.93737e+07
-1.29944e+08
-3.91788e+07
-1.10408e+08
-7.96921e+07
-8.97739e+07
-1.58624e+08
-7.36522e+07
-2.16554e+08
-4.92567e+07
-1.42733e+08
-8.82051e+07
-1.49448e+08
-1.99437e+08
-8.99214e+07
-9.10445e+07
-1.64464e+08
-2.04672e+08
-1.16679e+08
-1.54138e+08
-2.15794e+08
-1.29682e+08
-1.73401e+08
-2.52958e+08
-3.58279e+08
-2.04053e+08
-1.79409e+08
-2.6098e+08
-2.09015e+08
-3.09325e+08
-3.03904e+08
-3.53197e+07
-3.87069e+07
-1.37795e+08
-4.74208e+07
-1.10609e+08
-4.74891e+07
-1.06712e+08
-1.43293e+08
-4.60871e+07
-1.49778e+08
-5.11488e+07
-1.13299e+08
-4.85996e+07
-1.14886e+08
-1.47278e+08
-4.94322e+07
-6.23086e+07
-7.47538e+07
-1.69315e+08
-7.81637e+07
-8.37676e+07
-1.45228e+08
-7.84585e+07
-1.37138e+08
-1.78605e+08
-1.91759e+08
-9.25767e+07
-8.82826e+07
-1.51744e+08
-9.2066e+07
-1.5682e+08
-1.86066e+08
-7.5355e+07
-2.74602e+07
-5.86857e+07
-3.20738e+07
-5.26961e+07
-8.28972e+07
-3.01741e+07
-9.77127e+07
-3.37541e+07
-6.46545e+07
-3.40385e+07
-7.05445e+07
-9.03499e+07
-3.60291e+07
-6.99804e+07
-7.63306e+07
-1.39131e+08
-8.08851e+07
-8.41265e+07
-1.24227e+08
-8.10529e+07
-1.18386e+08
-1.46529e+08
-1.60719e+08
-8.97324e+07
-8.70462e+07
-1.29916e+08
-8.97738e+07
-1.3539e+08
-1.53737e+08
-3.42661e+07
-3.44111e+07
-3.42701e+07
-3.39049e+07
-3.27904e+07
-3.3648e+07
-3.42543e+07
-3.44004e+07
-3.26867e+07
-3.32604e+07
-3.36992e+07
-3.30319e+07
-3.61182e+07
-4.16918e+07
-3.78848e+07
-4.35352e+07
-3.56418e+07
-3.26453e+07
-3.5531e+07
-4.32022e+07
-3.58393e+07
-3.35507e+07
-3.27125e+07
-3.50777e+07
-7.11227e+07
-8.17618e+07
-7.21002e+07
-7.91901e+07
-6.18194e+07
-6.45911e+07
-7.68414e+07
-5.68941e+07
-7.01076e+07
-8.38046e+07
-7.62816e+07
-1.91728e+07
-1.51121e+07
-1.79735e+07
-1.73907e+07
-1.59687e+07
-1.70855e+07
-1.71602e+07
-2.01261e+07
-1.89134e+07
-1.80138e+07
-1.88931e+07
-1.68766e+07
-1.83066e+07
-1.4441e+07
-1.65294e+07
-1.59567e+07
-1.40255e+07
-1.63926e+07
-3.12966e+08
-3.86345e+07
-3.47518e+07
-7.85385e+07
-2.13736e+07
-1.29618e+08
-3.40545e+07
-3.39923e+07
-2.48605e+07
-3.14136e+07
-2.75574e+07
-1.71108e+07
-2.38936e+07
-2.34298e+07
-2.51437e+07
-3.02528e+07
-3.72154e+07
-6.67818e+07
-6.69413e+07
-6.1891e+07
-6.01015e+07
-6.53989e+07
-6.28479e+07
-6.11871e+07
-6.11733e+07
-6.34418e+07
-7.22618e+07
-7.13895e+07
-6.50184e+07
-5.88716e+07
-6.46251e+07
-6.17745e+07
-7.06975e+07
-6.61719e+07
-6.30122e+07
-6.35227e+07
-6.64797e+07
-1.81775e+07
-1.90502e+07
-2.11286e+07
-1.69588e+07
-2.03285e+07
-2.21891e+07
-2.53994e+07
-2.49414e+07
-2.54366e+07
-2.34144e+07
-2.37594e+07
-2.37566e+07
-1.95231e+07
-2.28271e+07
-2.34624e+07
-2.10443e+07
-2.18122e+07
-4.87236e+07
-5.96089e+07
-5.99734e+07
-5.28153e+07
-5.50156e+07
-4.87433e+07
-5.58468e+07
-4.64513e+07
-4.94428e+07
-4.99396e+07
-4.51838e+07
-5.33503e+07
-4.505e+07
-5.51859e+07
-4.69024e+07
-4.15903e+07
-5.07606e+07
-5.24214e+07
-5.08414e+07
-5.10342e+07
-5.27434e+07
-5.51004e+07
-5.67509e+07
-5.59084e+07
-5.78859e+07
-5.74375e+07
-5.58041e+07
-5.19666e+07
-5.04563e+07
-2.76147e+07
-2.92674e+07
-2.82904e+07
-2.83015e+07
-2.44736e+07
-2.12773e+07
-2.2861e+07
-2.41109e+07
-2.5976e+07
-2.53622e+07
-2.33833e+07
-2.68813e+07
-2.59632e+07
-2.67365e+07
-2.5863e+07
-2.71214e+07
-5.13049e+07
-4.91942e+07
-5.18914e+07
-4.92155e+07
-5.40983e+07
-5.61762e+07
-5.70131e+07
-5.12098e+07
-5.58833e+07
-5.87849e+07
-5.83257e+07
-5.56545e+07
-4.99276e+07
-4.45902e+07
-4.88718e+07
-4.74438e+07
-8.99461e+07
-6.42699e+07
-2.61995e+07
-2.43047e+07
-2.22573e+07
-5.29033e+07
-1.08353e+07
-4.73524e+07
-4.37625e+07
-8.56521e+07
-6.59588e+07
-2.5092e+07
-2.97175e+07
-2.74402e+07
-2.81526e+07
-2.36264e+07
-2.13425e+07
-2.0237e+07
-2.30604e+07
-2.30545e+07
-2.08638e+07
-2.11854e+07
-2.53627e+07
-2.57078e+07
-2.62747e+07
-2.4732e+07
-2.68546e+07
-1.62665e+09
-1.6422e+09
-1.24441e+09
-2.12181e+09
-1.67718e+09
-1.38513e+09
-2.50742e+09
-2.03691e+09
-2.73482e+09
-2.71473e+08
-2.68275e+08
-2.58989e+08
-2.84043e+08
-2.78073e+08
-2.8067e+08
-2.84319e+08
-2.9179e+08
-2.67757e+08
-2.55795e+08
-2.69521e+08
-2.52038e+08
-5.93278e+08
-9.38795e+08
-6.79057e+08
-3.17533e+08
-7.49438e+08
-3.41155e+08
-2.00703e+08
-4.20969e+08
-1.05156e+08
-3.89573e+08
-1.70475e+08
-4.73775e+08
-4.63056e+08
-1.23338e+08
-5.17255e+08
-2.13848e+08
-2.6026e+07
-3.51856e+08
-1.38648e+08
-1.16415e+08
-5.61427e+07
-3.50889e+07
-7.04321e+07
-6.64066e+07
-5.57027e+07
-3.83288e+07
-8.40567e+07
-1.21204e+08
-1.10993e+08
-9.45752e+08
-9.12628e+08
-9.21809e+08
-9.26477e+08
-8.76697e+08
-8.95189e+08
-9.65299e+08
-9.52834e+08
-8.54546e+08
-8.66814e+08
-8.45711e+08
-8.81521e+08
-3.692e+08
-3.56464e+08
-3.5195e+08
-3.74709e+08
-3.82749e+08
-3.84224e+08
-3.70627e+08
-3.53797e+08
-3.7162e+08
-3.51855e+08
-3.8157e+08
-3.83953e+08
-6.56588e+08
-6.58803e+08
-4.95021e+08
-3.62058e+08
-3.1666e+08
-4.40086e+08
-3.55022e+08
-4.31371e+08
-4.99519e+08
-6.3329e+08
-6.14204e+08
-2.77773e+07
-3.97627e+07
-1.75817e+08
-1.56146e+08
-9.81968e+07
-3.63497e+07
-8.69444e+07
-4.09881e+07
-7.74672e+07
-3.94893e+07
-1.10859e+08
-1.10141e+08
-1.33902e+08
-3.33357e+08
-3.37352e+08
-3.37797e+08
-3.32776e+08
-3.29424e+08
-3.22304e+08
-3.35433e+08
-3.4047e+08
-3.27353e+08
-3.20204e+08
-3.20489e+08
-3.27176e+08
-2.97711e+08
-2.98644e+08
-2.88445e+08
-3.07226e+08
-2.95649e+08
-2.88474e+08
-2.86215e+08
-2.65128e+08
-2.77909e+08
-2.74678e+08
-3.07115e+08
-3.14841e+08
-2.41702e+08
-2.39583e+08
-1.47502e+08
-5.02417e+07
-1.13737e+08
-4.99853e+07
-1.11695e+08
-4.95669e+07
-1.4971e+08
-2.30205e+08
-2.34978e+08
-3.4813e+07
-8.26736e+07
-2.0597e+08
-1.84672e+08
-1.11837e+08
-4.57365e+07
-5.81773e+07
-1.0258e+08
-5.03183e+07
-8.73603e+07
-1.29311e+08
-1.4004e+08
-1.62451e+08
-3.78368e+08
-3.85298e+08
-3.85563e+08
-3.78117e+08
-3.71489e+08
-3.61441e+08
-3.79824e+08
-3.88248e+08
-3.69983e+08
-3.61591e+08
-3.60786e+08
-3.70789e+08
-3.87623e+08
-3.79071e+08
-3.74287e+08
-3.91678e+08
-3.92672e+08
-3.90018e+08
-3.81108e+08
-3.60596e+08
-3.77264e+08
-3.6534e+08
-3.99418e+08
-4.01445e+08
-2.89915e+08
-2.89465e+08
-1.99701e+08
-1.00916e+08
-9.92132e+07
-1.64425e+08
-1.00333e+08
-1.64749e+08
-1.99731e+08
-2.82648e+08
-2.86075e+08
-1.01346e+08
-9.07188e+07
-4.56798e+07
-2.17935e+07
-3.51033e+07
-2.52891e+07
-2.95061e+07
-2.41255e+07
-5.29563e+07
-6.9546e+07
-7.97413e+07
-2.9351e+08
-2.82817e+08
-2.93079e+08
-2.83294e+08
-3.05193e+08
-3.13957e+08
-2.95064e+08
-2.85077e+08
-3.03487e+08
-3.12051e+08
-3.12232e+08
-3.03203e+08
-1.98846e+08
-2.07346e+08
-1.24742e+08
-4.24677e+07
-8.73583e+07
-4.18558e+07
-9.24802e+07
-4.35982e+07
-1.18469e+08
-2.2314e+08
-2.16221e+08
-1.65591e+08
-1.73559e+08
-1.62315e+08
-1.76927e+08
-1.57286e+08
-1.47286e+08
-1.68834e+08
-1.79534e+08
-1.54328e+08
-1.39794e+08
-1.43724e+08
-1.50301e+08
-6.02025e+07
-8.22135e+07
-1.58554e+08
-1.47653e+08
-1.08854e+08
-6.76127e+07
-7.11925e+07
-1.00364e+08
-6.77886e+07
-9.43307e+07
-1.16427e+08
-1.25751e+08
-1.36303e+08
-3.27926e+08
-3.17804e+08
-3.29752e+08
-3.15979e+08
-3.39809e+08
-3.51104e+08
-3.39712e+08
-3.51955e+08
-3.50468e+08
-3.41176e+08
-3.27935e+08
-3.15763e+08
-2.54774e+08
-2.62504e+08
-1.84723e+08
-9.84426e+07
-9.65551e+07
-1.49966e+08
-9.82103e+07
-1.54002e+08
-1.79445e+08
-2.76549e+08
-2.70676e+08
-1.85666e+08
-1.983e+08
-1.86136e+08
-1.97902e+08
-1.73478e+08
-1.62753e+08
-1.73358e+08
-1.61809e+08
-1.61991e+08
-1.73148e+08
-1.85972e+08
-1.97699e+08
-5.92282e+07
-3.67864e+07
-3.59096e+07
-3.62516e+07
-3.68665e+07
-3.89907e+07
-3.99545e+07
-3.68769e+07
-3.62128e+07
-3.91086e+07
-4.00378e+07
-3.87806e+07
-3.99466e+07
-3.34022e+07
-3.41915e+07
-3.37182e+07
-3.40057e+07
-3.21902e+07
-3.17987e+07
-3.24252e+07
-3.17051e+07
-3.26384e+07
-3.31419e+07
-3.27775e+07
-3.28328e+07
-3.30371e+07
-3.31902e+07
-3.36373e+07
-3.24896e+07
-3.65209e+07
-3.57258e+07
-3.67035e+07
-3.54195e+07
-3.81288e+07
-3.92516e+07
-3.96151e+07
-3.76824e+07
-3.83739e+07
-3.99597e+07
-3.86494e+07
-3.98161e+07
-3.62295e+07
-3.46089e+07
-3.51047e+07
-3.58183e+07
-3.74217e+07
-4.19399e+07
-3.73507e+07
-4.14639e+07
-3.43251e+07
-3.20789e+07
-3.2647e+07
-3.35333e+07
-3.48109e+07
-3.32521e+07
-3.51335e+07
-3.32204e+07
-3.65529e+07
-3.95397e+07
-4.06973e+07
-3.57275e+07
-6.52447e+07
-5.12566e+07
-4.87111e+07
-5.98601e+07
-8.49734e+07
-1.228e+08
-6.53812e+07
-4.70267e+07
-8.43259e+07
-1.03686e+08
-8.30567e+07
-1.14621e+08
-5.81453e+07
-4.96266e+07
-4.94043e+07
-5.95068e+07
-7.14207e+07
-8.49924e+07
-6.86556e+07
-8.72975e+07
-5.62549e+07
-4.61304e+07
-4.76999e+07
-5.4403e+07
-7.56016e+07
-9.64996e+07
-7.72621e+07
-9.3138e+07
-2.31625e+07
-1.73291e+07
-2.10435e+07
-1.92888e+07
-1.80012e+07
-1.68509e+07
-2.03008e+07
-1.85104e+07
-1.40924e+07
-1.65433e+07
-1.55298e+07
-1.4382e+07
-1.62029e+07
-1.3951e+07
-1.57849e+07
-1.54741e+07
-1.38465e+07
-1.58981e+07
-5.39455e+07
-2.22785e+07
-2.97105e+07
-4.32522e+07
-1.92195e+07
-2.94267e+07
-3.26401e+07
-2.28712e+07
-1.4361e+07
-1.68464e+07
-1.54456e+07
-1.45075e+07
-1.68192e+07
-1.40746e+07
-1.3833e+07
-1.42352e+07
-1.79206e+07
-1.60731e+07
-3.14124e+07
-3.48437e+07
-6.84225e+07
-6.79439e+07
-6.55578e+07
-6.28388e+07
-6.57816e+07
-6.27386e+07
-6.93124e+07
-6.96221e+07
-6.48088e+07
-6.18896e+07
-6.43243e+07
-6.21594e+07
-7.09804e+07
-7.11934e+07
-6.62886e+07
-6.31679e+07
-6.63061e+07
-6.30949e+07
-7.04546e+07
-7.02782e+07
-6.66574e+07
-6.31703e+07
-6.64562e+07
-6.32701e+07
-2.72961e+07
-3.11995e+07
-2.66217e+07
-2.73055e+07
-2.54067e+07
-2.8482e+07
-2.93357e+07
-2.63518e+07
-3.17851e+07
-3.1407e+07
-2.84671e+07
-2.9441e+07
-2.44249e+07
-2.52716e+07
-2.89545e+07
-2.26164e+07
-2.72576e+07
-3.90489e+07
-4.45679e+07
-4.32799e+07
-4.58253e+07
-4.20854e+07
-4.02943e+07
-4.24956e+07
-3.30594e+07
-3.43003e+07
-3.98845e+07
-3.05756e+07
-3.70557e+07
-3.57151e+07
-4.33773e+07
-4.32985e+07
-3.86596e+07
-4.00993e+07
-4.65783e+07
-4.80277e+07
-4.78064e+07
-4.63209e+07
-4.35329e+07
-4.23542e+07
-4.36429e+07
-4.22867e+07
-4.25884e+07
-4.37852e+07
-4.61893e+07
-4.75426e+07
-5.32621e+07
-5.10935e+07
-5.31213e+07
-5.10541e+07
-5.66902e+07
-5.93157e+07
-5.92671e+07
-5.6616e+07
-5.6355e+07
-5.84957e+07
-5.62603e+07
-5.87936e+07
-5.35035e+07
-5.09826e+07
-5.11879e+07
-5.34019e+07
-4.6265e+07
-4.82173e+07
-4.6409e+07
-4.82368e+07
-4.36629e+07
-4.14892e+07
-4.18759e+07
-4.33639e+07
-4.3749e+07
-4.22476e+07
-4.20259e+07
-4.38243e+07
-4.62394e+07
-4.80844e+07
-4.8296e+07
-4.59308e+07
-3.02629e+07
-3.0217e+07
-2.9313e+07
-3.11676e+07
-3.01933e+07
-3.10367e+07
-3.10221e+07
-3.00909e+07
-3.10617e+07
-3.26201e+07
-3.18641e+07
-3.18954e+07
-2.93231e+07
-2.79695e+07
-2.82195e+07
-2.90986e+07
-3.14793e+07
-3.09407e+07
-3.04126e+07
-3.23375e+07
-3.23697e+07
-3.25506e+07
-2.98109e+07
-3.39483e+07
-3.0085e+07
-2.6261e+07
-2.88001e+07
-2.86192e+07
-3.40147e+07
-3.61443e+07
-3.44155e+07
-3.53563e+07
-3.40537e+07
-3.18405e+07
-3.26798e+07
-3.31876e+07
-3.65807e+07
-3.88638e+07
-3.72313e+07
-3.82576e+07
-3.46783e+07
-3.40755e+07
-3.53392e+07
-3.33597e+07
-3.59917e+07
-3.69172e+07
-3.52326e+07
-3.77242e+07
-5.292e+07
-4.97338e+07
-5.23417e+07
-5.02247e+07
-5.64365e+07
-5.95688e+07
-5.93598e+07
-5.67081e+07
-5.63728e+07
-5.90323e+07
-5.60363e+07
-5.94484e+07
-5.30626e+07
-5.08831e+07
-5.34259e+07
-5.04766e+07
-4.33873e+07
-4.59053e+07
-4.52384e+07
-4.35298e+07
-3.85276e+07
-3.39859e+07
-3.71816e+07
-3.66523e+07
-4.16444e+07
-4.26047e+07
-4.38236e+07
-3.89008e+07
-3.99353e+07
-3.86165e+07
-3.83375e+07
-4.06652e+07
-4.47871e+07
-4.64902e+07
-4.71685e+07
-4.41835e+07
-4.25372e+07
-4.11302e+07
-4.30833e+07
-4.05441e+07
-4.51767e+07
-4.7939e+07
-4.56863e+07
-4.74726e+07
-4.21048e+07
-3.93586e+07
-4.00452e+07
-4.1354e+07
-1.14406e+08
-1.10919e+08
-8.83821e+07
-1.35853e+08
-1.32955e+08
-1.65723e+08
-1.57413e+08
-1.4394e+08
-1.40253e+08
-1.81022e+08
-1.55926e+08
-1.62288e+08
-1.10326e+08
-1.0337e+08
-8.59709e+07
-1.23132e+08
-1.33678e+08
-1.75407e+08
-9.7333e+07
-3.35995e+07
-4.3278e+07
-5.93899e+07
-6.97871e+07
-6.4562e+07
-6.6129e+07
-2.7438e+08
-2.37015e+08
-2.28207e+08
-1.57838e+08
-1.79832e+08
-2.04749e+08
-3.15516e+08
-4.02741e+08
-3.30987e+08
-3.6995e+08
-2.45846e+08
-2.22809e+08
-2.07361e+08
-2.73066e+08
-2.84984e+08
-3.21291e+08
-2.6222e+08
-3.49447e+08
-3.14124e+07
-3.2158e+07
-2.92872e+07
-3.41025e+07
-3.12948e+07
-3.12138e+07
-3.2503e+07
-3.01649e+07
-3.2956e+07
-3.79236e+07
-3.45123e+07
-3.62297e+07
-2.99271e+07
-2.7634e+07
-2.84968e+07
-2.90573e+07
-3.56746e+07
-3.21947e+07
-2.80351e+07
-3.78792e+07
-2.9593e+07
-3.24018e+07
-2.70759e+07
-4.30427e+07
-3.10963e+07
-2.30813e+07
-2.51564e+07
-2.41607e+07
-3.44698e+07
-5.55904e+07
-4.28323e+07
-5.14355e+07
-4.4917e+07
-3.5182e+07
-3.89158e+07
-4.22044e+07
-6.01398e+07
-7.83862e+07
-6.47427e+07
-7.49487e+07
-4.88315e+07
-4.41229e+07
-5.1299e+07
-4.14082e+07
-5.56475e+07
-6.37163e+07
-4.8663e+07
-6.75886e+07
-4.31538e+08
-5.73763e+08
-6.47387e+08
-3.66214e+08
-2.68706e+08
-2.15019e+08
-2.17125e+08
-1.64514e+08
-1.9233e+08
-2.25202e+08
-6.83742e+08
-1.70158e+09
-6.62928e+08
-7.61605e+08
-7.09881e+08
-6.7873e+08
-6.70377e+08
-5.98903e+08
-6.85807e+08
-6.71428e+08
-6.81838e+08
-5.83985e+08
-6.5688e+08
-5.77144e+08
-1.22317e+09
-1.39498e+09
-1.32497e+09
-1.31085e+09
-1.36288e+09
-1.10951e+09
-1.16648e+09
-1.21731e+09
-1.0181e+09
-1.25336e+09
-1.12864e+09
-1.10613e+09
-6.61944e+08
-7.47688e+08
-6.6786e+08
-7.43016e+08
-6.10727e+08
-5.15615e+08
-5.28557e+08
-5.73009e+08
-6.19451e+08
-5.58495e+08
-6.53232e+08
-5.55454e+08
-6.37513e+08
-6.97193e+08
-7.27122e+08
-6.1328e+08
-2.96667e+08
-3.61146e+08
-2.75832e+08
-3.78643e+08
-1.53402e+08
-1.26085e+08
-1.2778e+08
-1.54848e+08
-1.75467e+08
-1.42857e+08
-1.41128e+08
-1.70086e+08
-2.54993e+08
-3.1336e+08
-3.09087e+08
-2.62316e+08
-2.25881e+08
-2.5642e+08
-2.42109e+08
-2.37095e+08
-2.00543e+08
-1.85752e+08
-1.78049e+08
-2.06005e+08
-2.05415e+08
-1.99041e+08
-1.85698e+08
-2.21719e+08
-2.18432e+08
-2.41169e+08
-2.37741e+08
-2.23907e+08
-3.59806e+08
-3.11198e+08
-3.15478e+08
-3.44056e+08
-4.31858e+08
-4.87738e+08
-3.59829e+08
-3.32023e+08
-4.13461e+08
-4.77069e+08
-4.94075e+08
-4.16222e+08
-3.1924e+08
-2.91341e+08
-2.83053e+08
-3.39719e+08
-3.67596e+08
-4.15789e+08
-3.57774e+08
-4.44869e+08
-3.10527e+08
-2.48112e+08
-2.86038e+08
-2.60333e+08
-3.91275e+08
-4.75628e+08
-4.51829e+08
-3.94867e+08
-4.13645e+08
-5.1162e+08
-2.70708e+08
-6.23463e+07
-1.45777e+08
-7.62007e+07
-2.30832e+08
-2.07275e+08
-9.6211e+07
-3.68837e+08
-3.55558e+08
-7.87822e+07
-2.01231e+08
-1.77332e+08
-1.41049e+08
-7.06229e+07
-3.40572e+07
-5.06182e+07
-3.88279e+07
-5.29114e+07
-1.35408e+08
-1.73829e+08
-5.04355e+07
-8.8553e+07
-7.08833e+07
-5.02537e+07
-9.72357e+07
-9.12868e+08
-9.77705e+08
-8.17972e+08
-9.20635e+08
-9.87714e+08
-8.4551e+08
-9.86201e+08
-1.12723e+09
-9.88657e+08
-1.03206e+09
-1.08325e+09
-9.01436e+08
-5.16095e+08
-6.04923e+08
-4.7079e+08
-5.93896e+08
-5.17284e+08
-4.83836e+08
-4.61925e+08
-5.56151e+08
-4.90513e+08
-3.94385e+08
-4.24486e+08
-4.53555e+08
-5.44922e+08
-6.67685e+08
-5.83138e+08
-6.33579e+08
-2.07973e+08
-2.37516e+08
-1.85656e+08
-2.401e+08
-1.34303e+08
-1.15631e+08
-1.09529e+08
-1.38332e+08
-1.18809e+08
-8.58143e+07
-9.92821e+07
-1.15033e+08
-2.30666e+08
-2.7898e+08
-2.31354e+08
-2.69127e+08
-7.19658e+07
-1.95232e+08
-1.78922e+08
-1.64602e+08
-1.4511e+08
-1.96601e+08
-2.03837e+08
-2.40197e+08
-2.36164e+08
-2.09195e+08
-2.08301e+08
-2.52686e+08
-2.22521e+08
-2.38939e+08
-1.7474e+08
-1.4926e+08
-1.40164e+08
-1.81148e+08
-1.75627e+08
-2.28017e+08
-1.60187e+08
-9.30912e+07
-8.78016e+07
-9.86453e+07
-1.19534e+08
-1.07908e+08
-1.34509e+08
-3.51124e+08
-2.82844e+08
-2.72527e+08
-2.01631e+08
-2.27797e+08
-2.49681e+08
-3.5435e+08
-4.27915e+08
-3.6288e+08
-4.07636e+08
-2.91676e+08
-2.76643e+08
-2.54613e+08
-3.14483e+08
-3.27375e+08
-3.76134e+08
-3.12075e+08
-3.92727e+08
-7.62057e+08
-8.48497e+08
-8.6944e+08
-7.63581e+08
-6.3908e+08
-5.52796e+08
-6.44733e+08
-5.48909e+08
-6.31597e+08
-5.39941e+08
-7.89828e+08
-8.81699e+08
-8.84182e+08
-8.8447e+08
-9.09902e+08
-8.68819e+08
-7.97218e+08
-7.88901e+08
-7.72359e+08
-8.17427e+08
-8.65539e+08
-8.2072e+08
-8.40489e+08
-8.32864e+08
-8.17052e+08
-8.55489e+08
-8.32891e+08
-8.35647e+08
-7.32833e+08
-8.37669e+08
-7.37637e+08
-8.11143e+08
-6.09157e+08
-5.14285e+08
-5.16359e+08
-5.87666e+08
-6.13684e+08
-5.33263e+08
-6.32217e+08
-5.36125e+08
-7.07696e+08
-7.70573e+08
-8.00106e+08
-6.99782e+08
-3.13043e+08
-3.42613e+08
-3.34936e+08
-3.20171e+08
-2.90169e+08
-2.65393e+08
-2.61663e+08
-2.92791e+08
-2.91444e+08
-2.74913e+08
-2.64594e+08
-3.01912e+08
-3.11569e+08
-3.36854e+08
-3.35107e+08
-3.14243e+08
-4.02313e+08
-3.70387e+08
-3.82575e+08
-3.88376e+08
-4.42169e+08
-4.79829e+08
-4.29813e+08
-4.73892e+08
-4.83367e+08
-4.30537e+08
-4.06327e+08
-3.93631e+08
-3.62938e+08
-3.55026e+08
-3.39226e+08
-3.80114e+08
-3.92077e+08
-4.37283e+08
-3.86002e+08
-4.54875e+08
-3.50701e+08
-2.99937e+08
-3.30114e+08
-3.19635e+08
-4.11929e+08
-4.73539e+08
-4.59805e+08
-4.14529e+08
-6.29203e+08
-5.57137e+08
-4.14118e+08
-2.42204e+08
-2.75397e+08
-4.06352e+08
-4.64245e+08
-2.41919e+08
-3.61275e+08
-4.11483e+08
-4.90826e+08
-7.4384e+08
-7.13974e+08
-7.24891e+08
-7.25686e+08
-7.1517e+08
-7.62812e+08
-7.44371e+08
-7.26824e+08
-7.74211e+08
-7.86701e+08
-8.08552e+08
-7.65931e+08
-6.7757e+08
-6.56463e+08
-6.52781e+08
-6.94712e+08
-6.21257e+08
-6.7954e+08
-6.12318e+08
-6.95572e+08
-5.53777e+08
-4.90567e+08
-4.85355e+08
-5.773e+08
-5.36027e+08
-4.45597e+08
-4.56617e+08
-5.211e+08
-6.61004e+08
-7.53227e+08
-6.6953e+08
-7.22909e+08
-3.36822e+07
-3.93131e+07
-1.88215e+08
-1.93975e+08
-1.73708e+08
-2.08086e+08
-1.82118e+08
-1.82102e+08
-1.62598e+08
-2.00163e+08
-1.65757e+08
-1.26801e+08
-1.50515e+08
-1.4397e+08
-2.04242e+08
-2.38155e+08
-2.22449e+08
-2.20208e+08
-1.92754e+08
-2.07278e+08
-1.30594e+08
-4.52454e+07
-9.49366e+07
-4.27287e+07
-1.21663e+08
-1.01508e+08
-4.44825e+07
-2.28377e+08
-2.18799e+08
-2.41473e+08
-2.12176e+08
-2.2615e+08
-2.27318e+08
-2.68418e+08
-2.91277e+08
-2.81583e+08
-2.77477e+08
-2.54968e+08
-2.55161e+08
-2.41054e+08
-2.69458e+08
-2.54034e+08
-2.49906e+08
-2.39934e+08
-2.64348e+08
-3.42643e+08
-3.39821e+08
-3.41053e+08
-3.41559e+08
-3.46061e+08
-3.45753e+08
-3.42663e+08
-3.38855e+08
-3.40374e+08
-3.41049e+08
-3.46168e+08
-3.43658e+08
-3.2555e+08
-3.33441e+08
-3.29579e+08
-3.29658e+08
-3.14035e+08
-3.00295e+08
-3.06763e+08
-3.07883e+08
-3.19497e+08
-3.15128e+08
-3.22718e+08
-3.11496e+08
-3.20364e+08
-3.17315e+08
-3.23839e+08
-3.1363e+08
-3.32374e+08
-3.36121e+08
-3.36757e+08
-3.31455e+08
-3.22879e+08
-3.09855e+08
-3.18688e+08
-3.13622e+08
-3.30213e+08
-3.32883e+08
-3.35837e+08
-3.27481e+08
-3.24656e+08
-3.16354e+08
-3.2487e+08
-3.16563e+08
-2.64658e+08
-2.89199e+08
-2.76802e+08
-2.77712e+08
-2.3339e+08
-2.00491e+08
-2.18942e+08
-2.16429e+08
-2.48114e+08
-2.51496e+08
-2.62683e+08
-2.35567e+08
-2.50436e+08
-2.51781e+08
-2.35936e+08
-2.65716e+08
-3.25368e+08
-3.11294e+08
-3.1752e+08
-3.19439e+08
-3.3871e+08
-3.41981e+08
-3.32585e+08
-3.3365e+08
-3.37474e+08
-3.28702e+08
-3.31279e+08
-3.25294e+08
-3.03155e+08
-3.01845e+08
-2.92731e+08
-3.12075e+08
-3.04068e+08
-3.02194e+08
-2.94074e+08
-3.125e+08
-2.93239e+08
-2.68968e+08
-2.81453e+08
-2.80744e+08
-3.14248e+08
-3.27933e+08
-3.20921e+08
-3.21165e+08
-2.43283e+08
-2.42089e+08
-1.50961e+08
-5.14994e+07
-1.15024e+08
-5.01273e+07
-1.50883e+08
-1.15427e+08
-4.99243e+07
-2.34872e+08
-2.39944e+08
-2.77229e+08
-2.64936e+08
-2.6252e+08
-2.79418e+08
-2.8533e+08
-2.91388e+08
-2.97079e+08
-2.79198e+08
-2.89671e+08
-3.04954e+08
-3.02251e+08
-2.92912e+08
-2.72228e+08
-2.52652e+08
-2.57929e+08
-2.67059e+08
-2.79656e+08
-2.6625e+08
-2.65161e+08
-2.81045e+08
-2.90088e+08
-2.9833e+08
-2.85664e+08
-3.03428e+08
-2.77197e+08
-2.57236e+08
-2.71579e+08
-2.6248e+08
-2.93456e+08
-3.06713e+08
-3.05775e+08
-2.93742e+08
-5.66828e+07
-7.75775e+07
-2.32982e+08
-2.30054e+08
-2.09455e+08
-2.51676e+08
-2.37335e+08
-2.51225e+08
-2.2244e+08
-2.64347e+08
-2.13547e+08
-1.66726e+08
-1.87651e+08
-1.95768e+08
-2.55913e+08
-2.94604e+08
-2.7175e+08
-2.79889e+08
-2.24581e+08
-2.41509e+08
-1.58027e+08
-7.15278e+07
-6.55947e+07
-1.15896e+08
-1.44733e+08
-7.23964e+07
-1.27389e+08
-2.67093e+08
-2.55078e+08
-2.84432e+08
-2.48841e+08
-2.68917e+08
-2.65395e+08
-3.14908e+08
-3.40815e+08
-3.32056e+08
-3.23732e+08
-3.01833e+08
-3.08906e+08
-2.88849e+08
-3.21399e+08
-2.97187e+08
-2.90943e+08
-2.79279e+08
-3.08276e+08
-3.96458e+08
-3.89846e+08
-3.91604e+08
-3.94641e+08
-4.03776e+08
-4.08e+08
-3.99761e+08
-3.98131e+08
-3.96005e+08
-4.02043e+08
-4.00626e+08
-3.94182e+08
-3.71614e+08
-3.81128e+08
-3.75334e+08
-3.77431e+08
-3.59481e+08
-3.46097e+08
-3.53221e+08
-3.52455e+08
-3.6592e+08
-3.62698e+08
-3.70193e+08
-3.583e+08
-3.65367e+08
-3.59723e+08
-3.67879e+08
-3.57169e+08
-3.83515e+08
-3.85843e+08
-3.88838e+08
-3.80532e+08
-3.74372e+08
-3.6081e+08
-3.71952e+08
-3.63281e+08
-3.8304e+08
-3.90344e+08
-3.90387e+08
-3.8286e+08
-3.7463e+08
-3.64377e+08
-3.73527e+08
-3.65541e+08
-3.41682e+08
-3.66412e+08
-3.59168e+08
-3.498e+08
-3.10778e+08
-2.75759e+08
-3.01404e+08
-2.8654e+08
-3.2998e+08
-3.43765e+08
-3.50147e+08
-3.22527e+08
-3.22801e+08
-3.13396e+08
-3.01522e+08
-3.33599e+08
-3.99422e+08
-3.87012e+08
-3.96812e+08
-3.90133e+08
-4.10015e+08
-4.08125e+08
-4.02058e+08
-3.96103e+08
-4.02374e+08
-3.95469e+08
-4.07147e+08
-4.06824e+08
-3.67065e+08
-3.74345e+08
-3.60716e+08
-3.8011e+08
-3.61793e+08
-3.54276e+08
-3.47999e+08
-3.67795e+08
-3.53784e+08
-3.27494e+08
-3.3724e+08
-3.44666e+08
-3.75105e+08
-3.88472e+08
-3.78548e+08
-3.85349e+08
-2.8999e+08
-2.86825e+08
-1.9588e+08
-9.57242e+07
-9.75041e+07
-1.63072e+08
-1.98481e+08
-9.51186e+07
-1.60561e+08
-2.75586e+08
-2.82917e+08
-3.25732e+08
-3.12996e+08
-3.11834e+08
-3.27101e+08
-3.33434e+08
-3.38336e+08
-3.44117e+08
-3.27438e+08
-3.3739e+08
-3.52317e+08
-3.49515e+08
-3.40438e+08
-3.21248e+08
-3.03921e+08
-3.08196e+08
-3.16742e+08
-3.25775e+08
-3.1315e+08
-3.10576e+08
-3.28103e+08
-3.36599e+08
-3.47066e+08
-3.32096e+08
-3.51723e+08
-3.22641e+08
-2.9968e+08
-3.16086e+08
-3.06571e+08
-3.40357e+08
-3.54354e+08
-3.53625e+08
-3.40832e+08
-1.1279e+08
-1.23592e+08
-6.78322e+07
-2.56313e+07
-4.08693e+07
-2.67126e+07
-6.03415e+07
-4.67466e+07
-2.83593e+07
-1.45987e+08
-1.35216e+08
-1.13916e+08
-1.15348e+08
-1.03956e+08
-1.2553e+08
-1.10671e+08
-1.08355e+08
-1.1977e+08
-9.94616e+07
-1.22894e+08
-1.44121e+08
-1.34771e+08
-1.32046e+08
-1.01892e+08
-8.13819e+07
-9.22687e+07
-9.07964e+07
-1.49989e+08
-1.27514e+08
-1.39149e+08
-1.38107e+08
-1.72682e+08
-1.94985e+08
-1.84977e+08
-1.82576e+08
-1.62814e+08
-1.63092e+08
-1.51487e+08
-1.74614e+08
-1.59754e+08
-1.57017e+08
-1.4752e+08
-1.69425e+08
-2.8679e+08
-2.79942e+08
-2.90247e+08
-2.76386e+08
-2.91312e+08
-2.92674e+08
-2.99775e+08
-2.8399e+08
-2.9685e+08
-3.09077e+08
-3.00377e+08
-3.05705e+08
-2.81141e+08
-2.63776e+08
-2.70903e+08
-2.74138e+08
-2.60922e+08
-2.71256e+08
-2.72113e+08
-2.60063e+08
-2.50685e+08
-2.39433e+08
-2.6287e+08
-2.73683e+08
-2.48969e+08
-2.35827e+08
-2.4757e+08
-2.37181e+08
-2.53285e+08
-2.68435e+08
-2.64761e+08
-2.5698e+08
-2.35217e+08
-2.16032e+08
-2.28235e+08
-2.22989e+08
-2.47817e+08
-2.52296e+08
-2.59263e+08
-2.40786e+08
-2.40634e+08
-2.32508e+08
-2.44621e+08
-2.28546e+08
-1.88623e+08
-1.78962e+08
-1.04888e+08
-3.59888e+07
-8.19455e+07
-3.99806e+07
-1.11841e+08
-7.63315e+07
-3.80353e+07
-1.57526e+08
-1.67895e+08
-2.4208e+08
-2.19368e+08
-2.28618e+08
-2.32771e+08
-2.63605e+08
-2.83447e+08
-2.71995e+08
-2.75342e+08
-2.51854e+08
-2.45403e+08
-2.37866e+08
-2.59348e+08
-2.5419e+08
-2.55402e+08
-2.6531e+08
-2.44106e+08
-2.10954e+08
-2.08656e+08
-1.98197e+08
-2.21536e+08
-2.09692e+08
-2.08056e+08
-1.97697e+08
-2.20064e+08
-1.98746e+08
-1.75304e+08
-1.87328e+08
-1.86524e+08
-2.21805e+08
-2.43829e+08
-2.32611e+08
-2.33081e+08
-1.52812e+08
-1.69773e+08
-1.57932e+08
-1.64532e+08
-1.34638e+08
-1.15949e+08
-1.27167e+08
-1.23287e+08
-1.46799e+08
-1.51605e+08
-1.39655e+08
-1.58896e+08
-1.40443e+08
-1.3508e+08
-1.46143e+08
-1.29505e+08
-2.00662e+08
-1.86239e+08
-1.88854e+08
-1.97973e+08
-2.15491e+08
-2.26844e+08
-2.0291e+08
-1.91755e+08
-2.1294e+08
-2.22875e+08
-2.24883e+08
-2.10973e+08
-1.89732e+08
-1.82234e+08
-1.77545e+08
-1.94508e+08
-1.9737e+08
-2.0287e+08
-1.90407e+08
-2.09929e+08
-1.8423e+08
-1.64695e+08
-1.77088e+08
-1.71714e+08
-2.03027e+08
-2.19713e+08
-2.15358e+08
-2.07317e+08
-6.76246e+07
-7.81396e+07
-1.70212e+08
-1.81126e+08
-1.31616e+08
-7.76691e+07
-7.45584e+07
-1.06413e+08
-1.24029e+08
-7.78513e+07
-1.12431e+08
-2.03546e+08
-1.92829e+08
-1.63394e+08
-1.69413e+08
-1.57679e+08
-1.75414e+08
-1.56008e+08
-1.48721e+08
-1.60738e+08
-1.44199e+08
-1.68849e+08
-1.86422e+08
-1.81249e+08
-1.738e+08
-1.50813e+08
-1.34198e+08
-1.45562e+08
-1.39174e+08
-2.00609e+08
-1.81868e+08
-1.93735e+08
-1.88418e+08
-2.20403e+08
-2.39353e+08
-2.33028e+08
-2.26535e+08
-2.1373e+08
-2.17881e+08
-2.06214e+08
-2.25694e+08
-2.07113e+08
-1.99958e+08
-1.94473e+08
-2.12839e+08
-3.27317e+08
-3.16917e+08
-3.28452e+08
-3.15773e+08
-3.34252e+08
-3.38167e+08
-3.43485e+08
-3.28881e+08
-3.382e+08
-3.50006e+08
-3.39901e+08
-3.48333e+08
-3.2329e+08
-3.07756e+08
-3.12336e+08
-3.18702e+08
-2.90476e+08
-3.05069e+08
-3.03191e+08
-2.92391e+08
-2.76554e+08
-2.63673e+08
-2.77091e+08
-2.6576e+08
-2.78815e+08
-2.6398e+08
-2.90117e+08
-3.02833e+08
-2.90855e+08
-3.04214e+08
-3.0337e+08
-2.91645e+08
-2.74453e+08
-2.58046e+08
-2.70843e+08
-2.61554e+08
-2.87812e+08
-2.95904e+08
-2.99934e+08
-2.83814e+08
-2.77437e+08
-2.65069e+08
-2.78177e+08
-2.64396e+08
-2.45032e+08
-2.35876e+08
-1.6736e+08
-9.23102e+07
-9.4559e+07
-1.45461e+08
-1.73636e+08
-9.22959e+07
-1.40588e+08
-2.14986e+08
-2.25079e+08
-2.92872e+08
-2.73211e+08
-2.81942e+08
-2.83864e+08
-3.12189e+08
-3.30167e+08
-3.20527e+08
-3.21938e+08
-3.02406e+08
-2.97423e+08
-2.90646e+08
-3.09412e+08
-3.02944e+08
-3.01548e+08
-3.11638e+08
-2.92812e+08
-2.62275e+08
-2.62851e+08
-2.52703e+08
-2.72725e+08
-2.58202e+08
-2.52898e+08
-2.45963e+08
-2.65234e+08
-2.50037e+08
-2.30086e+08
-2.38577e+08
-2.41205e+08
-2.70404e+08
-2.89653e+08
-2.78172e+08
-2.8183e+08
-1.83691e+08
-1.97473e+08
-1.84814e+08
-1.96229e+08
-1.6785e+08
-1.52756e+08
-1.64742e+08
-1.55759e+08
-1.80942e+08
-1.90612e+08
-1.7801e+08
-1.93715e+08
-1.70411e+08
-1.60196e+08
-1.72008e+08
-1.58662e+08
-2.23767e+08
-2.11947e+08
-2.1095e+08
-2.24725e+08
-2.37083e+08
-2.49829e+08
-2.37263e+08
-2.51779e+08
-2.50365e+08
-2.3871e+08
-2.23335e+08
-2.11006e+08
-2.23113e+08
-2.10936e+08
-2.10073e+08
-2.24052e+08
-2.34502e+08
-2.44377e+08
-2.3131e+08
-2.47731e+08
-2.20575e+08
-2.0438e+08
-2.17418e+08
-2.07378e+08
-2.37201e+08
-2.51219e+08
-2.5044e+08
-2.37887e+08
-9.70815e+07
-8.81152e+07
-7.0426e+07
-7.9669e+07
-4.7183e+07
-5.60964e+07
-8.44179e+07
-6.56426e+07
-6.2688e+07
-6.15589e+07
-5.36409e+07
-4.90288e+07
-8.23059e+07
-9.28242e+07
-7.8599e+07
-7.01346e+07
-5.89892e+07
-6.78139e+07
-3.07382e+08
-4.54988e+08
-1.12352e+08
-2.15093e+08
-1.66683e+08
-4.09631e+08
-3.88952e+08
-7.40654e+07
-5.97481e+07
-9.05897e+07
-9.44521e+07
-6.77976e+07
-8.04171e+07
-8.87908e+07
-8.38307e+07
-1.22276e+08
-1.00399e+08
-9.26967e+07
-7.87708e+07
-9.70564e+07
-1.08626e+08
-4.90592e+08
-2.91975e+08
-3.23238e+08
-4.84277e+08
-3.49275e+08
-5.39144e+08
-4.52588e+08
-5.40169e+08
-5.98736e+08
-3.08189e+08
-3.3258e+08
-3.40941e+08
-5.42646e+08
-6.00079e+08
-9.88061e+07
-5.11077e+07
-8.46846e+07
-5.46069e+07
-8.04997e+07
-4.73405e+07
-1.03009e+08
-1.15751e+08
-1.36087e+08
-5.2953e+07
-4.47021e+07
-4.54889e+07
-1.20801e+08
-1.3058e+08
-1.73173e+08
-4.83008e+07
-3.94126e+07
-1.8006e+08
-4.90067e+07
-1.68945e+08
-1.83249e+08
-1.76572e+08
-1.88688e+08
-4.98751e+07
-4.31119e+07
-4.95952e+07
-1.78776e+08
-1.87648e+08
-1.16127e+08
-5.54351e+07
-1.09442e+08
-6.58477e+07
-9.66853e+07
-5.42126e+07
-1.27749e+08
-1.35717e+08
-1.63998e+08
-6.60287e+07
-6.27755e+07
-5.69239e+07
-1.46235e+08
-1.53836e+08
-2.26017e+08
-1.00203e+08
-8.90703e+07
-2.35969e+08
-1.00159e+08
-2.23281e+08
-2.37867e+08
-2.27696e+08
-2.40166e+08
-9.8606e+07
-9.0937e+07
-9.96595e+07
-2.28026e+08
-2.4087e+08
-5.21311e+07
-2.55662e+07
-2.88104e+07
-5.02614e+07
-2.63286e+07
-4.41158e+07
-5.8079e+07
-6.04664e+07
-7.54004e+07
-2.85766e+07
-3.25702e+07
-2.73953e+07
-6.88495e+07
-6.72736e+07
-1.57872e+08
-4.72712e+07
-1.73614e+08
-4.30125e+07
-1.63717e+08
-4.61706e+07
-1.68684e+08
-1.51252e+08
-1.54538e+08
-4.34024e+07
-3.68836e+07
-4.47788e+07
-1.44239e+08
-1.6077e+08
-1.12207e+08
-6.09967e+07
-6.00429e+07
-1.07089e+08
-6.43846e+07
-1.03758e+08
-1.15641e+08
-1.20901e+08
-1.33981e+08
-7.11727e+07
-6.44749e+07
-6.78206e+07
-1.29592e+08
-1.25216e+08
-2.14712e+08
-9.97278e+07
-2.30592e+08
-9.09211e+07
-2.19406e+08
-9.88787e+07
-2.26571e+08
-2.0912e+08
-2.13721e+08
-9.60327e+07
-8.71827e+07
-9.75968e+07
-2.02946e+08
-2.19395e+08
-2.49678e+07
-4.1628e+07
-3.62518e+07
-5.75669e+07
-1.67167e+08
-1.16e+08
-2.41023e+08
-1.40881e+08
-1.99998e+08
-2.00493e+08
-1.0677e+08
-1.28135e+08
-1.17845e+08
-8.75906e+07
-1.25217e+08
-9.73127e+07
-1.53959e+08
-9.67393e+07
-2.71463e+08
-1.2669e+08
-2.99219e+08
-1.69764e+08
-2.50432e+08
-3.28124e+08
-1.33508e+08
-3.28363e+08
-3.87323e+08
-1.33238e+08
-1.93117e+08
-3.11741e+08
-3.76257e+08
-1.39969e+08
-2.31779e+08
-1.69733e+08
-1.66861e+08
-3.09949e+08
-1.47334e+08
-2.54368e+08
-2.82443e+08
-1.85175e+08
-1.57982e+08
-1.08663e+08
-1.47375e+08
-1.43408e+08
-1.27411e+08
-2.03915e+08
-3.92936e+08
-1.92046e+08
-2.2944e+08
-3.6701e+08
-2.19904e+08
-3.35535e+08
-4.30474e+08
-4.51497e+08
-5.62133e+08
-2.77542e+08
-2.56835e+08
-5.05252e+08
-2.48568e+08
-4.97777e+08
-1.62813e+08
-4.77533e+07
-1.77781e+08
-4.13126e+07
-1.70131e+08
-1.69623e+08
-4.68183e+07
-1.541e+08
-1.4962e+08
-4.50958e+07
-3.93758e+07
-1.43409e+08
-1.60919e+08
-4.57609e+07
-1.77888e+08
-4.86617e+07
-1.8295e+08
-4.1206e+07
-1.74583e+08
-1.87485e+08
-4.93104e+07
-1.79564e+08
-1.90496e+08
-4.99585e+07
-4.02747e+07
-1.79886e+08
-1.88906e+08
-4.97558e+07
-1.96363e+08
-8.44526e+07
-7.41398e+07
-2.17624e+08
-7.97979e+07
-2.05894e+08
-2.06287e+08
-1.84303e+08
-1.79567e+08
-6.88392e+07
-7.04652e+07
-1.70155e+08
-7.44802e+07
-1.93767e+08
-2.20219e+08
-8.85578e+07
-8.40016e+07
-2.25325e+08
-9.19767e+07
-2.14202e+08
-2.32865e+08
-2.24424e+08
-2.40229e+08
-9.70074e+07
-8.48053e+07
-2.27023e+08
-9.48024e+07
-2.36375e+08
-9.48368e+07
-3.49128e+07
-1.1122e+08
-3.71578e+07
-1.03055e+08
-1.03441e+08
-3.32642e+07
-8.6071e+07
-8.50062e+07
-3.0029e+07
-3.15914e+07
-7.7483e+07
-9.32344e+07
-3.15323e+07
-1.20454e+08
-3.67204e+07
-1.21049e+08
-3.44661e+07
-1.12096e+08
-1.28853e+08
-3.83869e+07
-1.28751e+08
-1.45593e+08
-4.17623e+07
-4.10931e+07
-1.36607e+08
-1.38395e+08
-4.01779e+07
-1.55857e+08
-8.39083e+07
-7.60845e+07
-1.71128e+08
-8.09182e+07
-1.62713e+08
-1.64397e+08
-1.47101e+08
-1.43938e+08
-7.45287e+07
-7.12157e+07
-1.38408e+08
-7.77368e+07
-1.52629e+08
-1.80886e+08
-8.67959e+07
-8.07278e+07
-1.81044e+08
-8.9419e+07
-1.72837e+08
-1.88869e+08
-1.88729e+08
-2.05204e+08
-9.40704e+07
-8.54248e+07
-1.96036e+08
-9.1901e+07
-1.98269e+08
)
;

boundaryField
{
    left
    {
        type            calculated;
        value           nonuniform List<scalar> 
290
(
-7.25827e+07
-1.92696e+08
-2.21915e+07
-2.305e+07
-6.80395e+07
-6.51321e+07
-2.6137e+07
-7.522e+07
-3.67242e+08
-4.76875e+08
-2.96209e+08
-2.43716e+07
-8.46558e+07
-1.51937e+08
-4.15437e+07
-3.29274e+07
-3.27023e+07
-6.9871e+07
-5.43982e+07
-3.06368e+07
-2.71478e+07
-3.73294e+07
-3.96726e+07
-6.2612e+07
-4.59046e+07
-4.27786e+07
-4.58516e+07
-6.39035e+07
-3.19868e+07
-4.12174e+07
-3.7395e+07
-7.13558e+07
-6.93568e+07
-4.31985e+08
-4.09102e+08
-3.45879e+07
-6.22814e+07
-3.14556e+07
-1.01937e+08
-1.15251e+08
-5.01835e+07
-7.79014e+07
-1.33396e+08
-9.9831e+07
-3.53788e+07
-3.35404e+07
-3.31594e+07
-3.5813e+07
-3.49748e+07
-1.08709e+08
-2.5433e+07
-1.86229e+07
-2.65336e+07
-2.16019e+07
-2.05274e+07
-2.8128e+07
-3.69142e+07
-2.86386e+07
-1.00462e+08
-7.77826e+07
-5.34146e+07
-5.96129e+07
-5.44148e+07
-5.64942e+07
-5.7658e+07
-6.5644e+07
-2.87589e+07
-3.14667e+07
-2.90417e+07
-7.48031e+07
-6.51907e+07
-4.59316e+08
-2.54901e+08
-2.43154e+07
-2.78383e+07
-2.72889e+07
-9.59066e+07
-2.71645e+08
-1.24509e+08
-1.60323e+09
-7.5349e+08
-1.35865e+08
-4.14418e+07
-3.80988e+07
-3.78247e+07
-3.80697e+07
-4.15848e+07
-3.34269e+07
-3.52515e+07
-3.48553e+07
-3.58973e+07
-3.66517e+07
-3.32779e+07
-7.32211e+07
-4.7676e+07
-4.61536e+07
-4.12155e+07
-4.52189e+07
-6.95244e+07
-1.87525e+07
-1.40415e+07
-4.23096e+07
-2.15355e+07
-2.06454e+07
-1.91621e+07
-5.16248e+07
-4.00312e+07
-2.98021e+07
-5.01648e+07
-7.19138e+07
-5.57952e+07
-5.64453e+07
-5.54715e+07
-6.11234e+07
-4.56813e+07
-5.03199e+07
-5.08781e+07
-4.96365e+07
-4.53007e+07
-4.4688e+07
-5.07231e+07
-4.91302e+07
-5.11717e+07
-5.10693e+07
-4.53973e+07
-6.48678e+07
-5.75313e+07
-5.71771e+07
-3.41167e+07
-3.29432e+07
-3.05475e+07
-4.04898e+07
-3.63208e+07
-3.72774e+07
-3.28148e+07
-3.50877e+07
-3.95003e+07
-7.31331e+07
-6.72414e+07
-4.48948e+08
-3.84137e+08
-4.19237e+07
-3.1919e+07
-2.71007e+07
-4.2488e+07
-3.74316e+07
-5.22732e+07
-2.958e+07
-3.11425e+07
-3.39632e+07
-5.11314e+08
-4.34437e+08
-9.67895e+07
-9.00482e+07
-1.37455e+08
-1.80035e+08
-5.94337e+07
-8.66677e+07
-6.47406e+07
-1.46268e+08
-2.18748e+08
-4.53225e+08
-2.09201e+08
-2.21564e+08
-1.42034e+08
-9.63881e+07
-6.61136e+08
-5.85459e+08
-7.95749e+07
-7.99257e+07
-7.32293e+07
-1.18246e+08
-9.2878e+07
-1.38649e+08
-2.08341e+07
-1.97481e+07
-2.10807e+07
-2.46982e+07
-2.35295e+07
-2.19703e+07
-6.79701e+07
-6.2434e+07
-6.22062e+07
-4.77674e+08
-4.89948e+08
-2.70388e+08
-2.24023e+07
-2.26205e+07
-3.08804e+07
-2.54531e+07
-2.02681e+07
-2.12926e+07
-3.64592e+07
-3.36859e+07
-3.43646e+07
-4.31899e+07
-4.2405e+07
-3.91065e+07
-8.6523e+07
-8.51312e+07
-1.29378e+08
-9.31171e+07
-7.81278e+07
-8.53187e+07
-1.18444e+08
-2.15269e+07
-3.13962e+07
-5.76019e+07
-3.13861e+07
-3.05372e+07
-2.043e+07
-4.95479e+07
-2.45865e+07
-1.89124e+07
-2.00851e+07
-1.73655e+07
-1.80143e+07
-2.2934e+07
-2.09195e+07
-1.91208e+07
-1.86234e+07
-2.70804e+07
-2.51161e+07
-2.60332e+07
-3.38649e+07
-2.48489e+07
-2.69396e+07
-2.13926e+07
-2.30298e+07
-3.1112e+07
-9.20797e+07
-6.61412e+07
-7.21803e+07
-5.58756e+07
-6.08349e+07
-8.45631e+07
-5.8319e+07
-5.79129e+07
-5.32724e+07
-9.50612e+08
-9.37878e+08
-9.59603e+08
-7.82846e+08
-1.77998e+07
-1.7283e+07
-1.74862e+07
-1.4913e+07
-1.66267e+07
-1.59443e+07
-4.07099e+07
-2.38322e+07
-2.38068e+07
-1.87548e+07
-1.90836e+07
-2.21501e+07
-1.9955e+07
-1.70483e+07
-1.70648e+07
-1.75849e+07
-1.72751e+07
-1.94999e+07
-4.7419e+07
-3.42511e+07
-3.72332e+07
-2.90846e+07
-3.15879e+07
-4.35654e+07
-3.23327e+07
-3.13634e+07
-2.89975e+07
-4.95601e+07
-4.56467e+07
-4.60149e+07
-6.59875e+07
-4.74423e+07
-5.1689e+07
-4.01831e+07
-4.36881e+07
-6.06349e+07
-8.81489e+08
-8.54604e+08
-9.22374e+08
-9.04461e+08
-7.52813e+08
-7.34243e+08
-8.22816e+08
-7.89058e+08
-2.69894e+08
-5.03848e+08
-4.73952e+08
)
;
    }
    bottom
    {
        type            calculated;
        value           nonuniform List<scalar> 0();
    }
    interface
    {
        type            calculated;
        value           nonuniform List<scalar> 
2123
(
-2.00019e+07
-2.72976e+07
-3.26428e+07
-5.88075e+06
-2.54511e+08
-2.0909e+07
-3.30339e+07
-1.30283e+07
-7.78202e+07
-5.29152e+07
-7.78523e+07
-2.78004e+07
-5.06459e+07
-1.5841e+07
-1.2981e+07
-2.77626e+07
-2.8326e+07
-1.02772e+08
-1.22982e+08
-3.04461e+07
-3.14197e+07
-6.12619e+07
-6.52341e+07
-6.83274e+07
-7.02169e+07
-5.97527e+07
-1.9274e+07
-1.57146e+07
-1.36109e+07
-1.13204e+08
-1.2459e+08
-1.62237e+07
-2.63693e+07
-3.09457e+07
-1.67289e+07
-2.10103e+07
-5.52347e+07
-4.30569e+07
-3.74778e+07
-2.59811e+08
-2.50067e+07
-3.33783e+07
-3.84362e+07
-7.53332e+07
-5.97847e+07
-7.6036e+07
-1.90628e+07
-1.34314e+07
-1.33585e+07
-8.81734e+07
-1.35282e+07
-1.14721e+07
-2.6523e+07
-3.02793e+07
-2.89054e+07
-2.26889e+07
-3.11861e+07
-3.98492e+07
-5.11309e+07
-2.1219e+08
-2.65089e+07
-3.3182e+07
-4.52505e+07
-7.36106e+07
-6.20301e+07
-7.48888e+07
-6.21377e+07
-5.95562e+07
-6.42208e+07
-5.75513e+07
-1.9488e+07
-1.71274e+07
-1.96993e+07
-1.7877e+07
-1.90087e+07
-4.94629e+07
-1.04165e+08
-6.63208e+07
-1.84285e+08
-1.72565e+08
-2.68079e+07
-3.21443e+07
-1.99536e+07
-2.05105e+07
-1.88119e+07
-2.1666e+07
-4.96685e+07
-5.56106e+07
-5.35398e+07
-5.16143e+07
-2.62943e+07
-3.9384e+07
-2.37933e+07
-4.70246e+07
-1.3485e+07
-3.25161e+08
-3.73572e+07
-3.18565e+07
-2.00435e+07
-4.99383e+07
-4.47633e+08
-4.31998e+08
-2.20929e+07
-3.32957e+07
-8.29677e+07
-5.34912e+07
-6.60784e+07
-1.44206e+08
-1.40231e+08
-2.23618e+07
-7.74128e+07
-9.17235e+07
-5.1027e+07
-7.0593e+07
-1.98472e+08
-1.96258e+08
-3.78745e+07
-2.37775e+07
-3.08742e+07
-1.30259e+08
-1.00706e+08
-9.63614e+07
-1.35575e+08
-5.52174e+07
-7.75478e+07
-1.0112e+08
-9.36646e+07
-1.89195e+08
-1.93144e+08
-1.57078e+08
-2.40868e+07
-8.64123e+07
-1.70644e+07
-1.72899e+07
-2.3939e+07
-1.82008e+07
-2.10164e+07
-2.44894e+07
-2.11466e+07
-2.43088e+07
-1.86404e+07
-2.99264e+07
-2.72593e+07
-2.8946e+07
-2.79253e+07
-3.1796e+07
-2.99878e+07
-2.96429e+07
-3.45161e+07
-3.39007e+07
-3.20985e+07
-3.64274e+07
-1.30069e+08
-1.59162e+08
-2.18347e+08
-1.54665e+08
-2.0317e+08
-8.32712e+07
-1.48511e+08
-2.03161e+08
-1.75035e+08
-2.52418e+08
-3.59846e+08
-3.04792e+08
-2.9281e+07
-3.22033e+07
-1.37719e+08
-1.43221e+08
-1.49689e+08
-1.13788e+08
-1.47203e+08
-5.66352e+07
-6.85957e+07
-1.69297e+08
-1.36407e+08
-1.78599e+08
-1.91747e+08
-1.86061e+08
-7.48657e+07
-8.2435e+07
-9.73036e+07
-8.99136e+07
-6.63227e+07
-7.19546e+07
-1.38891e+08
-1.24149e+08
-1.18344e+08
-1.46293e+08
-1.60497e+08
-1.53507e+08
-3.31178e+07
-3.37202e+07
-3.32667e+07
-3.37931e+07
-4.12441e+07
-3.16497e+07
-4.02536e+07
-3.15781e+07
-6.69941e+07
-6.8846e+07
-6.14782e+07
-6.49693e+07
-7.08557e+07
-1.92365e+07
-1.51657e+07
-1.48171e+07
-1.6563e+07
-1.87317e+07
-1.87092e+07
-1.63418e+07
-1.44907e+07
-1.40985e+07
-2.7502e+08
-3.76156e+07
-3.11706e+07
-6.09084e+07
-3.39065e+07
-2.48522e+07
-2.75462e+07
-2.33491e+07
-2.64566e+07
-3.15697e+07
-6.55836e+07
-6.21685e+07
-6.47409e+07
-6.2931e+07
-6.91557e+07
-6.48801e+07
-6.86288e+07
-6.54615e+07
-1.82082e+07
-1.79722e+07
-2.12524e+07
-2.44209e+07
-2.28996e+07
-2.2721e+07
-1.9556e+07
-1.94059e+07
-4.85501e+07
-5.07475e+07
-4.61671e+07
-4.4782e+07
-4.82122e+07
-4.28519e+07
-4.4885e+07
-4.66961e+07
-5.25821e+07
-5.44523e+07
-5.48593e+07
-5.22256e+07
-2.64402e+07
-2.46683e+07
-2.52845e+07
-2.59938e+07
-5.07261e+07
-5.26749e+07
-5.35386e+07
-4.98473e+07
-1.5145e+07
-3.70615e+07
-2.61995e+07
-2.25667e+07
-2.39142e+07
-2.40548e+07
-2.62585e+08
-2.72229e+08
-2.70595e+08
-2.64055e+08
-9.69897e+07
-4.44505e+08
-1.52777e+08
-2.48499e+07
-3.4034e+08
-1.36648e+08
-4.69478e+07
-6.56487e+07
-3.63065e+07
-7.73381e+07
-9.42577e+08
-8.98087e+08
-9.524e+08
-8.83148e+08
-3.65305e+08
-3.78923e+08
-3.6832e+08
-3.75345e+08
-4.95542e+08
-5.03107e+08
-6.40614e+08
-2.3505e+07
-3.3411e+07
-1.75641e+08
-9.78439e+07
-1.10639e+08
-3.33277e+08
-3.29236e+08
-3.3533e+08
-3.27227e+08
-2.97077e+08
-2.92494e+08
-2.84428e+08
-3.05481e+08
-1.47329e+08
-1.12658e+08
-1.10631e+08
-1.49563e+08
-3.082e+07
-7.65952e+07
-2.05798e+08
-1.11439e+08
-1.01961e+08
-8.67879e+07
-1.29098e+08
-3.78296e+08
-3.71297e+08
-3.797e+08
-3.69856e+08
-3.87154e+08
-3.90583e+08
-3.79971e+08
-3.98141e+08
-1.99623e+08
-1.99672e+08
-2.82234e+08
-4.50472e+07
-5.23702e+07
-6.94874e+07
-2.93279e+08
-3.05116e+08
-2.94805e+08
-3.03419e+08
-1.98675e+08
-1.24437e+08
-9.16313e+07
-1.18137e+08
-1.65465e+08
-1.56737e+08
-1.68566e+08
-1.53929e+08
-5.75111e+07
-7.69339e+07
-1.58285e+08
-1.08621e+08
-1.00423e+08
-9.44125e+07
-1.16189e+08
-1.25607e+08
-3.27697e+08
-3.39703e+08
-3.39641e+08
-3.2769e+08
-1.84551e+08
-1.53628e+08
-1.79259e+08
-2.7623e+08
-1.85566e+08
-1.73021e+08
-1.73026e+08
-1.85694e+08
-5.90371e+07
-3.71243e+07
-3.83742e+07
-3.71733e+07
-3.82984e+07
-3.24553e+07
-3.27834e+07
-3.31799e+07
-3.21333e+07
-3.65287e+07
-3.74058e+07
-3.76593e+07
-3.62621e+07
-4.04307e+07
-3.16859e+07
-3.20073e+07
-3.96125e+07
-3.67996e+07
-1.01151e+08
-3.59521e+07
-1.01044e+08
-4.29465e+07
-8.30878e+07
-4.19086e+07
-8.66796e+07
-1.87175e+07
-1.68594e+07
-1.91458e+07
-1.63148e+07
-2.02132e+07
-1.41265e+07
-1.33539e+07
-1.43532e+07
-1.39868e+07
-1.32989e+07
-3.2351e+07
-2.20387e+07
-4.39116e+07
-2.93312e+07
-3.14558e+07
-1.41754e+07
-1.3223e+07
-1.45898e+07
-1.38412e+07
-1.19891e+07
-2.6831e+07
-2.96149e+07
-6.74938e+07
-6.52292e+07
-6.8118e+07
-6.46661e+07
-6.90571e+07
-6.58053e+07
-6.89534e+07
-6.58574e+07
-2.60413e+07
-2.59475e+07
-2.42759e+07
-2.77911e+07
-2.63466e+07
-2.66506e+07
-2.44195e+07
-2.45747e+07
-3.70973e+07
-4.19105e+07
-3.99412e+07
-3.89578e+07
-3.29967e+07
-3.37849e+07
-3.56496e+07
-3.66739e+07
-3.85437e+07
-4.56832e+07
-4.37669e+07
-4.38512e+07
-4.55755e+07
-5.31372e+07
-5.5691e+07
-5.55024e+07
-5.32943e+07
-4.55016e+07
-4.35477e+07
-4.36517e+07
-4.54124e+07
-2.93183e+07
-3.04658e+07
-3.01451e+07
-2.94776e+07
-3.11948e+07
-3.15987e+07
-3.01038e+07
-3.26537e+07
-3.38025e+07
-3.57327e+07
-3.45169e+07
-3.50527e+07
-5.23292e+07
-5.52091e+07
-5.48737e+07
-5.26821e+07
-4.16193e+07
-3.84914e+07
-4.06235e+07
-3.9495e+07
-4.36207e+07
-4.22429e+07
-4.41734e+07
-4.16805e+07
-1.03861e+08
-1.27041e+08
-1.26003e+08
-1.05903e+08
-9.54217e+07
-4.3658e+07
-6.62831e+07
-2.17178e+08
-3.18641e+08
-2.3431e+08
-2.93519e+08
-3.31689e+07
-2.91727e+07
-3.51166e+07
-2.79533e+07
-3.02228e+07
-3.23386e+07
-2.80196e+07
-3.92236e+07
-3.5332e+07
-6.88992e+07
-3.7866e+07
-6.32038e+07
-3.53461e+08
-4.6511e+07
-6.08156e+07
-6.38408e+08
-7.53207e+08
-5.73922e+08
-7.6898e+08
-6.04431e+08
-7.35822e+08
-5.51096e+08
-5.63565e+08
-7.11754e+08
-2.52987e+08
-6.21537e+07
-7.5704e+07
-2.4836e+08
-2.12129e+08
-1.96425e+08
-1.95819e+08
-2.12482e+08
-3.39806e+08
-4.31043e+08
-3.3726e+08
-4.22757e+08
-3.01768e+08
-3.75337e+08
-2.93224e+08
-3.92026e+08
-4.47526e+08
-2.84597e+08
-1.51964e+08
-2.29652e+08
-8.34855e+07
-6.517e+07
-5.2015e+07
-6.17639e+07
-5.75341e+08
-4.69542e+08
-4.40454e+08
-6.1561e+08
-1.97381e+08
-5.94835e+07
-5.3166e+07
-2.08123e+08
-6.66647e+07
-1.77756e+08
-1.7435e+08
-1.99973e+08
-2.01911e+08
-1.71841e+08
-1.5732e+08
-1.15195e+08
-3.54517e+08
-2.58621e+08
-3.39682e+08
-2.74052e+08
-3.22989e+08
-7.52955e+08
-6.2054e+08
-6.30622e+08
-7.5906e+08
-8.85626e+08
-8.20131e+08
-8.64063e+08
-8.43154e+08
-7.20068e+08
-5.99632e+08
-6.04418e+08
-7.03638e+08
-3.06652e+08
-2.87551e+08
-2.87138e+08
-3.07687e+08
-3.88954e+08
-4.07643e+08
-4.05735e+08
-3.8996e+08
-3.45098e+08
-3.75538e+08
-3.35572e+08
-3.85724e+08
-4.17211e+08
-4.68372e+08
-3.67661e+08
-7.43581e+08
-7.35828e+08
-7.74733e+08
-6.97535e+08
-6.23408e+08
-5.50525e+08
-5.34971e+08
-6.48782e+08
-2.79523e+07
-3.27821e+07
-1.87875e+08
-1.80009e+08
-1.64571e+08
-2.03049e+08
-1.92748e+08
-1.30495e+08
-9.41369e+07
-1.21523e+08
-2.41043e+08
-2.67905e+08
-2.54371e+08
-2.53986e+08
-3.42622e+08
-3.45767e+08
-3.42509e+08
-3.45964e+08
-3.25381e+08
-3.13822e+08
-3.19299e+08
-3.20032e+08
-3.32033e+08
-3.22643e+08
-3.29881e+08
-3.24582e+08
-2.63137e+08
-2.3171e+08
-2.45217e+08
-2.49895e+08
-3.24908e+08
-3.38221e+08
-3.32544e+08
-3.30342e+08
-3.02279e+08
-3.0405e+08
-2.92792e+08
-3.13706e+08
-1.50858e+08
-1.50758e+08
-2.34788e+08
-2.76847e+08
-2.84911e+08
-2.89492e+08
-2.71923e+08
-2.79488e+08
-2.89821e+08
-2.76808e+08
-2.93042e+08
-5.13107e+07
-7.1375e+07
-2.32637e+08
-2.35614e+08
-2.12566e+08
-2.54797e+08
-1.57976e+08
-1.44625e+08
-2.66841e+08
-2.84052e+08
-3.14382e+08
-3.01242e+08
-2.97131e+08
-3.96435e+08
-4.03501e+08
-3.99646e+08
-4.00415e+08
-3.7141e+08
-3.59247e+08
-3.65698e+08
-3.65038e+08
-3.83169e+08
-3.74158e+08
-3.827e+08
-3.74548e+08
-3.40423e+08
-3.096e+08
-3.27914e+08
-3.22355e+08
-3.99087e+08
-4.09567e+08
-4.02028e+08
-4.06396e+08
-3.66296e+08
-3.61777e+08
-3.53431e+08
-3.74583e+08
-1.95855e+08
-1.9844e+08
-1.59831e+08
-3.25217e+08
-3.33011e+08
-3.37174e+08
-3.20881e+08
-3.25563e+08
-3.36303e+08
-3.22194e+08
-3.39926e+08
-1.12703e+08
-6.73147e+07
-5.97923e+07
-1.13728e+08
-1.10166e+08
-1.22668e+08
-1.01465e+08
-1.49565e+08
-1.72497e+08
-1.62587e+08
-1.59298e+08
-2.86416e+08
-2.91139e+08
-2.96718e+08
-2.80816e+08
-2.60849e+08
-2.50333e+08
-2.62756e+08
-2.4866e+08
-2.53139e+08
-2.3483e+08
-2.47668e+08
-2.4021e+08
-1.04504e+08
-1.11483e+08
-1.57397e+08
-2.41693e+08
-2.63443e+08
-2.51505e+08
-2.53762e+08
-2.10668e+08
-2.09253e+08
-1.98323e+08
-2.21641e+08
-1.52568e+08
-1.34201e+08
-1.46657e+08
-1.39892e+08
-2.00302e+08
-2.15309e+08
-2.02462e+08
-2.12847e+08
-1.89251e+08
-1.97236e+08
-1.83812e+08
-2.02844e+08
-6.42151e+07
-7.35242e+07
-1.31375e+08
-1.06443e+08
-1.23789e+08
-1.12428e+08
-1.63228e+08
-1.55674e+08
-1.68645e+08
-1.50508e+08
-2.00236e+08
-2.20208e+08
-2.13455e+08
-2.0676e+08
-3.26966e+08
-3.34035e+08
-3.38028e+08
-3.2295e+08
-2.90401e+08
-2.76237e+08
-2.76798e+08
-2.89974e+08
-2.90673e+08
-2.74074e+08
-2.87628e+08
-2.77063e+08
-2.44692e+08
-1.67149e+08
-1.73435e+08
-2.92439e+08
-3.11991e+08
-3.01915e+08
-3.02537e+08
-2.61884e+08
-2.5782e+08
-2.49608e+08
-2.70214e+08
-1.83446e+08
-1.67509e+08
-1.80828e+08
-1.69995e+08
-2.23445e+08
-2.36878e+08
-2.37179e+08
-2.22946e+08
-2.22717e+08
-2.34363e+08
-2.20201e+08
-2.36997e+08
-3.46868e+07
-3.16385e+07
-3.41347e+07
-3.51935e+07
-6.03566e+07
-6.10932e+07
-5.00748e+07
-5.78965e+07
-2.91132e+07
-2.50328e+07
-2.56724e+07
-4.77049e+07
-5.80515e+07
-8.7667e+07
-8.50162e+07
-2.69702e+07
-2.66909e+07
-1.32838e+09
-1.30794e+08
-2.54468e+08
-2.49815e+08
-8.46817e+08
-2.08451e+08
-8.62911e+07
-1.20544e+08
-9.15956e+08
-9.34993e+08
-3.49588e+08
-3.50349e+08
-6.75797e+08
-1.09979e+08
-3.37067e+08
-3.20073e+08
-2.97023e+08
-2.62185e+08
-2.41535e+08
-2.30005e+08
-1.39774e+08
-3.85006e+08
-3.61422e+08
-3.77823e+08
-3.5847e+08
-2.89673e+08
-1.01138e+08
-2.82688e+08
-3.11741e+08
-2.22922e+08
-1.73057e+08
-1.39502e+08
-3.17637e+08
-3.51653e+08
-2.54381e+08
-1.97885e+08
-1.61523e+08
-3.51443e+07
-4.00747e+07
-3.44953e+07
-3.04596e+07
-3.16414e+07
-3.3298e+07
-3.4965e+07
-3.91356e+07
-3.99747e+07
-3.3839e+07
-3.52878e+07
-3.32464e+07
-3.49546e+07
-3.42814e+07
-5.83715e+07
-5.68303e+07
-5.69166e+07
-5.26297e+07
-5.16325e+07
-5.64797e+07
-6.18123e+07
-6.08375e+07
-6.18223e+07
-6.14204e+07
-4.80356e+07
-4.15823e+07
-5.02e+07
-5.90833e+07
-5.83277e+07
-5.00847e+07
-4.81382e+07
-4.07101e+07
-4.1488e+07
-4.79028e+07
-3.01158e+07
-2.97431e+07
-3.26747e+07
-2.6838e+07
-3.00065e+07
-3.2055e+07
-2.63895e+07
-3.57897e+07
-3.09186e+07
-3.86605e+07
-3.32631e+07
-3.66129e+07
-4.83529e+07
-5.90599e+07
-5.84525e+07
-4.97903e+07
-4.53895e+07
-3.74729e+07
-4.60691e+07
-4.02422e+07
-4.75986e+07
-3.82659e+07
-1.03695e+08
-1.61879e+08
-1.66017e+08
-1.01437e+08
-1.34952e+08
-2.80669e+08
-1.57182e+08
-3.796e+08
-2.15684e+08
-3.04521e+08
-2.87816e+07
-3.22771e+07
-3.30078e+07
-2.82567e+07
-3.47716e+07
-4.13141e+07
-3.8797e+07
-4.88948e+07
-4.92202e+07
-4.30728e+07
-2.35937e+08
-1.81723e+08
-7.36163e+08
-6.02541e+08
-1.2097e+09
-1.09971e+08
-1.05283e+09
-8.17345e+07
-7.25981e+08
-5.35625e+08
-5.86957e+08
-6.52824e+08
-2.1433e+08
-1.4085e+08
-1.67001e+08
-1.50653e+08
-2.44919e+08
-1.79963e+08
-1.82839e+08
-2.37345e+08
-2.88866e+08
-4.50321e+08
-2.76513e+08
-3.94275e+08
-2.34313e+08
-4.48403e+08
-3.71166e+08
-1.02703e+08
-3.27053e+07
-1.32752e+08
-7.89022e+07
-8.00127e+08
-1.55069e+08
-9.76443e+08
-1.04333e+08
-5.0674e+08
-5.07931e+08
-4.17731e+08
-6.33637e+08
-1.14154e+08
-1.33388e+08
-9.64122e+07
-1.40502e+08
-1.60631e+08
-2.37849e+08
-2.46758e+08
-1.4795e+08
-1.72375e+08
-1.93716e+08
-4.18009e+08
-2.67652e+08
-3.73147e+08
-8.49162e+08
-5.36959e+08
-8.93689e+08
-8.49849e+08
-8.25837e+08
-9.21568e+08
-8.38003e+08
-5.06275e+08
-5.3198e+08
-7.74619e+08
-3.37589e+08
-2.61864e+08
-2.67415e+08
-3.34724e+08
-3.58272e+08
-4.54406e+08
-3.46872e+08
-4.25242e+08
-2.86539e+08
-4.57277e+08
-6.4306e+08
-4.21893e+08
-7.12563e+08
-8.19941e+08
-7.96306e+08
-6.96447e+08
-6.76512e+08
-4.9153e+08
-4.4416e+08
-7.55176e+08
-1.93739e+08
-1.80532e+08
-1.25942e+08
-2.37435e+08
-2.28194e+08
-2.1209e+08
-2.90968e+08
-2.55048e+08
-2.49841e+08
-3.396e+08
-3.38474e+08
-3.3334e+08
-3.00121e+08
-3.14726e+08
-3.17202e+08
-3.35978e+08
-3.09399e+08
-3.32879e+08
-3.16111e+08
-2.88355e+08
-1.97629e+08
-2.49935e+08
-2.504e+08
-3.10404e+08
-3.33103e+08
-3.01678e+08
-3.01704e+08
-2.68128e+08
-3.27668e+08
-2.43079e+08
-2.649e+08
-2.91145e+08
-3.04776e+08
-2.52586e+08
-2.66198e+08
-2.98291e+08
-2.57234e+08
-3.06452e+08
-2.29846e+08
-2.49996e+08
-1.65983e+08
-2.94016e+08
-2.24571e+08
-2.48773e+08
-3.40535e+08
-3.08798e+08
-2.90848e+08
-3.89604e+08
-3.97752e+08
-3.81023e+08
-3.4588e+08
-3.62292e+08
-3.596e+08
-3.85715e+08
-3.60351e+08
-3.90339e+08
-3.64101e+08
-3.65798e+08
-2.73585e+08
-3.42675e+08
-3.1222e+08
-3.86233e+08
-3.95603e+08
-3.74209e+08
-3.53788e+08
-3.2671e+08
-3.88268e+08
-2.89622e+08
-2.75472e+08
-3.12942e+08
-3.38014e+08
-3.5211e+08
-3.03783e+08
-3.13031e+08
-3.47019e+08
-2.99676e+08
-3.54053e+08
-1.45757e+08
-1.15148e+08
-1.08177e+08
-1.43678e+08
-8.12473e+07
-1.27405e+08
-1.94558e+08
-1.62918e+08
-1.56855e+08
-2.79841e+08
-2.92257e+08
-3.08853e+08
-2.63612e+08
-2.70889e+08
-2.35665e+08
-2.68121e+08
-2.15852e+08
-2.51854e+08
-2.32409e+08
-1.88386e+08
-2.19285e+08
-2.83138e+08
-2.45312e+08
-2.55188e+08
-2.08518e+08
-2.07875e+08
-1.75208e+08
-2.43438e+08
-1.69372e+08
-1.15665e+08
-1.51088e+08
-1.34933e+08
-1.86023e+08
-2.22442e+08
-1.82122e+08
-2.02397e+08
-1.6448e+08
-2.19344e+08
-1.69973e+08
-2.03227e+08
-1.69262e+08
-1.48602e+08
-1.86062e+08
-1.3412e+08
-1.81771e+08
-2.38956e+08
-2.17724e+08
-1.99801e+08
-3.168e+08
-3.37761e+08
-3.49777e+08
-3.0755e+08
-3.0473e+08
-2.65565e+08
-3.03905e+08
-2.57834e+08
-2.95499e+08
-2.64965e+08
-2.14661e+08
-2.73074e+08
-3.29825e+08
-2.97313e+08
-3.0126e+08
-2.62705e+08
-2.52677e+08
-2.29966e+08
-2.8925e+08
-1.97133e+08
-1.52501e+08
-1.90218e+08
-1.60091e+08
-2.11712e+08
-2.51402e+08
-2.10839e+08
-2.43977e+08
-2.04155e+08
-2.50878e+08
-9.6612e+07
-7.01895e+07
-1.8729e+07
-3.78257e+08
-3.87728e+08
-6.59662e+07
-1.04585e+08
-1.07928e+08
-6.97277e+07
-1.62133e+08
-1.63557e+08
-8.24953e+07
-8.84423e+07
-1.59941e+08
-1.41839e+07
-7.66802e+07
-1.13372e+08
-9.17194e+07
-1.4608e+08
-5.813e+07
-5.21858e+07
-6.40488e+07
-6.98967e+07
-2.18173e+08
-2.64452e+08
-3.13553e+08
-1.09577e+08
-1.0574e+08
-1.12232e+08
-1.44474e+08
-1.50989e+08
-1.56068e+08
-1.29794e+08
-1.35221e+08
-3.48323e+07
-3.29129e+07
-3.18692e+07
-3.48706e+07
-3.37233e+07
-3.1732e+07
-3.30983e+07
-4.14675e+07
-3.47321e+07
-3.30072e+07
-3.17726e+07
-3.51065e+07
-5.88127e+07
-6.33092e+07
-5.66633e+07
-2.14491e+07
-8.12513e+06
-1.60108e+07
-2.11276e+07
-2.10958e+07
-1.40805e+07
-3.97855e+08
-1.64741e+08
-3.03788e+07
-2.33232e+07
-3.4706e+07
-2.91344e+07
-8.65525e+07
-6.61003e+07
-5.94339e+07
-6.34427e+07
-6.00404e+07
-6.91144e+07
-6.01314e+07
-6.56937e+07
-6.08641e+07
-1.70085e+07
-2.14292e+07
-2.10568e+07
-5.5087e+07
-5.25647e+07
-4.4636e+07
-4.79768e+07
-4.1492e+07
-5.27473e+07
-5.00596e+07
-5.70309e+07
-5.50092e+07
-5.75735e+07
-4.98181e+07
-2.81407e+07
-2.73669e+07
-2.25948e+07
-2.33295e+07
-2.69695e+07
-2.35234e+07
-2.71586e+07
-2.46013e+07
-5.12957e+07
-4.71835e+07
-5.68485e+07
-5.12151e+07
-5.39463e+07
-5.76181e+07
-4.62405e+07
-2.87441e+07
-6.00591e+07
-5.30589e+07
-6.4874e+07
-3.40243e+07
-5.56781e+07
-2.54858e+07
-2.85811e+07
-2.04144e+07
-2.34933e+07
-2.36838e+07
-2.09837e+07
-2.53159e+07
-2.51342e+07
-3.60989e+08
-1.38122e+09
-4.63063e+08
-1.77892e+09
-2.73546e+08
-2.45713e+08
-2.744e+08
-2.78424e+08
-2.46333e+08
-2.65685e+08
-1.75464e+08
-4.51022e+08
-9.9153e+07
-2.18059e+08
-4.50102e+08
-4.38307e+08
-1.14958e+08
-6.9078e+07
-9.23893e+07
-6.29193e+07
-1.10077e+08
-7.39242e+07
-9.3357e+08
-9.22811e+08
-9.65214e+08
-9.49209e+08
-8.72798e+08
-9.50475e+08
-3.45827e+08
-3.69908e+08
-3.80702e+08
-3.48116e+08
-3.69546e+08
-3.77049e+08
-6.7632e+08
-5.45508e+08
-5.46285e+08
-5.00235e+08
-6.24371e+08
-4.84687e+08
-8.62508e+07
-7.68914e+07
-1.14737e+08
-1.56132e+08
-1.29968e+08
-1.33656e+08
-9.71015e+07
-7.74966e+07
-3.37728e+08
-3.32617e+08
-3.22226e+08
-3.40291e+08
-3.26886e+08
-3.20419e+08
-2.86877e+08
-3.06339e+08
-2.85393e+08
-2.71687e+08
-2.76306e+08
-3.13145e+08
-1.76327e+08
-2.39378e+08
-1.78567e+08
-2.34781e+08
-1.72882e+08
-1.68616e+08
-1.63756e+08
-1.64118e+08
-1.84628e+08
-1.34608e+08
-1.53161e+08
-1.14217e+08
-1.62181e+08
-9.31995e+07
-3.85491e+08
-3.77925e+08
-3.61335e+08
-3.88062e+08
-3.70499e+08
-3.60716e+08
-3.73022e+08
-3.91061e+08
-3.87834e+08
-3.63288e+08
-3.7618e+08
-4.00196e+08
-2.89065e+08
-2.27322e+08
-2.27682e+08
-2.2561e+08
-2.85789e+08
-2.22849e+08
-5.95995e+07
-9.06487e+07
-6.80357e+07
-7.95444e+07
-5.12041e+07
-4.30946e+07
-2.83226e+08
-2.92742e+08
-3.13738e+08
-2.84987e+08
-3.0308e+08
-3.12051e+08
-1.50796e+08
-2.07114e+08
-1.43746e+08
-2.16035e+08
-1.57458e+08
-1.63342e+08
-1.76546e+08
-1.62064e+08
-1.4697e+08
-1.79036e+08
-1.49758e+08
-1.43574e+08
-1.49644e+08
-1.4746e+08
-1.20434e+08
-1.29109e+08
-1.11768e+08
-1.36074e+08
-1.03344e+08
-3.29433e+08
-3.15905e+08
-3.5089e+08
-3.41013e+08
-3.50287e+08
-3.15642e+08
-2.62169e+08
-2.08618e+08
-2.0243e+08
-2.1423e+08
-2.70269e+08
-2.18948e+08
-1.85878e+08
-1.97572e+08
-1.62437e+08
-1.72715e+08
-1.61877e+08
-1.97274e+08
-3.51105e+07
-3.53781e+07
-3.69669e+07
-4.0201e+07
-3.55057e+07
-3.80815e+07
-4.0199e+07
-3.27702e+07
-3.41791e+07
-3.10508e+07
-3.21449e+07
-3.35171e+07
-3.13733e+07
-3.38514e+07
-3.15758e+07
-3.6808e+07
-3.46567e+07
-3.95621e+07
-3.6938e+07
-3.79251e+07
-3.97569e+07
-3.43572e+07
-3.57704e+07
-4.10093e+07
-3.53964e+07
-3.40595e+07
-3.10577e+07
-3.21452e+07
-3.45777e+07
-3.49711e+07
-3.83795e+07
-5.86852e+07
-4.03616e+07
-3.72915e+07
-5.68323e+07
-9.57671e+07
-4.29561e+07
-5.55284e+07
-4.26369e+07
-7.88373e+07
-5.32178e+07
-5.38819e+07
-4.12097e+07
-9.06724e+07
-5.65582e+07
-6.58494e+07
-3.32055e+07
-2.64631e+07
-2.2835e+07
-2.45825e+07
-1.38997e+07
-2.10349e+08
-1.78804e+07
-4.04389e+07
-4.62818e+07
-8.11967e+07
-7.56267e+07
-6.68115e+07
-6.55314e+07
-6.16483e+07
-6.85349e+07
-6.40947e+07
-6.12593e+07
-6.91814e+07
-6.57137e+07
-6.17471e+07
-6.8752e+07
-6.58434e+07
-6.16079e+07
-2.84303e+07
-2.82096e+07
-2.26382e+07
-3.40857e+07
-3.05556e+07
-4.18695e+07
-4.55936e+07
-4.79961e+07
-4.17476e+07
-4.3794e+07
-4.17495e+07
-4.77918e+07
-5.29963e+07
-5.0241e+07
-5.90028e+07
-5.56552e+07
-5.5292e+07
-5.86634e+07
-5.02752e+07
-5.31947e+07
-4.55935e+07
-4.81278e+07
-4.11104e+07
-4.3203e+07
-4.3781e+07
-4.12942e+07
-4.81399e+07
-4.51024e+07
-3.10628e+07
-2.83737e+07
-3.1401e+07
-2.88611e+07
-3.18801e+07
-3.09445e+07
-2.83527e+07
-2.78956e+07
-2.91809e+07
-3.20598e+07
-2.99267e+07
-3.39493e+07
-2.80901e+07
-3.34044e+07
-3.49951e+07
-3.17839e+07
-3.29561e+07
-3.64122e+07
-3.80222e+07
-3.25263e+07
-3.52263e+07
-3.42508e+07
-3.73849e+07
-5.18642e+07
-4.8905e+07
-5.89126e+07
-5.54877e+07
-5.44727e+07
-5.87253e+07
-4.93637e+07
-5.30127e+07
-4.47321e+07
-4.22297e+07
-3.65738e+07
-3.57646e+07
-4.37719e+07
-3.89803e+07
-4.02252e+07
-3.67888e+07
-4.66649e+07
-4.29613e+07
-4.28038e+07
-3.96263e+07
-4.71377e+07
-4.47083e+07
-4.09843e+07
-3.90054e+07
-1.22539e+08
-8.01552e+07
-1.52959e+08
-1.38839e+08
-1.38917e+08
-1.52109e+08
-8.29876e+07
-1.19813e+08
-1.77464e+08
-1.21301e+08
-8.75451e+07
-1.63762e+08
-2.40315e+08
-1.97625e+08
-1.76739e+08
-1.9669e+08
-3.38669e+08
-3.51612e+08
-1.97776e+08
-2.58347e+08
-2.70606e+08
-3.30258e+08
-3.01732e+07
-3.09075e+07
-3.01682e+07
-3.1056e+07
-3.18555e+07
-3.69489e+07
-2.67448e+07
-2.97461e+07
-3.04968e+07
-3.16986e+07
-3.87111e+07
-2.68031e+07
-4.78854e+07
-4.04425e+07
-4.27826e+07
-3.39334e+07
-7.45776e+07
-4.79158e+07
-4.60543e+07
-3.90537e+07
-5.56756e+07
-4.41838e+07
-3.03626e+08
-4.02366e+08
-2.39241e+08
-9.84676e+07
-2.09686e+08
-6.04642e+08
-7.2245e+08
-7.53691e+08
-6.24192e+08
-6.22131e+08
-5.93256e+08
-6.11183e+08
-1.16339e+09
-6.41559e+07
-1.08959e+09
-9.03603e+07
-7.48764e+08
-7.01408e+08
-5.54703e+08
-5.21804e+08
-5.894e+08
-5.7529e+08
-6.89466e+08
-6.85351e+08
-2.72473e+08
-1.63042e+08
-1.49103e+08
-6.55907e+07
-6.6619e+07
-1.5611e+08
-1.66217e+08
-2.31394e+08
-2.22017e+08
-2.33039e+08
-1.71934e+08
-2.02106e+08
-2.08653e+08
-1.71577e+08
-2.33941e+08
-2.17917e+08
-2.97018e+08
-3.24397e+08
-4.54475e+08
-3.05732e+08
-4.15672e+08
-4.64233e+08
-2.64978e+08
-3.20917e+08
-3.59829e+08
-4.18834e+08
-2.49339e+08
-2.71225e+08
-4.0292e+08
-4.27656e+08
-3.40755e+08
-5.00709e+08
-3.27034e+08
-3.7362e+08
-2.72462e+08
-2.5232e+08
-1.4038e+08
-1.36027e+08
-5.35661e+07
-4.22107e+07
-1.63522e+08
-5.04358e+07
-5.9914e+07
-5.76289e+07
-8.44226e+08
-1.41448e+08
-9.28362e+08
-1.05249e+08
-5.51997e+08
-5.67807e+08
-4.8129e+08
-5.02013e+08
-4.02155e+08
-4.48682e+08
-5.86296e+08
-6.50237e+08
-1.72637e+08
-1.10224e+08
-1.22546e+08
-5.80244e+07
-6.48685e+07
-1.12243e+08
-1.33607e+08
-2.25025e+08
-9.87432e+07
-1.35345e+08
-4.14172e+08
-1.90722e+08
-1.41934e+08
-2.33286e+08
-2.05935e+08
-2.1523e+08
-2.34355e+08
-1.3827e+08
-1.78946e+08
-1.76076e+08
-2.2749e+08
-1.31133e+08
-2.88488e+08
-2.25879e+08
-2.78587e+08
-2.19014e+08
-2.4315e+08
-3.52327e+08
-4.00102e+08
-2.41079e+08
-2.98634e+08
-3.0749e+08
-3.8812e+08
-7.4449e+08
-8.71608e+08
-5.37565e+08
-6.18793e+08
-5.38061e+08
-8.77493e+08
-8.74087e+08
-9.0786e+08
-7.9656e+08
-8.79729e+08
-8.49397e+08
-8.35378e+08
-8.57526e+08
-9.0078e+08
-7.31924e+08
-8.14654e+08
-5.16064e+08
-5.81125e+08
-6.20149e+08
-5.26451e+08
-8.00276e+08
-6.88484e+08
-3.12914e+08
-3.30909e+08
-2.57671e+08
-2.90538e+08
-2.96436e+08
-2.58054e+08
-3.32719e+08
-3.10705e+08
-3.71627e+08
-3.74703e+08
-4.56856e+08
-3.97909e+08
-4.65055e+08
-3.81555e+08
-3.26364e+08
-3.65999e+08
-3.65861e+08
-4.4138e+08
-3.11005e+08
-3.11761e+08
-3.91768e+08
-4.43895e+08
-4.53913e+08
-5.73944e+08
-5.08333e+08
-4.96839e+08
-3.93245e+08
-3.34669e+08
-7.37827e+08
-7.14188e+08
-7.65556e+08
-7.81201e+08
-7.6891e+08
-8.0755e+08
-6.67143e+08
-7.43654e+08
-6.04164e+08
-7.01876e+08
-4.78416e+08
-5.70845e+08
-5.19834e+08
-4.59849e+08
-7.25959e+08
-6.67401e+08
-1.0061e+08
-1.13924e+08
-1.14329e+08
-1.73425e+08
-2.07485e+08
-1.60126e+08
-1.9863e+08
-1.49917e+08
-1.42698e+08
-2.21397e+08
-2.19723e+08
-2.07108e+08
-1.53864e+08
-1.43027e+08
-1.62648e+08
-2.18761e+08
-1.69505e+08
-2.26068e+08
-2.27208e+08
-2.81565e+08
-2.771e+08
-2.40348e+08
-2.69038e+08
-2.39917e+08
-2.63959e+08
-3.41252e+08
-3.40949e+08
-3.45461e+08
-3.40036e+08
-3.41049e+08
-3.4349e+08
-3.29333e+08
-3.29456e+08
-3.06359e+08
-3.07697e+08
-3.22574e+08
-3.113e+08
-3.23674e+08
-3.13489e+08
-3.36715e+08
-3.31229e+08
-3.18668e+08
-3.13294e+08
-3.35656e+08
-3.27082e+08
-3.24659e+08
-3.16152e+08
-2.76227e+08
-2.76171e+08
-2.17347e+08
-2.13776e+08
-2.60954e+08
-2.32629e+08
-2.64909e+08
-2.34488e+08
-3.18516e+08
-3.17312e+08
-3.41456e+08
-3.28155e+08
-3.3722e+08
-3.2441e+08
-2.91872e+08
-3.11628e+08
-2.93505e+08
-3.12202e+08
-2.80604e+08
-2.80662e+08
-3.21142e+08
-3.20395e+08
-2.41961e+08
-1.79421e+08
-1.79718e+08
-1.77771e+08
-2.39749e+08
-1.74469e+08
-2.79176e+08
-2.62462e+08
-2.9683e+08
-2.79033e+08
-2.92499e+08
-3.01999e+08
-2.57866e+08
-2.66689e+08
-2.65148e+08
-2.80655e+08
-2.85226e+08
-3.03155e+08
-2.62429e+08
-2.71483e+08
-2.93533e+08
-3.05673e+08
-1.15232e+08
-1.26683e+08
-1.62365e+08
-2.092e+08
-2.51172e+08
-2.20431e+08
-2.63185e+08
-1.87151e+08
-1.94644e+08
-2.70784e+08
-2.79452e+08
-1.83979e+08
-2.41318e+08
-1.69704e+08
-2.55028e+08
-1.96094e+08
-2.06045e+08
-2.68832e+08
-2.65281e+08
-3.32036e+08
-3.23336e+08
-2.88146e+08
-3.21047e+08
-2.79271e+08
-3.07884e+08
-3.94328e+08
-3.91521e+08
-4.07712e+08
-3.95669e+08
-4.02043e+08
-3.94007e+08
-3.77104e+08
-3.7521e+08
-3.52818e+08
-3.52231e+08
-3.70034e+08
-3.58064e+08
-3.67708e+08
-3.56988e+08
-3.88795e+08
-3.80281e+08
-3.71929e+08
-3.62931e+08
-3.9024e+08
-3.82461e+08
-3.73312e+08
-3.65124e+08
-3.58721e+08
-3.48561e+08
-3.00243e+08
-2.84543e+08
-3.48999e+08
-3.20369e+08
-3.32981e+08
-3.0027e+08
-3.89355e+08
-3.96651e+08
-4.07674e+08
-3.94954e+08
-4.02187e+08
-4.06077e+08
-3.59943e+08
-3.79772e+08
-3.47439e+08
-3.6755e+08
-3.44545e+08
-3.36507e+08
-3.85331e+08
-3.78051e+08
-2.24138e+08
-2.86643e+08
-2.26711e+08
-2.82602e+08
-2.1996e+08
-2.13955e+08
-3.26802e+08
-3.11702e+08
-3.43834e+08
-3.27235e+08
-3.40013e+08
-3.49198e+08
-3.08112e+08
-3.16228e+08
-3.10552e+08
-3.2761e+08
-3.3164e+08
-3.51443e+08
-3.06467e+08
-3.15966e+08
-3.40589e+08
-3.53503e+08
-8.53348e+07
-1.23372e+08
-7.67082e+07
-1.35109e+08
-9.41319e+07
-1.0277e+08
-1.25107e+08
-1.03838e+08
-1.19318e+08
-9.91993e+07
-1.34298e+08
-1.31881e+08
-9.20539e+07
-9.06077e+07
-1.38962e+08
-1.37904e+08
-1.84532e+08
-1.82408e+08
-1.51386e+08
-1.74189e+08
-1.47319e+08
-1.68988e+08
-2.89973e+08
-2.76252e+08
-2.995e+08
-2.83828e+08
-3.00272e+08
-3.05354e+08
-2.70742e+08
-2.73709e+08
-2.71839e+08
-2.59922e+08
-2.39287e+08
-2.73379e+08
-2.47171e+08
-2.371e+08
-2.64363e+08
-2.56881e+08
-2.2778e+08
-2.22849e+08
-2.58902e+08
-2.40617e+08
-2.44275e+08
-2.28384e+08
-1.28184e+08
-1.78812e+08
-1.36075e+08
-1.67659e+08
-1.19851e+08
-1.11457e+08
-2.28502e+08
-2.32452e+08
-2.71571e+08
-2.75112e+08
-2.37791e+08
-2.58995e+08
-2.43945e+08
-2.64953e+08
-1.98107e+08
-2.21125e+08
-1.97524e+08
-2.19651e+08
-1.86367e+08
-1.87073e+08
-2.32648e+08
-2.32415e+08
-1.6402e+08
-1.57807e+08
-1.26617e+08
-1.23127e+08
-1.58468e+08
-1.39411e+08
-1.45729e+08
-1.2922e+08
-1.88746e+08
-1.97508e+08
-2.26445e+08
-1.91533e+08
-2.10786e+08
-2.24546e+08
-1.77335e+08
-1.94121e+08
-1.90212e+08
-2.09523e+08
-1.7158e+08
-1.76596e+08
-2.07214e+08
-2.14906e+08
-1.45194e+08
-1.40368e+08
-1.80831e+08
-1.46581e+08
-1.37903e+08
-1.55324e+08
-1.92548e+08
-1.63861e+08
-1.75074e+08
-1.57592e+08
-1.60402e+08
-1.43985e+08
-1.80909e+08
-1.73666e+08
-1.4542e+08
-1.39043e+08
-1.93578e+08
-1.882e+08
-2.32662e+08
-2.26348e+08
-2.06106e+08
-2.2529e+08
-1.94277e+08
-2.12456e+08
-3.28176e+08
-3.156e+08
-3.43188e+08
-3.28674e+08
-3.39779e+08
-3.47995e+08
-3.12133e+08
-3.18296e+08
-2.92213e+08
-3.02925e+08
-2.635e+08
-2.78456e+08
-2.63901e+08
-3.02552e+08
-3.03009e+08
-2.91535e+08
-2.70442e+08
-2.61393e+08
-2.99566e+08
-2.83608e+08
-2.77846e+08
-2.64204e+08
-2.35514e+08
-1.88191e+08
-1.95508e+08
-1.80344e+08
-2.24748e+08
-1.72295e+08
-2.81811e+08
-2.83416e+08
-3.20111e+08
-3.21628e+08
-2.90506e+08
-3.09002e+08
-2.92619e+08
-3.11256e+08
-2.52572e+08
-2.72285e+08
-2.45771e+08
-2.64827e+08
-2.41051e+08
-2.38244e+08
-2.81435e+08
-2.77916e+08
-1.95824e+08
-1.84715e+08
-1.64348e+08
-1.55648e+08
-1.93357e+08
-1.77771e+08
-1.71674e+08
-1.58395e+08
-2.24329e+08
-2.10859e+08
-2.49475e+08
-2.38497e+08
-2.50055e+08
-2.10766e+08
-2.09851e+08
-2.23708e+08
-2.31094e+08
-2.4735e+08
-2.07255e+08
-2.17021e+08
-2.37788e+08
-2.50055e+08
-8.75618e+07
-7.9228e+07
)
;
    }
    procBoundary2to0
    {
        type            processor;
        value           nonuniform List<scalar> 
47
(
-7.62513e+07
-7.26484e+07
-7.42223e+07
-8.91085e+07
-9.15934e+07
-6.88428e+07
-6.88428e+07
-6.88428e+07
-7.62513e+07
-7.62513e+07
-7.62513e+07
-7.68414e+07
-7.68414e+07
-7.68414e+07
-7.0853e+07
-7.26484e+07
-7.26484e+07
-7.0853e+07
-7.0853e+07
-7.56273e+07
-7.42223e+07
-7.42223e+07
-7.56273e+07
-7.56273e+07
-7.71954e+07
-6.70701e+07
-7.80154e+07
-8.60468e+07
-6.70701e+07
-6.70701e+07
-8.30936e+07
-6.85941e+07
-6.93561e+07
-6.73164e+07
-7.54949e+07
-7.54782e+07
-6.7874e+07
-6.7874e+07
-7.46715e+07
-7.12878e+07
-7.05715e+07
-7.2392e+07
-7.28495e+07
-7.48347e+07
-7.49976e+07
-7.40305e+07
-7.3761e+07
)
;
    }
    procBoundary2to3
    {
        type            processor;
        value           nonuniform List<scalar> 
328
(
-3.26054e+07
-3.26054e+07
-3.26054e+07
-3.21164e+07
-3.21164e+07
-3.21164e+07
-3.21164e+07
-4.12383e+08
-1.97607e+08
-1.68306e+08
-6.10812e+07
-6.10812e+07
-6.10812e+07
-5.61329e+07
-5.61329e+07
-5.61329e+07
-2.79902e+08
-2.77436e+08
-6.88984e+08
-9.20853e+08
-8.82016e+08
-2.92951e+08
-3.87393e+08
-3.85012e+08
-1.75962e+08
-3.19233e+08
-3.26239e+08
-1.84076e+08
-2.88386e+08
-2.96403e+08
-2.13625e+08
-3.57351e+08
-3.67286e+08
-2.82721e+08
-3.93023e+08
-3.96645e+08
-3.1105e+08
-3.02283e+08
-1.58526e+08
-1.99605e+08
-3.46634e+08
-3.35357e+08
-5.81479e+07
-3.98259e+07
-3.98259e+07
-3.98259e+07
-4.49748e+07
-9.02375e+07
-4.73365e+07
-5.09424e+07
-5.84651e+07
-8.32734e+07
-4.88548e+08
-3.74711e+08
-1.37857e+08
-1.26482e+08
-4.33165e+07
-4.33165e+07
-4.33165e+07
-2.23974e+08
-6.32465e+07
-1.03873e+08
-1.22043e+08
-7.27736e+07
-5.67699e+08
-7.04334e+08
-4.99834e+08
-4.10523e+08
-4.55791e+08
-5.27456e+08
-6.27481e+08
-3.82504e+08
-4.73415e+08
-4.23596e+08
-1.86458e+08
-3.43089e+08
-3.43953e+08
-1.85496e+08
-3.40693e+08
-3.36706e+08
-2.49294e+08
-4.06339e+08
-4.0258e+08
-2.58636e+08
-4.08433e+08
-4.09722e+08
-2.37904e+08
-2.49372e+08
-2.26211e+08
-2.14583e+08
-1.54896e+08
-2.59459e+08
-2.7255e+08
-1.40134e+08
-2.46278e+08
-2.33286e+08
-3.25846e+07
-3.43124e+07
-3.43124e+07
-3.43124e+07
-3.4022e+07
-3.82513e+07
-3.16491e+07
-3.38508e+07
-3.34441e+07
-7.27095e+08
-6.0777e+08
-2.30365e+08
-1.59146e+08
-1.03961e+08
-6.63076e+07
-5.15011e+07
-5.15011e+07
-5.15011e+07
-5.57178e+09
-3.55977e+09
-9.10677e+08
-1.32852e+09
-2.08853e+09
-3.50272e+09
-3.55977e+09
-2.89819e+08
-2.78597e+08
-7.01325e+08
-9.42769e+08
-9.86171e+08
-3.08514e+08
-3.8366e+08
-3.81465e+08
-1.81713e+08
-3.37218e+08
-3.32451e+08
-1.81414e+08
-3.1538e+08
-3.0669e+08
-2.26722e+08
-3.84599e+08
-3.76413e+08
-2.74586e+08
-4.04737e+08
-4.0182e+08
-2.82506e+08
-2.92582e+08
-1.80208e+08
-1.69203e+08
-1.8494e+08
-3.11187e+08
-3.23449e+08
-1.12498e+08
-1.9524e+08
-1.83267e+08
-3.50884e+07
-3.67913e+07
-3.67913e+07
-3.67913e+07
-5.17697e+07
-3.86695e+07
-3.86568e+07
-3.97115e+07
-3.94257e+07
-3.38191e+08
-5.92891e+08
-2.8858e+08
-1.4886e+08
-1.15089e+08
-4.72183e+07
-4.72183e+07
-4.72183e+07
-1.20108e+09
-8.43546e+08
-1.39422e+08
-9.32606e+08
-3.60127e+08
-6.23776e+08
-6.62667e+08
-3.17604e+08
-3.65239e+08
-6.1444e+08
-8.82123e+08
-7.71127e+08
-3.34457e+08
-3.86894e+08
-4.01252e+08
-1.85268e+08
-3.40969e+08
-3.43113e+08
-1.83165e+08
-3.24089e+08
-3.30976e+08
-2.38658e+08
-3.91718e+08
-3.97839e+08
-2.66894e+08
-4.07982e+08
-4.09053e+08
-2.71745e+08
-2.60775e+08
-1.91489e+08
-2.02952e+08
-1.69937e+08
-2.98499e+08
-2.85671e+08
-1.25921e+08
-2.07691e+08
-2.20342e+08
-3.35509e+07
-3.19677e+07
-3.32481e+07
-3.49046e+07
-3.20017e+07
-3.40233e+07
-3.82513e+07
-3.4022e+07
-6.13958e+07
-5.83031e+07
-6.33223e+07
-5.35759e+07
-5.64951e+07
-5.18973e+07
-4.9167e+07
-3.55977e+09
-5.57178e+09
-3.50272e+09
-2.77436e+08
-2.79902e+08
-2.78597e+08
-2.89819e+08
-8.82016e+08
-9.20853e+08
-9.86171e+08
-9.42769e+08
-3.85012e+08
-3.87393e+08
-3.81465e+08
-3.8366e+08
-3.26239e+08
-3.19233e+08
-3.32451e+08
-3.37218e+08
-2.96403e+08
-2.88386e+08
-3.0669e+08
-3.1538e+08
-3.67286e+08
-3.57351e+08
-3.76413e+08
-3.84599e+08
-3.96645e+08
-3.93023e+08
-4.0182e+08
-4.04737e+08
-3.02283e+08
-3.1105e+08
-2.92582e+08
-2.82506e+08
-1.58526e+08
-1.69203e+08
-1.80208e+08
-3.35357e+08
-3.46634e+08
-3.23449e+08
-3.11187e+08
-1.83267e+08
-1.9524e+08
-3.81864e+07
-4.02551e+07
-3.72597e+07
-3.5409e+07
-9.02375e+07
-4.49748e+07
-3.86695e+07
-5.17697e+07
-4.37361e+07
-4.14406e+07
-4.51126e+07
-4.76303e+07
-6.32465e+07
-2.23974e+08
-8.43546e+08
-1.20108e+09
-7.04334e+08
-5.67699e+08
-6.62667e+08
-6.23776e+08
-4.10523e+08
-4.99834e+08
-3.65239e+08
-3.17604e+08
-6.27481e+08
-5.27456e+08
-7.71127e+08
-8.82123e+08
-4.23596e+08
-4.73415e+08
-4.01252e+08
-3.86894e+08
-3.43953e+08
-3.43089e+08
-3.43113e+08
-3.40969e+08
-3.36706e+08
-3.40693e+08
-3.30976e+08
-3.24089e+08
-4.0258e+08
-4.06339e+08
-3.97839e+08
-3.91718e+08
-4.09722e+08
-4.08433e+08
-4.09053e+08
-4.07982e+08
-2.49372e+08
-2.37904e+08
-2.60775e+08
-2.71745e+08
-2.14583e+08
-2.26211e+08
-2.02952e+08
-1.91489e+08
-2.7255e+08
-2.59459e+08
-2.85671e+08
-2.98499e+08
-2.33286e+08
-2.46278e+08
-2.20342e+08
-2.07691e+08
)
;
    }
    procBoundary2to6
    {
        type            processor;
        value           nonuniform List<scalar> 
65
(
-6.45463e+07
-7.53597e+07
-2.97906e+07
-2.15372e+07
-5.01334e+07
-5.41922e+07
-3.45757e+07
-4.41181e+07
-7.2509e+07
-7.32861e+07
-3.45757e+07
-3.45757e+07
-5.89224e+07
-7.50108e+07
-2.68669e+07
-2.89704e+07
-7.27319e+07
-9.81611e+07
-5.21235e+07
-2.68669e+07
-5.23531e+07
-7.27319e+07
-7.46338e+07
-2.68669e+07
-2.68669e+07
-2.68669e+07
-1.87191e+07
-1.12588e+07
-2.24732e+07
-7.96297e+07
-5.41797e+07
-7.09528e+07
-9.54449e+07
-1.36697e+08
-1.2878e+08
-1.33413e+08
-1.14958e+08
-1.51162e+08
-1.49766e+08
-1.5065e+08
-4.97612e+07
-1.04457e+08
-1.12142e+08
-1.24273e+08
-1.18132e+08
-1.36439e+08
-1.32003e+08
-1.2267e+08
-1.27263e+08
-1.40238e+08
-1.43512e+08
-1.48296e+08
-1.46237e+08
-7.79144e+07
-8.67044e+07
-1.04457e+08
-6.9494e+07
-6.04367e+07
-9.81611e+07
-9.54449e+07
-2.88601e+07
-2.4621e+07
-3.43732e+07
-9.54449e+07
-5.42341e+07
)
;
    }
    procBoundary2to7
    {
        type            processor;
        value           nonuniform List<scalar> 8(-9.33642e+07 -1.48223e+08 -1.00099e+08 -1.60602e+08 -1.71606e+08 -1.48223e+08 -1.71606e+08 -1.60602e+08);
    }
}


// ************************************************************************* //
