/*--------------------------------*- C++ -*----------------------------------*\
| =========                 |                                                 |
| \\      /  F ield         | OpenFOAM: The Open Source CFD Toolbox           |
|  \\    /   O peration     | Version:  2012                                  |
|   \\  /    A nd           | Website:  www.openfoam.com                      |
|    \\/     M anipulation  |                                                 |
\*---------------------------------------------------------------------------*/
FoamFile
{
    version     2.0;
    format      ascii;
    class       volScalarField;
    location    "0.107/solid";
    object      sigmaMax;
}
// * * * * * * * * * * * * * * * * * * * * * * * * * * * * * * * * * * * * * //

dimensions      [1 -1 -2 0 0 0 0];


internalField   nonuniform List<scalar> 
3125
(
-105.034
239.382
-114.851
-105.572
-114.064
74.4961
101.233
290.476
-105.583
403263
435565
332296
-114.157
-114.778
-106.201
363061
365090
342654
422047
284269
354629
274801
75.1485
-103.733
77.2536
80.2221
5647.41
3515.7
74.5829
-112.833
-103.075
-105.699
56.6402
53.6371
65.6478
67.5858
-103.781
73.6563
77.1297
64.1493
67.4472
1.10558e+06
1.22846e+06
36.5578
2427.08
11544.5
490723
1.07481e+06
1.12296e+06
4426.72
996401
481225
1.10732e+06
1.22731e+06
1.24773e+06
3711.15
708115
749485
301612
651834
832183
723430
291473
638090
64.9129
-112.878
-111.814
-107.183
72.3248
57.6067
24.5636
42.9449
62.7088
47.7886
1.04934e+06
1.15139e+06
388779
1.13175e+06
1.06725e+06
958736
390154
1.05514e+06
1.27412e+06
1.16513e+06
1.08888e+06
975067
374563
763617
863595
981190
385686
878040
847915
959049
1.03435e+06
927621
313424
733698
831879
944633
323452
845962
803902
912186
666892
719773
247064
623563
788489
681876
238044
610047
-61.853
-104.34
-60.9378
142.472
1092.01
905.507
-115.94
-107.159
-62.2159
-63.6808
-113.438
-32.5914
-62.6595
54.741
-51.6861
-104.719
-62.6384
-61.387
1.48294e+06
1.5421e+06
241623
481430
556431
726062
112535
635739
450081
667120
2.04476e+06
1.78887e+06
867363
480966
322014
455629
1.12118e+06
1.05671e+06
271292
381082
-113.616
-115.199
-107.74
-63.2129
-65.4026
1.4225e+06
1.47499e+06
349796
650370
662709
596462
375197
623597
1.81834e+06
1.67921e+06
1.46277e+06
1.40085e+06
353120
489577
515341
625562
409280
596440
1.14276e+06
1.20771e+06
1.4042e+06
1.34687e+06
293852
457241
482326
587287
344077
560291
1.09777e+06
1.16132e+06
827094
448863
265446
424210
1.07658e+06
1.01322e+06
220369
352177
-31.2399
76.853
-30.1348
-104.086
-60.5995
-60.7809
76.9477
-29.9501
-29.9993
120.8
351.811
781.622
1987.09
6920.71
1400.87
540.964
6584.53
1149.58
-64.263
-31.5815
72.0413
-32.9537
71.1353
-33.5153
-113.052
-81.7289
-82.3175
-70.0836
-62.2658
52.558
39.0593
-31.8238
-41.2912
41.8066
-39.0873
183.069
66.9342
183.782
67.123
184.159
184.465
-104.369
-60.6594
-61.088
-32.0991
75.9334
-30.6209
-30.0078
76.6092
-30.3048
181.703
66.1066
184.143
185.015
66.7963
183.833
1.38171e+06
1.15692e+06
1.43974e+06
1.62203e+06
1.5616e+06
1.17459e+06
1.52078e+06
1.45934e+06
116.373
204.23
89.5475
343.548
247.989
94.5711
78177.2
8595.09
70390.2
526336
718292
748670
764681
1.17317e+06
49595.6
821721
59808.5
818752
1.15725e+06
853644
6636.64
60130
77818.4
725415
1.04319e+06
761032
464680
710692
677715
1.05914e+06
810100
773025
1.64479e+06
1.73187e+06
1.75613e+06
1.32058e+06
57869.1
1.67139e+06
33982.5
1.54415e+06
1.28413e+06
1.61948e+06
498.833
53334.9
4505.03
950624
888024
647542
807861
885050
662578
827017
547032
707346
517477
311792
422194
447151
693392
478548
507663
971680
1.03534e+06
1.04316e+06
785265
983390
904569
769724
963582
583743
430760
281365
413847
389289
597232
468886
440251
182.153
62.3592
180.396
61.3289
179.405
-113.124
-114.717
-108.51
-69.4453
-66.3578
-32.7077
68.3419
-34.9371
-40.0256
66.2749
-35.9639
128.469
23.3232
152.751
29.1031
166.362
153.104
181.675
58.6444
177.547
56.3676
169.514
178.181
1.32469e+06
1.09383e+06
1.37602e+06
1.54426e+06
1.49192e+06
1.10849e+06
1.4452e+06
1.3929e+06
381750
660928
663660
770631
1.09641e+06
771161
761579
1.09724e+06
767652
686246
1.00096e+06
717417
383613
655489
632278
1.01489e+06
754717
727471
1.56399e+06
1.64737e+06
1.66449e+06
1.20448e+06
1.55785e+06
1.46457e+06
1.20261e+06
1.53646e+06
1.3623e+06
1.03962e+06
1.30352e+06
1.31581e+06
1.3798e+06
1.02339e+06
1.22391e+06
1.28374e+06
363735
550496
524121
556994
806237
587010
627768
820520
597142
713910
936415
680600
397217
559540
586942
921710
638155
669776
1.29428e+06
1.22938e+06
1.06317e+06
895330
1.12342e+06
1.20385e+06
911208
1.14353e+06
1.30709e+06
988963
1.2526e+06
1.26607e+06
1.32706e+06
973704
1.1768e+06
1.23394e+06
303564
516418
490852
525043
775656
554389
594065
789689
564269
675779
902331
644729
333672
525127
551333
888235
604109
634468
1.24535e+06
1.18244e+06
1.02025e+06
850282
1.07926e+06
1.15746e+06
865766
1.09889e+06
908879
847373
607753
769292
845088
622410
788085
515308
678236
486407
256198
391787
415978
664484
448438
476829
929581
992204
1.00059e+06
742478
941822
864277
727238
922332
556694
402075
229143
383720
360054
569917
439044
411251
1.69645e+06
1.71669e+06
2.37865e+06
2.12746e+06
1.28699e+06
1.26196e+06
1.6711e+06
1.69053e+06
2.38962e+06
2.11283e+06
1.67536e+06
1.65353e+06
1.31206e+06
1.33716e+06
1.65076e+06
1.62962e+06
1.2934e+06
1.3183e+06
1.2685e+06
1.24364e+06
95.9953
76.2363
98.1018
77.7704
98.2284
99.6816
138.026
129.008
216.993
1521.06
4985.93
1898.05
95.5588
74.2947
96.2359
98.9696
43.1733
73.2923
74.8847
50.6797
71.9139
126.256
65.3893
124.936
66.8597
127.938
126.305
94.5148
75.0576
96.9544
98.12
77.6732
99.5492
124.714
64.211
123.844
127.861
66.7693
126.216
1.20011e+06
1.12246e+06
1.10801e+06
1.12546e+06
1.21809e+06
1.81832e+06
1.80319e+06
1.2377e+06
1.21077e+06
1.33159e+06
1.21853e+06
1.31228e+06
44.2845
64.2187
55.2596
1094.17
1445.27
674.289
1.22519e+06
967846
1.09261e+06
1.04746e+06
1.3026e+06
1.00734e+06
816826
1.08785e+06
1.16695e+06
1.02033e+06
1.13673e+06
1.06834e+06
1.18318e+06
1.03505e+06
4392.65
13440.4
18117.9
953725
905582
1.0118e+06
1.02626e+06
1.04271e+06
919801
938390
1.03564e+06
1.14897e+06
1.09138e+06
1.0078e+06
1.13054e+06
1.05383e+06
992747
1.83346e+06
1.85106e+06
1.36178e+06
1.26121e+06
1.16241e+06
1.51536e+06
1.47426e+06
1.11363e+06
1.25813e+06
1.35302e+06
1.26228e+06
1.27405e+06
1.37046e+06
2530.87
10149
6415.08
1.08872e+06
1.06435e+06
711784
768576
692867
696701
751941
694388
681159
773028
735395
758791
707250
668464
630701
674323
665633
593208
688281
618091
605633
1.1132e+06
1.13778e+06
903919
834412
816498
818912
886812
726934
785283
738802
742129
802054
593004
660409
624407
580833
646554
605524
568514
125.441
63.4214
123.148
93.3789
71.9782
93.6594
78.3302
61.2607
83.1
55.7609
17.904
65.2359
38.6917
104.253
99.189
123.328
61.305
121.131
50.3161
109.108
110.774
1.13439e+06
1.06425e+06
1.00761e+06
1.15003e+06
1.02154e+06
1.7871e+06
1.77268e+06
1.09932e+06
1.13738e+06
1.24242e+06
1.2271e+06
1.08727e+06
888393
1.0084e+06
1.09645e+06
1.10028e+06
978772
1.00395e+06
982803
921419
1.02003e+06
967234
1.07847e+06
976659
916348
1.02825e+06
847277
869431
972838
927154
882436
940191
835394
901174
1.01123e+06
1.04212e+06
957227
945615
1.00076e+06
909737
1.80163e+06
1.81889e+06
1.37836e+06
1.20282e+06
1.16639e+06
1.3019e+06
1.1012e+06
1.11015e+06
1.258e+06
1.17808e+06
1.27351e+06
1.12115e+06
1.18227e+06
1.09087e+06
1.07234e+06
1.07398e+06
1.16456e+06
1.51192e+06
1.53639e+06
976086
991126
1.05952e+06
992120
1.07694e+06
733106
693896
787313
777785
720156
801639
706671
798653
888667
784209
849196
811963
874015
771170
908760
891564
1.01015e+06
966134
923424
994329
877716
838868
903397
892534
797308
918215
825363
810471
1.48725e+06
1.46242e+06
921074
849965
863680
865555
938264
960126
1.04212e+06
943069
944234
1.02474e+06
1.11861e+06
993508
1.01929e+06
1.1027e+06
979246
1.49111e+06
1.51518e+06
891244
943025
1.00467e+06
1.02125e+06
906124
649963
664907
747655
708559
677480
722329
637587
712141
805185
753542
817805
740802
724597
791385
811204
856442
913959
930529
823356
843476
900634
749489
818964
860049
766309
779099
832713
737050
1.4668e+06
1.4423e+06
870607
819343
771187
887391
786200
876310
988017
896726
971310
861335
1.07148e+06
1.04726e+06
637991
721443
651985
705200
623516
612933
652367
705884
694816
639866
625240
681109
552086
599896
637143
565824
578033
613281
540088
1.0958e+06
1.12024e+06
853845
773110
756199
837113
741243
652544
737767
696932
754168
667173
516295
586580
596597
553673
541585
573339
528155
-78.5695
-81.9681
-61.9026
-61.4111
-79.1034
-61.3611
-81.5976
-78.3131
-60.9041
-61.0827
-81.1555
-60.9685
-78.1537
-81.3178
486.072
170.564
241.895
290.837
292.203
430.946
328.865
840.101
1203.69
507.115
995.255
694.283
1311.84
601.753
-99.6818
-99.2683
-101.634
-99.8143
-79.836
-82.3729
-62.1817
-62.5458
-79.4033
-62.44
-82.7944
-80.387
-63.609
-84.0134
-63.0585
-81.1172
-62.9141
-83.3875
-99.4992
-98.0849
-98.2339
-97.8767
174.769
213.938
32.7545
35.8916
64.3236
61.6494
127.957
-0.217046
146.197
54.1063
-0.850067
4.74563
-22.4293
-64.3788
-32.7787
-29.4804
6.84623
-41.6545
649.976
420.97
774.693
1732.67
-79.1108
-82.7658
-62.498
-62.0771
-79.7485
-61.7726
-82.2719
-78.8419
-61.1401
-81.609
-61.6428
-78.4828
-61.4984
-81.8802
1.58299e+06
1.50286e+06
1.60333e+06
1.75428e+06
1.73599e+06
1.52257e+06
1.64254e+06
1.62317e+06
942857
837345
711901
642990
532658
48275
126812
161473
155129
687186
203091
494483
403786
407635
487800
505258
421275
418322
512281
1.94615e+06
2.04979e+06
2.09545e+06
1.94872e+06
1.98925e+06
1.87714e+06
1.8135e+06
1.94982e+06
991960
968091
926006
846813
903956
372753
316786
377360
313848
366035
305125
308083
361438
1.21206e+06
1.23698e+06
1.19841e+06
1.09963e+06
1.1753e+06
1.12923e+06
1.07814e+06
1.15223e+06
305169
264525
261310
309855
-99.2248
-97.4919
-98.4541
-97.7531
-98.8719
-98.2975
-98.6326
-97.6029
-80.7489
-83.3459
-62.9298
-63.7303
-80.2525
-63.3535
-83.951
-81.4156
-64.7322
-85.7262
-64.4812
-82.3569
-63.7928
-84.7846
2.03626e+06
804951
718618
319654
321863
332347
331246
167613
125066
116714
110688
193805
193861
195839
196631
261288
262913
269021
267398
312248
309855
301334
303565
158646
159392
163788
163062
190396
189922
185596
186231
1.52547e+06
1.44038e+06
1.54391e+06
1.72639e+06
1.70898e+06
1.45786e+06
1.57893e+06
1.56172e+06
304438
284037
228538
382234
295997
220615
208015
308665
351274
275050
275696
348346
356892
281052
281155
359097
1.90772e+06
1.99384e+06
2.0352e+06
1.7327e+06
1.89855e+06
1.78423e+06
1.7476e+06
1.86251e+06
1.56218e+06
1.44235e+06
1.54094e+06
1.608e+06
1.63104e+06
1.42171e+06
1.49732e+06
1.5193e+06
388768
322606
384129
325544
395618
334401
331438
400312
472006
394966
478285
390993
463391
379516
383267
457580
1.38738e+06
1.36227e+06
1.22158e+06
1.16439e+06
1.24478e+06
1.29124e+06
1.18604e+06
1.26801e+06
1.50641e+06
1.38548e+06
1.48677e+06
1.58533e+06
1.60778e+06
1.36636e+06
1.44594e+06
1.4666e+06
272341
216509
217520
269133
278874
224662
223648
282118
338780
269005
267985
342078
332246
260581
261700
328842
1.36808e+06
1.3432e+06
1.17901e+06
1.11896e+06
1.20179e+06
1.2473e+06
1.14015e+06
1.22456e+06
256868
255221
249155
250846
213764
220127
218066
155043
154273
149941
150741
130016
129050
975339
951630
887954
806934
866268
259506
210475
262679
209462
253141
202506
203529
250002
1.19407e+06
1.21883e+06
1.15624e+06
1.05542e+06
1.13349e+06
1.08812e+06
1.0343e+06
1.11078e+06
204698
170396
169289
207649
26.242
48.9875
-58.5849
-30.6146
-57.9097
23.7436
50.7355
77.1874
98.4309
99.3404
28.1036
-57.5438
-30.1864
51.1869
-57.4449
25.9402
51.7285
-77.6133
-80.6639
-60.6108
-60.515
-60.4422
-77.6883
-80.6507
-77.7556
-60.738
-80.972
-60.5789
-77.9721
-60.5145
-80.7737
77.9132
98.482
99.9496
27.8468
50.9157
-57.2646
-29.7029
-56.953
25.6857
52.0981
28.2485
-57.3717
51.2779
-29.7059
26.0833
-57.0209
52.2844
313.245
135.79
176.016
249.052
340.876
181.755
237.607
198.925
554.249
313.899
472.468
1012.16
416.571
661.8
542.149
851.654
354.765
5256.61
6887.61
8937.63
3510.16
4180.49
8757.53
4155.67
3384.8
1768.25
1657.38
2520.71
2166.33
3258.33
2656.63
1055.62
771.321
1577.85
2823.66
5985.8
8448.92
2868.75
3353.13
7238.34
2131.75
2400.53
1418.32
898.893
2251.74
1188.26
2879.28
1916.67
25.092
48.5989
-58.8759
-31.7628
-59.0165
23.5567
49.1495
73.5684
93.4964
95.6552
24.6682
-60.3645
-32.2329
47.0075
-59.5392
21.951
48.6206
92.6962
-60.8649
46.3017
21.5066
-98.1408
-96.8614
-98.4901
-97.157
-77.1397
-72.1889
-37.7878
-43.7452
-76.0475
-89.7748
-63.6985
-69.7443
-60.0792
-80.7435
-88.6944
-67.0622
-41.821
-78.1004
-67.5945
-53.5088
-52.8897
-85.218
67.1934
86.3866
88.1263
7.42985
27.142
113.436
51.9059
39.723
58.0397
61.5436
41.2795
-31.7045
-17.2543
23.7098
-8.62958
23.456
34.0516
11.1228
32.0675
-61.7707
-42.0514
-59.138
11.0129
29.8417
45.7276
61.1082
66.8835
11.3785
-46.1108
-41.8751
23.341
-54.0737
13.5603
26.5925
60.0945
13495.3
4712.3
1033.47
181.118
179.613
178.285
66.1418
127.736
125.948
180.817
182.354
179.346
67.0274
127.97
126.771
182.429
180.654
179.473
182.709
181.449
179.999
-77.735
-80.7229
-60.6663
-60.6337
-77.768
-60.5531
-80.7896
-77.9014
-61.0407
-81.3033
-60.7808
-78.3148
-60.5532
-81.0036
25.7668
47.7202
-59.3639
-31.3294
-58.4591
22.6051
49.7134
76.2518
97.5003
98.1853
26.6782
-57.8888
-30.8121
50.3995
-58.1585
25.453
50.6989
27.5846
50.8319
-57.3266
-29.8099
25.5907
-57.1096
51.9616
77.6186
98.0971
99.7886
28.4505
-57.7627
-29.879
50.8916
-57.0774
25.5697
52.1375
179.271
179.422
177.298
65.4542
126.999
125.338
180.376
181.787
178.603
182.623
180.474
179.219
66.5572
127.66
126.273
181.382
182.197
179.638
1.29475e+06
1.40104e+06
1.31352e+06
1.13957e+06
1.16143e+06
1.2547e+06
1.14325e+06
1.23629e+06
1.42038e+06
1.35145e+06
1.33242e+06
1.77153e+06
1.7878e+06
1.71817e+06
1.60127e+06
1.6989e+06
1.6615e+06
1.58117e+06
1.68019e+06
1.1924e+06
1.18004e+06
1.27351e+06
1.199e+06
1.29249e+06
1.43132e+06
1.49978e+06
1.41092e+06
1.37084e+06
1.47914e+06
1.39044e+06
102.195
100.28
88.2262
109.245
128.04
78.3867
95.6831
89.57
82.8299
673.895
209.851
390.53
634.794
144.726
316.01
119.032
99.7863
185.772
22863
9914.63
9213.48
20107.6
11889.9
25333.7
18676.5
29099.1
88328.7
60650
23167.6
47114.7
17369.6
29503.7
566385
487126
574504
438144
570172
468729
625688
512760
1.17923e+06
1.15965e+06
1.23354e+06
1.0488e+06
1.09395e+06
1.13515e+06
1.03283e+06
753391
14667
443186
1.14912e+06
18369.8
43819.9
2125.35
769685
37743.6
-6957.76
1.0922e+06
1.15149e+06
1.20104e+06
1.05607e+06
1.11806e+06
1.20006e+06
1.04175e+06
24305.9
4401.44
6729.62
21470
5967.92
27623
21237.4
13267.6
78279.1
8166.34
11569.7
110587
15907.1
88898.4
9692.99
100233
6023.28
969404
1.02738e+06
1.07674e+06
948809
1.0595e+06
985587
934179
546634
445010
551481
456385
531309
435891
525468
434393
1.01909e+06
1.07528e+06
1.0943e+06
963439
1.11236e+06
1.00196e+06
978397
1.90395e+06
1.87106e+06
1.73865e+06
1.66917e+06
1.76204e+06
1.82689e+06
1.69997e+06
1.78966e+06
1.52402e+06
1.77172e+06
1.48829e+06
1.62472e+06
1.27779e+06
1.27666e+06
1.33586e+06
1.43831e+06
1.25478e+06
1.4005e+06
733312
63379.2
428118
1.65291e+06
1.55735e+06
1.53326e+06
26381.5
52390.1
94794.2
1.45402e+06
1.5671e+06
1.47447e+06
1.28466e+06
1.29225e+06
1.40164e+06
1.29705e+06
1.39567e+06
1.59742e+06
1.51638e+06
1.50209e+06
1236.46
997.185
2824.44
13497.9
33943
10994.4
2833.85
14122.9
6470.98
1.01597e+06
1.0401e+06
1.01536e+06
929660
992865
948179
908792
970467
632585
651824
702491
637005
686174
788809
757338
739603
829181
865615
811094
677687
666718
718895
681678
735379
846270
775168
793088
681563
721348
730447
643198
668788
744594
655809
343522
287679
338904
290718
350164
299402
354764
296409
643354
679485
716347
630630
656053
702286
618108
1.18722e+06
1.16246e+06
1.03797e+06
992821
1.06065e+06
1.10629e+06
1.01404e+06
1.08343e+06
976324
1.02318e+06
957732
800858
788046
852742
803454
869752
1.00326e+06
920695
939187
847345
924167
865582
754233
772691
835789
757379
818891
943840
902262
883890
543424
570328
605323
531898
591705
555738
519818
327662
282018
332300
278926
321076
270140
316416
273289
580531
610786
619009
544044
632752
568110
556249
180.33
177.885
176.616
62.7104
123.607
122.718
178.121
178.749
176.426
122.453
177.598
-97.8685
-97.1359
-98.1309
-97.0532
-89.7607
-90.4611
-96.8928
-95.1772
-83.6366
-89.4825
-65.7232
-68.4094
-83.1791
-65.865
-88.6533
-83.5619
-65.1471
-86.7139
-67.3002
-82.9482
-65.7315
-87.6479
22.9151
46.798
-59.8045
-33.1237
-60.1934
22.074
46.9021
70.4932
89.7837
92.5977
22.7803
-61.8342
-33.8584
43.8552
-60.6553
19.2218
46.0167
15.7538
34.6334
-63.1999
-38.4499
11.9189
-63.0382
38.2571
65.0615
88.0018
86.8301
18.4732
-62.3448
-37.0048
42.3659
-62.8418
18.5459
41.1022
114.944
137.79
124.205
18.7914
84.3949
76.2521
143.958
143.117
133.358
32.9801
90.673
93.6894
160.676
157.927
153.834
147.422
155.017
149.588
178.332
176.029
174.382
59.5732
119.994
119.712
176.382
174.917
173.619
54.2882
117.889
114.927
164.733
170.429
165.645
173.628
173.35
169.209
46965.8
-9163.3
-26515.3
217622
395638
334026
286311
432489
348438
364750
345985
342398
183091
167984
122307
151784
187195
193820
197508
194706
281705
279971
273604
275259
286616
288472
295702
293673
172721
172014
167518
168231
176544
177250
181784
181090
1.23244e+06
1.34202e+06
1.249e+06
1.07908e+06
1.18098e+06
1.04876e+06
1.16556e+06
1.03527e+06
1.35912e+06
1.28166e+06
1.2654e+06
1.74273e+06
1.75812e+06
1.64558e+06
1.52614e+06
1.62845e+06
1.59563e+06
1.50884e+06
1.61204e+06
1.12299e+06
1.19637e+06
1.06197e+06
1.21167e+06
1.07487e+06
1.34768e+06
1.42723e+06
1.33082e+06
1.29793e+06
1.40983e+06
1.31421e+06
351196
278330
263597
361746
330650
222614
311355
249021
903667
1.12237e+06
988375
1.02736e+06
1.00026e+06
909668
1.02153e+06
921869
1.0876e+06
988343
1.03635e+06
982836
921667
1.0317e+06
858939
986916
908350
965611
895409
953025
870323
365678
279605
285246
363057
364019
285501
363745
283331
891678
1.02869e+06
921089
977838
933674
989657
881266
1.87108e+06
1.83867e+06
1.66393e+06
1.58662e+06
1.68586e+06
1.74868e+06
1.61256e+06
1.71118e+06
1.51697e+06
1.57487e+06
1.42943e+06
1.23263e+06
1.31119e+06
1.13026e+06
1.34432e+06
1.13037e+06
1.60705e+06
1.43821e+06
1.48058e+06
1.36539e+06
1.48558e+06
1.38383e+06
1.18984e+06
1.30575e+06
1.13777e+06
1.28826e+06
1.1278e+06
1.5086e+06
1.42542e+06
1.40271e+06
1.27603e+06
1.34281e+06
1.25734e+06
1.05593e+06
1.04081e+06
1.12937e+06
1.0573e+06
1.14693e+06
1.32322e+06
1.21996e+06
1.23866e+06
1.58449e+06
1.5606e+06
1.40695e+06
1.33726e+06
1.42983e+06
1.47505e+06
1.3586e+06
1.45254e+06
1.00723e+06
1.02446e+06
1.11186e+06
1.00824e+06
1.09438e+06
1.14498e+06
1.24392e+06
1.16375e+06
1.20125e+06
1.26386e+06
1.18251e+06
419149
352684
349555
424082
412048
340401
407265
343417
746105
791992
830431
732342
759152
816009
719487
785420
834839
844903
745241
772256
859429
758181
894373
951217
963380
850475
978750
880223
864026
436530
359024
362312
431385
444128
372449
449564
368945
852500
907088
948184
837041
933138
866274
823713
1.41245e+06
1.43748e+06
1.38395e+06
1.27269e+06
1.36085e+06
1.31447e+06
1.25105e+06
1.33768e+06
994963
1.08323e+06
1.01364e+06
879483
896879
972763
881189
955492
1.10331e+06
1.05109e+06
1.03235e+06
1.1262e+06
1.18376e+06
1.10741e+06
927122
912612
990059
928397
1.00739e+06
1.16365e+06
1.06985e+06
1.08863e+06
1.21569e+06
1.2892e+06
1.19873e+06
1.00416e+06
1.07047e+06
950310
1.08665e+06
964840
1.27103e+06
1.16422e+06
1.18157e+06
1.56236e+06
1.53895e+06
1.35971e+06
1.28662e+06
1.3817e+06
1.42487e+06
1.30697e+06
1.40344e+06
958389
1.05417e+06
935672
1.03776e+06
920939
1.09325e+06
1.19601e+06
1.11119e+06
1.1467e+06
1.21507e+06
1.12901e+06
298655
239249
238190
301987
292003
230873
288717
231905
662367
761644
702726
749933
690089
674790
736124
699683
803740
715391
763750
728083
687231
777570
798964
916429
817634
873678
830538
887200
786659
312058
245594
246691
308679
318759
254202
322174
253074
761910
874141
804761
860081
791916
846423
774303
1.39291e+06
1.41766e+06
1.3375e+06
1.22448e+06
1.31512e+06
1.26999e+06
1.20351e+06
1.29261e+06
947572
1.03992e+06
965848
834806
920990
816266
904189
801230
1.05959e+06
1.00241e+06
984132
1.07521e+06
1.13801e+06
1.05709e+06
881251
937784
831302
954562
846329
1.11848e+06
1.02067e+06
1.0389e+06
236918
238734
244809
243062
232604
230713
224431
226405
141420
142286
146489
145655
138137
137240
133116
134046
999185
1.02316e+06
975914
888272
953754
909767
867768
931702
593189
657001
580607
641128
566491
750611
714662
697337
784972
825989
767253
637155
672974
594819
689041
609123
806987
732093
749625
600663
692037
614988
653819
627405
588440
667440
234471
188889
189941
231401
240630
196683
243735
195648
564147
650785
602619
640248
590300
576266
626734
1.16938e+06
1.14476e+06
998177
950374
1.02054e+06
1.06552e+06
971250
1.04299e+06
929314
980960
911085
757772
803771
711453
820419
726325
961367
874747
892893
802778
883552
820664
712054
787175
696633
770639
681871
902906
856656
838625
469618
543552
505724
534104
493915
521200
481164
222330
183310
182242
225363
216420
175706
213426
176794
504506
583220
517607
547096
529561
560176
492795
-113.955
-94.1816
-104.804
-82.772
-114.569
-82.3339
-93.8316
500.903
208.008
404.43
443.964
334.862
464.344
362.899
-115.391
-105.935
-94.6003
-83.2524
-114.85
-83.4819
-95.021
68.2208
23.8276
78.1821
169.538
149.367
126.834
11.1626
-114.609
-105.318
-83.2788
-94.8972
-82.741
-115.046
-94.4344
-115.595
-106.568
-83.787
-95.4463
-115.39
-84.1259
-96.03
-113.019
-103.767
-81.4115
-92.8669
-81.2655
-113.077
-92.8621
6663.12
4879.86
1723.93
6079.31
9177.33
6918.56
4759.26
-101.16
-101.167
-81.0401
-99.208
-75.2361
-107.812
-96.6092
-113.229
-103.894
-81.4374
-92.9195
-113.246
-81.3629
-92.9988
16074.4
10217.3
29051.8
11321.1
16814.3
-6370
14911.9
-114.334
-108.567
-85.927
-100.081
-112.07
-86.402
-99.999
-113.969
-104.465
-82.3203
-93.4372
-82.1223
-113.904
-93.57
977.172
752.382
1012.46
1030.21
1223.35
1283.72
693.827
-116.136
-106.694
-85.2175
-96.2728
-84.405
-117.053
-95.6502
-6.01334
-30.1228
-5.12068
-64.6594
23.0961
-43.5782
-38.1514
-114.523
-104.915
-82.6526
-93.8438
-82.5332
-114.393
-94.0793
488469
363434
-3454.05
182420
291656
292921
303435
850851
776965
644383
684532
592786
688878
966187
598318
553270
645970
673855
561139
588545
685122
609004
709134
656468
579648
571293
696967
619615
442764
419297
512276
472536
449969
413254
503658
435245
486305
463995
398872
404882
494867
428082
355732
409335
373050
334484
328596
401018
362774
-116.188
-107.408
-86.1157
-97.756
-85.0065
-116.698
-96.8552
459863
553227
636887
643616
542070
559233
539889
459043
571139
571851
660982
552332
467673
565959
479370
516743
605538
560563
523725
473109
568596
486167
583938
614644
539182
532523
576473
491759
464809
427753
521133
498075
457546
433841
529821
472466
547534
448537
506762
442386
479807
538757
569527
543388
662708
615733
578660
535896
652152
560295
631626
605916
519205
526307
641630
551717
368757
397629
465521
427446
403963
362386
435503
375922
451905
418230
473973
411804
382363
443782
459321
508065
552250
578270
465908
500970
543980
451980
527164
569180
485451
492471
535502
445299
348983
389841
440653
419240
383587
355280
411254
341944
395219
432346
369677
375851
403124
335722
272060
325411
344480
308039
302249
318035
277810
-113.341
-103.947
-82.1183
-93.2354
-113.716
-81.6147
-93.0147
3043.26
2475.11
3302.42
1881.46
2578.24
1727.66
2566.79
-89.5219
-94.942
-45.8451
-82.0267
-73.4897
-59.7653
-91.3254
-113.659
-104.151
-82.3083
-93.5455
-114.164
-81.7179
-93.228
28604.7
13794.6
22032.9
56260.3
54596.5
106916
22001.3
694669
625919
771462
732129
795961
678635
632402
685978
846071
651656
732244
753920
785436
640066
1.19974e+06
852222
798517
930033
1.17264e+06
955645
891282
991764
918992
870183
833978
895249
967941
934926
983719
947964
831901
956777
881474
1.03774e+06
935320
863299
815337
737084
761418
774219
828320
849202
877719
801096
748932
854853
787364
892705
841451
654246
618009
763059
698773
668096
746978
608101
642415
721591
589812
688799
631263
734965
598129
938713
908916
860725
796827
956692
843167
894682
923855
814870
868162
785521
907759
829811
881943
629623
613782
576321
537162
566248
641088
602491
618189
546173
527276
580015
556179
606803
591228
406058
370432
451901
430436
460368
398945
376394
413481
477566
390582
438848
420614
469057
384599
572844
535556
506399
488198
516282
561602
546601
584129
536168
568832
497937
595447
526224
557700
494970
457371
421366
481020
447685
505965
470277
384481
362312
443263
405672
391572
434846
356374
377138
417883
342426
397394
370076
426248
348340
539227
524547
496517
459315
550394
486697
513594
528094
467123
491829
449736
517010
476876
502681
-115.871
-108.343
-86.7287
-98.6502
-116.615
-86.9363
-99.3646
502477
572509
665320
606062
571349
604526
506821
492316
588747
569782
667970
480329
577599
596637
776445
889239
752055
754846
664252
864277
870219
787314
678712
765094
882440
672770
886880
793152
813816
864824
767117
707017
872449
706673
811583
811653
694900
770432
877858
877023
701527
807712
753105
778127
696684
650163
659497
789905
742446
763537
677365
707102
813333
668613
801646
773654
505501
565584
648291
605442
561466
506742
601849
501649
590853
547829
640731
497701
553268
597043
800219
856561
746179
704301
846457
806938
699372
792276
685604
824770
737248
836018
783286
693075
502918
478556
583708
541691
574651
510536
472186
495019
556575
457183
532798
487566
565470
463424
664147
625123
586465
566939
596617
652597
636493
675749
617095
576980
659368
606846
687394
647915
722718
705696
658823
617514
648286
734643
694036
710871
627433
607271
670877
637806
699103
682424
822104
802560
748980
702647
736909
835494
789972
809003
713599
691511
765288
725102
796161
777547
526471
487463
593086
568510
518625
602365
494011
534829
621603
509891
577751
542990
612016
503099
758812
717437
669500
648570
746672
680264
729244
771095
702285
753155
659146
783531
691208
741153
403359
447253
507896
485072
440615
476830
409934
396091
460246
426125
499285
389581
432650
468429
576970
594947
534775
495553
505080
606112
566013
587963
524265
544584
628556
514677
617321
598977
632151
673844
584106
562938
662474
553256
643234
621075
533917
574147
639831
651132
543556
610020
720710
766360
640631
665389
631032
731627
754635
709716
611631
655007
731318
621330
742947
698680
423888
455304
533755
493525
462067
417251
501818
431242
518648
477135
542581
437924
470235
510315
665426
685257
614161
572674
696702
654332
582387
676524
601873
719729
624308
708198
687608
592148
544196
583810
505648
486025
476569
572719
555082
533345
457746
495988
550651
467117
561660
522544
315737
342260
399765
363693
348280
371412
309686
322619
387177
361998
407918
328757
355899
379359
490433
507069
457842
420677
517886
429846
479847
501084
448384
539680
467332
528762
511785
439108
417726
375642
392995
453829
366857
443376
427893
296940
334711
375828
355853
328764
302896
348238
290250
333013
315424
367852
284392
321293
340512
458857
496299
429738
411530
485594
469316
402477
448462
384530
464356
420448
474940
438143
393453
)
;

boundaryField
{
    left
    {
        type            calculated;
        value           nonuniform List<scalar> 
670
(
-102.67
360.103
-120.43
155.128
-119.666
499.924
-103.2
167.589
-103.137
336118
-120.192
-119.643
-103.76
346930
-101.344
34.5062
32.3297
7329.77
4409.87
86.8114
-104.863
-118.399
31.6994
53.0005
12.8472
-101.192
31.4365
33.9769
-101.415
73.4181
71.1686
72.0849
73.9582
941363
7764.3
14848.2
5944.06
1.08453e+06
47.6152
3100.55
-115.97
-118.451
71.0946
48.2906
31.8126
68.2889
56.118
-103.723
17.8853
28.7842
1.22744e+06
1.08409e+06
-101.893
-52.0845
-53.1924
1468.88
1188.79
211.703
-121.591
-6.03076
-118.999
-53.5671
-55.1085
-104.778
94.2446
-43.9555
-43.344
-54.1135
-52.5074
-102.249
551397
120037
206343
1.27424e+06
-120.409
-119.173
-105.081
-57.1596
-54.7038
1.88049e+06
608579
-51.8007
-51.9245
-101.687
33.3994
-10.8476
-10.8955
-12.4594
-11.019
33.5222
8483.45
1924
2606.29
777.538
1645.07
7697.98
164.982
1006.26
459.563
-76.596
-118.656
28.8829
-14.4222
-12.8461
-15.0543
27.7113
-55.8035
12.268
-32.5241
70.0734
-25.8589
-32.0087
11.4156
-71.9112
-57.2827
-62.9242
32.0687
-11.5349
-13.6059
-10.9624
-11.3204
33.6148
-101.937
-52.3201
-51.8724
73.2932
181.271
183.605
179.774
182.32
71.6717
73.0271
180.988
181.133
181.739
182.2
73.0403
161214
80326.2
769873
12088.9
74258.8
65029
67845.8
81022.2
13050.7
57561.3
5403.47
441.919
1.74101e+06
23549.1
148678
277.603
99.4646
123.674
216.611
119.583
489.904
-119.611
-118.67
67.3043
176.587
179.821
177.92
68.7576
37.8802
152.389
166.876
134.48
156.679
29.0417
65.9113
175.362
180.848
169.11
178.035
61.7608
-62.0532
-58.088
-105.677
22.4955
-18.2059
-24.0786
-14.2551
-17.0995
26.1498
1.73737e+06
717804
2.91429e+06
2.97249e+06
34.2672
173.362
170.704
168.431
171.813
32.8083
2363.34
3263.54
5984.58
228.448
331.747
155.874
31.0111
170.382
168.309
29.1913
143.421
170.129
150.149
150.168
13.8785
31.2485
170.809
167.446
170.316
173.409
34.5996
72.5102
147.222
149.796
147.264
144.479
69.1824
70.7494
145.66
148.561
149.999
147.064
72.1607
1e+06
996876
856984
9441.98
19408.8
15676.1
12200.2
7871.55
3694.96
1.33207e+06
838778
1.12702e+06
87.941
72.2625
69.2887
1834.67
939.442
1621.2
147.416
144.258
69.067
46.7881
122.592
126.469
84.0953
89.4539
20.0683
67.8547
142.829
145.051
132.922
131.78
55.16
18.3769
158.23
153.429
165.965
168.241
29.6753
1.5365e+06
1.41135e+06
959876
1.1202e+06
1.27453e+06
-52.2399
-73.907
-73.6484
-74.6758
-74.2076
-52.6393
699.585
817.6
1344.7
254.084
467.823
402.083
-53.8845
-75.5195
-75.0316
-76.7463
-76.039
-54.4061
22.5728
29.5982
113.522
-52.9026
-23.3003
-20.1216
-53.3358
-74.8916
-75.495
-74.0671
-74.5077
-52.9491
158300
343840
367370
2.06537e+06
215774
-56.0165
-77.5371
-78.5274
-76.0963
-76.7635
-55.3068
2.09073e+06
536444
352364
-51.6525
-73.2338
-73.2412
-73.4853
-73.3193
-51.7146
170.885
174.465
34.9391
-10.3727
82.2112
80.693
80.3556
81.8347
-10.3906
-11.5217
80.4765
78.5766
80.5945
81.8999
-10.8746
34.1051
174.146
171.097
4983.16
5559.14
8850.85
2199.44
3498.49
3195.46
1219.97
2069.54
1381.27
2797.76
2506.37
1471.65
7093.04
4018.17
4418.03
326.302
317.113
180.478
902.969
530.528
576.579
261.589
492.186
780.88
166.453
170.467
30.3994
-13.412
78.8462
76.7894
78.2808
79.2016
-12.8691
76.2081
165.901
137.638
140.206
21.3506
-18.9671
49.2416
50.9696
100.684
55.2475
12.7163
-27.8292
61.0203
62.9345
53.1575
57.6673
-29.7959
9.40006
145.045
139.978
-62.5943
-79.2707
-70.5209
-83.2242
-82.9732
-63.6724
169.999
173.024
33.7032
-11.8027
80.7432
80.0117
77.3943
79.7677
-12.3369
-10.5656
81.6666
80.2597
80.2736
82.2375
-10.4796
34.1893
174.259
170.841
-51.8596
-73.507
-73.8384
-73.3202
-73.3566
-51.7979
150.082
147.397
71.984
178.04
197.243
201.069
201.865
196.263
175.951
175.88
194.618
198.365
200.688
196.296
176.853
71.9337
147.14
148.835
149.835
147.402
71.9914
177.217
197.028
201.093
200.381
195.364
175.139
176.306
196.614
201.309
201.646
197.537
177.726
73.0064
148.189
150.025
107089
345889
340586
400002
520281
78579
22898.3
21642.1
11365.3
68085.8
36342.5
35884.4
28664.3
30830.4
69322.6
39083.2
41358.1
73502.8
13974.4
24434.9
23886.9
40622.2
17165.9
25361.9
2395.58
7640.39
19229.7
1515.29
3348.72
889.426
-62384.3
880067
1.52615e+06
50650.1
207786
115763
301523
259571
100577
168.122
103.42
152.183
106.206
110.741
114.959
127.147
112.102
103.93
137.37
386.433
738.767
149.959
220.114
109.811
893.933
507.271
284.753
144.495
196.403
173.487
193.916
199.342
197.932
194.021
174.418
68.4796
144.031
146.181
115.692
115.739
38.1082
154.075
168.529
167.693
180.594
172.295
155.292
143.397
146.472
138.962
165.151
154.383
146.301
26.303
102.023
108.443
143.059
140.859
64.7488
173.797
191.471
194.014
197.571
191.741
171.767
168.839
183.836
184.677
193.15
187.833
171.615
61.9445
137.815
139.942
-60.5181
-81.6065
-82.6929
-79.4581
-80.5859
-59.3217
161.679
163.421
24.0303
-19.6087
72.1056
72.7512
65.1539
69.0981
-21.5058
-14.7035
77.0524
76.6597
73.8573
76.6172
-15.431
26.9761
167.457
163.613
1.57067e+06
-102.404
-98.018
-98.4794
565.972
521.349
297.682
-98.7987
-99.3592
-103.561
134.196
41.4136
73.2462
-99.1981
-98.7169
-102.876
-104.069
-100.328
-99.7205
-97.0618
-97.0937
-101.396
8456.63
5983.44
6222.73
-95.9816
-98.8542
-102.256
-101.495
-97.2307
-97.1614
12027
19681
14454.6
-103.737
-103.913
-105.274
-97.6288
-97.8501
-102.096
1438.64
921.401
1031.4
-104.252
-99.8994
-100.653
-4.07681
-22.1765
-57.4502
-102.498
-98.3857
-98.0831
321167
346606
228182
-102.017
-101.125
-104.813
511160
601605
723113
-101.549
-97.2245
-97.4592
3345.57
3582.79
2414.44
-79.9031
-91.8647
-86.8148
-97.8134
-97.4837
-101.739
87348.4
39497.2
46258.2
-105.427
-103.511
-102.81
859402
989821
825339
)
;
    }
    bottom
    {
        type            calculated;
        value           nonuniform List<scalar> 0();
    }
    interface
    {
        type            calculated;
        value           nonuniform List<scalar> 
2110
(
10.025
12.4628
30.2684
2716.62
9.32359
14.6627
-7.84917
51.4404
53.4976
9.24912
11.6932
50.6345
52.7794
26.0135
1913.28
3505.84
2953.86
50.3191
5.48243
-4.42621
19.5491
24.72
47.0485
34.4078
1.47228e+06
1.53054e+06
1.0097e+06
1.77342e+06
860480
1.11331e+06
1.0491e+06
1.42981e+06
1.48323e+06
1.75978e+06
1.68997e+06
1.45239e+06
1.3912e+06
1.13481e+06
1.19946e+06
1.41124e+06
1.35326e+06
1.10303e+06
1.16672e+06
831981
1.08181e+06
1.01835e+06
10.9664
10.7076
251.134
406.597
5.77368
4.36531
-9.07734
-7.98714
52.259
180.469
52.1811
8.98806
11.2544
50.5756
182.449
52.6439
180.598
1.37498e+06
1.43237e+06
1.60938e+06
1.54973e+06
1.51247e+06
1.45171e+06
165.349
90.6068
279.834
232.704
8450.91
43515.2
1.63194e+06
1.71927e+06
22586
1.65839e+06
1.53549e+06
1.61141e+06
39259.3
4417.66
943416
881058
803446
880450
822553
964392
1.02781e+06
1.03819e+06
978566
899924
958804
47.6014
177.384
45.9645
2.6832
-2.71815
129.386
8.22934
13.7291
164.749
150.7
44.7371
39.5866
176.186
1.33016e+06
1.38212e+06
1.55385e+06
1.50051e+06
1.45221e+06
1.39922e+06
1.57387e+06
1.65763e+06
1.58796e+06
1.56499e+06
1.47172e+06
1.54395e+06
1.35577e+06
1.29747e+06
1.3069e+06
1.37036e+06
1.21832e+06
1.27782e+06
1.28552e+06
1.22102e+06
1.05815e+06
1.11822e+06
1.19836e+06
1.13827e+06
1.31237e+06
1.25744e+06
1.27189e+06
1.33328e+06
1.18122e+06
1.23865e+06
1.25106e+06
1.18791e+06
1.02424e+06
1.08337e+06
1.1618e+06
1.10305e+06
913880
852291
772918
848827
791741
934609
997309
1.00455e+06
945693
868043
926176
2.35014e+06
1.676e+06
2.34772e+06
1.66906e+06
1.30726e+06
1.65549e+06
1.29694e+06
225.614
10.1443
11.7648
228.096
182.798
72.9779
1197.59
4022.75
225.951
8.1779
170.708
-0.57423
208.9
-6.41062
131.078
50.0083
51.5553
132.585
225.021
8.12408
227.507
12.3593
129.855
48.1927
132.274
52.0681
1.19701e+06
1.10579e+06
1.23492e+06
1.32754e+06
45.0437
51.4886
885.283
1179.04
1.07133e+06
1.17027e+06
1.08508e+06
1.16438e+06
1.06625e+06
1.18064e+06
3820.34
10250
951947
1.02413e+06
1.04054e+06
936661
1.03358e+06
1.1465e+06
1.12813e+06
1.05153e+06
1.82587e+06
1.33125e+06
1.25522e+06
1.34852e+06
1.27102e+06
2068.33
7866.31
1.08436e+06
710257
766378
695195
693071
771352
757140
705918
629456
672828
686759
616861
1.1088e+06
901630
832719
725385
783074
740560
591805
658940
645111
604309
129.791
48.2329
223.448
7.07233
211.752
-5.00902
62.6901
10.2943
24.2992
107.56
127.219
47.2004
32.5617
114.936
1.13903e+06
1.00807e+06
1.02203e+06
1.79337e+06
1.10011e+06
1.24811e+06
1.08803e+06
885029
1.0482e+06
1.00069e+06
929327
922975
1.01928e+06
917604
1.02755e+06
847870
926106
939141
835954
902112
1.01033e+06
999819
910813
1.27112e+06
1.14806e+06
1.11107e+06
1.26373e+06
1.17929e+06
1.0887e+06
1.07185e+06
1.50653e+06
974175
1.057e+06
990179
731744
785611
718809
799911
797207
886785
810497
872159
907112
1.00805e+06
921736
992259
837361
901490
916281
823877
1.48195e+06
918769
848250
863818
958243
1.03964e+06
1.12313e+06
993932
891568
1.00853e+06
906453
650420
707800
721548
638047
712592
804273
725049
790494
811715
912916
823888
899601
749947
818031
831760
737504
874059
771521
876631
991812
861655
638376
724580
623906
613398
694079
625703
680394
552565
599309
612673
540569
857259
756538
741588
652924
740938
516780
586014
572792
528639
-82.4687
-59.9219
-83.0456
-59.3653
433.525
217.939
259.207
387.13
-83.7826
-60.1498
-83.2367
-60.4272
204.53
54.3284
114.397
128.836
47.7273
-82.9752
-60.534
-83.6492
-59.6416
1.56967e+06
1.49191e+06
1.74728e+06
1.51132e+06
1.62802e+06
700436
493217
503725
1.98021e+06
1.85566e+06
1.86041e+06
1.80289e+06
917372
840014
371622
1.20747e+06
1.18864e+06
1.09186e+06
1.11975e+06
1.07045e+06
304142
-101.288
-101.096
-84.578
-60.8441
-84.0461
-61.3892
1.53558e+06
1.44797e+06
1.46577e+06
1.59023e+06
308653
366479
300022
352500
349497
358124
1.91698e+06
1.97872e+06
1.74255e+06
1.79997e+06
1.75703e+06
1.54922e+06
1.43223e+06
1.60215e+06
1.41183e+06
1.48531e+06
387693
470661
477062
1.2117e+06
1.15634e+06
1.281e+06
1.17789e+06
1.51617e+06
1.39228e+06
1.37294e+06
1.45485e+06
273394
270069
279821
339875
1.18635e+06
1.12426e+06
1.25485e+06
1.1455e+06
894682
811789
260432
1.19752e+06
1.16352e+06
1.06061e+06
1.09525e+06
1.03946e+06
-73.2301
-72.7553
11.7988
229.043
9.18536
-72.3465
-72.4082
-81.5641
-58.6338
-58.4263
-81.6128
12.7851
228.538
-71.9512
-71.8179
-72.1159
6.91023
-72.0067
307.268
147.933
298.128
178.767
127.412
526.491
461.161
909.654
485.101
832.848
4632.12
7938.45
3759.16
7757.21
807.844
723.873
7649.8
3091.77
1292.02
2604.75
-73.5123
-73.8354
3.5491
7.52152
224.361
4.61395
-75.0725
-74.4189
224.253
-75.4942
0.507338
-79.9517
-74.3203
-39.4405
-76.8363
-61.4994
-58.3379
-81.6582
66.1285
9.64747
-2.3435
194.341
-45.8819
-24.33
-75.2265
-72.8602
-1.68419
-10.0289
197.796
4.66173
-59.975
-67.657
197.836
175.269
51.4599
132.349
177.046
198.562
52.5854
132.497
198.68
176.379
199.048
177.554
-81.7177
-58.6468
-81.7059
-58.5776
6.07718
-74.0362
-73.2428
2.19437
11.6457
227.75
-72.5642
-73.1868
5.99891
8.65837
-72.0138
6.36196
-72.0341
11.6847
228.771
9.65814
-72.6297
-72.0098
6.18644
195.554
175.545
51.5594
131.176
197.823
199.107
176.024
51.3362
132.704
198.508
1.28809e+06
1.39412e+06
1.15902e+06
1.25121e+06
1.41323e+06
1.34419e+06
1.76435e+06
1.70218e+06
1.58883e+06
1.64657e+06
1.56901e+06
1.17755e+06
1.26985e+06
1.19642e+06
1.4232e+06
1.49164e+06
1.36334e+06
1.47129e+06
119.406
86.4937
114.847
98.5123
91.4135
540.953
184.073
535.227
108.155
88.2682
20383.5
8374.38
10592.5
22229.7
564320
573669
1.13068e+06
1.22184e+06
1.0851e+06
1.13396e+06
74192.6
37043.7
1.0902e+06
1.19854e+06
1.11174e+06
1.19694e+06
24001.7
6332.93
24625.3
10105.5
52539.1
7868.72
86569.6
9191.02
95858.5
967575
1.07448e+06
1.0573e+06
983687
544786
550121
529891
1.01703e+06
1.09201e+06
1.11e+06
1.00001e+06
1.89636e+06
1.72248e+06
1.65633e+06
1.8106e+06
1.68686e+06
1.6737e+06
1.33133e+06
1.42792e+06
1.24556e+06
127529
39558.9
1.64932e+06
1.54411e+06
23719
37373.1
1.44549e+06
1.55854e+06
1.28877e+06
1.39903e+06
1.58802e+06
1.50897e+06
1045.06
10339.7
25981.2
11072.7
1.00635e+06
922532
939447
901744
650382
700342
784441
752949
824600
861060
665254
716732
680193
841760
770729
680260
728849
667499
742970
342510
337821
642095
714774
654778
700739
1.18267e+06
1.02886e+06
985454
1.09691e+06
1.0066e+06
971364
1.01826e+06
786416
850490
801803
998389
915881
842717
919477
771081
833548
939105
897495
542287
603960
590367
554584
326596
579347
617619
631336
566940
196.718
173.615
47.5626
128.574
195.538
126.704
193.814
-99.442
-97.6055
-86.0301
-63.8088
-84.9161
-63.6957
-74.3421
-74.9503
1.36366
3.08993
222.064
-76.3666
-75.2974
-1.78028
-76.9372
-76.9807
0.330299
220.309
-76.5235
-77.1871
132.114
11.6828
88.2765
160.225
13.2149
96.7485
176.693
154.486
163.84
194.409
171.705
43.3186
125.446
173.078
191.134
40.8952
121.718
181.194
167.498
189.577
170.377
1.23735e+06
1.34768e+06
1.18606e+06
1.04934e+06
1.36499e+06
1.2872e+06
1.65859e+06
1.53541e+06
1.60737e+06
1.51777e+06
1.2016e+06
1.0626e+06
1.07555e+06
1.35417e+06
1.43401e+06
1.3037e+06
1.41639e+06
352882
907817
1.02813e+06
913532
1.02381e+06
923952
1.03601e+06
923825
1.0316e+06
859576
964577
951980
871012
367186
364611
892515
976825
988669
882021
1.67735e+06
1.59673e+06
1.76284e+06
1.62293e+06
1.42471e+06
1.57393e+06
1.31534e+06
1.13284e+06
1.1353e+06
1.61252e+06
1.44394e+06
1.37204e+06
1.49292e+06
1.31144e+06
1.1387e+06
1.51604e+06
1.43233e+06
1.26956e+06
1.33645e+06
1.03877e+06
1.12664e+06
1.05522e+06
1.31702e+06
1.21394e+06
1.39589e+06
1.32819e+06
1.46331e+06
1.34935e+06
1.02246e+06
1.10919e+06
1.13941e+06
1.23823e+06
1.19536e+06
1.25807e+06
417949
422958
410941
744727
828652
757757
814256
783991
843099
770845
857599
892758
961367
976709
878639
435386
850969
946198
931179
864718
1.4074e+06
1.37308e+06
1.26407e+06
1.30409e+06
1.24256e+06
989948
1.07816e+06
895097
970404
879430
1.09818e+06
1.0459e+06
1.12072e+06
1.17836e+06
910806
987677
1.15832e+06
1.0646e+06
1.22043e+06
1.29431e+06
1.07465e+06
950670
1.276e+06
1.16854e+06
1.36784e+06
1.29256e+06
1.43355e+06
1.31303e+06
1.05826e+06
936018
1.09719e+06
1.20052e+06
1.1509e+06
1.21967e+06
299630
662822
749107
675244
735321
700134
762903
687683
776701
799458
872672
886179
787139
313158
309673
762373
859091
845451
774773
1.34548e+06
1.2301e+06
1.27763e+06
1.20904e+06
951148
1.04395e+06
924570
816589
1.06366e+06
1.00609e+06
1.07908e+06
1.14229e+06
941413
831623
1.1227e+06
1.02439e+06
982830
893247
916544
872715
660001
581011
754206
717952
788350
829701
676008
595218
810670
735405
601131
653147
588910
666747
235483
232296
241536
564623
639598
576739
626105
1.00514e+06
955428
1.07261e+06
976330
932864
984888
807078
711809
726676
965266
878228
806177
887344
790448
696995
682240
906724
860115
470109
533616
520732
481654
223215
226362
504993
546589
559650
493284
1.68999e+06
1.28224e+06
1.27203e+06
1.81076e+06
1.80808e+06
1.49504e+06
1.47066e+06
1.07483e+06
1.09918e+06
-102.102
-103.94
-100.664
178.992
27.8362
842.758
180.266
178.771
181.314
117.991
649353
400933
419510
1.93776e+06
27066.1
987797
314831
303290
263060
179.117
-101.679
152.939
179.373
174.441
-543.883
611342
320272
334387
156500
118562
197639
199617
261853
269929
313568
302111
161611
166688
193865
189168
1.73187e+06
257795
216934
271557
277509
320614
332281
392546
377006
1.38239e+06
1.58964e+06
213854
222165
265799
257322
1.37173e+06
257659
249627
220588
157794
152730
132311
978609
208167
200040
168611
181.015
181.449
101.756
475473
458244
448355
431771
474.682
1.01175e+06
286000
297613
280394
268614
176.304
-100.202
-100.589
-92.1011
167.332
44995.7
384308
297930
355984
345215
187343
127432
191622
201626
282727
274261
287355
296843
175780
170667
179892
185023
1.74842e+06
274494
218597
275880
281762
1.87817e+06
1.57877e+06
350404
338249
356709
370038
1.56656e+06
236546
228027
242548
251268
1.3966e+06
237298
245484
233168
224726
144035
149090
140587
135558
1.00248e+06
186608
194555
1.17281e+06
181355
173607
1.71005e+06
2.1298e+06
1.25726e+06
1.69561e+06
2.10805e+06
1.64739e+06
1.3323e+06
1.6342e+06
1.32188e+06
1.24714e+06
231.153
6.88237
3.87807
232.798
9.00629
6.51429
250.056
1687.67
2701.14
7117.88
230.128
5.25166
182.71
66.2665
111.962
211.12
1.06242
127.982
129.508
230.334
232.933
126.721
129.761
1.12318e+06
1.21487e+06
1.79573e+06
1.21586e+06
1.30825e+06
54.3507
566.252
13797.7
5487.2
1.84348e+06
1.39207e+06
120311
1.36651e+06
5126.95
1.06004e+06
749755
1.13333e+06
817239
884537
799835
126.597
228.081
2.11843
218.093
-2.13309
-3.09746
67.7857
104.258
125.334
113.177
1.15481e+06
1.77878e+06
1.23261e+06
1.82545e+06
1.27251e+06
1.10635e+06
1.27943e+06
1.12197e+06
1.16167e+06
1.53089e+06
1.07438e+06
1.45721e+06
935945
942377
1.0223e+06
1.1071e+06
979644
1.51919e+06
1.02519e+06
1.4461e+06
890885
786530
975046
1.0506e+06
708304
1.12363e+06
840491
757374
667548
-82.2993
-58.9076
-58.9453
-82.1473
-131.934
-101.836
-66.2374
-132.87
-100.528
-64.7671
-132.463
-65.3037
-100.227
-65.0191
-132.228
745.119
1076.82
624.524
1165.92
421.139
626.655
408.727
267.139
480.083
830.577
1062.09
1667.21
1078.08
1121.04
-101.601
-102.3
-84.2799
-61.5589
-85.0496
-60.8705
-133.814
-66.0008
-132.859
-66.3203
-134.469
-68.7245
-66.7593
-135.691
35.6718
-0.162629
-22.5594
-31.8205
4.05718
30.419
182.208
105.223
128.363
-35.7239
8.2949
39.1391
-70.2576
439.612
-82.8705
-58.9994
-82.406
-59.5453
-133.023
-66.3822
-65.0599
-133.397
-133.088
-100.824
-65.6599
-100.218
-65.2614
-132.901
176.555
1.58962e+06
1.72917e+06
1.60907e+06
99.4307
32565.7
790677
772372
16729.6
48899.4
699895
37753.9
869457
642728
-519.712
8188.04
87913.3
609619
707111
695001
510974
620339
405398
486375
415059
599008
671967
589173
683201
2.03442e+06
1.97336e+06
364938
1.92826e+06
963976
895419
364990
435779
484833
493382
428605
376300
311935
443305
510760
450519
502154
360322
306211
1.23233e+06
1.16562e+06
1.14266e+06
356164
408017
399711
308900
363224
259861
174.299
-99.9226
-100.749
-100.131
-85.1544
-62.798
-86.1443
-61.6403
-133.964
-66.6135
-133.74
-66.7006
-134.9
-69.227
-67.2501
-135.566
138.575
142.954
323414
331488
125671
115574
197484
200608
263762
268009
310601
304779
162217
166119
193619
189579
1.55439e+06
1.71426e+06
1.5726e+06
457568
574611
311599
468469
567558
217956
207536
451992
596059
552416
495128
486811
584504
577011
360394
492432
272347
277527
480015
561057
473718
569110
2.00831e+06
1.90496e+06
1.87795e+06
1.52832e+06
1.62505e+06
1.507e+06
394456
473040
545955
399221
480386
537190
382983
323506
465374
519598
458104
528274
329367
462198
560945
629863
639846
552351
388347
570163
660862
579326
650329
456288
380824
1.35735e+06
1.23478e+06
1.25789e+06
1.49622e+06
1.61222e+06
1.47576e+06
376380
452400
283180
382879
444265
215118
220898
369257
427940
362826
436007
333390
452579
527622
535976
329893
445855
264611
343258
258639
459902
552737
466527
544448
1.34682e+06
1.20919e+06
1.23203e+06
255739
251578
214182
218320
157149
153418
131406
954878
872946
254174
342411
395732
403647
336130
263722
206902
349407
419754
355764
411757
250917
201312
1.2223e+06
1.14072e+06
1.11796e+06
205555
272392
325966
318578
278199
208619
167280
234.736
6.71456
-81.7429
-58.7015
-81.9571
-58.5289
-131.206
-100.564
-64.5107
-99.2214
-63.9387
-131.113
-131.653
-100.819
-65.485
-132.11
-64.3377
234.682
9.47692
333.854
2998.09
1587.49
1913.08
2902.81
5745.27
1034.06
3166.34
7506.39
6286.39
2704.5
4490.88
2801.5
2219.61
2017.42
1355.14
2350.07
1150.66
230.875
1.22832
-99.6206
-47.1656
-67.6423
-41.1306
-54.7651
-51.1227
-122.124
-63.039
-57.0578
-128.016
-111.705
-28.8318
-97.0579
-42.2208
194.99
40.15
21.6083
205.16
10.0235
12727.4
1267.08
192.115
129.991
194.063
130.833
193.479
194.5
-81.872
-59.0823
-82.3869
-58.4614
-131.431
-64.6168
-131.492
-99.5638
-63.9584
-132.17
-65.4397
-132.714
-64.3139
233.439
7.29836
234.57
177.678
191.168
129.837
193.214
193.027
129.889
194.097
1.30668e+06
1.14091e+06
1.23293e+06
1.32537e+06
1.78046e+06
1.68322e+06
1.66487e+06
1.2887e+06
1.40293e+06
1.38274e+06
103.034
73.0245
98.3358
135.223
330.081
275.916
162.484
25791.9
69132.7
41377.1
14942.5
15499
43363.1
22893.4
14566.2
-497.172
-468.785
26398.5
41894.3
46938.1
79152
689555
830812
618071
740177
784087
572243
452981
694168
769906
791683
679653
476823
60018.2
1.09431e+06
851590
27934.4
23347.5
1.04293e+06
953592
33795.8
68783.3
982969
933532
880950
1.02671e+06
988583
868249
891154
966441
7099.71
876187
799054
785416
891101
861806
759580
772321
847755
643222
719563
523730
631868
732782
449868
654949
760555
668738
744971
434300
922085
812795
906129
827553
937024
858029
954619
841030
1.86367e+06
1.74575e+06
1.77353e+06
955.75
2601.9
1.51443e+06
110971
1.39869e+06
108850
1.52482e+06
29338.9
1.46625e+06
1.29384e+06
1.39032e+06
1.49281e+06
2326.43
8718.81
5300.22
1.03584e+06
983943
961640
635585
684040
735262
806558
733205
788601
617067
544809
554798
605691
628491
574910
564854
639945
349065
413987
476114
353735
421132
467616
289012
406559
450493
458947
399433
294653
583038
534816
594344
524891
571763
505095
514960
560532
1.15796e+06
1.05145e+06
1.07414e+06
952819
867489
934324
860907
755790
816661
879167
493966
456143
446475
504949
320100
377606
416542
315369
370526
424895
331305
277325
384950
441875
392055
433470
271746
527056
465881
515983
475616
538178
495226
549333
485424
190.797
126.362
190.9
-99.4366
-93.1613
-86.7595
-62.9473
-86.3884
-63.7866
-133.552
-68.7848
-131.539
-68.3231
-135.082
-69.3025
-135.646
-69.4927
227.854
1.69557
224.728
-1.36154
-1.86805
139.342
82.2233
148.385
152.579
96.3478
168.499
164.292
188.518
122.973
188.02
120.114
179.54
184.083
183978
355026
383216
361105
346049
173855
152356
197904
198789
280671
276224
289552
294440
175261
171209
180395
184547
1.2541e+06
1.17049e+06
1.0358e+06
1.27071e+06
1.76402e+06
1.64106e+06
1.62422e+06
1.21707e+06
1.33706e+06
1.32022e+06
333747
493187
590530
480986
598399
261279
363385
315296
242000
503545
607258
606016
507819
791173
683409
676323
797824
771248
704755
659255
816461
813896
697480
703787
810237
815752
708482
708655
813082
764471
678229
669422
774638
753999
650886
660258
743307
365370
502389
591482
498395
597705
281195
365055
279747
506269
606321
507556
602612
793396
686538
784328
694100
801423
705616
808304
700503
1.84541e+06
1.69956e+06
1.7253e+06
1.41522e+06
1.3363e+06
1.47962e+06
1.39072e+06
1.29418e+06
1.12908e+06
1.40969e+06
1.25103e+06
1.14413e+06
1.2325e+06
1.555e+06
1.41856e+06
1.44105e+06
1.00627e+06
1.09178e+06
1.15809e+06
1.17673e+06
495614
554976
406085
488156
563857
347323
341216
503523
582059
573017
511144
674574
615619
605390
686208
662983
585041
595174
651445
709661
625943
636295
697906
721495
657273
646759
733406
807650
711924
723390
794834
820725
747187
735162
834081
442876
535458
619870
543625
610300
359960
430162
448398
366539
527093
591414
519243
600677
769810
700637
782225
689590
757544
667931
745421
678669
1.43235e+06
1.35015e+06
1.32715e+06
1.00857e+06
953155
1.02722e+06
1.10201e+06
926567
1.00498e+06
1.0833e+06
1.20331e+06
1.09094e+06
965217
1.18601e+06
1.54305e+06
1.38999e+06
1.41192e+06
1.04177e+06
921275
1.11521e+06
1.13312e+06
293076
396624
460720
390057
468915
235245
303072
289677
229307
403854
485549
477295
410483
588683
524848
515260
599698
577688
496138
505664
566729
621802
534499
544140
610744
632882
563527
553841
643969
710509
612260
621977
699458
721522
641323
631698
732460
319778
431776
519118
438505
510770
243877
323293
249924
424452
493983
417764
502289
677281
602490
688373
592754
666173
573266
655073
582986
1.4214e+06
1.32298e+06
1.30035e+06
969452
907725
801556
987769
1.0609e+06
958243
846648
1.04266e+06
239353
243487
231048
226917
144812
148358
139768
136420
1.02647e+06
960625
938527
644093
566899
700601
770608
692111
609518
752959
534057
458337
467708
523254
544909
486612
477157
555796
323011
387709
244758
329209
379881
187900
193275
316172
364222
371951
310063
501791
448978
512493
439702
491138
421273
430443
480550
1.14818e+06
1.02754e+06
1.05003e+06
914609
823762
896394
824082
773878
842063
418413
376243
367457
428583
217405
290654
333554
284739
341063
180052
214298
174925
297301
356399
303316
348773
449158
385130
438837
394054
459557
412129
470017
403076
)
;
    }
    procBoundary3to0
    {
        type            processor;
        value           nonuniform List<scalar> 
43
(
-152.643
-137.936
-139.188
-151.795
-137.909
-137.631
-150.522
-136.019
-136.855
-150.575
-136.393
-136.534
-153.775
-140.056
-139.495
-151.188
-136.673
-137.521
-151.37
-137.393
-150.774
-136.59
-136.883
-150.868
-136.377
-136.95
-137.936
-139.188
-140.056
-139.495
-137.909
-137.631
-136.673
-137.521
-137.393
-136.019
-136.855
-136.59
-136.883
-136.393
-136.534
-136.377
-136.95
)
;
    }
    procBoundary3to1
    {
        type            processor;
        value           nonuniform List<scalar> 
23
(
-117.143
-107.965
-64.1052
-84.6412
-64.7998
70.8002
-33.9928
59.9633
175.697
-101.513
-64.1052
-84.6412
-81.6456
-64.1052
92.8506
22.5784
-61.3271
46.2114
120.207
174.087
-85.92
-96.9149
-117.563
)
;
    }
    procBoundary3to2
    {
        type            processor;
        value           nonuniform List<scalar> 
328
(
57.4783
275.899
23.1441
310.562
725.706
39.5463
905.762
241544
243722
198064
-151.845
-137.144
-137.744
-152.436
-137.396
-137.867
243722
243722
124915
124915
124915
194132
194132
194132
202399
202399
202399
237179
237179
237179
162857
162857
162857
190198
190198
190198
198064
198064
166967
159182
159182
159182
2658.56
-139.987
-114.015
-112.417
2658.56
2658.56
2658.56
2658.56
2658.56
-62.0149
269917
266468
185001
180574
-149.084
-128.979
-128.65
-62.0149
-62.0149
-62.0149
-62.0149
-62.0149
269917
269917
266468
266468
192783
192783
192783
199257
199257
199257
215794
215794
215794
220580
220580
220580
174093
174093
174093
177977
177977
177977
185001
185001
180574
180574
148200
148200
148200
144539
144539
144539
725.706
-63.4517
-39.0321
28.6944
725.706
725.706
725.706
725.706
725.706
-63109.4
246142
250968
193732
171562
-136.9
-152.821
-137.211
-137.277
-63109.4
-63109.4
-63109.4
-63109.4
-63109.4
246142
246142
250968
250968
142019
142019
142019
197589
197589
197589
206769
206769
206769
231159
231159
231159
166555
166555
166555
186058
186058
186058
193732
193732
171562
171562
155518
155518
155518
137207
137207
137207
1364.83
-117.206
-71.13
-86.8368
1364.83
1364.83
1364.83
1364.83
1364.83
-823.886
293311
257976
189383
176097
-152.246
-134.41
-135.824
-823.886
-823.886
-823.886
-823.886
-823.886
293311
293311
257976
257976
185224
185224
185224
199253
199253
199253
211215
211215
211215
225669
225669
225669
170293
170293
170293
181969
181969
181969
189383
189383
176097
176097
151859
151859
151859
140874
140874
140874
275.899
23.1441
-39.0321
28.6944
39.5463
905.762
2567.1
-236.355
-137.144
-137.744
-136.9
-137.396
-137.867
-137.211
-137.277
465468
460327
649953
238255
238070
246297
245841
50555.6
77528.4
27637.7
25422.3
129245
132704
132436
127900
201995
202297
205786
205433
231416
231619
225907
225882
115748
117557
119780
117858
131731
128848
127580
130147
198807
198580
195144
195279
172714
176258
176742
115311
113612
111457
113041
101509
100470
-114.015
-112.417
-71.13
-86.8368
20930.7
-7609.52
-1796.21
7253.37
-128.979
-128.65
-134.41
-135.824
-28790.3
65678.3
223344
-13407.5
249952
292822
316076
244303
271093
258653
253540
257045
89398.4
107269
76389.5
40159
122626
111797
123223
129834
212992
212642
208956
209329
216600
216876
221114
220965
124124
121989
119942
121968
123985
126232
128263
125883
188086
187994
191681
191656
184202
184420
180641
180294
107092
108453
110757
109280
106143
104891
102686
103825
)
;
    }
    procBoundary3to7
    {
        type            processor;
        value           nonuniform List<scalar> 
49
(
261255
211729
944355
928062
617711
622260
669945
531165
556988
578152
507805
578719
625358
552473
458160
530494
482183
508390
826378
882026
298636
255727
255727
211623
126048
786899
844716
199065
164124
769862
721963
732047
680124
348474
364927
320754
392527
265597
336708
294956
310565
484016
411975
438008
459583
407636
383939
358113
432986
)
;
    }
}


// ************************************************************************* //
