/*--------------------------------*- C++ -*----------------------------------*\
| =========                 |                                                 |
| \\      /  F ield         | OpenFOAM: The Open Source CFD Toolbox           |
|  \\    /   O peration     | Version:  2012                                  |
|   \\  /    A nd           | Website:  www.openfoam.com                      |
|    \\/     M anipulation  |                                                 |
\*---------------------------------------------------------------------------*/
FoamFile
{
    version     2.0;
    format      ascii;
    class       volScalarField;
    location    "0.105/solid";
    object      sigmaEq;
}
// * * * * * * * * * * * * * * * * * * * * * * * * * * * * * * * * * * * * * //

dimensions      [1 -1 -2 0 0 0 0];


internalField   nonuniform List<scalar> 
3124
(
299.962
10.7576
265.53
830.82
256.498
16.1722
271.705
850.081
263.506
207.515
529.192
821.932
245.814
199.379
179.702
238.034
392.439
184.378
203.408
836.327
209.47
208.243
198.169
333.485
277.508
577.475
531.239
645.387
346.914
473.897
77.3077
243.86
69.9276
255.669
485.86
868.848
823.947
269.065
872.159
478.387
609.499
318.453
61.7337
83.065
87.9745
354.512
92.7071
208.855
282.307
863.759
493.289
888.118
268.159
928.197
502.739
257.754
200.401
188.746
16.1339
164.083
563.215
414.678
459.265
477.424
500.746
813.201
491.837
377.601
748.616
818.672
548.001
748.495
316.239
566.516
571.834
558.351
572.179
452.07
569.118
433.846
468.169
79.7292
73.0956
234.556
20.4454
58.7087
26.276
64.6016
355.547
342.035
599.569
598.87
255.518
822.806
877.702
472.553
599.908
337.345
526.508
649.171
52.1339
474.349
140.79
81.5296
112.37
492.955
213.349
168.953
372.528
325.414
224.931
93.438
209.567
276.258
207.825
248.053
285.039
853.177
811.546
533.42
320.455
901.689
518.361
356.274
371.118
610.51
639.212
573.687
627.697
430.896
384.849
233.208
202.275
189.706
19.1974
16.2289
19.0004
24.4615
19.4654
979.171
48.4562
12.073
226.702
263.353
233.446
257.234
93.5948
26.4737
16.3524
75.4252
300.16
224.777
244.131
270.599
335.861
176.208
369.948
325.857
401.871
336.101
277.425
823.384
775.648
683.664
520.075
636.376
571.538
645.593
542.7
194.059
369.519
300.511
373.605
266.764
458.821
204.465
165.716
170.914
774.052
683.676
613.741
180.666
125.427
310.846
301.527
349.662
216.427
151.653
304.857
193.828
323.671
241.467
339.326
199.646
300.89
123.949
173.03
205.543
152.085
236.198
134.032
150.609
128.678
174.767
216.308
173.724
203.366
122.506
195.487
210.857
206.487
194.822
164.38
160.7
558.728
541.546
1053.67
454.206
582.425
641.517
557.405
410.405
913.768
298.77
365.451
413.857
499.447
376.05
130.384
194.256
64.8923
193.493
261.8
211.416
230.831
68.5565
174.049
191.694
523.045
263.619
437.188
322.943
324.467
433.338
525.045
524.015
263.432
330.509
435.953
529.578
327.681
431.646
269.173
113.586
48.9741
91.0769
95.461
70.6149
88.4365
249.051
119.322
95.6359
77.3255
65.4663
82.5209
101.087
62.1193
84.01
72.9235
42.3474
88.7494
88.4317
307.447
285.803
253.11
194.003
155.409
201.724
243.954
165.1
206.421
564.152
271.093
484.7
350.143
566.087
345.686
481.417
554.193
271.65
335.785
448.54
540.937
340.11
465.512
271.968
198.737
186.467
155.298
117.636
374.089
611.337
1090.72
133.48
211.488
242.06
467.413
216.398
294.902
465.734
491.948
550.607
606.107
667.167
446.218
494.343
1071.3
1127.1
259.521
543.501
435.176
687.695
372.325
362.415
310.338
867.473
423.694
746.795
1098.06
766.625
1050
383.649
720.378
4064.31
572.986
810.924
512.671
484.957
678.395
719.431
557.647
662.813
457.908
1543.2
846.096
925.762
1289.61
433.599
643.287
666.174
753.435
593.177
556.897
511.96
322.004
431.402
557.249
476.213
393.482
549.424
332.911
455.024
371.896
465.655
379.474
541.029
453.852
410.593
569.594
465.536
470.064
487.99
553.856
463.511
414.842
419.689
609.874
500.505
557.606
641.241
670.726
437.675
591.695
591.342
370.285
457.402
636.714
701.691
303.643
552.773
647.392
1102.24
646.165
668.65
693.116
723.88
655.093
433.292
357.608
336.285
440.113
357.259
347.047
359.192
423.592
451.529
335.519
8.69183
68.6401
28.8679
69.5297
32.0408
27.6615
207.962
201.158
174.969
126.99
27.5403
131.617
163.321
32.1116
135.561
60.448
35.449
52.321
35.581
41.2723
49.6838
280.862
286.692
292.193
352.924
291.276
293.478
289.971
286.959
348.327
286.424
401.315
397.587
472.738
595.699
467.853
404.684
401.578
474.445
595.925
467.186
439.356
321.428
526.686
399.428
474.195
278.017
281.817
779.798
4129.31
604.585
216.397
130.635
73.5917
83.2715
58.5179
48.6394
128.749
94.239
211.715
407.686
508.428
364.737
392.435
329.512
295.735
160.888
101.895
106.364
243.469
35.6269
265.646
187.402
110.684
99.4241
99.8633
160.752
229.011
90.5753
90.5544
120.291
84.6987
164.277
381.619
433.378
518.775
398.201
401.98
350.771
374.511
253.376
216.38
298.483
195.932
214.898
185.992
235.02
251.944
110.218
271.756
174.591
285.107
171.639
260.63
228.172
488.858
288.563
292.167
306.667
208.666
253.904
210.959
156.982
284.568
51.9752
167.956
119.517
181.766
176.468
176.308
145.861
235.583
274.689
214.128
267.484
182.034
175.703
80.9486
141.345
97.9358
123.532
93.8099
193.362
124.551
146.399
135.04
135.17
214.552
284.868
303.093
174.567
228.07
219.038
117.764
155.2
96.8841
207.794
138.481
326.583
296.486
227.567
549.017
305.547
475.174
355.098
559.351
459.086
361.098
539.895
307.265
447.417
370.273
538.186
447.801
366.599
300.919
291.401
296.892
357.58
298.337
293.87
291.443
307.27
361.11
306.526
434.399
429.175
477.618
624.989
505.117
409.344
428.344
516.254
635.987
510.704
436.986
422.87
465.225
583.995
471.462
416.877
418.714
513.489
604.71
478.761
309.193
330.027
334.151
418.983
329.396
347.283
337.526
318.784
403.587
320.104
216.579
204.393
193.653
156.278
159.529
125.797
17.2089
122.334
118.481
16.8907
121.338
71.7518
62.5568
21.7004
66.596
21.0525
70.5317
67.627
32.9132
10.0439
14.3505
28.5729
33.9616
16.434
15.1245
29.4668
20.4448
18.5674
46.3965
28.4555
23.7423
34.9411
298.826
383.741
344.84
391.18
373.291
340.742
353.553
534.898
374.032
459.404
355.976
411.666
440.978
470.864
460.727
472.532
655.024
449.923
566.035
558.891
431.711
78.6526
70.0988
69.9267
71.161
64.3789
71.6057
360.509
259.228
304.526
289.34
289.215
303.893
360.957
362.272
265.266
297.8
312.662
367.484
297.723
311.902
494.981
604.12
85.4479
77.0922
96.2421
76.1844
93.4079
91.7882
113.88
105.577
184.312
187.77
145.906
397.027
274.184
333.431
314.736
399.701
312.153
332.587
376.434
270.642
301.956
316.303
370.85
300.593
317.078
11.2919
16.6077
12.377
277.681
406.54
355.798
522.774
433.985
405.013
332.227
398.941
474.244
391.289
375.441
400.315
322.86
357.269
348.352
359.739
347.214
395.632
466.418
382.092
375.371
378.467
355.345
324.037
299.014
306.224
40.9028
74.4543
36.6677
72.7552
31.8595
34.2829
7.63897
22.3234
6.91154
49.3373
48.6101
31.9923
22.9828
28.4674
20.5256
24.9387
57.7817
20.1871
236.447
238.849
248.774
246.022
315.904
319.71
330
325.968
360.489
301.583
251.52
285.959
361.7
300.968
285.306
316.069
312.176
235.116
231.947
67.3612
68.0292
93.7063
65.1648
80.0046
174.822
184.095
258.49
361.834
319.667
263.815
356.012
222.183
312.813
225.656
222.825
234.186
53.6875
114.606
71.2229
203.025
162.894
155.448
209.902
169.958
182.573
397.125
294.24
340.424
321.886
397.034
339.294
324.256
391.344
312.859
355.192
343.871
395.474
353.389
344.187
259.389
252.287
247.373
249.174
352.69
343.028
330.945
331.91
350.994
362.143
373.737
368.844
263.831
271.615
302.298
295.51
7.99049
18.6275
8.46543
10.7717
16.7821
10.5526
18.6583
33.0433
32.8037
24.9056
23.5134
25.2171
19.9217
31.9605
30.2673
9.41003
49.9216
60.5423
19.656
12.7379
15.6145
27.9524
20.4275
254.524
259.018
226.385
230.82
257.733
232.805
255.816
256.099
236.747
233.547
254.995
236.806
255.502
255.495
239.639
236.583
248.915
237.126
152.201
237.469
209.573
25.1728
14.0064
23.6306
16.8896
56.2416
18.8036
74.0472
77.1733
128.863
61.8824
52.554
95.2853
112.889
43.3688
78.6586
150.371
54.6087
286.115
268.115
220.987
228.218
268.233
223.42
281.921
301.854
240.812
307.788
235.537
315.226
231.288
295.793
244.79
252.171
261.853
262.818
348.896
462.42
361.638
299.996
296.585
411.148
364.754
266.195
314.052
286.327
331.046
259.62
292.653
316.298
356.804
411.828
393.615
339.658
346.601
412.605
345.411
253.039
311.573
242.53
308.248
228.757
285.096
294.436
822.907
748.04
845.508
759.747
709.737
1048.37
735.204
402.123
483.64
440.471
531.148
387.91
479.871
450.384
262.53
209.561
246.199
206.342
243.365
218.39
271.842
351.907
427.737
302.45
376.138
317.701
343
419.452
300.827
343.293
229.419
283.478
247.146
303.21
339.006
195.859
193.14
166.473
166.915
194.249
167.983
194.378
196.97
171.675
198.705
168.574
199.689
169.113
196.218
216.347
241.847
188.82
144.246
166.576
237.906
200.117
202.305
291.866
260.675
260.556
233.742
224.781
254.921
269.61
298.095
349.07
298.03
312.457
301.523
251.915
158.979
131.945
159.564
208.603
123.602
181.004
209.322
278.667
323.109
255.986
308.662
267.122
327.779
270.061
237.531
206.975
234.364
200.308
231.861
220.42
230.734
288.608
323.22
278.403
342.34
291.397
266.908
335.903
235.172
225.939
208.895
213.225
220.59
234.552
229.825
160.769
173.247
177.814
156.867
173.733
161.962
150.795
167.365
202.036
196.911
221.968
191.593
163.038
199.614
137.799
88.5157
149.353
121.061
138.583
118.782
111.725
164.447
151.066
123.489
144.627
149.286
160.032
139.234
182.487
178.777
187.519
150.739
195.467
169.891
161.13
187.597
178.797
203.427
195.394
199.342
178.535
183.787
155.809
115.174
135.249
128.007
149.458
135.419
129.588
195.543
196.688
198.43
196.228
196.045
193.559
192.095
193.973
191.949
191.771
165.552
163.101
193.532
163.914
190.62
191.203
161.531
188.284
161.793
189.777
162.978
189.318
555.248
338.112
661.144
660.894
786.062
398.985
392.611
441.247
309.998
521.461
551.961
660.63
352.641
310.207
147.701
132.68
124.168
211.377
194.797
214.278
132.696
118.317
65.0602
67.83
66.4151
124.84
212.04
194.641
115.591
213.567
126.423
115.418
246.47
237.83
212.736
219.887
222.288
238.92
245.098
251.443
233.999
253.2
226.403
254.537
228.91
250.241
72.2709
73.8758
75.2727
120.38
103.479
189.92
182.259
198.904
118.67
112.309
129.749
208.625
117.94
187.979
129.194
204.062
116.872
359.173
258.907
292.176
306.446
360.501
291.209
306.213
361.479
266.693
295.8
309.934
360.368
295.474
309.105
497.672
236.651
243.996
280.716
107.444
90.7227
81.3664
88.064
103.124
110.418
96.695
119.95
232.086
117.602
165.754
171.63
154.463
127.057
102.71
162.536
88.9875
114.343
136.674
105.82
87.6247
104.911
75.8418
105.295
94.1033
90.157
80.9331
119.173
77.5807
105.318
118.887
82.2538
65.3957
68.2433
67.9365
88.3414
68.7235
73.7594
103.95
104.016
81.5762
88.9388
109.19
95.3282
101.727
76.1019
77.9356
70.91
104.309
60.877
90.9011
82.3986
67.6707
63.5292
41.04
61.9954
65.4325
76.3365
53.141
72.3953
65.667
117.023
84.9041
94.1396
74.0407
76.4047
349.052
351.62
307.798
278.06
276.352
382.904
342.496
340.804
249.852
318.284
265.292
325.234
267.183
329.707
145.83
131.496
210.331
195.027
208.541
147.59
136.311
136.394
119.593
114.61
146.29
218.689
197.825
136.577
212.963
146.292
137.567
160.549
192.875
281.061
230.139
246.583
218.742
161.015
178.092
122.445
131.172
155.405
222.431
216.744
136.779
238.387
139.822
144.361
397.388
274.35
308.756
326.163
392.55
308.54
328.837
380.181
268.018
303.323
323.233
388.269
303.702
319.392
235.764
251.368
263.528
257.85
188.234
185.977
184.928
185.961
183.216
182.393
156.337
154.319
155.222
184.296
181.526
182.586
153.428
179.97
153.363
181.735
154.342
180.654
57.7678
50.04
134.02
116.529
132.806
59.2397
49.2271
16.8482
13.1372
56.7836
115.562
131.889
48.5908
1071.88
355.824
443.043
301.32
467.424
259.204
350.571
443.351
304.448
390.856
665.924
641.674
575.873
407.465
1176.34
528.117
207.277
1272.09
306.948
779.527
215.287
259.242
702.591
221.323
385.743
176.712
254.282
152.696
340.974
155.465
551.073
591.124
523.487
477.799
506.697
569.496
558.89
583.148
560.536
595.176
522.446
566.021
598.162
543.417
612.704
636.776
632.095
654.443
594.55
629.041
634.06
532.428
469.306
463.992
493.368
494.169
531.258
496.77
468.42
1178.22
611.668
476.517
979.859
337.149
547.799
415.649
418.825
866.776
1032.88
261.756
1073.35
648.728
308.636
701.872
496.001
362.574
262.127
914.307
267.074
600.418
626.234
754.493
652.403
898.291
626.931
686.218
561.17
1819.25
472.363
643.722
322.169
328.605
266.458
325.405
508.12
110.075
618.376
238.434
275.903
347.09
417.785
344.612
394.816
494.989
352.19
474.126
542.861
1592.1
328.054
1476.58
542.548
918.317
503.271
456.696
482.099
1393.78
2284.32
868.014
778.644
2176.76
528.723
293.721
770.457
944.181
505.722
703.911
1241.36
313.728
723.793
3521.11
1268.11
3212.77
971.763
3418.2
1062.76
714.603
782.198
786.158
779.803
755.815
742.192
758.775
601.501
452.884
604.362
407.924
580.378
563.079
437.064
698.864
745.556
704.864
730.841
726.242
755.403
676.796
1508.08
495.399
182.648
1840.87
940.861
3945.33
5042.74
2644.78
746.322
1470.83
785.322
845.551
1172.22
664.687
752.505
600.383
454.329
1269.23
1155.78
309.324
1373.37
707.892
466.464
1194.12
884.029
341.055
328.513
1334.12
362.767
755.911
781.262
714.849
728.988
804.863
760.072
730.677
423.225
340.987
368.922
357.076
408.411
372.555
362.345
401.724
320.207
365.664
355.46
410.826
363.881
353.419
433.311
430.954
424.9
417.222
399.229
374.707
406.559
394.191
419.413
397.654
407.639
406.997
529.985
592.916
593.761
526.326
505.008
575.458
511.964
574.514
398.741
629.289
546.171
521.074
525.12
526.149
450.639
564.781
392.566
377.022
396.196
416.961
400.277
398.034
399.383
400.491
402.685
414.951
398.274
398.316
607.996
648.331
555.523
612.005
563.178
607.2
647.608
594.124
569.931
602.15
539.459
608.261
587.698
553.268
640.755
661.876
641.417
676.161
651.232
630.071
671.797
552.323
496.869
455.756
500.195
504.313
555.784
508.45
551.284
636.873
489.176
585.894
502.347
542.614
628.679
486.338
449.683
547.338
379.597
548.95
475.279
382.947
601.203
672.581
655.861
708.522
657.985
596.809
671.351
429.951
381.047
312.693
331.666
385.924
423.436
342.311
699.057
669.978
677.296
652.621
680.436
679.785
683.021
686.085
662.935
795.475
824.448
721.159
735.283
731.725
695.99
680.207
721.324
687.555
695.024
699.337
683.166
709.939
696.679
715.982
724.768
722.95
690.516
698.778
309.723
325.872
383.2
372.477
383.593
397.516
398.955
351.518
388.059
373.362
352.27
330.539
369.386
336.496
360.683
371.76
316.363
353.89
355.818
320.025
266.032
310.651
268.172
311.213
309.215
342.548
348.573
308.976
265.033
319.338
270.557
310.446
314.476
304.677
357.82
327.629
343.104
352.663
324.851
355.96
352.348
358.93
365.299
337.866
344.787
331.977
365.157
362.98
322.057
331.15
366.806
300.15
264.651
342.747
277.43
332.482
330.495
349.035
332.393
368.306
278.957
321.812
266.977
329.914
6.18016
15.4608
8.22187
69.4159
33.6294
32.8623
25.2502
12.5069
11.5717
73.4554
33.464
36.2977
17.7832
25.9471
12.4079
12.6148
27.7298
11.1113
218.922
228.419
202.615
190.565
229.397
190.918
218.423
209.936
175.129
202.936
181.358
203.237
181.987
209.384
66.0356
55.4153
143.784
127.876
145.115
65.5055
55.504
24.5869
7.58957
6.88362
65.6602
149.051
129.343
57.7604
146.333
69.3264
56.2985
87.1857
90.8608
180.738
151.636
100.261
168.21
76.6981
39.1933
10.745
19.7536
77.4968
152.326
142.047
60.9341
159.541
70.3759
66.8689
55.9418
55.6531
51.873
31.5069
17.2821
18.5223
53.9786
47.489
49.4172
24.4364
40.0238
30.0563
48.7498
15.8258
16.4863
43.2503
43.4947
36.0243
242.654
238.972
290.753
269.852
279.397
294.873
268.421
295.535
290.175
291.212
297.367
272.394
280.043
269.046
293.745
295.043
265.094
296.778
299.032
262.347
225.186
245.173
225.336
243.814
264.815
300.005
299.302
264.824
224.953
239.535
222.588
242.067
244.591
246.874
298.004
277.669
288.62
303.51
275.449
301.384
300.646
297.366
299.955
275.615
288.217
274.335
296.704
300.937
258.929
294.23
293.756
260.599
219
231.401
216.409
233.959
260.118
292.684
294.539
256.643
220.265
237.871
221.091
236.272
323.381
318.512
354.919
398.896
374.994
354.156
377.342
379.224
356.104
400.669
356.6
376.035
570.363
649.804
574.247
645.122
569.15
644.216
568.211
644.485
323.149
326.52
363.386
402.985
384.972
362.587
381.164
377.961
360.2
399.073
359.076
381.471
564.218
640.709
564.493
639.844
565.589
640.237
565.386
641.848
352.19
375.376
399.706
351.643
373.641
562.459
639.187
563.213
638.349
285.038
266.394
292.184
272.477
287.769
263.701
289.991
215.268
230.131
214.824
229.664
253.949
289.774
254.527
289.085
214.423
228.35
1310.4
3318.39
1100.56
566.649
1812.53
4111.38
2736.82
612.697
612.533
593.234
596.489
629.219
552.205
545.97
571.995
547.834
1320.27
292.931
632.288
917.231
676.229
682.019
692.253
685.024
700.092
703.066
695.134
698.375
629.85
633.251
657.516
647.848
699.133
688.913
667.012
680.946
78.2657
75.6778
127.65
96.8881
115.204
92.5609
53.7546
60.0507
43.5656
63.9655
62.1153
77.1795
55.9369
36.6383
68.2948
87.5719
111.25
49.8297
83.0562
54.995
78.9015
319.935
276.28
254.564
236.469
292.27
321.892
266.716
437.658
507.127
476.867
450.69
489.227
414.866
463.261
391.015
335.196
413.375
443.273
359.43
442.575
381.62
369.417
289.322
398.292
342.909
357.655
312.403
396.27
148.554
101.003
200.564
171.235
134.691
123.896
194.346
117.503
117.025
72.7128
132.579
92.2605
107.309
134.077
86.4281
58.7209
46.1591
54.3299
67.4915
84.9842
73.0336
182.593
230.236
188.71
263.326
158.815
238.609
206.495
110.878
89.5733
76.5651
82.3221
80.9332
64.4236
66.7323
78.0357
99.2212
82.5373
99.2735
79.5678
76.4459
92.8906
78.5835
106.766
68.4014
83.822
74.582
70.2198
79.0585
91.8389
76.4341
337.863
327.063
150.418
159.645
175.622
120.199
155.259
198.55
150.268
240
225.887
283.23
200.827
248.032
205.753
241.893
129.287
136.97
172.165
130.932
117.79
177.177
92.2078
108.321
81.9084
99.2665
103.496
86.1907
107.391
100.321
160.564
120.475
157.421
110.248
153.907
124.188
112.353
91.5516
99.8214
109.039
135.926
100.403
412.34
388.075
393.988
360.593
381.578
422.854
381.833
477.998
519.269
503.953
467.74
505.944
480.774
464.567
445.798
385.306
415.105
464.704
402.541
464.761
438.163
427.346
360.983
420.501
363.579
419.206
428.007
380.321
215.62
191.266
226.852
272.12
234.876
195.943
203.588
212.954
310.656
287.936
223.214
264.834
212.411
231.19
215.887
178.461
273.05
203.439
255.289
208.443
188.237
201.367
207.441
190.59
178.99
204.348
190.855
198.995
155.748
128.854
145.046
125.178
154.202
134.578
151.214
212.903
292.632
203.056
282.074
220.862
189.676
307.151
150.65
147.354
139.362
168.668
143.363
124.93
169.948
382.49
270.098
259.421
266.216
295.94
302.379
341.633
442.774
358.91
287.397
279.306
357.384
366.751
346.695
343.475
312.088
320.117
465.53
334.545
738.903
387.826
399.093
275.057
324.249
285.38
293.598
332.213
329.213
258.398
231.206
188.398
245.192
208.679
304.748
216.208
331.85
230.954
250.462
256.463
209.35
326.106
266.065
232.7
195.16
190.651
231.6
208.938
190.718
221.952
199.985
175.039
168.051
172.711
180.952
196.528
152.762
282.156
255.238
263.622
256.823
307.882
228.751
248.026
17.8091
63.6777
30.6597
141.917
118.831
95.0984
99.9991
71.7222
51.027
196.654
134.718
148.751
128.609
193.105
119.318
95.0557
197.339
110.836
178.156
213.582
229.03
248.704
196.742
248.865
145.756
56.8661
66.4169
66.502
80.7435
65.5765
55.7542
63.5551
85.9827
138.604
111.286
128.039
98.7003
99.7616
113.37
64.2264
69.7816
95.3926
76.0386
80.6937
55.5108
71.2954
75.023
96.489
120.098
102.567
87.8182
75.4195
100.727
92.8759
116.518
88.1688
87.0827
110.929
107.773
77.004
140.606
185.805
170.066
172.147
172.199
143.282
166.039
146.249
127.973
162.778
113.024
126.978
148.149
151.312
134.257
128.484
124.043
109.005
103.162
154.515
120.391
123.171
87.326
145.983
189.15
148.641
173.217
141.732
148.037
182.517
180.67
219.526
330.335
231.774
282.697
246.444
275.781
203.665
92.2843
102.632
127.162
130.395
114.705
101.402
115.341
113.476
155.428
119.111
170.658
128.388
103.759
166.195
72.7835
92.3285
94.8326
74.1962
98.0296
66.0452
84.5781
134.026
167.114
189.837
186.4
149.523
160.149
177.101
195.827
179.099
153.694
145.99
199.709
190.321
142.64
241.334
243.865
280.207
244.288
293.247
251.122
231.925
392.938
296.408
345.794
332.351
393.4
344.572
329.046
392.107
314.113
348.861
338.135
391.345
350.205
339.227
248.171
252.322
307.503
292.376
290.491
319.689
287.639
314.502
313.919
306.357
313.267
288.417
289.086
285.372
303.745
313.98
268.634
307.714
305.666
270.008
228.86
246.89
225.574
250.611
268.874
302.678
266.516
304.877
228.76
256.744
230.579
253.462
250.288
246.313
301.946
281.137
289.709
305.847
278.059
301.339
306.104
300.673
309.131
281.238
288.341
280.813
304.696
306.993
277.416
312.311
314.755
273.097
237.963
270.439
239.14
267.407
276.441
318.085
314.595
280.561
235.413
259.515
231.618
264.172
340.659
342.997
385.24
437.841
410.183
386.56
407.322
403.833
378.524
434.782
382.674
406.687
581.706
650.423
576.011
657.619
582.133
665.941
656.487
589.276
336.534
334.394
367.132
414.771
387.738
369.616
391.414
398.455
378.373
418.198
371.573
395.672
592.948
666.144
672.636
591.668
591.806
663.847
666.26
587.327
367.302
359.208
391.907
428.044
406.52
387.675
409.115
406.902
393.759
428.264
393.261
404.933
548.38
611.507
544.22
615.007
558.885
639.216
626.96
567.994
363.912
368.36
395.991
403.093
416.315
395.499
404.555
406.638
392.351
418.653
395.159
405.565
584.305
669.125
659.018
591.544
582.606
640.804
656.216
570.778
283.798
274.252
324.502
300.18
313.26
326.282
300.846
320.017
329.423
326.945
334.828
309.081
317.1
303.456
333.643
329.83
307.145
334.015
338.3
299.328
266.996
312.439
268.279
308.361
306.075
340.731
308.381
339.26
265.797
295.087
259.107
303.949
288.148
296.051
344.435
323.644
349.999
338.743
350.722
320.527
346.013
343.349
340.76
316.541
337.79
316.167
339.014
343.758
291.202
329.735
327.294
297.425
247.35
272.902
243.812
278.219
292.254
324.26
285.31
328.17
252.472
289.808
256.139
282.854
225.396
211.718
199.806
205.096
188.143
189.709
192.412
189.672
186.334
183.44
157.199
157.212
185.076
158.267
184.446
187.378
160.652
186.999
158.383
188.928
159.297
185.791
63.3494
54.79
142.788
124.435
141.103
65.0832
53.8564
17.9821
8.98868
8.84059
62.3711
138.851
123.209
52.7326
140.061
62.3119
53.0944
59.6667
50.5315
134.789
119.166
59.6094
135.663
50.7767
16.9757
9.3593
10.1101
60.2588
138.009
120.182
52.1741
136.674
61.8036
51.3735
18.3082
33.9387
67.1198
70.3903
66.056
71.597
67.2784
58.1366
62.0212
57.7957
22.3196
28.5845
26.9192
63.7762
62.3056
59.6749
20.5295
29.7
29.4473
65.9652
67.064
63.2062
63.4949
66.7017
62.5131
673.595
669.386
667.832
668.665
667.503
667.058
666.5
667.364
666.592
665.764
664.823
277.531
275.782
263.746
287.772
287.744
280.323
269.971
325.759
281.035
287.353
301.147
305.554
318.124
302.242
217.106
200.483
218.821
206.281
219.39
215.323
207.465
212.909
196.928
217.351
204.879
214.649
216.67
203.745
602.05
598.57
663.052
761.776
744.832
651.713
645.822
266.605
253.537
260.81
250.884
269.11
259.921
258.162
721.215
909.765
664.029
861.241
728.612
902.179
658.153
720.217
671.579
864.639
903.506
900.302
662.894
723.083
1039.84
390.789
333.641
429.869
370.097
371.386
425.475
362.578
757.911
924.403
683.144
912.302
741.667
939.875
708.454
767.74
729.222
946.379
930.397
949.725
767.229
729.294
203.663
187.717
208.439
195.249
207.759
204.927
194.377
1025.67
1017.36
1017.45
1014.87
708.011
871.63
817.708
628.838
633.057
860.136
710.019
696.698
609.132
780.576
796.821
664.306
624.541
834.386
240.92
222.749
251.883
241.446
251.313
241.358
231.377
677.165
905.547
725.368
217.256
235.688
259.729
186.272
221.002
233.15
218.986
403.68
406.581
558.922
383.385
417.338
720.682
387.818
243.504
274.159
281.131
270.75
258.537
256.555
309.691
719.821
877.597
621.417
822.792
712.113
886.736
630.459
735.551
704.696
930.895
859.123
755.352
906.558
664.334
207.029
190.738
209.69
196.332
205.56
210.42
197.327
1019.07
275.273
263.789
277.126
267.023
277.302
273.056
268.207
34.4228
22.2492
44.4325
17.7532
28.4947
34.1052
23.9083
341.873
290.569
342.569
327.374
328.752
355.856
315.8
218.448
202.062
223.173
211.851
221.29
221.448
209.389
212.278
195.753
214.702
201.505
215.196
210.811
202.422
270.064
258.746
275.398
265.331
271.986
273.501
262.968
382.743
315.745
348.006
336.778
364.415
363.39
347.694
203.27
186.971
206.462
193.01
202.452
206.778
193.541
781.838
510.68
539.626
358.105
558.717
547.656
317.744
930.694
976.955
669.97
951.75
732.891
596.997
1131.88
484.469
559.211
470.389
472.347
570.168
472.732
481.47
474.836
462.64
567.225
470.243
569.805
470.447
468.78
438.047
524.881
445.479
466.673
444.624
544.857
443.292
466.664
445.176
464.654
559.731
554.904
452.848
445.393
232.036
214.576
227.096
216.045
225.153
233.036
222.362
505.922
590.786
468.202
492.427
582.313
487.976
509.934
504.018
485.195
465.943
582.79
581.346
486.714
504.345
507.09
597.936
471.52
492.725
593.345
492.384
508.37
506.401
488.468
471.145
585.324
590.668
489.121
504.037
508.169
599.196
493.952
474.657
508.305
599.908
493.698
507.515
474.117
600.002
244.991
288.779
229.004
334.862
235.928
232.405
330.349
219.861
234.807
225.11
264.422
249.208
228.634
220.06
277.245
367.495
216.435
345.646
316.235
246.198
358.69
522.115
595.387
486.778
498.276
610.556
514.502
505.794
527.846
523.689
492.304
636.629
617.241
515.156
538.037
550.998
650.776
519.876
539.196
655.98
540.813
548.725
549.84
534.397
517.997
644.338
655.69
540.056
543.423
487.97
555.695
472.126
462.149
487.843
550.128
473.674
494.074
482.62
464.093
567.143
552.174
476.56
502
534.981
643.949
501.1
531.703
622.683
544.269
523.131
525.52
496.177
494.039
580.44
609.364
508.741
511.414
208.158
192.158
213.141
200.164
210.022
212.08
198.845
)
;

boundaryField
{
    left
    {
        type            calculated;
        value           nonuniform List<scalar> 
703
(
295.559
260.609
13.3628
269.442
271.581
267.495
22.6363
518.957
273.616
237.25
194.535
219.731
220.659
202.66
388.407
217.016
209.555
253.793
193.53
546.298
322.625
266.072
239.274
102.057
98.8252
335.809
586.321
212.534
267.856
115.732
235.444
344.967
66.7731
151.345
83.6809
30.3617
184.078
493.687
576.47
453.79
552.504
678.389
466.719
164.857
489.322
545.636
43.0552
82.1424
230.83
61.1575
30.5172
75.9038
76.1391
361.031
524.41
214.25
243.641
196.814
91.287
298.372
193.93
399.832
252.032
333.676
381.427
478.108
217.688
73.6039
312.704
219.736
485.738
77.076
171.49
26.6971
28.9925
26.8107
184.861
31.6503
40.0479
258.941
229.699
222.08
15.7827
96.6115
272.769
276.801
219.633
238.434
299.696
17.3698
78.2964
16.5303
512.097
707.365
765.004
393.99
476.046
333.343
213.689
383.371
387.635
166.082
171.214
200.196
730.589
218.1
221.588
229.257
167.377
168.292
192.564
220.142
234.775
341.046
271.478
158.176
251.239
306.711
337.304
189.86
161.471
165.09
303.643
351.303
364.906
209.12
227.575
257.467
85.186
208.742
192.861
209.348
212.147
86.3015
147.225
272.703
210.876
280.234
203.934
214.387
207.368
251.323
218.809
208.593
307.569
246.64
279.402
109.096
84.5259
63.1499
98.1459
103.35
127.962
81.107
103.814
151.54
181.605
156.579
644.166
668.471
504.486
392.453
737.603
709.777
375.296
619.268
361.144
609.851
572.645
499.497
659.331
621.953
646.003
397.443
546.241
605.403
251.994
272.579
154.701
627.013
477.515
290.525
486.621
516.016
589.938
55.2887
164.096
159.596
186.168
166.681
63.0732
203.506
174.721
199.879
43.6482
51.0629
39.6359
60.3939
51.9522
37.5163
68.1917
38.3077
13.7656
39.1229
36.0169
65.6217
554.954
344.975
216.241
226.603
175.07
260.358
233.93
89.9219
164.254
170.141
227.483
187.371
255.809
107.646
149.01
199.243
161.968
140.065
286.435
313.031
418.415
218.342
290.303
251.602
234.312
178.876
568.018
254.206
221.233
226.563
534.432
397.548
344.521
425.043
185.256
260.77
304.884
106.777
201.313
145.908
194.841
243.075
218.722
312.942
286.302
193.487
433.313
382.63
413.872
96.1461
160.372
115.944
150.393
72.2446
27.8628
66.2741
62.6196
70.7365
67.4452
27.4859
157.396
160.561
188.927
34.5812
154.719
152.169
158.634
155.497
36.0777
22.0485
21.6902
16.8314
20.7001
27.4837
23.9966
380.499
342.107
378.993
431.451
384.08
424.725
86.2828
42.4945
44.0044
49.7184
43.2947
95.7777
461.512
141.963
74.5834
60.4103
151.659
92.0362
234.924
121.725
110.355
60.8522
62.912
30.3553
46.2281
55.4076
55.8343
36.4485
35.3603
83.871
60.3963
34.5009
35.1922
45.3934
42.9829
31.6818
74.4086
37.608
38.6938
37.1184
35.7941
67.7206
199.364
140.743
146.152
49.1522
63.1626
112.021
156.346
172.226
200.474
235.015
233.265
194.175
360.308
303.774
269.155
89.7844
112.108
313.345
26.2071
53.4041
54.8299
28.613
46.5149
47.6912
53.4336
51.4717
26.6102
32.8027
60.8264
60.4534
55.8673
57.9018
39.3442
229.653
251.346
250.444
253.78
250.806
226.529
27.7839
14.9963
44.4158
37.7814
91.5788
223.091
275.948
262.197
299.952
289.019
230.472
67.3468
52.6775
63.4029
11.4042
28.4334
30.3688
167.455
193.064
191.519
197.252
194.515
168.744
162.699
188.195
186.934
190.556
189.113
163.67
217.34
241.37
234.424
249.124
246.13
223.283
50.7685
52.9617
95.119
204.482
155.226
157.228
148.01
149.154
199.64
212.916
163.919
161.615
159.551
160.635
213.433
86.3439
42.2118
44.0519
149.28
79.5452
73.7933
168.77
209.806
159.216
158.942
165.204
160.609
206.083
237.674
173.635
207.848
156.135
167.15
229.522
233.347
87.902
72.5183
258.477
319.83
309.425
341.558
328.99
267.93
105.53
172.669
99.0213
105.293
72.4718
150.883
125.439
125.591
125.218
150.295
29.0561
64.2627
154.837
179.923
179.181
181.561
180.591
155.619
51.6334
57.1299
50.4544
162.148
130.885
131.974
129.567
130.489
160.908
177.774
137.218
141.641
132.254
134.311
171.614
69.3077
44.7958
50.902
181.098
207.503
201.046
225.678
216.023
189.479
38.4995
36.2228
48.8964
43.5759
50.4283
58.815
41.8735
45.9657
43.3124
53.6589
64.7672
70.0183
61.7937
62.8255
53.1856
34.4193
41.0609
40.7919
36.0379
34.4469
65.9714
33.2821
28.3474
29.6418
21.5481
22.0162
17.4595
30.9825
29.6188
35.9947
30.6805
28.8474
37.0971
74.914
38.1374
35.0815
120.086
135.336
195.466
285.173
118.548
102.765
127.24
124.397
268.586
92.0463
25.8641
19.0908
68.5312
50.1085
150.639
138.29
85.0303
108.348
150.494
136.125
133.423
159.071
114.116
130.755
147.091
129.88
176.918
140.885
115.487
164.185
111.441
111.597
132.515
263.369
327.498
354.039
333.554
333.438
280.995
239.268
193.876
163.345
252.255
216.99
261.462
215.949
214.848
229.434
206.687
202.637
229.853
191.813
197.813
191.085
101.968
100.194
90.9893
147.983
129.607
116.019
153.738
203.349
266.578
157.437
55.0686
26.1679
70.8479
80.3909
81.308
78.739
69.1475
50.4021
48.9036
27.6679
62.6916
72.8717
76.0539
72.4349
70.4975
60.4876
65.4078
75.9421
79.8977
77.5212
75.363
65.5459
26.9603
50.5839
51.947
158.352
183.502
182.383
185.98
184.596
159.351
58.4136
60.5024
34.082
153.83
126.568
126.955
125.771
126.18
152.991
157.468
128.45
129.085
127.334
127.929
156.579
36.6443
58.8655
57.9743
259.125
273.868
282.778
297.793
314.924
277.549
210.524
212.281
195.935
191.982
207.916
209.547
254.934
261.34
249.204
339.528
371.729
377.832
182.853
198.65
199.794
218.492
236.692
246.563
384.032
325.693
447.127
284.44
338.071
451.285
207.69
203.963
233.009
200.559
201.864
186.027
268.634
271.11
259.632
289.263
329.938
341.732
30.8015
29.4214
16.3759
197.342
213.949
217.036
205.683
207.035
191.021
254.164
265.109
267.245
350.866
360.639
313.657
197.352
198.1
182.233
221.093
227.933
210.729
377.007
367.945
611.419
468.468
346.397
365.458
187.228
203.067
204.733
)
;
    }
    bottom
    {
        type            calculated;
        value           nonuniform List<scalar> 
141
(
354.073
805.344
11.6323
23.3796
821.354
196.362
807.846
171.975
816.997
317.991
637.536
693.279
484.99
478.527
797.957
65.7435
832.965
500.768
492.536
443.36
143.988
347.525
394.275
773.268
568.338
541.692
279.723
289.5
277.76
795.233
474.026
61.1526
526.62
513.079
828.182
310.893
344.844
291.177
304.923
103.214
24.6222
545.418
508.802
172.949
125.255
233.669
501.53
190.391
45.7059
189.19
455.619
126.154
316.213
313.95
354.073
368.373
284.109
286.627
108.211
135.492
80.7497
323.71
333.781
294.535
297.583
16.7523
29.051
54.5362
133.455
92.208
24.969
111.504
24.3767
41.7516
158.46
97.8584
123.57
559.653
322.344
316.231
252.865
314.256
526.644
336.819
215.091
151.194
298.212
249.634
427.168
153.771
277.229
150.944
191.676
290.91
323.139
460.699
423.972
292.279
187.181
161.198
425.61
433.519
428.248
426.983
453.827
477.558
450.173
449.103
314.256
315.833
306.123
308.465
326.085
327.416
318.639
320.921
304
304.649
300.793
117.362
84.1507
40.7157
387.019
394.531
372.504
378.162
426.859
430.009
405.87
413.97
344.543
348.444
331.903
335.671
367.388
370.867
354.774
359.643
22.2736
59.3064
66.3128
)
;
    }
    interface
    {
        type            calculated;
        value           nonuniform List<scalar> 
1726
(
312.232
106.351
117.839
263.813
276.215
74.666
122.573
248.063
288.622
276.271
36.0628
364.029
322.849
79.0677
83.8543
48.2909
88.843
27.2725
63.8098
262.669
54.7861
303.825
94.2642
208.023
214.446
293.255
325.768
45.3268
37.55
13.8549
23.5701
15.6023
11.8379
104.079
15.4461
316.517
273.62
395.882
287.969
845.633
711.765
517.428
493.364
531.508
195.329
365.485
263.744
717.859
459.302
172.249
250.96
333.924
114.411
304.535
193.055
327.233
196.206
134.723
168.709
233.007
142.508
121.369
169.618
206.913
125.175
802.02
84.6396
188.78
96.3583
95.02
270.668
271.636
143.42
137.353
63.511
164.479
122.483
97.2581
57.5614
102.088
36.3212
34.8741
74.9968
216.157
213.821
278.857
278.937
731.549
193.218
473.516
547.215
667.266
448.579
1024.19
3826.33
820.576
474.528
707.859
509.98
327.773
336.105
611.178
556.475
670.663
434.427
586.98
427.138
696.887
310.518
650.402
948.652
692.188
715.926
9.99428
73.1532
69.0173
35.1879
30.9006
58.4984
66.9906
59.9576
37.7142
51.8311
45.6795
3876.86
155.87
114.721
65.8152
29.1768
62.6817
210.035
501.41
385.758
326.23
152.302
88.4081
10.6141
252.643
110.562
102.608
228.438
69.6095
72.2763
162.215
405.51
514.711
393.665
350.563
246.269
210.032
181.132
223.455
99.9718
279.064
169.503
212.719
271.818
200.484
154.973
181.516
184.126
148.771
246.869
280.5
185.449
86.5449
94.2065
96.1854
148.991
133.651
150.376
103.176
93.5697
129.695
295.444
311.123
314.249
42.2328
40.5204
71.2576
20.1691
18.2161
27.8259
33.7541
22.7619
19.4664
24.633
96.4634
14.8053
283.896
302.945
355.35
334.195
434.027
6.49313
106.491
95.4728
10.6343
266.489
273.439
85.4516
76.1854
21.5553
150.42
114.15
246.336
282.266
278.106
82.9003
35.6851
334.846
328.032
31.2921
79.8212
71.7554
27.3278
81.3925
50.2643
37.8902
92.7534
20.9273
29.8269
12.8908
65.6848
245.276
256.623
317.389
330.433
259.47
316.274
59.3983
58.8448
60.1168
154.451
239.754
290.813
347.479
210.559
206.978
271.391
46.6944
115.394
212.126
154.254
223.056
175.946
300.009
319.874
267.731
255.907
349.485
332.027
273.443
308.089
79.6643
44.9178
82.9972
38.1482
14.3424
33.3599
24.3069
23.8797
16.8014
31.5839
48.9545
54.225
21.0574
13.9794
245.989
219.136
244.576
228.442
237.574
136.647
222.896
151.306
12.4882
50.7336
265.859
208.542
248.783
210.162
480.312
292.215
380.091
280.336
284.528
283.595
398.23
345.364
344.687
301.973
267.446
278.427
641.155
863.929
1119.74
474.803
431.999
385.151
243.162
205.791
264.772
415.64
303.606
339.521
329.017
228.945
295.272
188.769
162.102
186.72
163.914
226.374
139.372
191.725
253.095
213.971
222.826
289.402
295.363
251.881
127.456
165.085
174.396
313.291
258.861
263.447
229.532
197.287
225.15
314.414
276.677
265.199
225.105
207.214
228.471
173.913
159.392
154.037
200.285
192.149
156.696
65.7434
155.35
96.7524
150.281
114.526
139.575
179.925
148.799
153.52
184.047
201.475
176.028
109.583
131.875
124.474
197.885
194.134
184.546
161.598
186.687
159.615
308.041
226.255
229.074
95.3998
8.76916
224.519
227.219
241.838
208.522
219.486
233.237
108.068
13.6076
114.361
199.706
210.704
219.291
123.209
213.669
266.98
274.019
229.124
247.096
285.433
88.3783
89.1484
113.133
145.113
166.056
170.942
200.243
157.456
89.6029
111.452
101.596
91.6073
87.3243
84.7108
119.216
105.322
118.216
61.4776
66.7692
91.9573
73.5375
61.3374
49.9781
53.0878
43.3075
70.3756
42.6118
140.638
97.9068
329.655
307.896
264.223
380.965
224.364
220.401
142.576
177.288
39.8628
233.483
226.64
142.623
303.453
260.907
242.304
20.8445
236.929
255.037
281.44
276.024
190.013
186.876
187.762
176.082
152.398
151.207
177.415
40.5287
144.985
143.721
42.7878
33.8272
142.891
218.606
429.175
275.714
457.904
211.143
600.071
543.705
562.624
587.629
521.24
562.803
655.426
623.089
587.594
465.058
487.639
520.924
615.783
719.046
819.563
296.761
258.185
389.99
280.737
386.601
346.132
1190.94
695.223
440.211
674.14
1799.99
1064.59
3090.8
790.052
780.583
724.029
607.633
339.553
516.805
745.164
710.989
728.034
1323.49
122.074
1042.74
755.638
1009.63
770.251
697.913
769.344
341.29
326.663
460.34
427.514
371.603
396.119
397.72
527.511
502.48
398.226
389.519
404.286
402.813
403.187
401.867
644.321
558.17
604.954
596.705
538.639
583.19
655.713
638.25
627.572
492.745
493.417
547.505
632.297
483.869
532.965
525.27
358.963
449.112
670.543
653.341
591.65
366.907
330.954
400.182
664.524
675.697
673.743
777.923
790.855
713.383
668.247
725.554
693.48
688.28
709.54
681.562
314.858
375.569
373.903
387.194
274.204
345.61
346.756
228.379
270.682
332.13
338.473
229.989
350.385
358.788
362.478
346.895
285.577
243.081
285.248
245.488
15.2482
69.5339
29.6256
28.8084
16.7906
81.7498
25.136
25.5293
18.8415
211.086
198.387
222.501
185.594
155.359
157.044
53.907
80.8307
161.436
158.534
193.834
91.3899
180.079
72.7299
83.8593
164.674
172.553
65.8252
54.3005
34.3213
13.0343
57.5777
34.0982
50.8076
7.44747
43.2437
54.0274
285.981
301.901
302.191
232.202
195.257
232.439
290.895
193.851
310.376
307.578
227.832
189.718
228.055
190.876
339.702
377.358
381.702
344.455
568.815
567.442
324.926
351.04
387.953
382.079
345.239
384.648
561.723
338.993
376.926
559.338
560.236
299.635
283.287
297.125
188.044
224.254
187.372
81.4956
61.0112
82.627
33.1971
16.8561
56.4917
11.0297
75.4809
25.5629
31.8212
267.732
248.665
308.082
471.293
448.132
413.512
334.62
432.008
375.828
287.526
388.307
348.386
93.743
188.63
126.661
49.8931
119.656
94.9899
42.8352
17.4333
67.7664
220.463
179.419
152.622
109.771
108.896
73.1347
80.0522
81.5397
61.1036
64.4401
61.5751
57.1192
110.309
61.7473
65.8575
72.6834
338.822
149.627
102.428
127.459
283.243
247.475
134.57
170.131
129.181
47.4569
88.2555
79.2485
157.143
116.58
105.938
386.425
394.55
422.673
500.505
469.345
468.167
382.158
454.678
436.892
347.346
415.496
426.023
188.39
227.58
194.305
287.379
222.481
209.278
170.628
271.05
202.925
207.974
173.849
191.004
138.395
125.326
154.363
276.385
202.061
176.115
130.419
145.98
110.752
270.931
273.152
249.724
243.487
320.648
284.351
224.665
461.761
289.485
343.671
397.905
294.662
348.472
351.433
172.759
232.229
212.381
179.529
206.079
193.816
183.257
335.088
257.32
217.427
340.677
149.434
172.936
177.153
162.434
184.368
171.019
149.168
5.36297
143.836
115.297
115.719
52.0295
207.271
126.491
107.75
72.9578
218.369
224.506
99.391
55.9561
60.3127
64.3397
68.3087
50.8395
53.6287
60.8145
84.3316
148.128
96.9008
110.138
62.4035
66.2784
73.5305
62.781
51.6342
48.6261
66.0832
93.6421
120.099
86.533
87.9054
114.321
110.336
76.6868
155.844
111.951
127.362
156.655
145.457
133.296
135.302
127.248
150.282
170.584
179.983
227.214
198.615
83.142
87.8008
122.932
107.878
93.0247
77.9858
107.722
106.728
168.251
97.5945
174.951
58.1745
83.052
66.1668
56.1
53.28
71.9407
60.3555
128.415
185.36
160.384
179.707
193.791
175.259
153.787
142.477
201.113
193.499
133.954
232.036
240.942
300.77
280.122
257.853
258.842
303.99
319.691
257.916
328.833
323.456
238.82
199.379
237.273
201.621
259.171
296.871
312.754
313.44
248.058
209.501
247.881
207.761
376.354
410.28
404.141
367.081
406.479
578.441
574.288
352.821
391.142
399.69
362.639
588.43
586.995
586.684
365.553
375.962
408.67
411.683
385.362
409.109
548.684
363.165
393.688
407.854
411.737
391.187
411.227
581.736
334.336
317.034
336.551
267.585
324.282
328.728
228.886
268.619
329.372
225.612
338.579
356.632
351.35
256.241
213.973
257.237
215.918
194.21
179.463
153.172
177.99
154.315
154.36
152.442
49.5523
41.6586
81.0413
46.1156
149.976
151.532
42.9864
145.721
43.2475
146.77
39.6195
81.0621
149.23
147.83
45.8682
12.496
77.0286
69.0441
68.4195
20.6604
27.7047
71.8663
18.4055
29.7532
75.5584
65.6182
73.5218
265.415
336.787
433.905
374.256
347.437
305.618
73.8096
243.221
204.571
203.481
283.658
370.698
328.52
359.272
351.493
371.842
241.538
249.661
249.195
47.0448
263.571
32.6647
64.6682
131.594
200.366
62.0906
65.8441
93.8751
497.933
54.8799
871.953
471.12
834.818
674.297
241.16
201.554
873.004
471.528
1081.52
746.307
129.941
329.106
607.791
605.252
692.756
519.696
386.336
243.59
251.699
319.619
267.785
253.66
37.3309
50.2128
250.305
288.004
194.045
190.03
252.966
184.176
284.3
188.184
323.653
671.358
665.743
664.861
663.736
663.589
182.875
281.142
217.051
752.171
591.007
585.491
687.174
499.988
399.299
653.307
666.981
673.426
668.869
612.84
638.724
672.311
644.799
296.471
337.121
133.238
148.655
85.6025
195.341
202.518
117.875
280.746
234.204
227.969
268.908
241.506
299.36
196.306
294.043
203.822
214.769
206.765
339.421
673.967
689.745
336.329
699.854
689.322
627.039
654.32
694.864
663.661
289.809
245.957
330.935
232.622
295.296
319.915
216.349
227.987
190.103
69.9206
66.9425
650.678
645.914
643.95
643.561
642.353
149.417
10.7642
125.162
126.14
3.29345
112.251
79.4673
47.3115
142.115
35.6117
156.946
218.575
86.5637
384.004
394.019
487.285
377.16
375.895
327.404
386.863
311.875
64.6166
31.3604
26.3252
82.7518
49.9714
49.9277
52.6029
76.1157
18.0487
9.90016
246.613
286.388
253.885
292.834
295.436
320.047
327.733
313.365
240.405
280.735
173.415
254.415
128.875
247.63
159.884
154.908
62.8839
149.189
200.93
108.698
126.255
254.1
196.313
238.974
247.181
222.652
234.724
261.852
304.324
309.693
257.362
297.099
342.461
332.52
359.175
368.451
278.58
319.165
301.662
344.204
82.8506
47.3639
84.6356
31.9327
23.089
29.6545
25.4182
18.765
251.731
234.92
234.631
251.164
299.664
246.493
246.385
323.702
255.257
294.32
258.81
265.944
261.123
288.586
239.915
156.64
48.0667
58.2035
135.498
13.6206
72.8599
57.3541
42.3874
71.9256
250.21
280.749
227.643
294.326
218.197
391.885
242.442
358.858
237.156
412.808
247.768
246.824
429.963
253.945
16.2959
188.997
167.203
191.957
164.518
243.18
197.645
191.368
193.776
239.854
243.872
196.181
192.787
248.333
53.3537
71.4745
198.67
198.604
195.63
195.81
184.34
157.273
182.435
159.095
237.337
192.735
240.401
189.127
237.977
187.735
190.178
235.31
60.736
62.7744
12.1607
116.931
119.18
247.517
232.254
251.221
226.47
288.441
239.763
235.964
251.376
247.517
284.281
287.977
265.297
258.682
288.625
260.166
256.393
20.887
124.127
91.0947
91.6763
132.34
120.165
323.827
237.04
304.467
256.708
458.226
385.13
275.579
509.16
459.137
259.375
436.4
273.331
39.4414
142.685
34.3764
151.767
135.786
187.958
175.571
149.356
174.501
150.394
227.85
184.101
181.139
229.889
228.421
180.504
226.961
181.572
88.5707
39.0449
537.194
499.027
738.547
575.168
793.134
392.926
382.466
365.674
314.032
895.339
971.008
475.565
78.8875
296.449
174.921
243.948
540.162
95.8183
338.502
228.77
553.972
526.983
297.475
990.997
1014.06
420.403
565.82
662.188
598.904
820.465
553.138
577.356
1433.82
713.493
336.659
517.124
271.81
630.259
1027.84
402.232
401.497
395.268
412.287
407.302
474.492
460.2
469.665
467.109
616.179
525.429
509.87
587.48
483.522
471.67
471.218
479.061
520.673
467.819
439.094
449.92
436.865
552.279
445.646
430.604
445.004
452.114
440.955
443.499
613.635
375.356
393.518
393.931
401.504
355.491
318.583
353.084
374.045
326.984
362.241
342.377
363.293
277.441
227.26
246.445
267.566
235.882
245.178
354.318
372.206
368.112
311.363
359.709
354.398
258.053
261.482
259.287
293.089
229.964
260.419
82.1308
13.3631
23.6089
17.4696
28.1648
31.6649
33.8918
19.3077
15.8484
201.698
170.042
194.776
177.127
268.144
225.764
224.26
278.195
210.609
259.552
202.77
196.911
251.567
203.392
88.6016
49.1118
53.785
73.4385
64.0336
55.1196
41.6193
60.7799
14.7289
58.6517
38.9496
2.41073
44.7734
304.26
285.222
301.717
286.471
247.174
288.894
290.144
229.894
194.384
193.97
290.311
231.96
191.867
191.851
306.43
307.091
254.296
292.045
292.265
284.911
227.765
187.9
185.844
286.039
225.757
190.102
188.215
320.19
341.328
379.378
341.678
379.221
501.196
484.59
486.528
500.177
571.938
667.694
502.772
491.759
488.084
506.497
566.229
665.82
327.162
347.342
385.337
347.036
562.92
503.508
488.625
488.46
502.78
561.467
663.973
505.433
492.044
492.281
506.046
563.49
664.856
336.827
375.447
505.308
662.909
506.219
493.328
506.284
492.967
280.656
186.623
183.356
223.688
181.98
1395.54
1025.49
598.133
567.693
431.916
596.172
237.77
490.351
657.915
660.658
674.422
673.082
617.2
628.927
663.769
658.282
77.994
86.2787
62.6611
69.5061
150.75
224.629
171.487
188.532
183.839
313.761
342.098
317.637
239.834
101.939
132.781
126.979
89.677
360.003
579.967
349.307
373.973
484.577
448.196
409.622
375.159
13.4416
87.7387
32.9294
217.638
226.905
143.217
98.3681
88.1895
74.8523
80.3762
120.792
70.5817
99.8624
173.747
92.8049
83.5928
319.579
262.105
246.058
194.688
213.436
217.478
247.175
233.717
317.012
184.774
310.983
285.304
225.673
302.862
321.838
304.753
301.974
322.867
261.327
302.947
309.54
306.468
297.259
240.312
196.656
199.016
296.287
234.503
202.054
202.242
296.691
318.075
314.456
255.026
300.206
307.177
244.746
209.25
213.211
249.653
204.999
210.174
340.968
372.625
408.037
371.518
579.674
525.437
522.23
515.507
533.257
679.738
518.033
498.536
511.406
504.572
584.925
682.085
334.625
355.578
393.697
357.847
397.594
548.449
535.161
540.299
583.785
542.484
695.071
698.091
549.401
539.682
540.994
547.312
359.727
379.555
411.299
380.056
559.42
489.451
481.187
476.945
495.63
543.591
630.445
484.203
471.393
482.325
474.07
566.93
643.029
367.068
392.136
409.647
392.336
578.976
522.611
496.929
507.93
570.241
508.887
684.783
586.447
678.881
533.363
531.696
542.63
523.829
341.678
336.447
282.125
321.689
327.203
315.936
261.892
229.058
243.446
269.469
220.747
238.871
346.208
333.911
349.059
301.254
336.348
317.566
258.871
211.177
220.364
319.415
253.055
217.119
224.087
215.687
206.497
191.508
191.767
180.152
156.709
182.041
155.202
232.142
183.365
229.617
185.312
232.557
188.836
235.493
185.242
83.58
46.4838
84.7306
43.6946
70.5536
34.0222
74.2269
76.0693
66.1451
26.3373
68.7929
65.5632
28.4203
71.7397
71.0692
647.87
645.77
643.184
644.598
641.75
640.538
)
;
    }
    procBoundary1to0
    {
        type            processor;
        value           nonuniform List<scalar> 
224
(
323.11
323.11
323.11
339.688
280.262
286.221
328.352
288.936
275.946
524.439
986.426
524.439
524.439
392.669
1011.46
275.689
227.621
233
274.503
231.501
226.926
601.01
772.918
697.426
522.594
354.753
352.619
399.509
1024.34
323.041
282.214
272.736
266.635
222.444
220.379
844.268
875.207
940.709
874.247
664.333
676.025
1159.96
464.065
844.268
844.268
664.333
664.333
676.025
676.025
432.977
573.445
815.507
1026.46
928.386
999.37
720.305
720.305
720.305
662.525
662.525
662.525
709.371
709.371
709.371
299.465
247.272
258.032
268.481
221.809
224.598
339.999
282.294
281.804
319.603
273.171
295.208
599.417
520.36
344.947
768.773
672.138
620.202
1052.36
3659.94
974.163
277.333
234.285
229.218
272.78
225.409
229.831
339.369
295.647
297.738
329.102
293.672
282.12
264.945
218.91
220.783
1159.96
1720.7
664.959
639.165
580.52
737.677
974.163
1159.96
1159.96
3659.94
1720.7
1720.7
664.959
664.959
639.165
639.165
455.442
395.538
891.012
368.651
362.778
266.729
669.282
669.282
669.282
688.474
688.474
688.474
282.819
237.341
236.841
270.627
227.232
223.493
395.538
344.947
362.778
362.778
697.426
544.765
478.016
697.426
806.192
280.262
286.221
282.294
281.804
288.936
275.946
273.171
295.208
227.621
233
234.285
229.218
231.501
226.926
225.409
229.831
352.619
399.509
295.647
297.738
282.214
272.736
293.672
282.12
222.444
220.379
218.91
220.783
737.677
974.163
3548.71
1586.19
244.605
1097.69
5153.74
610.946
607.134
585.729
592.304
473.359
633.157
598.338
527.117
573.445
815.507
891.012
368.651
544.318
650.023
629.023
625.891
637.476
643.941
647.795
652.45
650.518
642.539
247.272
258.032
237.341
236.841
221.809
224.598
227.232
223.493
702.863
836.215
806.192
1058.36
988.324
942.364
973.668
870.687
921.307
938.639
993.659
932.276
1000.01
1042.27
961.803
1017.89
)
;
    }
    procBoundary1to3
    {
        type            processor;
        value           nonuniform List<scalar> 
23
(
197.224
185.726
152.591
152.591
152.591
16.4908
114.948
18.2632
73.9919
184.92
152.748
179.126
181.063
131.103
13.1792
56.9467
131.103
48.3148
35.3611
69.5394
205.477
192.146
201.849
)
;
    }
    procBoundary1to4
    {
        type            processor;
        value           nonuniform List<scalar> 
78
(
1011.12
1029.33
1029.33
1011.12
1011.12
976.108
1002.64
974.712
1038.91
994.052
994.052
976.108
1002.64
1002.64
974.712
974.712
686.543
683.481
1000.44
683.946
696.922
696.922
696.922
686.543
686.543
683.481
683.481
1000.44
683.946
892.268
683.946
683.946
681.897
681.475
709.581
709.581
709.581
719.151
719.151
719.151
681.897
681.897
681.475
681.475
682.357
646.238
642.314
645.081
649.906
651.259
650.49
647.871
639.142
642.064
637.881
636.734
629.939
629.53
632.74
633.267
626.084
627.214
624.878
967.712
968.963
1054.82
1065.47
1014.72
1054.82
1028.51
1063.02
1043.73
1052.13
967.712
1040.51
968.963
1041.87
1043.04
)
;
    }
    procBoundary1to5
    {
        type            processor;
        value           nonuniform List<scalar> 
55
(
818.235
725.813
906.319
468.26
878.252
526.902
320.517
333.533
281.9
598.335
333.533
979.364
526.902
439.052
320.517
598.335
598.335
472.31
281.9
333.533
333.533
360.985
252.226
299.317
283.663
312.566
232.438
398.686
350.177
373.185
398.686
561.329
637.411
637.411
284.758
272.27
263.004
290.079
254.287
254.287
289.179
212.722
226.579
662.937
725.813
677.971
906.319
677.971
677.971
1019.46
493.295
493.295
505.61
493.295
597.493
)
;
    }
}


// ************************************************************************* //
