/*--------------------------------*- C++ -*----------------------------------*\
| =========                 |                                                 |
| \\      /  F ield         | OpenFOAM: The Open Source CFD Toolbox           |
|  \\    /   O peration     | Version:  2012                                  |
|   \\  /    A nd           | Website:  www.openfoam.com                      |
|    \\/     M anipulation  |                                                 |
\*---------------------------------------------------------------------------*/
FoamFile
{
    version     2.0;
    format      ascii;
    class       volScalarField;
    location    "0.105/solid";
    object      sigmaDiff;
}
// * * * * * * * * * * * * * * * * * * * * * * * * * * * * * * * * * * * * * //

dimensions      [1 -1 -2 0 0 0 0];


internalField   nonuniform List<scalar> 
3124
(
-313.673
-12.4158
-268.18
-858.848
-263.907
-17.8458
-274.798
-877.869
-269.365
-212.167
-584.22
-833.219
-255.612
-202.49
-184.512
-253.054
-398.619
-192.461
-215.133
-851.523
-213.703
-212.614
-201.388
-374.47
-299.255
-638.632
-556.602
-743.871
-393.929
-508.678
-77.6917
-248.101
-70.9711
-276.607
-518.836
-877.117
-852.238
-289.295
-877.019
-510.774
-668.295
-345.823
-68.3205
-95.844
-101.332
-373.488
-93.3312
-214.894
-307.247
-889.4
-526.852
-899.907
-289.233
-949.259
-537.311
-262.872
-204.852
-192.206
-18.4593
-171.269
-573.948
-467.771
-473.792
-520.512
-519.111
-877.629
-563.357
-410.52
-768.825
-868.678
-589.087
-847.409
-338.419
-617.077
-658.803
-634.028
-577.463
-465.31
-631.484
-446.791
-507.586
-82.0485
-74.9399
-238.112
-22.2346
-60.1176
-28.4558
-66.3973
-373
-360.615
-692.323
-691.491
-276.35
-851.657
-881.987
-504.557
-692.659
-356.202
-581.321
-663.839
-60.199
-481.134
-156.494
-92.0279
-129.26
-501.048
-241.245
-188.702
-405.561
-342.436
-227.875
-95.9673
-211.93
-290.444
-209.315
-274.868
-309.77
-873.991
-850.82
-571.814
-341.882
-926.95
-555.432
-373.922
-387.836
-704.954
-738.099
-661.22
-724.722
-447.394
-399.174
-237.809
-206.734
-193.167
-21.0175
-18.4857
-21.5909
-26.6969
-22.0153
-1001.07
-51.1962
-13.4878
-229.59
-266.553
-236.912
-266.152
-105.468
-28.1142
-18.6617
-81.7867
-301.891
-227.068
-244.982
-275.634
-363.607
-184.641
-385.297
-354.131
-430.378
-353.128
-305.396
-947.287
-894.775
-774.929
-561.578
-725.497
-609.117
-726.099
-563.57
-207.096
-377.706
-301.945
-377.38
-280.134
-467.827
-206.914
-169.231
-174.815
-892.591
-777.902
-705.01
-194.517
-131.266
-322.585
-328.057
-370.934
-225.983
-162.822
-338.476
-212.137
-339.063
-260.894
-351.347
-230.531
-322.709
-134.624
-186.835
-208.615
-157.828
-247.869
-148.577
-152.729
-144.565
-193.284
-230.726
-182.418
-234.827
-140.584
-203.709
-214.936
-210.926
-198.212
-167.829
-164.063
-635.956
-623.358
-1187.94
-517.814
-672.438
-737.448
-643.618
-446.684
-1025.94
-321.535
-408.239
-465.394
-572.643
-406.857
-139.457
-197.835
-65.1705
-197.077
-265.628
-214
-233.928
-69.0193
-176.522
-194.808
-565.323
-283.73
-501.399
-370.291
-371.367
-497.732
-565.233
-566.818
-283.275
-377.84
-501.119
-572.913
-374.503
-496.241
-280.31
-121.208
-54.393
-101.19
-103.854
-75.6955
-92.8103
-251.179
-132.016
-108.431
-89.2765
-75.327
-91.971
-111.78
-68.4
-95.0162
-81.375
-46.0832
-101.707
-95.1226
-310.586
-293.919
-254.557
-196.879
-156.336
-202.011
-252.441
-165.651
-207.168
-605.971
-296.707
-555.456
-402.673
-612.625
-398.011
-550.719
-595.965
-295.097
-384.812
-514.877
-583.546
-390.932
-533.181
-277.026
-203.183
-189.947
-158.602
-121.341
-430.694
-705.895
-1227.25
-141.264
-220.583
-266.44
-496.715
-224.476
-339.738
-501.648
-507.572
-568.618
-630.276
-708.639
-472.967
-517.184
-1221.19
-1285.01
-274.917
-587.132
-502.498
-744.937
-400.612
-415.42
-354.859
-951.567
-473.021
-859.983
-1266.2
-882.232
-1157.39
-436.751
-792.669
-4418.28
-659.515
-918.446
-540.784
-515.064
-720.34
-772.771
-591.982
-711.11
-514.104
-1624.16
-886.045
-1059.02
-1470.39
-498.601
-708.905
-768.859
-829.881
-670.417
-635.544
-587.908
-348.451
-487.697
-640.507
-548.787
-444.273
-620.137
-357.418
-525.355
-420.987
-537.494
-429.93
-606.648
-497.013
-458.05
-655.489
-530.428
-532.681
-536.684
-634.394
-523.934
-467.296
-470.097
-633.659
-507.178
-572.007
-664.158
-705.492
-438.061
-609.594
-619.109
-376.033
-487.042
-669.263
-749.834
-320.152
-573.839
-679.485
-1266.64
-688.258
-719.713
-743.211
-785.48
-690.159
-500.122
-407.309
-387.281
-463.542
-411.576
-394.058
-408.572
-489.089
-473.813
-385.293
-10.032
-70.447
-29.651
-71.2994
-32.9152
-28.485
-210.243
-204.154
-178.937
-130.762
-29.4951
-135.649
-166.326
-33.8366
-139.597
-61.8975
-37.5288
-53.6225
-36.5864
-43.2628
-50.9175
-315.204
-322.658
-336.052
-370.647
-335.114
-330.479
-327.019
-330.052
-366.135
-329.386
-462.121
-456.72
-545.187
-687.854
-539.607
-464.572
-461.353
-547.637
-688.11
-538.86
-503.141
-369.135
-565.956
-460.009
-547.387
-311.238
-323.856
-896.079
-4471.6
-626.528
-238.865
-140.945
-79.8037
-95.9585
-63.7106
-54.489
-138.668
-98.8732
-224.307
-417.726
-522.295
-374.581
-411.82
-343.239
-304.759
-170.723
-116.236
-120.223
-256.156
-38.9417
-280.452
-198.025
-127.63
-114.714
-115.312
-175.399
-262.942
-104.518
-103.96
-138.835
-97.5745
-179.369
-410.176
-446.187
-529.526
-412.684
-410.655
-366.038
-393.745
-290.036
-240.96
-338.443
-222.388
-244.684
-211.496
-262.828
-282.802
-126.896
-288.96
-197.701
-303.53
-192.276
-284.386
-263.437
-522.422
-298.725
-330.324
-312.387
-240.456
-262.839
-223.14
-173.583
-288.254
-54.5575
-170.928
-126.747
-184.481
-183.29
-185.638
-165.426
-245.047
-293.278
-223.53
-284.099
-207.598
-183.619
-89.776
-145.217
-110.74
-130.459
-94.7104
-204.12
-129.37
-155.764
-142.351
-153.94
-231.84
-311.301
-325.892
-191.54
-257.76
-221.455
-134.953
-161.15
-111.829
-218.685
-158.737
-355.715
-324.899
-241.564
-606.778
-327.753
-546.794
-406.285
-610.795
-529.777
-410.552
-600.217
-328.727
-516.588
-418.74
-601.139
-517.076
-414.952
-334.937
-323.471
-341.44
-375.306
-342.837
-330.523
-324.274
-353.143
-378.141
-352.476
-499.791
-494.483
-550.984
-721.66
-583.064
-470.595
-493.281
-595.675
-734.356
-589.564
-502.278
-480.579
-530.053
-673.441
-539.11
-469.254
-473.022
-592.213
-697.838
-548.839
-346.434
-373.618
-384.747
-430.976
-379.417
-394.607
-383.317
-367.001
-419.103
-368.356
-220.743
-208.833
-197.06
-159.597
-162.865
-129.529
-19.1957
-126.043
-122.188
-18.9469
-125.032
-73.4368
-64.0403
-24.1126
-68.1779
-23.5078
-72.1988
-69.2282
-35.3264
-11.1639
-16.3194
-30.8749
-37.1744
-18.8016
-17.4603
-31.427
-21.6251
-20.9733
-48.196
-32.3427
-25.8415
-36.6896
-314.919
-390.076
-362.376
-408.098
-396.377
-359.317
-361.347
-613.709
-418.751
-519.289
-384.057
-447.98
-480.906
-532.178
-497.148
-509.296
-754.894
-500.176
-624.28
-642.933
-461.782
-81.8361
-70.4711
-73.1548
-72.3099
-65.6664
-73.03
-415.274
-279.681
-336.705
-314.893
-313.991
-336.256
-415.398
-417.952
-285.148
-322.654
-345.13
-423.822
-322.83
-343.049
-534.902
-657.691
-98.5229
-88.8132
-110.842
-87.9533
-107.769
-95.026
-114.786
-108.561
-190.764
-188.572
-147.359
-455.089
-300.275
-372.163
-343.524
-459.583
-341.693
-370.752
-433.404
-292.052
-328.279
-348.908
-427.539
-326.656
-351.337
-11.5683
-19.0788
-12.6274
-287.956
-451.91
-396.997
-585.9
-496.468
-446.905
-360.127
-431.034
-537.885
-430.648
-406.107
-461.721
-345.152
-390.349
-375.616
-394.918
-373.79
-456.202
-521.234
-408.683
-400.74
-403.647
-365.876
-339.204
-306.325
-313.919
-43.2089
-76.7419
-39.105
-74.2982
-34.1854
-36.4051
-8.49946
-24.2417
-7.57587
-50.6237
-49.9614
-33.3375
-23.9001
-30.5462
-21.5958
-27.4424
-59.6745
-22.7615
-242.59
-244.392
-254.883
-251.821
-341.778
-346.739
-357.177
-351.744
-414.267
-334.563
-272.715
-310.901
-416.041
-333.539
-310.556
-343.066
-338.251
-241.314
-238.759
-75.4856
-77.4066
-107.541
-74.6289
-91.5767
-194.105
-212.389
-281.046
-380.567
-337.788
-271.135
-379.728
-249.054
-316.868
-229.303
-251.842
-258.354
-55.7922
-117.267
-73.2356
-205.545
-164.264
-157.874
-236.321
-172.212
-205.955
-458.4
-317.722
-377.284
-351.167
-457.249
-375.815
-351.911
-450.949
-333.625
-388.737
-370.095
-455.701
-385.311
-371.703
-269.478
-264.195
-253.388
-255.482
-385.726
-373.654
-358.175
-359.192
-380.081
-394.729
-399.516
-393.417
-273.09
-278.655
-309.67
-302.71
-8.84619
-20.5681
-9.16614
-11.0303
-19.0554
-10.7829
-21.2308
-33.6678
-33.4314
-25.7305
-25.7502
-26.0262
-22.3791
-32.6008
-30.9414
-10.8565
-54.8604
-66.639
-22.2673
-14.6117
-17.8768
-30.6252
-23.3633
-257.868
-263.107
-230.096
-234.171
-261.908
-236.365
-259.153
-258.878
-239.904
-237.083
-257.365
-240.216
-257.794
-258.201
-243.523
-243.126
-258.747
-241.186
-160.181
-270.168
-238.78
-28.8034
-16.1696
-26.3649
-19.4912
-64.1577
-21.566
-77.6649
-86.8847
-141.56
-65.3985
-59.4649
-104.46
-128.592
-46.9547
-89.6107
-163.215
-61.1139
-292.368
-272.884
-224.894
-229.823
-273.703
-227.236
-287.048
-308.946
-243.936
-313.489
-236.81
-320.929
-235.532
-301.521
-249.578
-257.175
-266.569
-266.807
-380.051
-511.697
-400.064
-322.884
-325.375
-448.335
-397.151
-284.191
-347.708
-306.824
-356.276
-275.967
-313.241
-348.046
-381.469
-431.775
-418.645
-364.059
-372.65
-436.876
-362.017
-275.369
-356.617
-251.786
-327.843
-259.915
-310.659
-320.853
-949.939
-837.722
-959.741
-876.639
-810.914
-1208.3
-834.559
-406.98
-497.386
-458.676
-557.065
-399.611
-494.067
-465.038
-270.73
-225.229
-257.357
-214.717
-261.061
-226.875
-278.657
-358.155
-433.492
-311.498
-390.909
-334.878
-349.755
-429.009
-305.742
-358.622
-237.346
-291.831
-251.679
-312.28
-349.42
-199.894
-196.324
-170.245
-170.572
-198.158
-171.908
-197.69
-201.133
-175.84
-202.318
-172.365
-203.933
-173.184
-199.688
-234.472
-258.308
-198.204
-157.402
-181.148
-253.656
-215.761
-216.205
-323.216
-279.078
-282.964
-248.245
-242.748
-282.613
-289.615
-319.158
-370.123
-317.848
-335.029
-317.738
-271.472
-172.365
-145.272
-175.762
-225.851
-135.741
-196.447
-230.978
-307.055
-350.275
-290.499
-344.382
-295.854
-355.891
-305.026
-262.316
-225.228
-251.663
-224.156
-251.326
-242.771
-254.267
-314.293
-343.221
-294.175
-359.305
-310.468
-289.714
-361.415
-261.851
-259.268
-238.433
-243.213
-246.578
-263.893
-261.444
-170.319
-188.343
-185.998
-171.039
-182.757
-175.658
-158.297
-170.801
-214.935
-203.589
-230.101
-195.432
-171.073
-211.977
-148.899
-95.494
-163.456
-132.535
-151.606
-125.787
-121.278
-186.26
-170.576
-141.718
-165.171
-172.38
-184.199
-158.254
-202.417
-196.18
-211.17
-169.31
-216.987
-187.128
-183.554
-211.578
-205.704
-232.889
-224.269
-224.592
-205.534
-210.989
-175.379
-132.946
-153.58
-144.503
-166.823
-155.725
-147.563
-197.062
-198.105
-199.917
-197.861
-197.59
-195.287
-193.866
-195.736
-195.756
-194.881
-169.243
-166.543
-197.384
-167.573
-193.713
-194.996
-165.098
-191.311
-165.214
-193.535
-166.612
-192.384
-633.65
-388.284
-756.164
-763.108
-898.791
-454.243
-447.998
-504.18
-352.363
-602.003
-635.511
-760.568
-398.433
-354.564
-154.823
-135.116
-129.142
-212.839
-198.642
-215.202
-135.057
-123.486
-65.1479
-70.504
-69.4733
-127.261
-212.527
-198.465
-120.124
-214.297
-128.408
-120.45
-248.801
-240.11
-215.505
-222.447
-224.913
-241.653
-247.134
-253.501
-236.768
-255.297
-229.168
-256.522
-231.515
-252.214
-73.032
-76.2837
-77.0349
-121.247
-106.918
-190.452
-184.682
-199.092
-119.955
-115.382
-130.808
-209.122
-121.859
-190.654
-130.91
-204.183
-120.158
-413.921
-279.267
-316.734
-338.22
-415.763
-316.343
-337.684
-417.057
-286.384
-321.152
-340.987
-415.718
-319.931
-340.641
-570.986
-247.777
-248.841
-301.56
-118.553
-96.6395
-87.2547
-91.0508
-111.5
-115.022
-105.618
-128.487
-248.397
-121.451
-168.725
-179.343
-170.811
-140.466
-108.948
-184.618
-90.2516
-121.808
-141.303
-112.403
-97.5408
-120.632
-83.8085
-119.37
-106.646
-103.852
-92.7491
-119.911
-89.3838
-118.017
-120.894
-94.8308
-74.3772
-78.6637
-77.8742
-96.5417
-79.2839
-83.7248
-119.766
-116.198
-94.0439
-101.164
-124.49
-108.621
-117.439
-81.2746
-85.4427
-78.3246
-112.689
-67.611
-97.0679
-90.196
-71.1151
-69.0211
-46.6665
-67.0339
-72.9474
-80.938
-58.2277
-78.4708
-72.9908
-133.073
-97.0957
-99.6495
-84.5174
-85.9013
-354.478
-357.702
-324.242
-279.336
-279.878
-401.231
-347.093
-343.114
-254.1
-324.566
-266.471
-331.851
-269.781
-333.971
-147.756
-135.994
-212.129
-196.777
-210.426
-149.928
-139.736
-137.571
-121.94
-117.412
-148.422
-221.768
-198.881
-138.528
-215.183
-148.376
-140.328
-163.974
-200.483
-299.615
-233.071
-251.981
-233.648
-164.427
-178.318
-124.593
-132.741
-160.252
-225.739
-218.685
-139.159
-245.406
-142.094
-146.574
-455.252
-299.85
-338.328
-363.841
-449.996
-338.014
-367.847
-437.261
-290.818
-331.232
-360.118
-445.654
-330.816
-354.093
-238.15
-253.781
-266.51
-259.46
-190.038
-187.84
-186.681
-187.828
-186.946
-185.368
-159.808
-157.658
-158.725
-188.008
-184.524
-186.34
-156.911
-182.948
-156.712
-185.49
-157.86
-183.656
-61.6184
-55.7476
-134.538
-120.3
-133.352
-62.9445
-55.0244
-19.4056
-13.2431
-60.7245
-119.36
-132.439
-54.4291
-1209.97
-409.354
-505.403
-316.79
-539.111
-284.111
-363.195
-496.849
-342.929
-443.311
-753.539
-740.213
-663.519
-462.439
-1300.93
-609.678
-226.939
-1463.83
-337.853
-892.313
-235.731
-297.427
-808.976
-247.902
-445.197
-187.299
-273.377
-176.312
-388.457
-168.809
-588.178
-637.609
-569.638
-524.209
-549.523
-604.996
-603.371
-610.833
-571.321
-618.434
-542.46
-591.142
-618.786
-562.853
-649.508
-684.527
-662.127
-697.793
-624.412
-674.265
-666.157
-560.561
-492.73
-491.595
-517.614
-524.826
-557.849
-518.227
-495.871
-1351.14
-661.9
-523.379
-1123.01
-374.993
-610.245
-455.997
-471.908
-995.851
-1188.06
-279.426
-1233.23
-735.946
-330.143
-810.082
-565.805
-400.767
-283.201
-1038.49
-295.841
-658.962
-674.838
-841.96
-714.813
-1036.88
-693.155
-770.686
-637.897
-1856.14
-536.064
-730.103
-371.213
-366.105
-305.385
-363.082
-559.354
-124.442
-705.605
-267.89
-318.219
-368.455
-462.053
-389.348
-435.968
-557.78
-390.562
-478.283
-613.562
-1713.26
-347.657
-1633.95
-613.396
-1023.15
-574.749
-503.151
-548.938
-1607.52
-2599.48
-1002.21
-886.26
-2509.87
-584.959
-333.245
-880.913
-1027.93
-580.944
-812.802
-1365.36
-359.255
-802.741
-3874.61
-1294.28
-3709.46
-1048.01
-3934.37
-1191.3
-780.209
-866.015
-851.391
-878.978
-830.611
-790.497
-845.843
-634.704
-472.853
-637.786
-435.657
-605.162
-590.63
-463.138
-753.729
-808.221
-748.48
-796.225
-767.123
-826.345
-722.308
-1700.07
-568.392
-209.355
-1898.63
-1079.35
-4072.48
-5214.91
-2880.58
-844.635
-1672.44
-880.525
-972.276
-1345.73
-738.041
-858.161
-679.211
-512.015
-1444.85
-1321.16
-338.387
-1549.2
-810.314
-522.574
-1347
-1020.21
-388.643
-368.344
-1516.77
-405.757
-861.824
-871.913
-795.697
-812.489
-909.714
-855.128
-827.06
-485.243
-364.992
-404.521
-384.859
-470.502
-410.916
-388.151
-463.507
-345.366
-403.613
-383.654
-473.51
-398.874
-382.114
-460.474
-461.582
-468.934
-447.584
-414.175
-399.374
-438.992
-411.606
-464.687
-424.759
-436.096
-426.981
-560.575
-640.823
-640.59
-555.091
-534.539
-618.356
-543.033
-622.81
-421.125
-659.051
-574.197
-589.894
-554.602
-572.785
-483.369
-599.643
-422.627
-401.525
-423.783
-469.899
-419.189
-426.341
-419.215
-418.767
-431.091
-466.629
-425.912
-417.517
-631.194
-675.464
-571.926
-642.217
-578.588
-626.625
-683.28
-608.041
-576.492
-621.119
-550.049
-626.091
-602.745
-555.161
-664.757
-692.513
-667.971
-716.085
-680.703
-652.529
-709.976
-566.951
-504.986
-466.872
-506.445
-513.52
-567.483
-516.81
-582.938
-671.022
-513.227
-618.902
-520.183
-572.316
-673.345
-510.39
-477.758
-580.993
-406.393
-581.184
-505.745
-395.245
-637.072
-714.017
-696.287
-767.968
-702.817
-631.937
-724.211
-451.602
-400.777
-320.818
-351.907
-396.398
-448.625
-354.375
-756.457
-706.761
-717.333
-691.468
-727.478
-726.646
-735.043
-771.439
-749.454
-897.836
-935.06
-818.274
-840.642
-809.802
-762.7
-721.891
-791.374
-744.379
-766.433
-757.891
-734.69
-782.376
-745.468
-796.703
-797.721
-806.145
-752.566
-760.82
-325.537
-339.147
-403.815
-388.752
-420.224
-457.631
-428.458
-363.8
-421.676
-396.412
-371.746
-343.431
-421.198
-345.691
-384.329
-394.448
-365.305
-401.592
-404.573
-369.494
-306.969
-327.181
-309.174
-333.605
-357.029
-390.069
-396.663
-356.694
-305.967
-347.039
-312.412
-330.015
-328.859
-318.582
-384.576
-347.967
-388.797
-377.69
-340.92
-379.762
-379.456
-380.729
-387.121
-352.88
-390.891
-348.599
-386.718
-386.177
-371.694
-374.853
-414.457
-346.524
-304.826
-376.62
-320.206
-361.414
-381.073
-396.481
-383.607
-419.796
-322.065
-347.18
-308.104
-360.554
-6.54736
-16.1228
-8.84862
-71.4555
-35.875
-35.2272
-25.9497
-13.3564
-12.3002
-75.0724
-35.6709
-38.3851
-18.5972
-26.7869
-13.2639
-13.4861
-28.4805
-12.0323
-222.774
-231.202
-205.948
-194.077
-232.766
-194.711
-221.723
-214.053
-179.35
-206.659
-185.216
-207.502
-186.096
-213.017
-69.7046
-61.0549
-144.309
-131.769
-145.68
-69.0825
-61.2566
-26.5519
-8.76322
-7.76485
-69.5068
-149.699
-133.326
-63.5927
-146.935
-73.0277
-62.1262
-89.8234
-95.1637
-181.913
-155.184
-102.53
-169.195
-81.6888
-40.8586
-12.1068
-21.1599
-80.8237
-153.007
-145.949
-66.6752
-160.5
-73.9983
-72.4116
-57.1407
-57.0719
-53.0376
-33.5165
-18.8711
-19.8258
-55.3391
-48.5497
-50.5531
-25.2781
-41.1278
-30.9551
-50.7414
-17.9298
-19.0308
-44.454
-44.494
-36.9422
-248.201
-244.518
-316.572
-290.819
-313.443
-318.878
-288.748
-319.896
-315.544
-317.365
-322.137
-293.34
-314.536
-289.552
-320.309
-319.352
-306.103
-339.819
-342.352
-302.924
-260.008
-251.192
-260.18
-249.628
-305.78
-343.567
-342.685
-305.791
-259.736
-245.713
-257.014
-248.577
-250.367
-253.252
-325.378
-298.686
-324.997
-329.003
-296.547
-326.808
-328.215
-324.737
-325.19
-297.378
-324.647
-295.322
-323.807
-326.479
-298.983
-336.855
-336.326
-300.907
-252.801
-239.25
-249.808
-241.792
-300.357
-335.135
-337.167
-296.346
-254.313
-244.329
-255.281
-243.243
-350.344
-344.116
-389.729
-458.976
-405.145
-388.316
-407.32
-407.618
-389.017
-460.867
-390.41
-404.443
-604.256
-708.483
-608.498
-703.313
-602.925
-702.817
-602.07
-702.712
-348.766
-353.175
-396.219
-462.924
-412.697
-395.62
-407.655
-404.442
-393.293
-458.06
-391.437
-408.548
-598.868
-699.616
-599.397
-698.232
-599.991
-698.035
-599.425
-700.46
-387.147
-406.44
-460.566
-386.983
-404.716
-597.613
-698
-598.264
-697.332
-309.66
-286.395
-315.741
-304.365
-312.902
-283.487
-313.139
-248.433
-238.097
-247.957
-238.41
-293.224
-331.746
-293.9
-330.895
-247.404
-237.397
-1359.14
-3831.22
-1227.43
-652.081
-1939.61
-4282.55
-2939.17
-685.471
-685.026
-661.226
-671.393
-671.146
-636.346
-615.02
-625.206
-621.968
-1329.64
-303.622
-716.112
-1054.8
-763.955
-770.899
-783.796
-775.281
-793.863
-797.533
-788.092
-791.94
-703.039
-706.445
-735.834
-723.726
-791.713
-778.554
-749.412
-767.18
-87.1631
-84.0542
-138.367
-106.601
-128.079
-98.6841
-61.419
-69.3257
-49.859
-73.631
-66.5584
-88.3005
-64.3418
-42.2069
-78.1332
-97.8865
-120.59
-54.8439
-94.151
-63.4607
-86.2267
-334.574
-290.912
-266.698
-246.16
-308.861
-335.516
-274.669
-448.266
-518.706
-492.483
-463.041
-506.36
-428.712
-474.553
-403.637
-354.044
-436.503
-461.856
-376.707
-461.587
-398.682
-382.979
-301.03
-410.831
-356.63
-369.565
-318.7
-412.024
-156.668
-110.134
-210.968
-182.015
-145.095
-128.731
-205.599
-128.786
-134.603
-83.9581
-145.829
-105.111
-118.948
-150.962
-97.0218
-66.2324
-51.2367
-62.1396
-77.4601
-94.9151
-81.0928
-189.592
-241.837
-204.105
-279.906
-171.005
-249.271
-223.266
-122.505
-99.4028
-84.3375
-94.6893
-92.645
-69.9817
-73.3265
-83.4271
-114.566
-93.9781
-114.342
-87.0802
-86.8369
-107.182
-88.3991
-118.249
-77.168
-96.1163
-83.1311
-80.986
-88.3984
-105.939
-84.7307
-385.365
-374.656
-173.285
-168.77
-202.773
-134.987
-178.443
-229.082
-165.31
-276.766
-260.424
-327.039
-230.006
-286.191
-236.21
-279.268
-144.677
-157.016
-191.585
-147.643
-134.564
-198.663
-104.07
-125.07
-92.503
-113.79
-116.733
-92.6622
-123.698
-110.359
-182.483
-126.806
-178.236
-120.18
-174.348
-141.744
-129.272
-105.671
-114.688
-125.66
-154.514
-115.924
-437.283
-411.01
-417.151
-394.517
-409.654
-441.764
-408.911
-496.986
-525.912
-512.131
-478.143
-515.183
-490.932
-474.758
-466.893
-401.439
-429.833
-471.749
-427.509
-475.931
-450.74
-450.922
-380.059
-433.937
-376.244
-434.408
-444.211
-404.386
-246.008
-217.113
-261.803
-310.722
-270.728
-218.365
-232.834
-244.131
-352.687
-331.884
-248.564
-305.492
-236.027
-265.675
-246.681
-196.884
-314.462
-234.475
-294.723
-230.54
-214.892
-228.746
-239.023
-220.073
-189.907
-235.949
-207.64
-227.308
-178.962
-147.458
-162.689
-144.482
-173.245
-155.333
-172.137
-236.333
-312.292
-222.729
-298.59
-238.623
-210.333
-330.095
-173.953
-166.677
-158.41
-193.981
-165.397
-142.253
-194.327
-428.513
-294.32
-299.35
-301.644
-339.204
-331.052
-379.696
-508.852
-370.551
-294.31
-287.515
-374.141
-420.334
-357.88
-384.869
-357.894
-364.233
-537.446
-384.384
-850.099
-418.108
-447.166
-295.792
-332.67
-291.618
-318.632
-366.86
-341.13
-284.738
-249.501
-216.766
-278.704
-229.449
-341.545
-245.488
-382.394
-234.944
-260.72
-263.539
-216.499
-375.059
-282.854
-262.822
-212.035
-217.176
-240.307
-234.258
-211.782
-244.158
-228.261
-198.314
-194.004
-198.484
-204.149
-224.882
-174.864
-315.878
-276.38
-271.967
-260.521
-343.818
-251.686
-265.58
-18.7371
-67.7299
-31.5859
-144.894
-121.431
-97.4972
-106.058
-72.8241
-51.8578
-199.038
-137.194
-150.948
-130.062
-202.121
-119.776
-96.0899
-207.322
-111.753
-197.099
-229.668
-239.787
-263.907
-213.454
-258.566
-164.413
-65.5892
-71.314
-76.7829
-93.1185
-71.2587
-64.3141
-69.093
-94.1363
-146.307
-113.156
-131.397
-100.245
-105.491
-121.264
-70.6997
-76.8826
-103.515
-87.2884
-85.2413
-61.1222
-76.7308
-84.8504
-108.227
-124.49
-105.366
-93.5368
-86.8958
-108.846
-105.996
-122.179
-100.818
-99.538
-128.057
-123.583
-83.8319
-151.667
-201.921
-194.402
-182.957
-188.297
-164.753
-180.132
-148.144
-143.993
-183.561
-129.58
-137.033
-171.031
-174.699
-154.1
-148.304
-143.098
-111.237
-117.451
-162.399
-125.409
-141.452
-98.6848
-154.799
-216.204
-155.41
-196.378
-162.679
-170.685
-209.314
-202.484
-253.392
-373.262
-264.97
-314.723
-283.529
-316.547
-235.027
-104.151
-115.297
-146.818
-145.383
-129.306
-115.679
-124.777
-120.237
-164.75
-125.07
-179.833
-136.261
-109.747
-172.314
-83.9538
-103.934
-107.979
-83.09
-112.537
-75.5764
-90.4259
-143.284
-172.716
-200.814
-196.608
-155.913
-173.035
-181.393
-201.494
-193.001
-173.47
-159.037
-212.363
-202.635
-152.427
-266.662
-251.645
-310.123
-263.136
-328.532
-266.008
-255.158
-453.718
-318.893
-379.761
-359.292
-454.007
-379.047
-357.073
-451.812
-335.654
-381.669
-365.994
-451.407
-383.102
-365.713
-260.655
-263.348
-331.038
-312.482
-321.992
-343.92
-308.095
-337.942
-338.787
-329.661
-336.963
-309.907
-319.96
-305.476
-326.165
-337.573
-310.155
-352.277
-349.93
-311.711
-264.206
-251.991
-260.439
-257.475
-310.45
-346.634
-307.745
-349.113
-264.094
-263.716
-266.197
-257.898
-258.442
-254.393
-328.623
-302.829
-324.473
-331.306
-298.215
-328.082
-331.202
-325.831
-333.193
-300.842
-321.68
-301.488
-330.183
-331.518
-320.189
-357.444
-360.091
-315.245
-274.769
-279.469
-276.134
-270.85
-319.133
-363.795
-359.888
-323.918
-271.771
-262.748
-267.397
-272.205
-372.36
-374.75
-424.23
-504.421
-445.738
-426.934
-443.049
-439.254
-417.907
-500.848
-422.974
-443.097
-616.866
-709.02
-610.415
-717.372
-617.429
-726.922
-715.933
-625.424
-365.467
-363.271
-401.493
-476.954
-416.19
-404.761
-421.665
-432.032
-416.599
-481.537
-408.399
-427.73
-629.731
-725.225
-734.475
-628.876
-629.12
-724.418
-726.306
-623.547
-396.871
-387.051
-429.522
-490.465
-439.066
-422.678
-439.724
-429.535
-425.556
-489.168
-426.466
-430.653
-576.415
-660.9
-573.056
-665.343
-587.648
-692.862
-678.148
-597.404
-390.359
-394.732
-423.978
-421.015
-468.646
-423.985
-422.374
-426.171
-421.916
-472.083
-424.67
-423.327
-618.747
-729.102
-716.214
-627.781
-615.774
-693.789
-712.743
-602.114
-291.5
-280.901
-351.56
-321.909
-351.708
-351.308
-321.246
-345.395
-355.422
-354.904
-361.568
-329.938
-357.558
-324.41
-362.905
-355.842
-354.65
-381.312
-385.711
-345.576
-307.873
-332.718
-309.36
-323.099
-353.397
-388.159
-356.059
-386.697
-306.653
-306.799
-298.828
-321.966
-296.114
-306.211
-372.835
-343.591
-376.021
-384.36
-379.331
-341.924
-372.607
-373.238
-367.962
-339.475
-383.243
-336.742
-368.298
-371.008
-336.234
-376.538
-374.074
-343.415
-285.599
-277.361
-281.514
-289.937
-337.46
-370.88
-329.441
-375.118
-291.374
-304.969
-295.576
-290.934
-228.627
-214.427
-201.882
-207.849
-189.933
-191.613
-194.068
-191.539
-190.054
-186.428
-160.686
-160.573
-188.785
-161.793
-187.457
-191.118
-164.189
-189.998
-161.743
-192.673
-162.843
-188.803
-66.9477
-60.4039
-143.29
-128.198
-141.607
-68.5998
-59.5258
-20.0122
-9.52716
-9.37364
-66.0034
-139.344
-126.97
-58.3729
-140.563
-65.8884
-58.7752
-63.3817
-56.2196
-135.297
-122.916
-63.2873
-136.167
-56.4995
-19.1738
-9.89028
-10.4933
-63.9574
-138.498
-123.923
-57.8195
-137.175
-65.3951
-57.083
-20.9168
-34.5431
-68.488
-72.0877
-67.4433
-73.309
-68.6841
-59.3688
-63.545
-59.0629
-24.6232
-29.2875
-27.6675
-65.3308
-63.6122
-60.9723
-22.9489
-30.3845
-30.1496
-67.3238
-68.7023
-64.561
-64.8194
-68.3183
-63.8642
-760.385
-755.434
-753.914
-754.661
-755.523
-754.702
-752.963
-754.411
-754.868
-754.101
-753.175
-279.711
-280.293
-266.322
-295.424
-290.948
-285.786
-273.298
-331.403
-283.331
-293.031
-311.643
-309.859
-329.309
-308.703
-218.71
-203.392
-225.391
-208.744
-226.019
-217.037
-210.093
-214.769
-200.217
-223.872
-207.237
-216.411
-223.141
-206.058
-670.358
-691.168
-759.896
-845.401
-816.08
-748.755
-735.039
-269.391
-257.869
-266.172
-252.629
-273.747
-262.739
-259.48
-726.872
-949.657
-708.739
-867.061
-735.442
-942.539
-702.416
-726.954
-714.907
-869.64
-944.504
-940.391
-706.95
-727.326
-1114.42
-396.446
-341.818
-458.633
-383.181
-388.048
-452.416
-371.013
-766.529
-964.28
-728.968
-926.914
-747.671
-977.993
-756.315
-778.173
-784.601
-976.642
-948.019
-985.264
-784.995
-780.794
-205.6
-191.175
-214.863
-197.379
-214.164
-206.827
-196.522
-1099.63
-1091.54
-1092.53
-1089.05
-766.746
-883.63
-881.217
-702.835
-714.197
-886.815
-757.915
-769.635
-702.747
-854.95
-879.409
-747.912
-713.963
-882.385
-243.158
-225.601
-257.444
-243.759
-253.874
-247.682
-234.226
-719.412
-946.879
-730.474
-249.812
-244.726
-297.502
-202.667
-255.185
-268.292
-228.421
-465.982
-431.386
-576.686
-407.87
-451.67
-790.477
-410.55
-273.246
-284.334
-321.074
-276.447
-296.498
-296.242
-334.018
-753.831
-884.327
-689.933
-855.164
-751.84
-899.358
-695.519
-765.071
-764.063
-955.89
-887.596
-777.851
-924.935
-726.778
-208.96
-194.149
-216.125
-198.481
-207.475
-216.785
-199.505
-1094.6
-276.8
-266.641
-280.344
-268.733
-281.357
-274.84
-270.523
-39.1494
-24.1541
-45.8251
-19.8085
-32.4272
-36.8415
-26.7793
-347.528
-293.914
-353.304
-334.843
-342.78
-363.169
-323.187
-219.975
-204.758
-229.969
-214.891
-227.957
-222.914
-212.226
-214.162
-199.07
-221.112
-203.726
-221.608
-212.733
-204.693
-272.527
-263.137
-279.103
-266.587
-274.179
-277.896
-264.112
-394.221
-319.79
-362.407
-344.841
-371.009
-369.745
-354.678
-205.208
-190.408
-212.848
-195.126
-204.388
-213.146
-195.683
-888.389
-586.008
-601.086
-405.715
-630.586
-609.165
-365.756
-1047.75
-1100.4
-723.644
-1008.23
-835.944
-668.859
-1230.03
-540.561
-645.712
-535.852
-524.781
-658.281
-525.977
-536.631
-529.668
-511.718
-654.157
-534.812
-657.733
-523.001
-520.975
-481.465
-590.131
-479.991
-513.708
-481.396
-616.796
-476.058
-512.701
-490.335
-519.769
-645.411
-635.46
-495.186
-495.729
-233.854
-216.988
-233.802
-219.267
-226.723
-239.47
-225.534
-570.361
-679.009
-539.958
-557.978
-669.224
-552.509
-575.17
-568.25
-549.601
-537.278
-669.768
-668.176
-551.181
-568.874
-573.695
-686.384
-544.136
-561.165
-681.399
-560.366
-575.567
-572.425
-554.534
-543.632
-672.615
-678.48
-555.76
-569.189
-575.869
-687.696
-563.072
-547.98
-575.803
-688.225
-563.001
-575.258
-547.371
-688.26
-262.238
-303.492
-250.056
-374.4
-270.389
-242.072
-364.224
-247.655
-245.262
-259.736
-285.205
-287.729
-245.064
-237.989
-295.842
-401.308
-233.803
-387.831
-348.247
-264.173
-398.956
-590.009
-684.094
-561.668
-565.224
-701.445
-580.639
-574.621
-597.143
-597.091
-568.202
-731.242
-708.841
-586.493
-609.612
-625.481
-748.609
-600.105
-615.647
-753.823
-618.041
-622.348
-624.376
-610.612
-597.962
-739.959
-753.376
-617.5
-616.571
-542.456
-641.652
-522.43
-526.589
-542.637
-635.232
-524.005
-549.497
-536.328
-529.374
-654.718
-637.583
-527.532
-559.605
-603.869
-741.138
-577.095
-605.522
-717.54
-616.21
-593.8
-591.132
-556.142
-568.128
-669.866
-702.602
-573.981
-572.627
-210.091
-195.574
-219.542
-202.349
-211.936
-218.469
-201.032
)
;

boundaryField
{
    left
    {
        type            calculated;
        value           nonuniform List<scalar> 
703
(
-298.647
-263.564
-15.3099
-276.833
-277.846
-270.494
-24.3557
-579.823
-284.13
-243.36
-198.21
-223.265
-224.147
-212.559
-394.376
-231.064
-215.299
-270.471
-197.305
-612.649
-350.099
-290.037
-244.383
-103.582
-99.6892
-362.563
-653.307
-215.901
-273.613
-116.604
-241.462
-365.578
-73.1126
-174.755
-96.5464
-30.7437
-188.049
-511.257
-653.563
-470.991
-557.743
-759.502
-484.862
-176.327
-545.392
-554.173
-43.7565
-84.5421
-235.248
-63.4218
-33.7797
-78.1282
-78.1046
-387.831
-569.2
-217.672
-248.742
-199.976
-93.4803
-313.643
-197.142
-432.879
-256.866
-350.975
-412.285
-491.194
-246.299
-84.8267
-323.668
-247.654
-494.393
-85.8193
-197.475
-30.6912
-32.4559
-30.7268
-188.84
-31.9543
-40.637
-262.839
-232.867
-224.536
-17.4905
-108.122
-281.876
-282.562
-221.523
-239.217
-302.503
-19.3762
-84.4036
-18.4936
-553.147
-792.782
-866.346
-404.421
-492.054
-340.124
-224.964
-405.389
-391.72
-170.731
-176.067
-203.27
-827.143
-221.631
-225.083
-230.97
-170.202
-175.743
-204.209
-232.094
-251.05
-353.489
-291.334
-165.076
-272.109
-327.87
-352.052
-193.789
-166.111
-169.709
-322.44
-370.73
-399.876
-211.73
-230.403
-262.016
-86.1179
-214.701
-198.837
-214.897
-218.874
-86.9326
-157.262
-284.361
-214.2
-285.796
-205.946
-215.85
-211.549
-259.382
-221.017
-211.15
-311.551
-248.258
-287.409
-124.1
-88.6742
-69.6515
-111.386
-115.251
-147.359
-90.4226
-119.72
-162.188
-185.588
-161.26
-686.665
-721.994
-531.058
-437.191
-833.304
-791.286
-429.388
-708.568
-391.001
-632.678
-591.614
-508.076
-715.547
-656.892
-694.543
-409.439
-570.551
-637.9
-265.688
-278.757
-164.704
-686.351
-515.408
-292.708
-496.564
-543.254
-616.139
-57.1248
-174.554
-169.998
-193.598
-176.963
-65.2989
-206.481
-179.529
-203.154
-46.1914
-52.1468
-40.5587
-61.7418
-53.0682
-40.3593
-70.1112
-39.4279
-15.5359
-40.0328
-37.099
-67.6416
-599.953
-384.854
-219.718
-230.592
-176.946
-281.722
-250.079
-96.7421
-178.945
-172.102
-239.822
-196.563
-263.148
-112.93
-155.589
-212.342
-169.22
-145.335
-295.827
-317.76
-459.567
-231.801
-293.628
-260.225
-249.51
-190.8
-651.327
-276.864
-244.639
-240.89
-612.207
-419.028
-367.193
-440.306
-211.605
-287.597
-331.977
-118.252
-224.758
-168.099
-224.687
-272.32
-246.157
-337.642
-312.329
-220.705
-443.388
-400.436
-433.057
-110.811
-183.079
-132.661
-173.014
-74.0009
-31.5717
-67.7987
-64.0364
-72.4344
-69.0134
-31.3053
-162.072
-165.193
-192.868
-34.9649
-165.233
-162.79
-169.028
-166.003
-36.3909
-24.2751
-24.4762
-19.0919
-21.6569
-30.7084
-27.4019
-385.851
-348.401
-395.044
-477.106
-398.172
-452.151
-87.8929
-45.8085
-47.0195
-54.6293
-48.5167
-96.3168
-501.379
-142.871
-77.4259
-64.7247
-160.139
-93.4663
-237.176
-140.003
-127.078
-64.4457
-66.4254
-30.8309
-47.2541
-58.45
-59.1364
-42.0847
-39.9751
-86.3647
-62.4923
-39.8353
-40.6039
-49.5827
-47.2034
-34.7226
-76.6987
-41.8088
-42.8585
-41.9311
-40.2763
-69.5037
-201.299
-141.961
-148.503
-52.2449
-65.6369
-113.962
-160.472
-188.081
-220.51
-259.89
-258.834
-196.538
-379.454
-307.689
-279.333
-102.845
-124.07
-351.052
-30.1039
-57.2721
-58.7596
-31.9972
-50.5676
-51.8087
-57.3819
-55.3967
-30.3927
-33.1603
-64.3513
-64.0365
-59.3325
-61.3546
-39.9141
-232.834
-253.675
-252.401
-257.803
-253.886
-229.461
-31.3864
-16.8683
-50.8926
-43.4186
-104.594
-224.305
-281.59
-267.199
-306.281
-295.411
-231.553
-71.3686
-56.7267
-66.0644
-13.1109
-32.4833
-33.9448
-172.203
-197.163
-195.522
-201.568
-198.747
-173.581
-167.37
-192.159
-190.887
-194.509
-193.084
-168.336
-219.75
-243.24
-236.697
-250.847
-247.81
-225.828
-54.9862
-55.9603
-96.1499
-209.962
-165.251
-168.229
-159.082
-159.393
-205.073
-219.374
-176.799
-173.369
-172.06
-173.918
-220.375
-86.7618
-47.564
-49.194
-150.731
-80.8493
-75.9828
-169.611
-211.931
-164.723
-163.358
-174.79
-167.566
-208.88
-240.889
-179.23
-216.82
-161.207
-171.619
-231.912
-236.222
-88.5624
-73.5876
-260.112
-324.512
-316.295
-347.525
-333.934
-269.269
-121.849
-198.481
-113.246
-121.578
-83.5896
-161.703
-143.129
-143.129
-142.986
-161.206
-29.4808
-67.7432
-159.634
-183.972
-183.231
-185.531
-184.616
-160.377
-54.1992
-59.8984
-51.9183
-172.749
-148.638
-149.523
-147.052
-148.119
-171.436
-186.564
-152.623
-155.367
-149.593
-151.004
-181.334
-71.8353
-48.0969
-53.5522
-185.628
-211.624
-205.393
-228.626
-219.673
-193.482
-43.4001
-41.3898
-51.4334
-44.571
-52.4115
-60.9261
-44.0525
-48.09
-44.2905
-54.8215
-66.865
-72.2521
-63.8952
-64.9363
-54.324
-37.2259
-45.4261
-45.3583
-40.1931
-38.972
-68.1696
-34.1479
-30.5236
-32.0469
-22.9953
-23.8328
-18.0361
-31.763
-31.8182
-38.3102
-33.0715
-31.2793
-38.0781
-76.6078
-42.1053
-39.5346
-121.364
-136.265
-197.266
-308.328
-120.689
-104.734
-128.586
-126.343
-289.029
-100.373
-27.6453
-20.6486
-69.6835
-51.5212
-164.174
-140.28
-87.2288
-110.006
-159.014
-144.886
-137.142
-168.602
-121.009
-135.862
-157.787
-140.175
-189.348
-142.89
-122.486
-177.333
-117.623
-121.359
-136.856
-277.326
-345.031
-364.259
-339.679
-347.738
-290.292
-248.496
-215.168
-175.35
-264.467
-237.772
-265.682
-220.169
-233.951
-242.001
-221.506
-218.261
-248.737
-212.742
-218.248
-206.267
-117.026
-114.713
-104.966
-168.352
-149.068
-129.864
-176.353
-218.112
-300.575
-175.365
-58.9241
-30.1389
-72.4944
-82.7899
-83.7518
-81.1063
-70.7574
-54.4299
-52.9183
-31.2475
-64.0774
-75.1383
-78.3908
-74.7187
-72.7229
-61.824
-66.8986
-78.2557
-82.3119
-79.8892
-77.6838
-67.0256
-30.6705
-54.5414
-55.955
-163.055
-187.478
-186.353
-189.916
-188.566
-164.038
-61.9779
-64.0261
-34.5128
-164.474
-144.145
-144.418
-143.284
-143.762
-163.665
-167.989
-145.991
-146.53
-144.797
-145.495
-167.145
-37.0853
-62.3617
-61.5155
-262.271
-276.431
-286.503
-302.688
-320.618
-279.408
-212.489
-214.394
-199.42
-195.822
-209.752
-211.42
-255.731
-261.826
-254.324
-350.59
-379.662
-392.077
-186.821
-200.386
-201.507
-222.203
-238.621
-247.91
-408.703
-349.947
-471.569
-297.173
-366.414
-507.763
-221.575
-221.627
-246.637
-202.283
-203.608
-189.961
-269.56
-272.651
-263.163
-292.838
-336.75
-348.768
-32.2712
-31.7147
-18.2244
-200.635
-216.244
-219.488
-207.448
-208.84
-194.881
-259.304
-265.468
-267.705
-358.585
-367.254
-319.664
-199.076
-199.841
-186.174
-223.646
-230.315
-213.883
-422.16
-405.341
-699.72
-533.83
-380.779
-408.147
-191.175
-204.811
-206.469
)
;
    }
    bottom
    {
        type            calculated;
        value           nonuniform List<scalar> 
141
(
-369.705
-832.823
-13.4208
-26.0287
-848.594
-211.34
-822.709
-186.116
-832.941
-328.506
-684.065
-741.525
-523.219
-515.837
-825.715
-72.2549
-858.183
-540.588
-531.196
-479.891
-153.5
-385.395
-446.132
-805.366
-630.356
-589.789
-317.4
-327.598
-315.111
-823.543
-510.423
-70.4053
-571.962
-556.32
-848.86
-349.543
-384.137
-329.503
-343.376
-115.463
-26.1035
-623.905
-571.148
-186.168
-138.354
-266.119
-573.671
-201.899
-48.3828
-215.393
-514.098
-128.247
-345.445
-327.304
-395.513
-408.371
-321.85
-324.748
-122.296
-152.828
-90.6688
-362.822
-372.243
-332.755
-335.934
-19.1024
-33.5451
-62.1212
-151.586
-105.074
-27.3915
-122.03
-28.1225
-47.9184
-180.122
-112.988
-139.908
-638.86
-351.259
-346.655
-266.047
-342.037
-600.736
-384.693
-235.88
-166.753
-327.106
-273.93
-488.357
-160.829
-312.919
-168.332
-220.151
-329.425
-371.153
-521.088
-471.941
-301.667
-205.334
-174.902
-475.954
-486.507
-478.162
-477.844
-511.069
-538.84
-505.956
-504.185
-339.708
-341.832
-330.112
-332.442
-353.773
-355.6
-345.26
-347.463
-327.018
-328.181
-322.88
-129.769
-97.1688
-46.9952
-427.773
-437.675
-410.007
-417.256
-475.85
-480.656
-450.932
-460.768
-375.611
-380.626
-360.877
-364.892
-403.196
-408.185
-388.116
-393.864
-24.0102
-67.2903
-75.5208
)
;
    }
    interface
    {
        type            calculated;
        value           nonuniform List<scalar> 
1726
(
-340.24
-106.781
-118.886
-272.873
-287.861
-85.8149
-123.631
-254.238
-296.423
-286.823
-37.6307
-381.769
-332.013
-80.6943
-84.7943
-49.7698
-90.1412
-27.6432
-64.6347
-271.988
-55.2402
-306.683
-96.1758
-210.748
-216.214
-301.1
-339.178
-46.8385
-39.1245
-13.9781
-23.8782
-15.7289
-13.0565
-116.282
-17.4412
-349.784
-274.419
-424.35
-326.364
-969.936
-804.639
-536.12
-529.695
-550.969
-208.353
-369.675
-276.875
-814.206
-461.498
-184.823
-253.352
-354.394
-123.415
-338.434
-211.631
-338.86
-226.544
-145.556
-182.692
-245.015
-158.342
-123.415
-188.55
-238.913
-143.452
-920.744
-96.9364
-198.659
-96.8656
-95.6143
-282.402
-282.75
-150.995
-145.586
-66.5215
-169.286
-134.332
-110.692
-64.3894
-111.859
-41.8462
-38.9809
-86.5847
-217.543
-214.891
-286.205
-286.87
-843.653
-222.134
-508.471
-565.202
-708.818
-475.216
-1165.02
-4348.34
-927.348
-505.635
-760.921
-543.131
-333.781
-343.768
-634.606
-570.747
-705.434
-435.651
-613.962
-454.07
-745.109
-326.926
-682.49
-1082.83
-741.937
-776.835
-11.1609
-74.1561
-69.9563
-36.1832
-31.8024
-59.7459
-68.2828
-61.4162
-38.4306
-53.1734
-46.4509
-4395.67
-176.399
-123.296
-73.4533
-33.2609
-71.1494
-221.452
-515.122
-404.397
-338.464
-160.337
-100.685
-12.1421
-265.238
-127.487
-118.103
-262.43
-78.9863
-74.8906
-177.982
-434.766
-525.332
-402.122
-364.886
-282.598
-234.74
-205.072
-252.674
-115.227
-296.58
-173.44
-228.848
-298.074
-216.674
-155.746
-184.085
-186.5
-169.058
-264.301
-297.499
-211.988
-97.2287
-106.813
-97.6919
-149.454
-149.872
-164.899
-116.669
-108.044
-148.724
-323.287
-325.539
-328.93
-43.777
-42.076
-72.9409
-20.3823
-18.4075
-30.294
-36.2303
-24.8383
-21.5958
-25.6115
-97.671
-16.0053
-304.607
-320.268
-378.347
-353.061
-484.113
-6.54413
-106.706
-96.7479
-11.7113
-276.993
-284.531
-95.9427
-87.7798
-24.0468
-151.766
-120.366
-247.396
-288.525
-288.786
-83.9485
-37.2883
-340.715
-336.06
-32.8183
-81.3441
-72.4542
-28.44
-82.6025
-51.7259
-39.1549
-94.0362
-21.5973
-30.2629
-13.926
-66.6377
-251.821
-266.37
-340.935
-355.614
-267.778
-340.185
-67.8853
-67.2206
-64.9345
-178.236
-265.647
-308.746
-371.59
-238.551
-210.7
-293.505
-48.2944
-117.513
-214.335
-155.749
-241.182
-178.492
-311.252
-333.211
-271.055
-263.552
-375.368
-357.102
-278.15
-317.366
-80.8141
-46.4699
-84.0435
-39.7537
-14.4387
-33.77
-24.9267
-24.1334
-16.9172
-32.0053
-55.5405
-60.0365
-23.7511
-15.5161
-248.008
-222.831
-246.588
-231.971
-244.943
-142.481
-255.769
-173.168
-14.0746
-58.2803
-266.801
-212.395
-250.523
-213.835
-529.865
-320.376
-412.273
-304.459
-291.449
-308.338
-418.553
-370.29
-362.612
-339.075
-278.529
-305.324
-672.731
-979.485
-1292.74
-486.809
-448.17
-394.782
-254.031
-214.023
-270.886
-419.611
-312.475
-344.946
-342.991
-236.568
-303.069
-190.968
-165.703
-188.803
-167.673
-241.491
-150.957
-205.94
-274.064
-219.055
-242.342
-309.551
-314.753
-270.631
-140.608
-172.506
-190.296
-339.372
-293.521
-291.92
-246.616
-221.718
-248.697
-333.416
-292.059
-287.64
-258.382
-237.073
-257.716
-182.05
-174.024
-161.743
-213.026
-199.101
-164.69
-73.3919
-170.553
-104.833
-168.196
-128.222
-160.491
-204.222
-167.533
-176.068
-212.035
-231.335
-203.072
-126.166
-150.011
-143.715
-199.892
-196.386
-186.51
-165.111
-188.706
-163.09
-350.678
-228.067
-230.336
-95.6637
-10.1095
-225.4
-228.222
-242.945
-211.169
-221.972
-234.514
-108.901
-15.2272
-115.455
-201.005
-212.029
-220.297
-123.823
-214.741
-277.337
-286.207
-239.327
-251.655
-306.745
-92.0141
-91.2662
-117.622
-155.577
-171.162
-186.934
-231.216
-178.072
-90.1643
-118.356
-117.05
-105.383
-100.727
-96.8707
-121.59
-116.194
-120.05
-69.8196
-76.8428
-99.5794
-79.7083
-67.1662
-56.2456
-57.8504
-49.6629
-78.0572
-49.1726
-157.585
-105.696
-334.142
-324.393
-267.421
-402.804
-226.374
-222.529
-144.441
-179.036
-42.1048
-236.997
-229.081
-145.777
-322.452
-266.612
-243.45
-22.7018
-240.667
-262.619
-288.152
-284.61
-192.309
-189.129
-190.126
-177.941
-155.675
-154.512
-179.272
-41.7219
-146.227
-144.983
-43.9252
-35.446
-144.164
-237.489
-477.922
-302.882
-525.072
-237.879
-645.945
-590.343
-598.359
-610.92
-541.157
-587.92
-703.079
-653.247
-617.587
-488.547
-511.755
-547.494
-659.675
-795.293
-927.177
-337.851
-265.461
-424.93
-311.375
-429.111
-381.95
-1360.54
-796.065
-483.88
-723.543
-2078.41
-1218.33
-3515.55
-873.235
-845.609
-771.948
-641.695
-368.484
-545.287
-807.337
-754.559
-768.952
-1480.14
-140.834
-1197.99
-843.929
-1157.28
-858.635
-773.349
-858.824
-347.804
-333.287
-504.396
-459.289
-384.254
-414.106
-423.394
-545.777
-519.773
-415.766
-412.888
-420.787
-418.7
-419.646
-426.329
-671.402
-573.713
-624.068
-615.516
-549.121
-597.982
-686.329
-664.752
-649.949
-499.676
-499.799
-558.596
-665.984
-506.207
-560.996
-555.675
-384.187
-477.108
-711.848
-693.086
-625.314
-385.532
-351.091
-423.976
-701.235
-715.746
-720.532
-867.195
-890.758
-789.304
-709.757
-793.97
-751.608
-736.798
-788.709
-742.896
-324.331
-392.717
-401.088
-418.665
-300.081
-389.213
-391.078
-253.764
-296.876
-375.226
-382.077
-255.45
-372.298
-390.96
-393.903
-370.6
-305.692
-268.204
-310.63
-268.191
-16.1191
-70.7671
-30.8508
-29.6287
-17.2023
-82.5601
-26.2507
-26.1639
-19.2807
-213.103
-201.607
-224.195
-189.28
-156.54
-158.214
-55.3386
-82.4157
-162.515
-159.677
-195.361
-92.7718
-181.5
-73.9178
-85.4524
-165.854
-173.858
-67.0088
-55.7588
-34.8484
-13.9471
-58.6162
-34.8326
-51.6872
-8.29423
-44.5846
-55.0132
-308.736
-332.386
-332.804
-254.077
-211.774
-254.408
-331.166
-209.741
-342.152
-338.949
-249.09
-204.171
-249.056
-206.173
-360.28
-390.591
-396.341
-365.736
-587.122
-585.747
-349.299
-372.535
-402.046
-395.825
-366.25
-399.118
-581.343
-359.691
-390.479
-579.41
-580.149
-329.921
-305.332
-326.922
-201.848
-244.522
-200.666
-94.0276
-67.2525
-90.1817
-37.9489
-19.4008
-59.9341
-11.8885
-84.6304
-27.3743
-36.5675
-281.145
-259.665
-320.647
-486.552
-460.146
-426.79
-352.618
-450.036
-392.174
-297.844
-399.926
-359.288
-100.488
-197.154
-134.687
-57.6014
-131.294
-104.241
-47.4676
-19.9074
-74.8313
-229.992
-192.702
-162.59
-121.367
-121.876
-80.9124
-92.1079
-93.3968
-68.2735
-65.503
-65.1989
-64.4559
-121.122
-64.596
-75.9311
-83.3705
-386.475
-170.963
-117.361
-138.399
-326.721
-285.298
-154.879
-187.909
-146.521
-52.9404
-99.7032
-79.3642
-179.626
-120.161
-117.412
-408.709
-416.867
-441.584
-508.754
-479.548
-478.364
-397.371
-462.054
-449.248
-365.422
-428.331
-441.932
-213.876
-262.622
-216.368
-331.767
-245.285
-229.972
-179.431
-312.215
-219.703
-239.664
-174.824
-207.24
-155.348
-144.694
-175.466
-295.336
-220.909
-196.57
-143.782
-166.096
-123.467
-312.707
-291.879
-280.976
-258.786
-354.875
-323.701
-257.202
-521.201
-296.649
-364.375
-441.94
-317.647
-360.865
-398.051
-196.616
-244.439
-237.718
-192.47
-218.609
-215.564
-210.91
-375.526
-267.774
-224.868
-381.201
-150.515
-183.71
-204.486
-186.349
-204.881
-191.27
-163.245
-6.06657
-146.297
-117.673
-123.111
-53.3435
-209.34
-128.81
-109.284
-74.3701
-234.222
-241.092
-114.549
-64.6086
-63.5236
-68.8473
-78.8334
-58.6673
-61.6698
-66.6082
-93.955
-160.535
-105.092
-119.735
-70.1344
-73.9371
-84.7283
-72.4026
-53.0844
-55.1975
-71.2758
-106.392
-121.514
-99.4049
-100.236
-131.814
-127.404
-84.1544
-157.812
-126.538
-134.268
-180.778
-167.805
-150.117
-156.023
-146.871
-154.431
-193.316
-207.114
-260.219
-227.023
-92.1039
-88.7927
-140.245
-123.106
-107.015
-89.8416
-116.467
-118.004
-185.145
-107.644
-187.673
-63.1904
-92.4936
-73.1208
-60.605
-56.3216
-82.2813
-69.1254
-141.611
-196.597
-163.7
-180.503
-196.731
-190.824
-168.413
-154.127
-209.843
-199.248
-142.917
-236.34
-244.09
-343.996
-290.431
-280.573
-267.547
-315.89
-335.418
-261.198
-361.137
-354.979
-262.492
-216.946
-260.273
-220.346
-264.538
-320.255
-344.566
-345.204
-273.821
-231.349
-273.838
-228.65
-400.554
-426.655
-419.873
-390.452
-422.347
-598.033
-593.346
-374.231
-405.358
-413.366
-384.564
-611.204
-609.426
-609.604
-391.567
-398.97
-423.21
-429.522
-410.205
-424.652
-565.294
-386.557
-419.291
-426.042
-431.551
-418.741
-430.666
-602.376
-366.919
-340.005
-369.529
-294.881
-367.703
-372.241
-256.002
-296.751
-372.74
-251.031
-363.853
-389.776
-384.224
-282.752
-236.459
-283.859
-239.378
-196.342
-181.332
-156.465
-179.852
-157.646
-155.569
-153.682
-50.6852
-43.2419
-82.1433
-47.3306
-151.225
-152.795
-44.2001
-146.971
-44.4032
-148.046
-41.2279
-82.1472
-150.481
-149.102
-47.0165
-12.5681
-78.376
-70.7424
-69.6308
-20.863
-28.2146
-73.1551
-18.5489
-30.2398
-76.8985
-67.2614
-74.827
-267.43
-365.563
-471.407
-395.643
-354.156
-309.761
-82.0291
-249.074
-232.84
-232.414
-294.361
-399.798
-359.916
-395.71
-375.606
-393.241
-246.227
-260.359
-252.632
-53.1086
-268.443
-33.5489
-67.6757
-140.359
-202.264
-63.579
-67.4275
-99.4107
-568.501
-60.1323
-1005.69
-501.376
-961.426
-729.955
-278.445
-215.035
-992.76
-493.554
-1224.71
-821.182
-131.749
-331.529
-654.899
-653.492
-756.384
-551.614
-406.52
-274.43
-286.991
-327.23
-308.497
-287.413
-38.4664
-51.5063
-258.78
-327.823
-223.438
-218.987
-262.717
-212.525
-323.636
-216.94
-348.606
-734.134
-728.422
-729.456
-726.63
-728.242
-211.068
-319.945
-247.24
-841.6
-653.148
-648.329
-764.874
-548.696
-458.257
-729.63
-745.848
-753.41
-748.628
-677.23
-707.047
-751.085
-715.552
-337.062
-384.525
-152.492
-151.427
-98.1769
-204.161
-213.762
-123.029
-307.833
-250.205
-255.421
-285.405
-249.584
-340.894
-225.932
-334.844
-234.221
-245.78
-237.246
-364.829
-737.805
-756.73
-359.996
-770.222
-756.881
-676.566
-708.846
-762.303
-722.1
-299.57
-278.443
-374.303
-263.111
-306.745
-362.948
-246.915
-259.426
-192.392
-71.5862
-68.5438
-726.118
-721.094
-720.356
-718.678
-718.784
-155.376
-12.4266
-125.919
-127.474
-3.76404
-113.181
-87.5244
-50.0952
-144.301
-37.0136
-160.666
-233.863
-87.5935
-418.194
-440.107
-533.446
-390.4
-394.367
-336.715
-411.287
-315.367
-73.7724
-32.9081
-27.3283
-84.0261
-51.0982
-51.0227
-54.0626
-77.4819
-18.7752
-10.9161
-253.844
-309.197
-263.388
-317.241
-319.935
-344.593
-352.292
-336.536
-245.75
-302.345
-193.646
-275.251
-147.567
-266.503
-160.456
-175.183
-64.5663
-151.498
-216.255
-121.447
-140.018
-268.29
-225.3
-269.921
-257.596
-256.935
-241.931
-265.07
-324.735
-330.987
-265.183
-321.189
-365.754
-356.903
-386.721
-390.089
-284.69
-342.729
-311.507
-369.063
-83.9713
-48.5494
-85.6772
-32.3173
-23.652
-30.0749
-28.0978
-21.4686
-253.528
-237.948
-237.952
-252.603
-301.874
-251.729
-253.179
-326.847
-260.343
-295.898
-261.95
-270.075
-265.039
-290.414
-244.521
-170.847
-53.962
-67.0418
-137.266
-15.7102
-76.426
-63.3903
-47.3649
-82.1538
-284.48
-282.035
-230.468
-295.756
-222.205
-397.52
-251.171
-363.067
-245.743
-418.578
-254.928
-257.712
-437.459
-259.224
-17.1362
-191.301
-171.223
-194.32
-168.432
-244.809
-199.622
-197.53
-199.989
-241.596
-245.419
-202.518
-199.004
-249.81
-54.7667
-76.3024
-200.532
-200.672
-197.837
-198.046
-186.28
-160.65
-184.331
-162.539
-239.224
-198.869
-242.192
-195.197
-239.891
-193.75
-196.199
-237.263
-62.2759
-64.3437
-13.9455
-117.224
-119.601
-248.535
-234.871
-252.302
-228.916
-291.24
-242.314
-241.121
-254.033
-252.032
-287.084
-290.484
-268.463
-262.309
-290.867
-262.083
-260.693
-22.2507
-124.858
-98.8445
-105.853
-143.206
-123.7
-329.938
-240.928
-307.027
-259.381
-464.006
-412.713
-289.771
-536.503
-470.864
-270.293
-443.198
-276.875
-42.1038
-145.253
-35.9931
-157.699
-139.01
-190.325
-177.433
-152.639
-176.349
-153.711
-229.817
-190.149
-187.151
-231.819
-230.389
-186.495
-228.93
-187.549
-89.5906
-40.2617
-610.703
-533.078
-851.112
-610.434
-897.818
-441.47
-439.485
-412.998
-358.368
-1018.18
-1111.27
-498.299
-91.0884
-339.568
-182.731
-277.593
-611.132
-109.973
-385.885
-236.328
-620.83
-592.357
-313.864
-1141.23
-1169.19
-463.776
-607.109
-692.48
-691.199
-942.357
-582.102
-618.975
-1604.96
-808.092
-376.053
-564.764
-305.373
-646.693
-1179.69
-428.942
-420.872
-413.475
-438.007
-426.323
-528.498
-497.192
-521.334
-507.075
-666.048
-542.348
-526.717
-634.224
-538.425
-512.38
-512.135
-532.253
-541.142
-515.846
-471.307
-482.522
-482.648
-584.288
-480.921
-473.78
-478.197
-497.069
-467.858
-459.334
-664.162
-392.889
-417.032
-417.742
-417.482
-381.989
-356.279
-371.386
-401.106
-336.95
-378.431
-386.62
-411.498
-302.588
-253.491
-279.631
-294.574
-260.851
-277.23
-372.787
-402.187
-398.194
-317.995
-377.045
-395.509
-279.47
-284.578
-295.923
-321.207
-254.386
-298.243
-94.8213
-13.6042
-24.9485
-17.8356
-29.1948
-32.4638
-34.9518
-19.8519
-16.3552
-203.927
-174.129
-197.144
-181.119
-270.324
-229.225
-229.55
-280.705
-216.542
-261.333
-205.248
-203.126
-253.129
-209.374
-89.9802
-50.2324
-54.7978
-75.1401
-65.333
-56.3017
-42.8765
-61.931
-15.5255
-59.7695
-39.7908
-2.77022
-45.6729
-335.354
-324.576
-332.321
-309.676
-254.858
-312.492
-330.208
-251.643
-210.711
-223.409
-330.393
-253.907
-207.672
-221.075
-337.732
-338.51
-264.584
-316.359
-316.796
-324.227
-248.937
-202.21
-214.424
-325.515
-246.644
-205.208
-217.05
-344.128
-362.273
-393.452
-362.482
-392.837
-563.638
-537.621
-539.8
-562.548
-590.443
-730.384
-565.35
-545.975
-541.368
-569.869
-584.441
-727.941
-352.237
-368.316
-399.026
-368.407
-582.019
-568.089
-544.269
-544.375
-566.895
-581.171
-727.981
-571.091
-550.189
-550.126
-572.16
-582.508
-728.479
-357.299
-388.633
-572.094
-727.818
-573.034
-552.408
-572.839
-552.25
-319.308
-200.287
-211.663
-243.972
-210.106
-1581.41
-1176.35
-662.958
-629.774
-483.01
-660.131
-259.183
-566.199
-734.835
-738.764
-754.584
-753.556
-681.891
-694.917
-740.296
-732.466
-88.2258
-96.2088
-71.6286
-76.4063
-166.255
-259.154
-187.897
-215.018
-208.302
-360.826
-387.598
-359.591
-276.871
-117.709
-148.685
-146.363
-103.524
-413.906
-648.373
-365.504
-428.465
-519.491
-500.813
-449.255
-392.682
-14.304
-89.8564
-33.8762
-228.642
-239.516
-145.296
-99.0157
-89.395
-85.2514
-92.5993
-134.896
-78.9199
-111.345
-185.526
-103.732
-90.0479
-357.426
-280.352
-264.522
-217.786
-240.412
-250.675
-270.255
-269.172
-320.913
-205.975
-348.883
-310.848
-245.195
-341.612
-353.274
-347.064
-322.174
-354.395
-264.341
-322.903
-352.11
-348.731
-338.436
-264.477
-213.801
-229.057
-337.38
-257.093
-221.203
-232.506
-318.95
-349.878
-345.884
-259.923
-322.341
-349.688
-270.242
-230.901
-244.071
-275.534
-225.535
-241.169
-364.954
-396.117
-423.407
-395.335
-600.212
-593.887
-585.408
-576.933
-603.461
-744.247
-584.28
-554.737
-575.99
-562.386
-606.054
-748.177
-359.64
-377.136
-407.677
-379.675
-412.098
-622.912
-602.818
-609.185
-606.105
-615.648
-762.696
-768.302
-623.758
-607.318
-609.44
-620.845
-384.914
-403.898
-428.007
-403.696
-575.789
-541.884
-523.339
-517.223
-549.895
-560.105
-680.855
-535.992
-510.132
-533.81
-513.722
-583.377
-695.272
-389.802
-418.175
-428.659
-419.047
-598.391
-587.148
-546.373
-562.072
-588.088
-568.74
-749.382
-608.096
-741.094
-601.904
-595.896
-614.346
-584.781
-375.205
-369.261
-290.165
-346.495
-352.836
-359.369
-289.274
-255.768
-274.447
-297.138
-245.912
-271.038
-379.479
-360.561
-382.351
-313.771
-362.568
-360.629
-285.041
-233.639
-251.656
-363.054
-279.732
-240.428
-254.785
-218.675
-209.584
-193.9
-194.122
-182.033
-160.055
-183.922
-158.555
-234.102
-189.415
-231.562
-191.294
-234.518
-194.856
-237.439
-191.239
-84.6735
-47.6322
-85.7786
-44.9066
-72.2667
-34.3855
-75.595
-77.4581
-67.3933
-26.8527
-70.0746
-67.1873
-28.863
-73.0778
-72.4023
-723.147
-720.507
-719.112
-720.332
-718.331
-717.075
)
;
    }
    procBoundary1to0
    {
        type            processor;
        value           nonuniform List<scalar> 
224
(
-344.374
-344.374
-344.374
-344.496
-297.34
-299.405
-332.091
-300.431
-288.359
-578.47
-1039.6
-578.47
-578.47
-395.952
-1072.04
-276.683
-236.002
-241.56
-275.618
-240.272
-235.594
-627.688
-882.021
-793.304
-578.031
-371.382
-359.307
-461.29
-1031.37
-325.459
-291.856
-281.467
-267.781
-231.305
-229.294
-956.793
-914.581
-964.067
-969.764
-765.301
-780.606
-1315.9
-529.879
-956.793
-956.793
-765.301
-765.301
-780.606
-780.606
-443.485
-644.151
-895.706
-1093.32
-943.049
-1004.57
-828.239
-828.239
-828.239
-763.512
-763.512
-763.512
-816.497
-816.497
-816.497
-300.861
-255.943
-267.708
-269.619
-230.735
-233.436
-346.436
-295.966
-303.067
-322.555
-283.445
-305.747
-671.155
-563.249
-354.707
-886.254
-765.043
-709.988
-1201.49
-4015.81
-1007.32
-278.086
-242.717
-237.402
-273.942
-234.243
-238.683
-347.174
-326.885
-310.237
-331.875
-302.462
-291.421
-266.09
-227.783
-229.571
-1315.9
-1867.8
-766.211
-737.972
-663.799
-830.577
-1007.32
-1315.9
-1315.9
-4015.81
-1867.8
-1867.8
-766.211
-766.211
-737.972
-737.972
-472.369
-403.096
-986.666
-374.203
-386.282
-302.361
-771.353
-771.353
-771.353
-793.089
-793.089
-793.089
-283.438
-246.297
-245.305
-271.778
-236.121
-232.247
-403.096
-354.707
-386.282
-386.282
-793.304
-612.026
-527.412
-793.304
-871.409
-297.34
-299.405
-295.966
-303.067
-300.431
-288.359
-283.445
-305.747
-236.002
-241.56
-242.717
-237.402
-240.272
-235.594
-234.243
-238.683
-359.307
-461.29
-326.885
-310.237
-291.856
-281.467
-302.462
-291.421
-231.305
-229.294
-227.783
-229.571
-830.577
-1007.32
-4085.96
-1802.26
-276.262
-1267.37
-5483.83
-656.008
-647.928
-630.274
-636.955
-514.551
-691.382
-647.225
-562.74
-644.151
-895.706
-986.666
-374.203
-628.498
-686.314
-665.992
-664.948
-672.375
-680.894
-682.766
-689.379
-688.238
-677.271
-255.943
-267.708
-246.297
-245.305
-230.735
-233.436
-236.121
-232.247
-810.729
-907.105
-871.409
-1125.17
-1023.71
-981.906
-999.372
-929.501
-988.963
-963.416
-1036.49
-942.067
-1048.16
-1103.36
-969.677
-1072.5
)
;
    }
    procBoundary1to3
    {
        type            processor;
        value           nonuniform List<scalar> 
23
(
-201.648
-189.209
-155.9
-155.9
-155.9
-19.011
-118.707
-20.9415
-75.733
-186.604
-156.218
-182.091
-184.813
-131.654
-13.2722
-60.835
-131.654
-54.1256
-35.9375
-70.9442
-211.856
-194.246
-203.777
)
;
    }
    procBoundary1to4
    {
        type            processor;
        value           nonuniform List<scalar> 
78
(
-1085.87
-1105.02
-1105.02
-1085.87
-1085.87
-997.478
-1077.5
-995.816
-1112.65
-1015.62
-1015.62
-997.478
-1077.5
-1077.5
-995.816
-995.816
-788.313
-784.414
-1075.94
-784.7
-800.237
-800.237
-800.237
-788.313
-788.313
-784.414
-784.414
-1075.94
-784.7
-898.672
-784.7
-784.7
-782.93
-782.337
-814.881
-814.881
-814.881
-826.235
-826.235
-826.235
-782.93
-782.93
-782.337
-782.337
-782.678
-685.044
-680.054
-682.502
-688.594
-688.647
-688.407
-685.09
-676.816
-680.276
-675.436
-674.471
-667.021
-667.01
-670.423
-670.377
-663.434
-664.411
-662.119
-988.444
-989.645
-1128.34
-1152.24
-1034.69
-1128.34
-1042.85
-1134.63
-1128.44
-1136.39
-988.444
-1125.49
-989.645
-1128.38
-1130.35
)
;
    }
    procBoundary1to5
    {
        type            processor;
        value           nonuniform List<scalar> 
55
(
-847.477
-727.546
-948.766
-499.952
-882.105
-564.621
-368.341
-353.129
-323.942
-690.815
-353.129
-1002.28
-564.621
-502.375
-368.341
-690.815
-690.815
-545.301
-323.942
-353.129
-353.129
-414.73
-273.202
-332.487
-308.692
-339.261
-238.919
-459.4
-385.569
-404.583
-459.4
-596.521
-696.44
-696.44
-309.207
-303.876
-282.558
-313.235
-293.598
-293.598
-330.953
-245.449
-235.77
-750.992
-727.546
-719.054
-948.766
-719.054
-719.054
-1095.76
-562.705
-562.705
-573.058
-562.705
-685.239
)
;
    }
}


// ************************************************************************* //
