/*--------------------------------*- C++ -*----------------------------------*\
| =========                 |                                                 |
| \\      /  F ield         | OpenFOAM: The Open Source CFD Toolbox           |
|  \\    /   O peration     | Version:  2012                                  |
|   \\  /    A nd           | Website:  www.openfoam.com                      |
|    \\/     M anipulation  |                                                 |
\*---------------------------------------------------------------------------*/
FoamFile
{
    version     2.0;
    format      ascii;
    class       volScalarField;
    location    "0.105/solid";
    object      sigmaMin;
}
// * * * * * * * * * * * * * * * * * * * * * * * * * * * * * * * * * * * * * //

dimensions      [1 -1 -2 0 0 0 0];


internalField   nonuniform List<scalar> 
3124
(
-474.595
-1.50509
-471.454
-1352.31
-464.347
2.44734
-478.035
-1377.29
-476.871
-325.91
-727.647
-1328.4
-465.045
-360.259
-283.265
-449.336
-704.59
-369.186
-388.321
-1364.14
-382.469
-379.792
-357.873
-1035.4
-421.339
-737.499
-837.434
-1086.21
-433.369
-739.808
-136.81
-435.954
-122.562
-645.269
-959.351
-1538.48
-1340.68
-675.845
-1533.5
-947.146
-755.176
-474.253
-4.68289
-20.0953
-93.9703
-578.33
-162.434
-342.201
-688.296
-1396.05
-970.592
-1563.58
-670.054
-1617.32
-984.591
-464.728
-365.701
-341.805
-14.8381
-259.962
-898.638
-517.895
-709.576
-639.612
-819.981
-839.882
-541.605
-925.97
-1211.44
-1487.46
-1021.69
-1330.75
-760.829
-1016.97
-1400.44
-1323.22
-924.661
-753.832
-777.899
-758.733
-786.716
-134.442
-120.199
-417.753
-29.1021
-101.88
-37.6039
-104.98
-678.231
-660.876
-1452.49
-1453.52
-646.598
-1335.34
-1537.54
-936.465
-1458.29
-653.986
-672.64
-1070.58
-40.5967
-767.35
-215.971
-15.0221
-165.75
-804.555
-327.005
-283.603
-627.772
-588.109
-389.961
-157.439
-336.814
-515.706
-352.048
-376.853
-691.892
-1386.19
-1487.39
-1019.4
-772.711
-1588.2
-1004.53
-679.593
-694.634
-1478.59
-1543
-1395.8
-1511.27
-759.74
-712.105
-423.497
-369.003
-343.729
-26.3143
-15.9862
-19.3256
-33.7254
-20.8905
-1629.28
58.6231
0.114888
-389.323
-468.218
-394.526
-460.533
16.6775
17.8333
0.399687
11.1534
-512.418
-389.059
-420.518
-486.934
-725.697
-281.904
-591.218
-431.087
-679.374
-524.747
-344.455
-1179.82
-535.19
-712.86
-775.227
-1452.2
-867.423
-826.272
-900.481
-374.526
-643.037
-541.286
-638.426
-476.173
-766.069
-369.331
-278.802
-288.822
-520.817
-710.636
-1478.27
-322.126
-197.603
-503.82
-397.466
-616.02
-351.469
-204.828
-575.595
-381.774
-575.14
-447.639
-591.854
-424.167
-531.051
-300.278
-356.777
-401.254
-307.512
-449.438
-330.352
-310.057
-358.66
-366.71
-401.036
-334.238
-445.781
-314.078
-363.752
-385.618
-376.426
-352.257
-276.37
-269.897
-944.754
-1067.52
-824.594
-880.089
-812.238
-793.23
-918.1
-721.435
-456.741
-452.827
-493.73
-624.063
-638.852
-564.952
105.893
-330.093
-115.334
-325.42
-465.675
-357.844
-390.18
-121.519
-292.65
-322.391
-1057.05
-666.543
-1020.08
-812.435
-815.381
-1017.16
-1055.88
-1063.65
-663.984
-826.582
-1025.26
-1070.28
-823.259
-1017.37
-475.572
19.2539
-0.713556
-9.20613
24.5914
-9.54653
13.6296
40.6492
2.41121
-88.4309
-37.0687
-78.9098
1.13136
3.5442
-67.8955
-42.4211
-39.1919
-23.27
-56.7482
-9.3224
-526.949
-476.953
-436.378
-332.201
-267.706
-349.265
-406.265
-283.976
-359.713
-1104.98
-664.272
-1098.05
-852.378
-1109.23
-847.139
-1091.15
-1094.14
-668.623
-834.284
-1043.83
-1082.76
-838.112
-1068.27
-489.236
-362.712
-337.865
-260.51
-192.77
-882.599
-630.457
-349.007
-232.203
-372.717
-270.834
-882.392
-353.259
-265.797
-820.138
-780.564
-907.791
-946.747
-1051.52
-738.84
-767.901
-464.208
-485.731
-398.706
-783.203
-406.69
-1040.93
-535.314
-514.598
-474.454
-1604.71
-1161.6
-1017.8
-901.667
-566.017
-1513.72
-475.765
-725.313
517.411
-604.716
-1149.19
-816.516
-790.199
-1032.93
-1156.77
-858.948
-983.794
-1072.51
-2864.45
-867.353
-1079.96
-495.953
-453.318
-897.751
-893.283
-1089.95
-716.56
-1074.48
-1095.96
-786.334
-934.366
-1062.53
-1075.19
-886.021
-1095.72
-791.265
-1058.86
-883.12
-1070.25
-886.778
-1094.49
-1092.65
-1064.6
-1403.66
-1155.16
-1161.74
-1118.38
-1324.4
-1158.16
-1035.76
-1055.23
-1000.72
-828.641
-918.848
-1011.18
-1074
-733.144
-952.214
-973.635
-641.632
-735.889
-995.858
-1129.77
-533.977
-893.773
-1051.24
-506.358
-981.8
-1008.19
-1074.23
-1093.31
-1024.97
-958.494
-839.967
-791.376
-760.821
-817.816
-825.648
-833.479
-929.37
-761.905
-756.703
-1.07765
-114.77
18.032
-115.945
20.2075
17.2108
-376.19
-340.659
-296.234
-209.698
-43.1792
-219.171
-274.526
-52.2675
-226.621
38.8327
-55.2725
33.3212
22.2286
-65.4136
31.6644
-715.039
-727.039
-727.86
-675.253
-726.844
-738.76
-734.581
-716.941
-668.503
-717.404
-994.157
-984.555
-1162.22
-1442.39
-1152.54
-996.795
-991.608
-1161.37
-1444.95
-1149.34
-1020.59
-806.308
-1051.95
-991.057
-1161.17
-707.544
-706.373
-570.775
544.767
-958.102
-647.696
-241.862
-106.995
-76.8428
-12.465
-30.3909
-195.916
-133.953
-368.26
-657.557
-847.706
-591.69
-670.65
-571.202
-479.204
-289.763
-189.391
-138.981
-394.498
-45.2374
-471.194
-295.925
-96.0421
-67.1601
-83.9588
-248.307
-388.101
-175.588
-88.2281
-204.969
-102.008
-294.197
-693.388
-727.106
-867.164
-652.096
-685.791
-614.637
-627.11
-480.381
-402.685
-469.892
-343.14
-370.22
-394.099
-432.331
-460.059
-219.601
-455.092
-316.436
-509.969
-315.379
-457.341
-509.045
-774.729
-492.506
-590.138
-535.338
-488.171
-439.553
-401.88
-387.176
-497.552
-81.5017
-281.348
-182.425
-304.367
-280.925
-274.183
-338.331
-451.313
-490.703
-403.673
-503.276
-394.023
-347.063
-243.346
-266.903
-265.409
-260.489
-255.339
-371.266
-206.646
-355.71
-278.91
-381.615
-383.856
-496.724
-418.925
-375.009
-543.836
-379.682
-332.92
-283.765
-262.397
-339.126
-383.182
-408.86
-496.869
-350.038
-1106.42
-748.587
-1087.57
-863.933
-1110.6
-1067.93
-872.25
-1102.06
-753.369
-1051.1
-886.363
-1100.65
-1052.53
-883.201
-741.259
-726
-734.993
-679.725
-734.943
-737.716
-727.304
-748.733
-684.264
-748.547
-1071.31
-1062.59
-1177.1
-1513.23
-1222.73
-1012.04
-1049.4
-1243.26
-1539.84
-1236.54
-1072.7
-1041.2
-1153.05
-1410.3
-1163.21
-1031
-1032.39
-1234.94
-1456.72
-1178.55
-761.674
-799.002
-793.776
-749.739
-790.08
-826.951
-816.164
-771.069
-732.237
-772.66
-395.68
-372.722
-349.952
-262.226
-267.852
-207.445
-20.9959
-201.218
-194.31
-19.7259
-199.422
46.2897
40.2378
-27.0477
42.8656
-25.3192
45.475
43.5587
-41.4861
-2.66977
-9.80604
7.98735
-43.1306
-9.40151
5.82227
7.58083
7.35167
0.11872
25.0248
-4.29094
8.2249
16.5146
-548.873
-629.888
-708.451
-674.591
-654.395
-573.446
-594.866
-1059.63
-1046.29
-1059.54
-955.306
-906.524
-899.613
-997.136
-777.706
-720.347
-597.207
-604.777
-984.73
-732.438
-648.254
-129.194
-125.128
-114.621
-124.045
-105.132
-115.862
-855.887
-655.399
-772.289
-734.333
-733.813
-770.958
-854.878
-866.91
-668.671
-751.059
-787.316
-871.972
-754.682
-787.858
-719.996
-983.368
-5.32251
-13.9449
-31.5011
-26.9804
-5.67584
-152.355
-197.718
-177.194
-293.463
-322.841
-248.653
-908.553
-668.501
-822.717
-769.645
-910.221
-768.901
-824.872
-882.731
-673.835
-758.444
-793.729
-875.578
-752.64
-795.218
7.45686
-13.8132
8.8716
-915.498
-989.149
-1188.08
-1176.99
-986.31
-954.823
-834.413
-924.428
-1007.28
-981.153
-914.449
-932.295
-768.329
-872.001
-839.652
-870.457
-829.582
-930.915
-1166.16
-999.217
-919.744
-918.323
-825.301
-784.681
-701.217
-709.64
-65.0587
-125.426
-56.9225
-119.754
-45.5485
-50.4161
0.114052
-32.2009
0.422344
-77.776
-84.2033
-49.6563
12.7254
-42.2707
10.0953
-31.493
-93.8366
-21.6848
-587.987
-595.454
-619.087
-616.376
-799.103
-808.733
-827.857
-818.03
-851.505
-765.615
-638.159
-725.774
-852.142
-767.048
-726.682
-801.879
-794.406
-585.726
-580.94
-78.2037
-30.2675
-30.7551
-48.7406
-19.9258
-302.79
-334.782
-512.17
-632.789
-566.505
-473.283
-604.848
-463.352
-543.043
-384.061
-269.03
-313.468
-87.9212
-192.326
-117.71
-340.354
-262.426
-259.682
-240.029
-284.658
-200.309
-916.541
-719.447
-838.884
-788.534
-916.737
-835.497
-791.456
-926.948
-760.876
-864.277
-829.777
-928.072
-866.777
-838.531
-614.562
-602.257
-609.894
-612.122
-878.406
-854.996
-828.207
-829.97
-868.094
-899.016
-913.461
-905.32
-625.95
-646.252
-715.075
-708.526
0.945481
-24.2915
2.69619
6.91583
-17.1464
6.91285
-18.5677
21.9768
21.8733
14.7405
-31.7737
15.1677
-22.6956
21.0796
19.7615
15.3494
36.7132
59.5536
10.584
10.9746
-12.9654
-37.6307
-3.56142
-435.32
-443.652
-384.058
-393.016
-438.046
-394.81
-438.816
-438.731
-400.984
-395.452
-436.164
-401.303
-437.283
-437.606
-425.133
-409.128
-415.527
-422.684
27.1589
-19.7522
0.544344
-11.4138
-9.58573
-6.05674
-12.9355
-42.254
-5.97852
42.5414
-3.43872
-0.960362
19.8642
-5.67535
15.4871
-17.369
6.74547
1.6143
41.7278
3.6135
-476.169
-456.481
-375.371
-395.669
-451.358
-377.838
-475.506
-501.461
-401.899
-513.211
-407.933
-519.127
-390.54
-496.085
-435.611
-448.347
-465.684
-470.793
-537.424
-697.686
-540.945
-539.418
-444.515
-603.492
-568.469
-423.045
-361.296
-515.735
-439.552
-413.837
-526.459
-365.498
-583.248
-743.124
-611.64
-585.12
-559.247
-652.569
-620.461
-400.424
-390.946
-303.93
-432.166
-323.668
-493.729
-353.982
-904.308
-1364.64
-1155.77
-942.532
-890.691
-943.382
-974.421
-698.511
-805.842
-729.841
-831.954
-647.682
-779.429
-747.323
-490.681
-434.016
-449.539
-386.989
-470.03
-446.747
-483.5
-623.469
-721.596
-525.899
-650.072
-586.312
-584.295
-694.262
-546.749
-587.457
-414.642
-529.332
-490.366
-524.296
-587.343
-331.461
-328.246
-279.858
-281.104
-328.319
-282.653
-330.666
-333.761
-289.618
-338.87
-284.333
-338.841
-284.863
-334.186
-363.451
-428.861
-329.132
-260.289
-301.833
-388.002
-360.063
-333.689
-334.184
-477.45
-343.949
-375.013
-411.723
-296.853
-457.232
-515.711
-554.354
-531.771
-512.205
-494.108
-442.842
-261.04
-248.329
-195.535
-278.817
-213.456
-338.178
-245.321
-518.632
-591.046
-501.584
-543.7
-508.403
-569.74
-499.654
-459.212
-428.223
-438.993
-402.777
-451.65
-441.68
-445.425
-540.182
-577.487
-496.654
-599.378
-545.503
-490.807
-593.096
-452.451
-467.17
-431.347
-432.611
-442.939
-467.915
-446.081
-360.112
-368.136
-358.632
-347.611
-372.272
-353.066
-328.661
-369.969
-408.598
-382.139
-428.205
-396.956
-344.271
-406.447
-315.311
-242.359
-349.926
-285.426
-309.477
-277.609
-278.139
-363.333
-387.959
-335.349
-348.699
-373.277
-363.574
-334.736
-385.24
-377.283
-395.881
-342.491
-396.295
-371.312
-364.955
-398.597
-422.738
-439.248
-405.321
-404.942
-411.251
-399.645
-345.237
-307.088
-330.526
-305.924
-336.054
-335.396
-314.172
-349.416
-351.434
-354.587
-350.086
-350.182
-345.398
-342.64
-345.861
-323.771
-325.72
-278.087
-274.098
-326.802
-275.034
-323.622
-322.321
-270.828
-319.44
-271.813
-319.713
-273.328
-321.31
-862.442
-1107.56
-821.299
-1085.56
-700.716
-972.652
-1061.33
-606.013
-519.022
-662.752
-847.555
-613.363
-535.363
-471.557
91.6637
-226.922
-202.192
-371.218
-329.101
-374.84
-227.049
-191.496
-116.302
-109.769
-108.154
-211.92
-368.012
-327.726
-186.351
-372.034
-214.204
-185.989
-419.981
-405.027
-360.117
-372.085
-376.383
-406.566
-417.692
-429.16
-396.525
-432.567
-382.911
-435.025
-387.872
-426.936
-126.825
-120.455
-122.664
-203.786
-166.222
-330.784
-306.574
-345.119
-202.406
-181.296
-220.715
-361.779
-191.343
-316.185
-219.903
-353.628
-189.524
-858.094
-655.665
-741.081
-775.662
-858.909
-741.521
-777.766
-864.658
-672.527
-750.21
-782.87
-861.929
-748.331
-781.353
-466.068
-497.757
-440.408
-429.761
-3.14382
14.667
-15.7199
22.3849
-9.68581
53.8271
-11.4588
-0.937103
-13.0206
-20.3027
-22.9528
-8.39198
-12.7236
-40.2693
-3.53592
-86.15
-26.4457
16.9999
22.3837
-47.8463
-13.7648
-1.26859
-53.8512
-24.0888
-16.55
-42.0348
-93.9261
-56.5315
-44.8238
2.66718
-36.9061
-35.3777
-54.5946
-98.2111
-56.0549
-58.1464
-42.1985
-52.2283
-15.8511
-5.67228
-29.8123
-12.9847
-26.5662
-20.075
-29.1587
-13.7486
0.136928
-34.5043
-4.91067
-22.7531
-4.82541
-13.4349
-29.8308
-7.28552
-25.2935
-29.5719
-17.8829
-24.2623
-45.5795
-34.687
-54.2838
-4.38214
-46.9727
-12.7135
-34.9964
-62.3819
-580.633
-571.826
-466.187
-476.904
-464.395
-580.874
-570.761
-552.853
-418.945
-531.464
-450.619
-539.432
-433.161
-546.182
-252.609
-216.81
-370.985
-335.931
-368.314
-255.03
-227.267
-235.342
-202.637
-193.661
-255.088
-384.821
-342.579
-230.707
-377.415
-253.809
-231.752
-281.848
-305.982
-439.054
-399.894
-436.617
-330.703
-275.413
-304.51
-207.841
-219.606
-261.439
-394.578
-372.177
-233.246
-408.689
-244.411
-241.331
-903.921
-668.949
-761.303
-811.817
-898.557
-757.797
-814.725
-885.735
-665.652
-752.164
-804.008
-892.951
-758.014
-800.319
-421.408
-448.322
-472.212
-463.587
-335.928
-331.715
-329.902
-331.429
-308.151
-309.295
-261.846
-258.803
-259.816
-310.129
-307.76
-306.968
-256.744
-304.956
-257.149
-305.433
-258.261
-306.21
-86.1685
-60.7583
-233.005
-190.829
-230.775
-89.6876
-58.5082
-12.6636
9.97799
-83.8604
-189.126
-229.124
-56.8569
-740.1
-1107.83
-1106.18
-853.004
-878.809
-968.214
-753.056
-847.863
-1034.84
-1086.84
-888.558
-1072.38
-816.603
-1002.47
-591.002
-1263.8
-485.796
-794.069
-630.205
-307.215
-507.484
-548.367
-824.541
-322.537
-210.804
-277.522
-478.628
-307.492
-291.624
-255.822
-818.64
-913.639
-800.522
-717.917
-758.558
-916.703
-798.943
-900.667
-884.157
-971.739
-859.222
-920.692
-920.394
-862.582
-936.381
-965.673
-1022.7
-964.349
-967.538
-934.004
-959.065
-814.975
-809.116
-735.344
-816.675
-782.304
-882.727
-776.589
-778.346
-546.358
-904.091
-726.025
-419.759
-685.204
-696.347
-692.845
-644.835
-601.766
-496.535
-558.972
-499.08
-802.113
-592.81
-786.038
-877.106
-592.11
-502.374
-494.312
-521.927
-875.019
-968.107
-986.392
-898.839
-570.894
-848.994
-850.826
-1087.43
735.245
-983.005
-675.97
-560.354
-488.097
-685.721
-461.491
-422.468
-902.934
-848.736
-803.704
-409.091
-574.408
40.1746
-570.617
-1218.1
-1038.01
-1153.09
-952.997
-1188.38
-378.45
-1090.68
-631.626
-1071.99
-715.868
-1356.17
-1113.84
-889.389
-492.261
-350.704
-874.77
-1090.12
-617.632
-865.837
-536.887
-604.095
-452.073
-627.458
-810.835
-1685.93
-581.092
-995.982
168.415
-2078.97
-2491.27
-1738.03
-1978.61
-1113.87
-1016.76
-1154.67
-1185.8
-1031.54
-1029.98
-1171.67
-1038.6
-910.269
-731.989
-1010.64
-625.279
-922.254
-861.044
-717.516
-1014.14
-1145.5
-1145.83
-1063.64
-1162.43
-1078.12
-997.362
-1300.86
-2105.19
-1454.34
-379.901
-1551.85
1140.7
1919.33
-4024.64
-965.527
-429.1
-1159.43
-880.485
-575.186
-972.83
-898.577
-834.445
-716.71
-671.802
-526.545
-609.948
-365.513
-870.146
-734.76
-500.847
-834.327
-541.237
-539.151
-440.593
-650.295
-879.083
-1077.48
-1043.86
-983.174
-992.607
-963.271
-929.171
-951.843
-820.688
-916.37
-863.985
-953.401
-900.623
-857.272
-940.353
-765.877
-883.228
-840.397
-942.916
-889.284
-846.545
-1073.14
-1120.15
-1099.55
-1098.44
-1073.7
-950.668
-1000.53
-1050.81
-1060.06
-1028.4
-1023.87
-1065.12
-1382.74
-1546.57
-1546.28
-1366.12
-1388.52
-1521.13
-1376.74
-1575.99
-1304.59
-1148.51
-1244.55
-1657.19
-1336.65
-1585.39
-1378.26
-1374.04
-962.664
-928.146
-980.969
-1040.69
-999.278
-984.313
-1009.29
-1030.65
-1004.92
-1050.43
-999.623
-1022.03
-950.28
-1051.63
-915.014
-951.926
-905.795
-993.513
-990.223
-933.344
-905.441
-985.191
-892.607
-945.141
-965.088
-891.475
-995.36
-1063.23
-1036.59
-1020.09
-998.409
-1022.34
-1019.19
-872.571
-825.663
-771.855
-833.999
-821.803
-919.243
-827.163
-871.323
-1040.85
-801.666
-909.839
-825.469
-883.347
-953.082
-784.092
-720.968
-907.086
-621.069
-846.598
-781.091
-662.659
-937.26
-1089.43
-1064.74
-1044.03
-985.7
-965.065
-1006.8
-705.521
-642.646
-574.204
-560.158
-657.258
-704.203
-611.814
-1037.91
-1068.9
-1082.12
-1005.05
-1056.05
-1025.84
-1022.59
-899.013
-870.569
-990.735
-996.697
-861.308
-834.795
-1050.79
-990.972
-1073.04
-1052.98
-996.075
-962.452
-1052.13
-1011.06
-1017.61
-1098.12
-1009.19
-1022
-991.64
-1038.9
-1025.43
-737.582
-758.119
-913.842
-838.236
-921.193
-896.119
-943.99
-826.942
-906.709
-889.153
-856.586
-782.721
-827.818
-774.173
-870.877
-860.429
-710.029
-825.584
-821.51
-715.767
-607.817
-493.931
-619.511
-488.123
-708.918
-835.121
-830.343
-721.99
-600.825
-493.46
-605.479
-487.046
-718.459
-705.328
-853.053
-780.26
-813.277
-851.08
-763.389
-848.091
-848.12
-839.536
-850.164
-775.41
-817.225
-776.041
-844.172
-848.96
-684.636
-834.794
-817.475
-715.135
-602.057
-522.031
-594.672
-514.962
-728.152
-827.974
-717.078
-819.733
-602.443
-498.551
-617.602
-497.506
-3.02462
7.69448
1.30451
-116.534
-50.7555
-49.6693
15.3973
4.85843
4.14365
-121.924
-50.0401
-54.8147
9.66302
15.6425
5.65717
5.24608
17.4121
4.10147
-372.079
-389.162
-342.586
-322.899
-390.107
-322.461
-372.557
-356.729
-295.605
-346.472
-307.35
-345.202
-307.335
-357.497
-103.407
-72.7205
-251.262
-211.587
-253.988
-102.541
-72.798
-36.5013
-5.6886
-0.906674
-102.444
-262.125
-214.585
-78.343
-256.682
-110.725
-74.4944
-144.758
-142.573
-315.759
-254.812
-168.378
-294.94
-116.621
-66.1731
-12.5645
-28.229
-126.575
-268.036
-238.322
-85.0643
-280.597
-112.296
-97.5638
36.4229
35.4186
33.6008
-48.0528
4.2761
7.31908
34.3991
30.5079
31.8715
14.5698
25.0995
18.4326
-78.3657
-1.36105
-10.3297
26.9975
27.7313
22.5558
-606.86
-599.794
-740.838
-683.269
-711.999
-747.547
-681.618
-752.3
-734.476
-746.452
-760.133
-692.299
-716.786
-686.884
-750.524
-756.351
-645.122
-750.788
-753.277
-642.498
-550.523
-445.023
-553.429
-442.376
-645.703
-757.124
-755.445
-647.54
-549.763
-438.419
-547.681
-440.266
-611.4
-618.35
-763.414
-700.893
-731.608
-770.841
-700.306
-770.612
-763.639
-761.129
-764.756
-699.823
-730.277
-697.255
-756.317
-768.678
-634.564
-747.759
-743.964
-640.401
-537.325
-430.058
-534.599
-431.735
-632.52
-735.177
-738.499
-627.828
-541.604
-437.038
-545.927
-434.354
-816.109
-805.716
-901.023
-989.336
-951.871
-897.986
-953.785
-949.806
-897.982
-992.56
-902.857
-946.286
-1411.83
-1628.55
-1423.51
-1616.85
-1405.95
-1612.29
-1405.39
-1611.25
-812.056
-820.51
-910.235
-996.777
-956.54
-909.543
-944.213
-939.285
-904.515
-986.005
-900.802
-945.69
-1427.03
-1633.27
-1432.5
-1627.11
-1419.86
-1613.54
-1413.08
-1622.39
-896.533
-956.676
-993.641
-898.3
-954.846
-1438.81
-1636.35
-1436.51
-1638.12
-726.994
-675.018
-743.029
-698.688
-730.697
-671.318
-740.154
-530.694
-429.419
-532.806
-428.202
-622.041
-732.194
-625.581
-728.7
-528.63
-427.208
-2126.55
-2516.89
-1149.14
-2156.02
-440.023
1036.16
-4137.7
-1599.76
-1598.36
-1572.31
-1633.36
-1168
-1711.26
-1635.45
-1407.44
-790.62
628.238
-622.958
-465.314
-954.913
-1704.63
-1723.01
-1766.67
-1747.02
-1797.3
-1806.21
-1790.13
-1800.92
-1583.53
-1580.29
-1614.25
-1592.9
-1775.31
-1741.55
-1657.38
-1698.15
-148.66
-142.648
-215.93
-181.768
-199.227
-170.222
-96.3034
-69.0416
-83.3859
-63.068
-3.92674
-51.9706
-78.5751
-45.9928
-99.3434
-170.198
-139.227
-67.0786
-136.073
-91.0293
-99.6621
-514.098
-477.085
-440.161
-417.206
-481.561
-550.68
-451.98
-717.991
-796.772
-791.932
-759.474
-773.929
-692.894
-747.543
-634.829
-565.99
-662.532
-745.866
-597.872
-694.602
-641.154
-597.798
-495.658
-682.211
-567.777
-606.479
-533.488
-629.998
-266.662
-185.561
-357.443
-293.279
-243.935
-237.473
-321.906
-213.402
-194.31
-126.925
-259.204
-163.274
-205.773
-235.503
-149.302
-117.992
-62.9054
-91.2043
-116.221
-164.291
-127.491
-335.911
-404.902
-340.332
-430.281
-283.55
-399.738
-363.241
-131.039
-147.093
-121.128
-72.8529
-105.357
-80.5718
-116.669
-88.2657
-54.7564
-82.2174
-61.6536
-72.5023
-87.349
-41.2678
-114.328
-96.5429
-117.64
-85.9766
-85.3298
-131.644
-94.1544
-62.3016
-110.525
-599.918
-614.466
-286.112
-244.593
-294.549
-181.178
-257.563
-351.779
-263.174
-455.283
-351.913
-492.978
-330.988
-465.186
-323.466
-415.143
-155.304
-158.354
-212.85
-172.251
-132.217
-215.694
-157.676
-172.016
-126.74
-223.883
-127.776
-170.911
-186.131
-190.174
-262.434
-237.027
-253.169
-195.938
-241.83
-222.798
-144.257
-79.6775
-121.296
-133.04
-157.586
-110.249
-670.03
-694.405
-703.582
-608.154
-640.23
-749.834
-630.088
-780.077
-822.464
-847.04
-793.391
-812.868
-781.52
-794.002
-735.931
-673.455
-706.26
-788.342
-688.708
-756.683
-759.434
-687.632
-636.365
-727.335
-609.974
-672.256
-745.57
-630.754
-401.428
-366.115
-456.388
-483.134
-442.06
-376.126
-382.63
-389.405
-450.915
-497.237
-414.821
-455.921
-397.937
-408.521
-370.527
-311.68
-443.145
-351.882
-401.679
-364.677
-346.795
-386.15
-437.984
-397.991
-360.538
-403.829
-379.943
-390.255
-291.97
-246.927
-289.085
-269.129
-285.825
-251.992
-308.035
-401.761
-513.328
-372.249
-471.618
-406.448
-362.784
-505.791
-309.459
-257.081
-287.588
-299.93
-281.924
-253.443
-321.601
-471.688
-642.245
-550.504
-584.178
-640.832
-703.105
-426.029
-466.45
-601.708
-490.68
-498.697
-626.792
-352.609
-604.397
-419.68
-554.311
-675.791
-499.42
-676.373
-804.384
-786.875
-588.28
-562.102
-572.109
-501.063
-596.919
-472.07
-576.546
-362.878
-572.221
-450.91
-545.813
-514.318
-394
-493.495
-248.214
-394.419
-457.383
-463.491
-380.61
-327.825
-431.023
-313.543
-307.227
-422.829
-432.987
-455.964
-291.497
-343.764
-359.233
-425.738
-411.671
-390.758
-448.331
-443.945
-390.654
-373.89
-523.026
-462.289
-464.948
-432.47
-490.672
-407.178
-32.0392
-95.8251
-55.6116
-237.274
-197.409
-157.213
-152.16
-127.134
-90.7124
-328.551
-224.123
-247.361
-215.555
-302.828
-207.562
-166.793
-303.992
-192.9
-397.195
-431.513
-439.249
-438.113
-408.944
-469.136
-296.248
-192.884
-201.388
-226.188
-248.555
-231.638
-188.791
-199.935
-213.852
-216.122
-259.482
-252.384
-249.762
-228.596
-218.731
-202.309
-220.235
-250.84
-195.122
-235.513
-184.747
-213.415
-208.86
-261.492
-249.591
-202.44
-247.237
-204.344
-215.297
-280.654
-287.353
-245.017
-263.452
-291.951
-289.596
-234.82
-249.43
-282.288
-389.417
-339.422
-272.355
-353.328
-254.35
-248.91
-152.032
-180.123
-315.505
-321.361
-371.189
-358.594
-354.345
-328.475
-323.678
-231.357
-283.365
-306.027
-204.514
-312.215
-215.698
-235.107
-407.179
-363.923
-416.436
-352.416
-352.469
-396.143
-398.675
-421.685
-540.246
-425.888
-634.277
-417.391
-579.292
-408.188
-290.59
-289.513
-306.942
-335.337
-302.176
-249.235
-335.027
-273.261
-226.67
-272.118
-303.12
-291.76
-247.309
-250.606
-248.343
-258.374
-259.057
-189.124
-272.765
-223.832
-194.27
-302.136
-345.814
-322.716
-306.302
-317.97
-320.386
-282.283
-445.203
-436.771
-379.522
-365.91
-454.131
-407.943
-390.449
-488.582
-502.454
-633.185
-498.62
-596.498
-542.349
-450.727
-922.1
-726.07
-848.327
-812.878
-920.207
-850.668
-809.722
-923.971
-767.172
-860.235
-829.084
-925.199
-858.521
-826.928
-591.154
-598.046
-749.663
-708.331
-726.631
-781.948
-702.918
-773.716
-762.329
-742.061
-764.667
-702.436
-720.645
-693.854
-734.674
-767.108
-650.262
-759.226
-758.234
-653.052
-555.729
-447.017
-552.404
-450.274
-649.661
-757.1
-648.25
-757.494
-556.187
-458.218
-561.206
-453.938
-603.614
-601.407
-759.069
-704.961
-729.253
-771.068
-695.51
-759.405
-770.115
-751.259
-764.994
-691.924
-723.552
-698.229
-750.311
-768.722
-660.826
-759.266
-762.408
-655.434
-571.961
-469.117
-575.423
-467.026
-663.514
-778.105
-770.128
-671.537
-565.893
-461.036
-561.692
-464.351
-854.157
-855.444
-971.844
-1079.43
-1051.21
-977.538
-1047.07
-1036.76
-960.4
-1070.67
-968.352
-1047.79
-1460.69
-1642.43
-1439.05
-1663.84
-1482.87
-1706.51
-1682.42
-1506.45
-837.44
-837.56
-921.037
-1019.78
-966.071
-927.698
-980.767
-1011.64
-950.318
-1035.75
-937.584
-998.527
-1545.7
-1727.03
-1744.81
-1541.32
-1547.14
-1725.17
-1733.68
-1529.04
-904.748
-888.121
-980.992
-1057.32
-1031.59
-969.723
-1028.45
-995.788
-970.656
-1051.88
-975.689
-1003.25
-1346.14
-1533.88
-1349.1
-1532.72
-1349.37
-1566.63
-1539.93
-1370.62
-902.207
-905.554
-973.9
-990.317
-1029.54
-973.237
-985.337
-990.455
-970.085
-1032.07
-971.305
-982.274
-1485.7
-1713.81
-1676.67
-1520.5
-1451.93
-1595.22
-1641.99
-1407.01
-684.82
-663.208
-794.626
-728.273
-764.692
-794.284
-729.69
-774.311
-807.19
-811.173
-828.938
-753.907
-780.551
-745.583
-826.673
-819.057
-718.486
-822.828
-826.158
-710.003
-620.711
-498.363
-622.779
-496.664
-720.662
-835.159
-724.586
-831.95
-616.462
-485.651
-609.56
-491.665
-697.215
-714.898
-847.378
-773.884
-850.388
-815.749
-850.552
-777.541
-849.618
-847.849
-839.258
-772.94
-812.169
-767.451
-836.183
-845.355
-692.188
-816.056
-807.364
-705.368
-584.723
-469.398
-581.372
-471.625
-687.415
-785.787
-677.079
-795.535
-595.645
-480.716
-603.569
-474.784
-399.727
-377.272
-355.989
-364.041
-335.916
-338.128
-343.447
-338.167
-313.675
-311.124
-263.327
-263.855
-311.521
-265.096
-312.881
-315.49
-269.303
-317.205
-265.866
-318.197
-266.882
-315.146
-97.7496
-71.3156
-249.133
-205.018
-245.892
-101.568
-69.1118
-22.1217
3.93242
3.95945
-95.5832
-241.74
-202.829
-66.8733
-243.882
-95.9189
-67.4066
-90.1433
-61.9095
-234.374
-195.595
-90.3945
-235.875
-62.2761
-18.3912
4.54487
6.09596
-91.3268
-240.19
-197.39
-65.6395
-237.707
-94.8839
-63.5904
-17.0823
22.8211
44.2196
45.2783
43.4646
46.1255
44.3017
37.9747
39.7388
37.7115
-28.9188
18.123
16.7743
40.9495
40.8067
39.0141
-24.2811
19.1132
19.0427
43.4072
43.068
41.4907
41.6506
42.8827
40.9844
-1687.78
-1676.63
-1670.38
-1671.18
-1694.29
-1689.76
-1675.75
-1681.98
-1698.72
-1699.89
-1699.46
-493.973
-471.237
-469.301
-476.643
-514.345
-471.264
-463.904
-580.74
-489.303
-486.287
-488.921
-546.99
-506.385
-505.547
-387.943
-362.154
-362.105
-353.879
-363.61
-384.363
-356.144
-379.599
-356.02
-359.249
-351.363
-382.887
-357.584
-349.366
-985.393
-1067.4
-590.457
-1176.74
-1231.31
-796.875
-1025.26
-471.01
-449.8
-437.374
-429.677
-451.738
-460.784
-442.459
-1282.2
-1444.66
-1316.14
-1526.67
-1290.93
-1435.71
-1306.2
-1275.26
-1315.33
-1527.51
-1428.89
-1428.76
-1308.01
-1274.83
-1509.3
-681.955
-570.213
-544.47
-608.668
-618.837
-684.914
-596.023
-1320.01
-1460.59
-1341.69
-1594.74
-1305.41
-1475.61
-1374.69
-1330.37
-1404.83
-1485.4
-1617.82
-1485.87
-1331.84
-1401.85
-363.047
-340.299
-342.815
-334.814
-341.463
-365.282
-333.307
-1494.3
-1485.71
-1478.71
-1478.86
-1262.34
-1411.01
-1478.02
-1286.82
-1284.45
-1386.56
-1278
-1219.58
-1191.45
-1218.78
-1423.88
-1146.19
-1255.1
-1338.4
-429.809
-401.111
-419.65
-413.656
-446.612
-402.336
-397.076
-1319.11
-1426.19
-1271.71
-387.894
-365.719
-374.671
-314.074
-401.614
-408.305
-360.839
-403.004
-655.934
-879.954
-648.273
-706.472
-1032.43
-670.308
-421.335
-378.212
-418.595
-428.506
-427.31
-507.464
-394.12
-1302.75
-1432.13
-1285.35
-1502.24
-1294.26
-1441.19
-1297.75
-1314.53
-1378.59
-1475.7
-1542.32
-1327.53
-1458.6
-1335.26
-368.935
-345.272
-345.011
-336.696
-366.417
-346.184
-338.419
-1475.79
-487.606
-469.331
-469.999
-459.44
-471.632
-481.609
-461.326
2.92273
13.9698
25.8524
-21.4501
-17.6538
19.3355
-9.87487
-609.559
-501.623
-534.541
-540.54
-522.893
-627.04
-524.771
-390.772
-365.343
-370.892
-364.188
-367.104
-396.54
-359.67
-378.323
-353.702
-353.889
-345.357
-354.849
-375.652
-347.044
-476.64
-460.656
-466.922
-456.29
-479.568
-462.26
-451.41
-653.886
-542.033
-555.501
-557.477
-646.938
-554.729
-569.876
-362.305
-338.715
-339.28
-330.744
-360.863
-339.712
-331.797
-1016.58
-1146
-1046.3
-1162.06
-988.015
-1127.54
-1248.37
-1641.5
-805.438
-1082.78
-494.636
-986.105
-1201.15
-1838.73
-1246.24
-1341.86
-1161.81
-1200.39
-1347.28
-1213.01
-1234.72
-1252.32
-1210.57
-1342.05
-1165.33
-1351.82
-1238.64
-1220.83
-1212.21
-1234.52
-1147.88
-1132.42
-1141.68
-1247.68
-1196.93
-1204.6
-1202.5
-1141.95
-1328.44
-1277.73
-1201.48
-1234.66
-414.934
-386.054
-377.599
-371.563
-403.217
-387.258
-382.243
-1264.21
-1389.7
-1157.43
-1229.36
-1380.18
-1216.79
-1275.11
-1258.25
-1211.41
-1149.62
-1374.71
-1374.19
-1213.19
-1259.89
-1282.33
-1394.43
-1156.81
-1244.6
-1389.07
-1240.36
-1288.65
-1275.22
-1224.47
-1156.25
-1377.04
-1384.25
-1229.19
-1266.69
-1294.95
-1396.84
-1250.64
-1162.9
-1292.7
-1399.03
-1251.95
-1294.35
-1161.28
-1398.15
-433.665
-415.64
-465.224
-374.707
-476.714
-409.632
-395.171
-439.471
-442.819
-486.465
-566.289
-533.169
-403.835
-437.828
-401.091
-402.598
-411.765
-366.13
-465.289
-413.057
-371.763
-1313.97
-1405.21
-1189.37
-1246.86
-1424.16
-1292.14
-1268.95
-1339.1
-1323.53
-1206.55
-1466.94
-1445.06
-1298.14
-1366.12
-1411.24
-1491.18
-1250.35
-1368.06
-1501.32
-1374.61
-1402.11
-1409.19
-1357.23
-1245.54
-1486.19
-1498.27
-1373.78
-1392.61
-1214.65
-1333.82
-1180.67
-1148.45
-1219.89
-1331.56
-1176.54
-1218.41
-1192.89
-1153.41
-1356.12
-1336.36
-1177.22
-1236.7
-1349.7
-1475.45
-1216.49
-1342.73
-1446.91
-1380.94
-1314.36
-1311.28
-1231.9
-1199.92
-1381.81
-1418.31
-1269.07
-1271.16
-370.95
-347.842
-351.226
-343.045
-374.194
-349.18
-340.897
)
;

boundaryField
{
    left
    {
        type            calculated;
        value           nonuniform List<scalar> 
703
(
-497.276
-464.435
1.14748
-486.991
-492.308
-470.824
7.09992
-659.543
-496.935
-342.117
-353.613
-397.029
-399.498
-395.297
-689.794
-408.338
-301.176
-470.695
-351.537
-634.43
-529.42
-424.01
-429.321
-178.346
-174.706
-517.554
-654.194
-383.248
-481.318
-201.597
-385.766
-553.228
-2.85273
-145.399
-56.7538
-52.7883
-335.31
-793.888
-705.752
-723.93
-886.221
-864.174
-754.506
-236.5
-654.931
-858.603
-74.284
-141.731
-411.953
-96.5017
-39.1249
-126.91
-124.751
-509.952
-768.64
-386.444
-439.606
-317.316
-152.45
-537.673
-321.803
-673.451
-433.274
-597.085
-398.478
-750.564
-271.266
-52.6696
-357.487
-321.506
-780.485
0.150048
-211.273
-21.6897
-34.3581
-23.6094
-336.969
-55.0243
-69.3513
-462.758
-388.929
-382.693
1.52623
44.5806
-488.594
-500.191
-381.127
-410.242
-506.042
6.51664
11.0826
6.04295
-751.072
-884.5
-790.281
-661.911
-770.349
-571.491
-316.948
-551.452
-583.684
-275.236
-285.617
-363.549
-755.521
-393.66
-402.179
-429.553
-335.768
-329.728
-360.769
-398.957
-432.129
-510.38
-383.883
-221.203
-464.859
-538.123
-587.005
-345.353
-266.529
-273.293
-484.876
-570.242
-545.1
-352.944
-385.186
-460.299
-152.233
-341.641
-313.104
-349.391
-346.497
-153.945
105.88
-483.327
-380.17
-505.109
-345.755
-367.641
-351.173
-420.279
-376.844
-352.032
-521.533
-424.827
-466.952
-36.9111
11.0861
3.50748
-60.9146
-31.9305
-86.4424
0.371713
-52.9506
-223.223
-331.034
-257.664
-968.132
-965.155
-799.347
-582.531
-876.237
-921.596
-686.954
-792.111
-601.376
-955.056
-914.609
-814.367
-963.744
-966.416
-949.915
-660.984
-868.801
-940.345
-453.943
-467.157
-263.668
-845.393
-666.434
-515.695
-751.365
-758.676
-899.539
-94.0117
-249.865
-239.676
-298.518
-255.883
-106.772
-370.051
-292.293
-336.652
-66.4608
33.3756
25.6784
39.2385
33.9033
-54.9586
-113.558
23.5776
1.19838
25.3681
22.314
-108.162
-759.443
-682.165
-390.162
-411.279
-293.974
-368.306
-341.713
-129.248
-225.946
-285.585
-429.131
-367.707
-470.695
-170.882
-300.12
-389.304
-290.474
-283.995
-488.307
-543.935
-619.289
-420.553
-506.479
-438.652
-366.857
-309.382
-451.82
-405.803
-419.56
-420.955
-451.244
-602.7
-505.238
-652.793
-197.629
-345.034
-432.363
-133.044
-247.18
-126.097
-349.943
-445.653
-419.591
-479.323
-476.528
-332.077
-716.621
-628.803
-650.641
-71.0883
-229.07
-112.541
-251.18
46.3285
-29.4115
42.8802
40.5953
45.4715
43.5737
-27.1113
-259.167
-264.88
-343.408
-60.22
-229.72
-224.552
-237.683
-231.262
-62.8326
-24.34
-17.1182
2.48675
7.82453
2.48544
-5.14221
-626.355
-577.5
-656.48
-599.98
-623.397
-710.804
-151.807
-55.7184
-62.3781
-68.8756
-54.5157
-170.557
-714.362
-244.398
-124.613
-93.1473
-234.071
-154.911
-398.419
-34.9774
-41.7013
28.3128
30.3815
-52.2188
-78.9808
25.8196
25.2027
-19.2234
-2.28037
-143.897
-96.576
-18.1913
-22.7113
11.655
9.25977
-42.8728
-124.907
-48.4144
-50.8168
-39.1542
-38.7399
-109.96
-335.889
-238.133
-237.103
-75.1268
-100.623
-186.417
-257.969
-231.334
-271.212
-334.239
-321.845
-334.59
-632.798
-531.524
-487.013
-32.4225
20.83
-296.199
-21.7368
20.8759
21.5871
-34.0526
13.7888
14.2573
20.3345
18.9651
-24.9506
-56.6194
28.7422
28.1085
24.6789
26.4719
-67.9567
-389.871
-431.542
-429.487
-434.094
-430.762
-386.955
0.155854
-15.8013
2.0504
-3.49968
-4.13874
-387.046
-462.042
-444.201
-496.628
-481.117
-398.978
-1.63439
3.85268
18.9212
-4.91266
-8.31
-18.092
-277.96
-325.467
-322.432
-333.552
-328.336
-280.66
-268.777
-316.119
-313.747
-320.56
-317.821
-270.582
-367.453
-411.276
-398.384
-426.563
-420.456
-377.775
-71.3831
-78.2405
-167.832
-334.745
-229.31
-230.504
-212.283
-216.294
-326.03
-351.264
-237.984
-239.126
-228.896
-228.857
-349.23
-154.671
-50.017
-53.3056
76.7214
-134.989
-125.832
-287.846
-360.282
-259.196
-260.51
-255.684
-256.274
-351.975
-410.579
-290.671
-330.163
-257.039
-272.135
-390.287
-391.517
-142.378
-121.59
-438.625
-527.15
-513.567
-553.173
-545.958
-459.863
-37.1074
-103.089
-23.2055
-31.5916
-20.3822
-221.453
-119.805
-122.096
-118.137
-220.026
-49.6704
31.6745
-254.363
-301.173
-299.728
-304.267
-302.446
-255.834
23.6421
28.0765
-85.4731
-244.903
-135.545
-141.496
-133.914
-135.261
-242.23
-280.617
-170.336
-188.2
-144.395
-155.558
-267.153
-117.691
14.4166
23.2313
-303.772
-351.708
-340.477
-382.886
-366.214
-318.393
-1.09834
-7.65425
-75.4972
28.2045
28.2834
33.9726
21.1882
24.5117
28.1656
35.0917
38.9083
42.1477
36.4037
37.4008
34.8307
-49.1431
6.4073
4.25313
-44.0711
-38.221
-109.716
20.4862
9.33755
9.64914
3.63827
5.53471
9.23104
19.7382
11.8119
15.8625
11.0309
9.60317
23.4104
-124.202
-48.1491
-38.9241
-201.577
-227.605
-327.642
-400.033
-197.004
-170.685
-207.833
-208.907
-385.688
-125.542
-43.8063
-29.1476
-117.07
-83.9379
-206.554
-230.101
-138.748
-180.684
-208.907
-193.608
-224.682
-319.022
-224.93
-242.736
-264.018
-241.415
-354.484
-271.189
-224.367
-241.104
-221.1
-228.205
-268.539
-447.178
-539.424
-588.381
-582.442
-554.699
-475.216
-448.682
-302.625
-293.893
-425.361
-332.886
-472.964
-372.299
-325.277
-396.401
-343.681
-307.046
-343.978
-258.673
-278.971
-327.234
-68.849
-27.2802
-55.9253
-36.5371
-84.4166
-116.829
-119.876
-282.221
-244.124
-182.357
22.3096
-19.7191
45.859
49.5431
49.9034
48.455
44.7467
17.1996
16.1321
-30.1444
40.9066
44.4104
46.3452
43.8404
42.8055
39.4519
42.497
46.5995
48.9657
47.3563
46.1399
42.6459
-26.816
18.0427
18.6674
-260.883
-307.762
-305.752
-312.053
-309.608
-262.653
26.4575
28.4978
-58.8449
-227.67
-124.384
-126.789
-122.899
-123.265
-226.018
-235.063
-130.08
-132.794
-127.865
-128.311
-233.203
-63.2325
27.2147
26.1761
-463.336
-473.282
-485.856
-506.548
-529.261
-481.423
-362.93
-366.224
-355.994
-349.171
-358.23
-361.125
-438.454
-449.988
-443.694
-572.698
-613.861
-623.119
-333.483
-342.152
-344.155
-394.856
-407.72
-423.935
-651.348
-549.242
-709.867
-400.033
-431.503
-452.742
-340.28
-363.488
-379.441
-345.502
-347.793
-338.728
-464.795
-468.986
-464.339
-495.428
-550.654
-566.275
13.5184
13.2249
7.77597
-358.909
-369.32
-374.911
-354.173
-356.654
-347.18
-454.677
-457.462
-462.109
-582.862
-593.297
-532.644
-339.659
-341.125
-332.087
-381.99
-393.401
-380.482
-411.855
-422.152
-471.92
-421.227
-427.179
-417.31
-340.959
-349.736
-352.514
)
;
    }
    bottom
    {
        type            calculated;
        value           nonuniform List<scalar> 
141
(
-572.941
-1309.25
-1.23476
0.55712
-1328.43
-343.363
-1294.95
-298.801
-1327.95
-484.802
-906.523
-1012.19
-977.433
-965.669
-1296.82
-3.73677
-1343.5
-1001.14
-988.319
-675.782
-263.5
-718.009
-754.618
-1210.17
-1024.1
-1035.66
-634.974
-650.19
-630.304
-1288.71
-955.293
-48.5987
-1034.86
-1020.11
-1342.74
-681.413
-720.39
-653.305
-670.722
39.9898
17.5368
-476.474
-400.788
-299.517
-210.601
-213.675
-439.125
110.885
15.1539
-44.6258
-704.149
-233.134
-177.7
-425.52
-720.464
-716.94
-641.421
-646.55
-52.0646
-135.305
-117.402
-697.199
-710.351
-656.281
-661.785
-4.35215
0.215655
-6.46236
-17.1317
-17.0352
6.06772
52.0736
2.15903
1.65043
-16.4799
-9.73121
-20.8591
-491.275
-393.948
-387.591
-308.166
-384.061
-472.993
-301.128
-266.298
-201.731
-362.989
-314.456
-375.27
100.779
-143.953
-46.0992
-69.3512
-413.183
-324.626
-529.711
-450.934
-353.905
-278.304
-260.857
-497.734
-503.309
-508.629
-501.317
-520.476
-530.256
-517.21
-508.089
-445.112
-447.748
-439.841
-441.136
-453.811
-456.081
-449.066
-450.334
-438.454
-439.779
-436.751
-149.24
-101.159
-47.843
-488.519
-494.558
-482.299
-484.576
-512.425
-513.394
-500.154
-504.767
-467.51
-471.508
-458.887
-461.386
-481.889
-484.21
-474.925
-477.739
14.3695
-25.8078
-48.271
)
;
    }
    interface
    {
        type            calculated;
        value           nonuniform List<scalar> 
1726
(
-983.71
-188.834
-207.432
-658.317
-688.416
-16.2667
-216.187
-411.309
-693.717
-683.826
-68.5114
-896.495
-768.248
-136.098
-142.503
-90.1857
-157.496
-47.0759
-107.582
-657.388
5.91164
-528.475
-161.776
-335.482
-366.024
-702.305
-780.673
-84.8552
-71.0736
-23.9681
-40.6566
-26.9598
1.13839
25.837
3.71695
-726.726
-459.814
-670.833
-452.786
-1259.21
-765.098
-1147.24
-736.018
-887.186
-377.357
-628.495
-473.327
-774.338
-1083.72
-315.335
-421.814
-592.788
-205.81
-577.311
-382.263
-573.596
-417.339
-321.332
-350.527
-446.998
-351.291
-340.06
-359.924
-453.992
-319.828
-1045.77
86.6669
153.778
-171.149
-168.262
-679.099
-679.089
44.9864
61.5092
-3.09131
-16.6611
11.5979
-83.6199
-81.2466
13.3039
-36.5656
-25.3292
-51.0028
-376.299
-372.261
-672.986
-677.203
-760.491
-443.766
-861.912
-902.78
-1053.16
-744.757
-1148.76
-1224.65
-1182.45
-779.035
-1138
-785.302
-787.218
-787.577
-1004.43
-917.337
-1073.91
-731.148
-970.135
-693.963
-1121.75
-546.749
-1056.63
-1043.18
-1074.25
-1084.58
1.73057
-125.578
-118.023
22.0392
19.2566
-108.708
-122.942
38.4221
-64.997
32.7639
-78.2664
-1182.03
-547.889
-224.572
9.53532
-24.3564
-122.817
-371.963
-837.013
-662.746
-571.769
-283.711
-179.427
-42.6078
-457.598
-95.966
-74.1348
-387.393
-153.247
-87.8277
-291.981
-737.64
-860.506
-674.201
-618.924
-471.228
-362.152
-383.422
-420.635
-211.8
-507.086
-304.82
-490.767
-559.104
-480.592
-374.049
-306.911
-309.851
-346.924
-446.122
-527.631
-408.822
-257.284
-267.784
-261.84
-355.486
-380.36
-312.948
-324.984
-266.415
-378.407
-497.964
-758.012
-766.748
-79.3316
-76.3081
45.9247
-34.8203
-31.4295
-32.744
22.4588
-29.6343
18.4774
15.5316
66.2056
13.4398
-540.151
-634.789
-623.014
-575.153
-998.621
1.40982
-190.015
-167.139
-11.5452
-667.499
-683.614
11.0238
-15.263
-29.6858
-263.104
-170.498
-427.541
-677.029
-685.906
64.483
-67.8847
-829.679
-770.989
-51.6231
-137.804
-121.082
-43.0823
62.9977
-93.8698
33.1504
-166.084
16.8916
-51.4865
-17.7393
-111.781
-610.501
-641.815
-801.866
-828.124
-650.114
-801.164
-69.6012
-25.9561
-5.11148
-301.371
-494.172
-515.829
-591.552
-451.057
-351.694
-415.478
-78.3094
-196.48
-357.373
-247.73
-328.053
-296.143
-726.792
-773.512
-629.795
-632.661
-867.858
-830.032
-646.733
-731.212
61.9191
-84.1077
64.5998
-72.1285
-24.8411
25.8561
19.3563
-41.2316
-29.0003
24.5818
33.7192
61.2072
4.49894
4.38643
-425.296
-371.533
-423.445
-387.376
-413.846
66.5798
-52.8763
-24.5509
4.6949
-38.8699
-459.222
-353.77
-431.205
-355.136
-739.357
-569.364
-606.3
-519.857
-475.073
-527.217
-721.372
-598.124
-623.91
-455.428
-469.071
-500.621
-1176.73
-1191.86
-1099.8
-797.515
-723.934
-650.795
-445.6
-386.586
-474.003
-706.62
-531.005
-583.621
-567.994
-415.319
-515.211
-325.529
-272.827
-321.559
-276.138
-408.656
-260.832
-352.712
-478.176
-363.084
-420.771
-505.712
-531.613
-448.208
-253.035
-286.63
-338.973
-578.672
-507.361
-504.67
-431.746
-401.455
-438.296
-566.238
-495.401
-490.501
-466.809
-431.348
-459.714
-352.246
-354.096
-335.131
-407.527
-374.9
-334.171
-208.674
-364.649
-243.612
-387.162
-324.238
-360.403
-387.741
-340.301
-356.779
-434.064
-439.858
-412.299
-299.986
-324.746
-318.563
-354.927
-347.796
-317.261
-271.814
-321.243
-268.176
-1061.88
-399.544
-404.027
-170.532
10.3057
-394.152
-400.054
-416.025
-353.446
-372.182
-401.593
-189.814
-15.6572
-199.687
-351.52
-369.487
-384.395
-215.753
-374.174
-669.754
-686.246
-490.256
-449.051
-440.893
24.9936
28.7875
56.4965
-19.8654
-0.224717
6.76584
-183.893
-76.6021
-19.2306
-40.9743
2.94035
-10.2971
-43.8028
-90.5472
-52.5694
-3.18124
-34.9958
-52.6542
-95.351
-50.1565
5.79922
-31.8977
-28.4031
-9.94805
-20.3687
-14.0334
-60.5637
18.1621
-2.06527
-564.558
-469.179
-444.489
-594.643
-396.886
-390.17
-251.105
-308.819
-63.1461
-412.295
-402.658
-252.033
-480.809
-463.883
-420.083
-30.1535
-422.002
-439.972
-675.312
-676.911
-340.669
-334.958
-336.226
-302.204
-255.648
-253.494
-304.57
-74.9285
-257.95
-255.769
-78.8835
-64.6231
-254.347
-905.89
-876.122
-967.278
-591.913
-432.896
-936.392
-842.176
-906.144
-959.359
-858.306
-915.836
-1002.18
-1007.52
-955.891
-802.924
-808.202
-865.592
-974.831
-998.967
-990.246
-575.701
-473.62
-547.894
-467.309
-1208.91
-1137.55
-1115.18
-1092.42
-1113.92
-1184.98
-1104.54
-1218.04
-1179.33
-1175.05
-1176.71
-1140.72
-1028.2
-515.021
-835.296
-1148.38
-1157.08
-1166.87
-1212.88
-1364.42
-1106.57
-1155.56
-1110.76
-1077.61
-1050.34
-1055.99
-809.665
-769.304
-1151.05
-1115.33
-934.953
-1056.34
-1028.57
-1367.63
-1373.24
-1299.98
-961.752
-1007.6
-1015.12
-1036.38
-1000.89
-1044.78
-922.916
-990.747
-976.253
-891.926
-958.11
-1052.43
-1031.27
-1018.31
-822.708
-824.564
-907.182
-1034.95
-801.317
-874.773
-882.238
-592.09
-746.779
-1086.38
-1064.22
-962.524
-623.399
-561.633
-671.127
-1059.48
-1079.69
-1045.2
-1063.32
-1023.19
-1029.03
-1052.43
-1071.05
-1043.6
-1085.23
-1008.13
-1026.18
-746.797
-892.53
-901.681
-904.57
-637.139
-808.05
-802.101
-549.59
-647.214
-812.494
-808.43
-545.552
-831.734
-869.457
-867.973
-832.69
-617.524
-569.734
-638.987
-544.622
7.56246
-119.748
-48.0744
17.5001
10.4154
-139.334
-39.9775
16.6755
12.2564
-364.719
-335.914
-383.782
-313.85
-277.087
-280.51
-100.316
61.3697
-289.259
-283.68
-342.898
-162.449
-320.418
-132.59
64.152
-295.005
-308.462
43.9718
34.2104
-59.1292
11.1883
38.2357
22.5385
-86.7203
7.2652
26.3488
35.8452
-727.708
-767.003
-770.679
-590.949
-496.51
-592.863
-738.458
-492.38
-789.666
-787.632
-584.227
-481.534
-578.629
-487.495
-856.874
-947.142
-947.165
-863.53
-1396.52
-1390.31
-816
-874.084
-955.019
-941.017
-861.416
-945.28
-1410.02
-857.635
-949.801
-1420.29
-1418.28
-763.629
-718.203
-760.032
-478.319
-572.261
-475.567
-588.818
-132.644
-169.185
-81.2804
-61.7347
2.37548
-26.9608
-163.828
-41.698
-69.9795
-468.061
-435.763
-531.835
-784.472
-757.573
-693.961
-569.708
-729.288
-635.184
-498.652
-669.084
-595.087
-186.225
-344.554
-240.998
-114.554
-244.447
-197.152
-108.095
-45.3923
-150.128
-396.177
-334.153
-283.179
-129.053
-135.816
-115.53
-69.889
-102.86
-109.746
-111.769
-84.1595
-22.8423
-83.8715
-123.004
-135.151
-57.5182
-602.259
-291.693
-174.928
-198.936
-485.008
-460.593
-155.708
-208.979
-170.397
-105.446
-210.848
-160.327
-258.937
-230.27
-194.077
-694.392
-708.776
-749.519
-841.341
-796.939
-800.375
-671.769
-772.66
-758.41
-618.747
-720.882
-743.425
-367.032
-458.73
-375.417
-488.481
-413.224
-390.106
-290.625
-437.782
-351.365
-439.16
-341.727
-380.202
-280.545
-272.672
-314.28
-494.225
-377.798
-343.468
-215.406
-305.593
-223.969
-664.913
-648.917
-589.124
-528.809
-750.271
-651.397
-542.537
-653.56
-498.793
-623.2
-531.454
-528.092
-604.547
-694.49
-414.999
-574.618
-525.2
-437.524
-509.467
-477.029
-480.581
-396.31
-470.159
-395.784
-473.205
-315.576
-420.938
-434.808
-410.901
-459.301
-426.868
-387.938
-11.2473
-243.308
-192.544
-174.576
-93.6456
-348.309
-210.513
-179.334
-129.391
-445.471
-401.301
-215.767
-195.176
-202.012
-199.26
-230.642
-188.77
-186.599
-201.564
-217.855
-203.692
-232.991
-224.624
-204.985
-216.839
-184.675
-183.334
-180.874
-178.497
-217.031
-286.161
-293.008
-252.948
-246.802
-304.37
-293.317
-241.914
-266.124
-317.125
-321.88
-392.2
-372.122
-357.723
-345.66
-330.994
-367.235
-419.922
-402.519
-413.139
-379.988
-300.936
-272.85
-298.123
-295.511
-241.138
-236.722
-345.204
-280.163
-210.196
-254.727
-236.44
-256.56
-255.058
-174.09
-173.42
-228.703
-185.717
-185.902
-309.124
-308.24
-314.515
-276.105
-445.737
-437.038
-370.817
-369.578
-448.384
-443.575
-400.826
-483.906
-505.574
-607.376
-558.663
-529.969
-518.314
-738.735
-777.539
-607.915
-807.601
-799.137
-600.773
-501.823
-596.455
-508.564
-623.626
-745.047
-790.043
-790.356
-611.017
-524.448
-617.131
-517.887
-944.111
-1040.39
-1026.39
-926.128
-1035.7
-1441.4
-1423.62
-879.306
-965.272
-1002.79
-904.661
-1524.57
-1519.28
-1524.33
-898.891
-934.693
-1025.69
-1004.38
-946.188
-1006.73
-1338.08
-898.739
-966.843
-1002.54
-1003.45
-966.161
-997.709
-1469.55
-817.171
-765.817
-827.458
-654.206
-802.257
-805.715
-564.564
-662.437
-810.71
-553.037
-831.254
-869.709
-865.29
-638.095
-529.47
-630.154
-537.033
-348.166
-308.125
-256.97
-305.577
-258.876
-274.983
-271.437
-91.2849
-78.3086
63.0621
-84.9189
-266.885
-269.715
-79.2272
-259.249
-79.6713
-261.129
-74.6715
63.1108
-265.519
-263.029
-84.3954
-21.6232
51.7761
44.2576
45.8169
-35.6123
21.7537
48.0994
-31.7329
23.2611
50.7272
41.9529
49.2907
-884.68
-1138.96
-1093.03
-914.569
-817.117
-714.863
-17.7917
-605.707
-366.445
-376.277
-378.829
-393.278
-437.519
-366.703
-867.243
-906.155
-431.153
-419.842
22.4069
-16.8907
-469.213
20.4295
-103.166
-197.47
-359.371
39.8632
42.2916
-94.9632
-511.392
-8.33483
-891.691
-1038.8
-1028.9
-1025.74
-487.015
-473.922
-1123.22
-1054.49
-1048.38
-1088.4
-1510.4
-1237.96
-1584.88
-1600.29
-1446.35
-1564.95
-941.719
-521.73
-519.247
-726.549
-547.237
-529.256
22.9563
31.7905
-628.522
-732.867
-463.159
-456.697
-635.743
-446.837
-718.153
-453.896
-815.989
-1684.32
-1668
-1695.9
-1674.76
-1699.79
-445.222
-714.49
-1518.23
-1424.34
-1546.58
-1553.81
-1422.09
-1523.97
-579.175
-1651.48
-1708.87
-1737.4
-1730.97
-1541.05
-1568.1
-1714.28
-1604.69
-464.174
-599.317
-152.151
-144.24
-109.799
-306.265
-313.05
-193.757
-489.563
-418.98
-533.567
-432.355
-320.439
-742.105
-467.019
-739.551
-478.397
-492.48
-483.687
-848.862
-1704.07
-1768.34
-834.694
-1815.36
-1792.2
-1573.2
-1605.43
-1781.11
-1656.91
-701.957
-526.728
-813.983
-514.024
-718.287
-795.257
-493.75
-504.962
-340.993
45.0222
43.0417
-1634.04
-1619.09
-1640.22
-1622.4
-1643.28
90.3977
9.61526
-221.461
-222.518
8.13397
-197.706
5.57603
-75.3121
-250.187
-56.1469
-280.794
-332.256
67.2045
-931.05
-990.864
-1093.16
-982.741
-907.659
-791.671
-918.073
-719.945
-31.5884
-51.5864
-41.1241
63.7057
-92.8013
-92.2962
42.1789
-137.482
14.8594
-12.8552
-616.394
-723.981
-639.167
-749.403
-749.497
-808.607
-821.954
-796.195
-600.866
-714.953
-320.988
-367.458
-247.242
-368.996
-359.039
-407.105
-105.272
-249.129
-295.033
-298.185
-329.642
-396.058
-406.597
-497.466
-421.389
-483.403
-383.193
-619.12
-740.118
-750
-633.987
-747.764
-850.613
-830.251
-889.886
-902.611
-663.571
-779.885
-726.188
-832.428
64.3541
-87.2676
65.8384
24.8208
18.4525
23.2472
-33.1066
-2.41543
-434.568
-398.243
-397.811
-432.674
-532.856
-440.252
-407.572
-577.562
-428.666
-521.126
-438.216
-476.738
-443.792
-508.968
-431.014
49.4173
-11.7415
-45.0553
24.2266
-8.0892
42.44
11.3894
9.48622
-21.4034
-121.132
-485.212
-379.867
-503.559
-368.472
-696.997
-392.836
-640.697
-375.251
-734.208
-382.468
-391.848
-757.303
-452.392
7.42733
-326.372
-282.349
-331.954
-277.397
-433.674
-354.61
-315.366
-320.161
-427.393
-435.366
-325.238
-318.692
-443.7
33.6836
-106.586
-356.366
-355.678
-350.6
-350.638
-316.793
-264.057
-313.374
-267.214
-422.447
-317.451
-428.057
-310.666
-423.397
-307.962
-312.342
-418.631
38.6931
40.1248
11.4753
-206.605
-209.245
-425.769
-394.062
-432.259
-384.273
-509.417
-429.668
-395.053
-449.511
-414.709
-503.634
-508.18
-476.064
-437.925
-508.864
-468.682
-432.701
-28.4857
-216.651
-0.863859
26.6192
-102.14
-43.618
-541.959
-397.763
-523.796
-416.033
-800.366
-486.675
-460.687
-833.763
-788.344
-414.14
-773.539
-411.378
-61.8377
-252.994
-51.0193
-260.225
-243.033
-336.848
-301.308
-250.333
-299.438
-252.068
-405.472
-301.445
-296.127
-409.066
-406.417
-295.11
-403.86
-296.864
68.7312
-72.328
-962.194
-957.992
-847.889
-916.815
-1014.42
-977.195
-846.38
-1074.91
-1039.07
-1028.06
-1018.85
-1021.14
-838.561
-564.688
-534.186
-445.749
-778.04
-652.312
-445.571
-466.97
-1247.39
-1151.48
-1077.37
-1026.89
-1047.32
-1157.53
-1091.39
-1192.7
-1095.58
-1191.56
-1096.18
-1227.18
-1427.18
-1091.99
-1111.15
-1072.84
-1151.23
-1200.5
-1363.37
-1065.36
-1083.55
-965.06
-1034.07
-1065.68
-1251.67
-1201.94
-1236.88
-1215.32
-1604.21
-1355.2
-1361.15
-1608.86
-1244.21
-1197.91
-1208.41
-1229.54
-1320.59
-1209.44
-1183.43
-1190.56
-1213.18
-1263.58
-1480.79
-1193.27
-1146.34
-1165.61
-1187.83
-1349.1
-1534.19
-919.829
-970.331
-986.87
-1027.73
-869.77
-805.902
-848.853
-868.637
-759.999
-856.983
-823.654
-810.839
-641.819
-556.908
-517.335
-655.579
-550.693
-516.033
-825.788
-872.164
-865.286
-716.15
-827.967
-789.103
-646.342
-582.019
-540.773
-656.406
-562.661
-521.305
-77.4964
7.51554
-37.8313
10.6871
16.4185
19.9604
-54.8111
12.679
10.0868
-348.926
-287.271
-337.073
-299.452
-477.708
-401.589
-372.98
-493.923
-350.338
-463.282
-362.517
-326.478
-449.571
-337.262
67.8918
-91.7262
-100.478
56.4538
-117.774
-102.492
25.5978
40.4097
12.4951
38.9297
25.5315
2.8396
29.4203
-779.039
-729.207
-774.824
-733.465
-622.244
-737.269
-735.06
-589.849
-496.736
-461.812
-737.03
-593.314
-491.592
-457.657
-782.53
-785.536
-640.15
-746.721
-744.293
-725.86
-586.402
-480.471
-447.622
-721.148
-576.68
-488.483
-452.634
-809.245
-860.206
-948.923
-859.682
-944.658
-1252.09
-1216.12
-1218.8
-1250.49
-1406.23
-1675.58
-1257.29
-1234.37
-1223.13
-1267.62
-1388.95
-1666.48
-821.473
-865.638
-945.981
-865.502
-1402.13
-1268.87
-1232.35
-1235.57
-1264.36
-1414.07
-1689.95
-1278.93
-1252.46
-1249.15
-1283.57
-1397.46
-1682.02
-855.172
-948.358
-1289.49
-1701.85
-1290.68
-1259.26
-1288.32
-1260.59
-711.469
-478.58
-444.582
-573.789
-442.158
-1377.97
-1285.76
-1562.89
-1563.78
-1453.33
-1492.58
-689.404
-709.432
-1667.05
-1691.37
-1741.46
-1744.16
-1540.27
-1545.88
-1683.93
-1644.94
-118.066
-142.077
-116.388
-110.294
-266.463
-349.939
-212.325
-303.871
-234.186
-594.025
-653.812
-485.235
-452.151
-136.527
-151.535
-164.479
-117.227
-831.686
-834.092
-543.37
-610.777
-826.879
-788.557
-653.882
-789.713
-26.316
-146.316
-60.0288
-337.311
-345.235
-238.19
-171.691
-154.411
-211.56
-182.108
-172.185
-214.013
-222.346
-267.115
-273.519
-238.798
-558.746
-579.025
-520.359
-382.845
-466.038
-467.428
-545.911
-506.261
-462.675
-381.349
-480.712
-617.279
-469.48
-609.039
-788.803
-743.918
-729.075
-792.145
-613.761
-731.782
-760.344
-753.453
-741.063
-603.069
-500.348
-468.996
-740.001
-595.305
-510.444
-475.68
-740.023
-789.966
-789.489
-620.483
-737.634
-746.939
-608.334
-525.382
-491.389
-620.519
-516.018
-485.755
-847.333
-936.578
-1037.04
-934.804
-1466.24
-1334.25
-1331.42
-1309.13
-1355.51
-1721.2
-1305.18
-1254.98
-1285.58
-1274.62
-1485.07
-1749.73
-836.602
-886.704
-976.17
-897.029
-992.539
-1405.52
-1371.76
-1387.12
-1510.53
-1390.67
-1803.11
-1816.62
-1407.05
-1380.91
-1387.34
-1398.73
-888.229
-944.62
-1025.13
-937.832
-1341.12
-1206.94
-1188.65
-1176.48
-1221.8
-1338.22
-1571.94
-1205.29
-1176.95
-1206.35
-1175.7
-1358.2
-1581.3
-900.296
-963.471
-999.01
-962.767
-1433.18
-1306.11
-1236.41
-1272.54
-1396.05
-1266.92
-1745.45
-1497.7
-1701.62
-1347.29
-1352.89
-1377.54
-1324.48
-848.226
-838.11
-684.828
-796.782
-809.096
-768.757
-652.197
-564.013
-526.914
-662.805
-550.777
-516.874
-854.952
-822.352
-860.657
-729.848
-828.78
-787.103
-643.333
-526.948
-495.155
-777.481
-625.074
-540.418
-501.527
-385.504
-367.775
-342.89
-343.448
-309.343
-263.089
-312.658
-260.408
-412.98
-300.163
-408.615
-303.49
-413.753
-309.943
-418.879
-303.468
65.0345
-85.5289
65.9368
-80.504
45.3332
26.3639
49.7072
51.0087
44.0919
20.8637
45.9707
41.9874
22.3549
48.005
47.5135
-1626.32
-1617.38
-1634.79
-1629.23
-1645.07
-1644.07
)
;
    }
    procBoundary1to0
    {
        type            processor;
        value           nonuniform List<scalar> 
224
(
-453.372
-453.372
-453.372
-597.164
-518.494
-539.352
-580.895
-534.424
-517.662
-718.868
-1420.08
-718.868
-718.868
-703.391
-1467.7
-487.533
-429
-438.294
-484.758
-435.408
-427.78
-842.064
-1193.88
-633.242
-640.05
-595.49
-699.659
-321.332
-1697.4
-566.82
-523.971
-509.121
-470.548
-419.229
-415.725
-984.37
-1261.51
-1598.2
-1438.98
-1559.85
-1496.84
-1582.91
-521.865
-984.37
-984.37
-1559.85
-1559.85
-1496.84
-1496.84
-738.859
-737.942
-1224.99
-1489.37
-1593.31
-1671.1
-1675.23
-1675.23
-1675.23
-1547.64
-1547.64
-1547.64
-1645.52
-1645.52
-1645.52
-529.046
-462.535
-478.499
-473.836
-418.041
-423.398
-594.903
-541.225
-505.479
-567.107
-508.065
-542.089
-745.112
-800.961
-707.492
-809.323
-1376.46
-828.993
-823.021
181.328
-1783.8
-491.49
-439.672
-431.703
-481.435
-424.632
-432.226
-592.972
-470.983
-573.374
-579.015
-548.133
-525.786
-467.59
-412.767
-416.18
-1582.91
-3032.94
-1566.93
-1473.03
-593.683
-1033.02
-1783.8
-1582.91
-1582.91
181.328
-3032.94
-3032.94
-1566.93
-1566.93
-1473.03
-1473.03
-752.892
-660.43
-1190.04
-672.162
-600.629
-648.52
-1555.66
-1555.66
-1555.66
-1597.2
-1597.2
-1597.2
-501.809
-443.089
-443.722
-477.617
-427.502
-421.6
-660.43
-707.492
-600.629
-600.629
-633.242
-790.262
-642.543
-633.242
-1239.52
-518.494
-539.352
-541.225
-505.479
-534.424
-517.662
-508.065
-542.089
-429
-438.294
-439.672
-431.703
-435.408
-427.78
-424.632
-432.226
-699.659
-321.332
-470.983
-573.374
-523.971
-509.121
-548.133
-525.786
-419.229
-415.725
-412.767
-416.18
-1033.02
-1783.8
-2077.7
-1501.6
-1636.57
-1842.96
1749.69
-1601.36
-1578.58
-1605.57
-1593.63
-1501.89
-1467.94
-1545.55
-1581.56
-737.942
-1224.99
-1190.04
-672.162
-440.567
-1662.54
-1549.91
-1562.55
-1543.9
-1562.51
-1624.01
-1650.35
-1610.18
-1574.8
-462.535
-478.499
-443.089
-443.722
-418.041
-423.398
-427.502
-421.6
-652.042
-1189.75
-1239.52
-1530.44
-1452.77
-1589.12
-1424.34
-1239.68
-1532.41
-1366.26
-1476.49
-1600.97
-1485.26
-1520.39
-1632.51
-1503.56
)
;
    }
    procBoundary1to3
    {
        type            processor;
        value           nonuniform List<scalar> 
23
(
-360.096
-336.375
-255.801
-255.801
-255.801
-12.0443
-187.992
-16.0017
47.7201
-329.984
-255.58
-303.488
-304.249
-227.829
9.90799
-84.725
-227.829
-56.4713
23.8576
45.841
-337.617
-329.247
-359.776
)
;
    }
    procBoundary1to4
    {
        type            processor;
        value           nonuniform List<scalar> 
78
(
-1465.41
-1486.48
-1486.48
-1465.41
-1465.41
-1636.72
-1453.1
-1626.67
-1499.23
-1658.76
-1658.76
-1636.72
-1453.1
-1453.1
-1626.67
-1626.67
-1601.69
-1598.07
-1446.72
-1601.44
-1625.31
-1625.31
-1625.31
-1601.69
-1601.69
-1598.07
-1598.07
-1446.72
-1601.44
-1533.59
-1601.44
-1601.44
-1590.93
-1591.82
-1654.48
-1654.48
-1654.48
-1676.27
-1676.27
-1676.27
-1590.93
-1590.93
-1591.82
-1591.82
-1599.31
-1629.6
-1613.09
-1639.38
-1657.11
-1672.08
-1674.71
-1664.6
-1593.96
-1603.52
-1587.55
-1586.81
-1591.97
-1595.82
-1591.1
-1585.96
-1598.03
-1596.9
-1596.74
-1624.69
-1623.11
-1522.67
-1494.25
-1683.79
-1522.67
-1700.44
-1532.08
-1473.89
-1482.81
-1624.69
-1467.12
-1623.11
-1465.4
-1461.97
)
;
    }
    procBoundary1to5
    {
        type            processor;
        value           nonuniform List<scalar> 
55
(
-1326.72
-1270.27
-1424.99
-928.067
-1536.07
-1050.12
-804.39
-649.428
-705.711
-1456.46
-649.428
-1627.46
-1050.12
-1018.34
-804.39
-1456.46
-1456.46
-1158.85
-705.711
-649.428
-649.428
-849.602
-639.097
-761.988
-720.888
-794.87
-579.559
-990.61
-894.46
-954.768
-990.61
-1437.89
-1637.65
-1637.65
-723.485
-695.792
-667.211
-737.248
-620.991
-620.991
-725.397
-527.403
-426.351
-1695.27
-1270.27
-1317.88
-1424.99
-1317.88
-1317.88
-1474.53
-1251.8
-1251.8
-1290.76
-1251.8
-1394.91
)
;
    }
}


// ************************************************************************* //
