/*--------------------------------*- C++ -*----------------------------------*\
| =========                 |                                                 |
| \\      /  F ield         | OpenFOAM: The Open Source CFD Toolbox           |
|  \\    /   O peration     | Version:  2012                                  |
|   \\  /    A nd           | Website:  www.openfoam.com                      |
|    \\/     M anipulation  |                                                 |
\*---------------------------------------------------------------------------*/
FoamFile
{
    version     2.0;
    format      ascii;
    class       volScalarField;
    location    "0.105/solid";
    object      sigmaMid;
}
// * * * * * * * * * * * * * * * * * * * * * * * * * * * * * * * * * * * * * //

dimensions      [1 -1 -2 0 0 0 0];


internalField   nonuniform List<scalar> 
3125
(
-152.372
-188.811
-166.651
-152.893
-165.892
-213.182
-178.411
-282.868
-151.916
-91633.4
-12173.9
-7157.11
-165.691
-166.403
-152.35
-163566
12953.7
-7685.1
-11640.6
12236.3
13705
11727.4
0.677853
-150.863
2.97532
-41.8803
-285.335
-731.956
0.307212
-164.614
-172.531
-157.079
-29.2481
-0.35728
-0.893536
1.46993
-150.835
4.03137
3.18629
2.7863
1.70203
-763.246
-1428.82
-31.9785
-511.424
-1101.96
-14859.8
-325612
-6862.47
-515.41
-3626.12
-13510.6
-4024.3
-360418
-3430.53
-510.065
140.804
-2033.34
-5658.85
-1299.97
-187.661
100.932
-5190.77
-1201.74
-1.36737
-164.598
-170.096
-156.2
3.87892
0.865943
-23.0639
-1.77323
2.59895
-0.25311
-18512.7
-33896.3
-14981.2
-399417
-28986.3
-1350.33
-563.917
-19252.9
-428183
-42791.2
-736.649
-538.868
-9353.1
-2143.74
-2902.71
-3573.52
-9928.1
-3003.96
-231.275
-504.791
-18298.7
-16370.5
13490.1
1080.54
-867.955
-1246.3
13767.1
-1027.51
-11755.1
-15907.5
-5604.12
1429.69
10087.8
3689.96
-11085.9
-6286.37
9527.44
3870.02
-104.185
-151.628
-103.063
-154.725
-269.605
-196.371
-167.615
-154.34
-104.628
-106.15
-165.26
-188.314
-163.288
-141.998
-117.871
-151.377
-102.504
-102.017
35590.2
36013.3
-20396.9
-24956.3
-138492
-64431.1
-17949.1
-8474.81
-12662.7
-8951.86
-484727
-44960.3
15796.5
-5658.96
-6639.79
-5224.92
24217
21986
-4310.81
-3860.19
-165.145
-167.338
-153.729
-102.796
-104.089
-67569.2
-67886.8
-75672.9
-269159
-93083.8
1983.29
11167.3
1998.02
-379328
-125526
35231.6
33702.3
-8228.55
-5852.53
-6304.02
-8303.77
-11083
-7831.49
24972.3
27262.7
-67118.6
-64809.1
12708.7
1137.53
1370.62
2037.76
13952.7
1793.22
-48429.2
-52966.2
-29551.1
1161.35
11194
946.919
-46910.5
-42386.3
8419.86
648.837
-74.8207
1.88563
-73.5892
-151.347
-102.18
-102.778
2.12992
-72.7169
-73.3056
-122.16
-85.4163
-140.278
-297.335
-739.895
-151.992
-96.0207
-866.526
-111.02
-106.75
-75.2388
-1.12916
-76.6581
-1.59895
-77.2137
-164.844
-177.405
-161.2
-108.691
-114.635
-111.07
-8.24477
-87.2406
-78.3184
-5.50034
-84.0862
53.6381
0.22248
54.6459
0.522609
55.9519
55.1912
-151.142
-102.067
-101.942
-72.6683
3.87842
-72.2591
-72.5724
3.82771
-72.2354
58.2367
2.44413
57.8733
56.6593
2.38485
57.3106
26075
-863.06
26481.8
34250.6
35864.8
-957.441
25390.2
26397.2
42.7182
-56.6487
33.5741
-71.7469
8.77728
35.537
-7947.98
-608.713
-8815.83
-11581.6
-9806.82
-42749.4
-177789
-111184
-9914.3
-70265.4
796.738
-7586.66
-65910.8
-50300.9
-328.185
-19214.8
-13478
-6733.69
-3731.05
-7136.08
-13155.9
-10055
-9022.39
-3752.34
-8003.79
-7189.05
33112.1
1888.03
-435337
-107711
-5689.24
-74285.8
-11639.5
24357.3
-53903
-21306.8
-21.4089
-15142.2
-100.197
18437.4
16437.5
292.593
11692.4
13584.3
256.321
12151.5
-4387.35
-1709
-4009.62
-6139.38
-4621.06
-5034.19
-1604.06
-3510.62
-3870.12
19127.5
21257.5
17731.2
-61.1928
16129
14077.8
-20.6326
15606
-831.501
-2903.51
-4739.18
-4434.28
-4042.6
-920.788
-3375.22
-3033.03
53.0722
-2.82492
51.8726
-3.37823
51.3348
-164.76
-168.516
-154.441
-107.466
-104.747
-72.8951
3.45921
-73.8971
-77.1483
3.06903
-74.4664
46.9761
-9.03978
54.6745
-6.46522
57.2464
53.9528
58.7284
2.2629
58.6503
1.78895
57.8242
59.5209
-39671.6
-20266.1
-40217.2
-68332.6
-67736.4
-21779.8
-45305.2
-40582.2
-42219.1
-15343.8
-64987.7
-309925
-123309
-103062
-18994.3
-89203.7
-71157.8
3313.47
-3278.84
3197.66
7343.96
-7147.75
1734.89
-5093.57
-10080.3
2656.64
-70137.7
-99217.6
-408779
-135390
-129698
-50120.6
-100883
-95570.7
25790.3
-659.817
24625.4
31024.2
33084
-632.181
22650
24165.4
-8783.28
-6966.28
-6499.91
-4530.59
-2474.45
-4922.33
-5473.76
-2583.94
-5068.54
-6596.5
-3366.28
-6184.34
-10506.7
-7163.46
-7637.68
-3283.17
-5622.94
-6035.69
30291.2
28027.3
18273.7
-354.142
19923.9
22116.1
-393.311
20475.3
-39421
-17724.6
-38165.9
-60121.3
-63775.6
-17464.7
-35417.1
-37580.6
13130.5
1595.15
1346.08
2196.87
107.044
2436.96
2732.23
-179.018
2480.83
3301.33
-1268.03
3071.91
13938.5
1566.57
1827.55
-1264.2
2775.66
3032.87
-58766.8
-54456.3
-28051.3
-13681.4
-30956.5
-34590.6
-14283.4
-31901.3
-35082.1
-30902.9
-2922.73
-15974.8
-19452.3
-3584.71
-16814.2
2154.79
2493.66
1930.4
10644.6
774.427
969.77
2834.84
1682.31
1890.47
-36512.3
-40897.1
-27073
-9037.27
-24150.6
-20366.7
-8348.41
-23189.2
3988.03
1424.35
8969.95
798.378
623.832
4025.32
1645.84
1456.86
11727.2
11828.8
-242688
-127065
7335.04
7056.61
-46690.4
-46922.1
-299941
-183107
11581.8
11408.1
7620.69
7903.29
-46339
-45866
-33797.3
-34778.8
-32819.6
-31847.6
12.1225
1.28147
13.3462
2.95661
14.5212
15.0128
-10.8788
-55.1542
-18.7206
-205.66
-906.253
-170.849
11.7615
0.0594786
12.0656
-6.27459
-19.135
0.786454
12.6939
-1.28743
12.4669
27.3226
-0.789107
26.9836
0.950817
29.675
28.7451
15.5157
4.24779
16.2584
14.7287
3.68948
15.7343
31.3285
2.45415
30.5548
29.9573
1.76447
29.6281
14806.9
-790.582
3928.75
3974.71
14961.9
10941.6
11413.1
3455.77
-1326.84
13343.5
3710.09
14110.4
6.49462
-42.3559
0.690218
-175.229
-280.463
-98.8322
-269607
-297469
-212832
-272223
-244376
-208223
-247767
4089.61
-719.295
-5565.47
-18894.8
4956.5
-432.102
-17567.6
-501.105
-3330.08
-4432.06
4421.29
-5972.7
-3669.9
-774.923
-753.241
-6064.8
4342.22
4779.84
-596.614
-3841.32
-6170.86
-655.996
4653.54
-6104.9
10282.3
8817.36
-392730
-235992
-326934
-328253
-280336
-337618
2809.93
10272.8
-8731.45
1459.02
4098.46
-388.793
-2351.36
-1361.36
5212.92
4972.07
1833.7
7860.82
179.85
1765.92
7609.29
2662.37
-3846.16
-903.997
-1923.83
-900.497
2748.14
-3718.46
2241.95
-865.16
-1398.74
-2982.83
-873.155
2161.28
-3100.69
5466.17
5713.63
10027.5
2454.21
-145.971
2373.96
9742.94
1903.7
8117.47
61.9564
1982.19
8379.44
2010.77
-855.412
-1105.93
-2865.18
-845.564
2083.91
-2749.58
26.7987
-2.09114
25.7272
15.4438
4.15415
16.1508
13.2327
1.93115
14.587
12.1227
-17.2616
15.596
-2.98167
27.7347
26.3396
31.2079
2.50766
30.8143
0.308436
29.1267
29.2182
-33298.7
-18831
-33493.5
-33589.3
-33968.5
-45559.7
-45918
-48844.5
-28067.7
-45499
-40650.6
-43149.6
-223917
-365179
-263130
-348726
-241351
-233805
-328337
-62886.3
-50732.7
-25064.4
-42854.6
-39050.7
-49855.3
-63945.1
-21526.3
2726.14
-1628.87
-23560.7
2616.42
-24148.7
-20794.9
-34034.8
-41774.1
-12523.6
-15439.6
-8431.87
-35344.1
-40724.4
-45329.6
-46149.3
-416516
-273953
-333615
-270369
-237706
-57117.4
-53205.3
-55577.2
-64876.2
-69669.7
14614.6
3871.67
-711.562
3800.17
14388.6
9940.49
10214
3268.72
-571.035
12706.2
3363.75
13006.8
2929.97
-3975.57
-906.758
-2253.33
2838.4
-907.895
-4104.48
3401.05
-894.093
-4892.05
-2798.54
3495.63
-898.836
-4760.95
4166.39
-5872.95
-794.509
-3512.23
4255.31
-811.612
-5764.86
3691.56
-885.992
-3101.07
-5023.48
-877.963
3594.81
-5152.56
9652.23
9363.97
10314
2538.26
-271.568
2628.31
10606.8
3172.21
12403.9
-469.291
3081.19
12101
-33034.2
-33091.5
-18121.7
-32746.8
-32693.7
-41432.2
-42305
-29212.9
-16786.2
-29685.7
-30361.3
-29949.6
-11734.7
2616.17
741.749
-13970.8
2608.52
-14794.3
-10915.2
-15523
-19289.8
2397.45
-671.125
2431.17
-16189.7
-18617.4
-19770.7
2710.71
-23113
-1231.49
-20238.6
2640.59
-22725.7
-17403
-19919.5
-1146.66
2373.06
2369.14
-20502.4
-16818.1
-40533.7
-39607.4
-22906.6
-12412.6
-21891.4
-23831.3
-22889
-28421.3
-28955.7
-15400.9
-28178.9
-27580
-25253.4
-24354
-12843.1
-14552.1
-4925.87
-13658.1
-11870.8
-9244.72
2614.84
1784.87
-13135.4
2600.83
-10083.6
-12293.4
-5026.71
-7274.56
3447.7
2369.6
2421.24
-8089.36
-4245.15
-26167.9
-27091
-21973.9
-10407.6
-20884.1
-21036.1
-19869.9
-13825.2
-15456.2
-6971.58
-16370.5
-14818.1
-3491.22
-6480.18
3981.15
2316.57
2260.53
-5719.55
-3717.25
-124.506
-125.374
-104.636
-103.774
-125.048
-104.076
-125.017
-124.231
-103.427
-103.394
-124.388
-103.632
-123.997
-124.683
-269.238
-177.22
-182.818
-179.41
-202.708
-247.64
-204.872
-323.031
-353.748
-182.684
-242.746
-286.784
-399.6
-219.745
-145.118
-144.979
-146.796
-145.278
-125.916
-125.842
-104.987
-105.089
-125.388
-105.383
-126.342
-126.481
-106.557
-127.483
-105.613
-127.186
-105.891
-126.929
-144.996
-143.662
-143.558
-143.402
-268.358
-107.95
-130.016
-195.814
-155.7
-163.785
-157.618
-129.74
-178.499
-135.061
-151.596
-147.002
-117.614
-139.979
-123.15
-138.625
-125.594
-145.271
-59.4258
-386.482
-424.442
23.7219
-123.145
-124.105
-102.734
-102.297
-123.433
-102.335
-123.907
-123.15
-102.153
-123.617
-102.121
-123.009
-102.333
-123.736
32854.4
35854.4
33119.3
11894.3
11893.3
35999.6
33272.4
33270
-98750.7
-22036.2
-17305.5
15073.4
-61093.4
-14706.3
-19194.5
-30808.1
-18709.6
-131206
-36584
6689.54
-9462.18
-9272.51
6410.03
6622.64
-9859.74
-9525.47
6954.17
-18966
-73358.7
-319382
-283699
-157284
-16758.6
-103624
-87325.9
4285.94
4071.32
14972.7
15165
14416.9
3984.02
-6476.27
4179.77
-6822.87
3924.16
-6525.86
-6211.65
3727.53
6506.98
6778.53
22431.7
23465.9
21766.9
20453.8
22722.2
21108.4
2575.3
-4961.25
-5090.58
2735.86
-144.207
-142.608
-143.033
-142.739
-143.882
-144.007
-145.892
-143.53
-123.837
-124.426
-102.89
-103.113
-123.627
-103.091
-124.826
-124.221
-104.015
-125.954
-103.565
-124.876
-103.301
-125.366
156673
-43809
-58150.3
13003.4
11702.5
11507.3
13842.8
-120143
-82741.2
-69079.5
-71941.1
-2913.68
-1736.44
-2189.4
-3275.81
8676.64
8792.08
9211.85
9170.3
11551
12346.1
11760.6
11242.7
-1159.72
-835.739
-955.253
-1350.3
-1613.68
-2635.74
-2398.19
-1524.78
-84404.7
-67842.6
-84935.6
-46941.2
-47003.7
-67940.9
-85132.8
-85187.3
-111549
-161247
-111970
-177557
-105353
-89205
-92029.3
-92237.5
-7952.27
-8417.58
-10750.3
-7584.2
-7881.13
-13456.8
-10377.3
-9571.33
-64936
-98208.6
-361437
-235263
-213912
-95218.7
-182629
-141794
32496.6
34787.4
32063.2
10982.4
11201.3
34273.5
31025.7
31566.7
4449.44
-7126.05
4241.2
-6737.08
4510.39
-7003.92
-7430.83
4718.55
6166.56
-8837.01
6410.61
-9242.74
6130.08
-8967.68
-8477.56
5899.02
8485.92
8196.65
23105.7
25733.9
23781
25146.4
26497.3
24464.6
-83635.9
-66497.7
-82656.1
-44641.4
-45298.9
-65722.3
-80195.2
-81501.3
-4913.89
-4878.84
-5206.94
-5091.77
-5394.15
-5540.59
-5079.29
-5237.42
-7274.61
-9199.62
-7348.58
-7395.12
-6985.88
-6676.56
-8179.38
-6960.75
-36731.9
-35758.6
-59415.3
-49946.8
-61260.9
-64955.4
-51460.9
-63110
8382.99
8194.22
7728.95
7975.82
5669.57
6040.28
5543.77
-722.124
-970.48
-791.156
-612.709
-112.56
-28.8003
-21725.9
-20880.6
-36982.2
-28218.3
-35436.3
-4793.05
-4906.14
-4597.11
-4692.92
-4289.86
-4514.8
-4626.23
-4499.44
-29917.6
-30883.8
-57577.7
-45395
-55751.2
-52143.4
-43886.3
-53941.7
-3131.07
-3458.31
-3696.98
-2875.46
-29.395
-15.7838
-94.8707
-74.3196
-94.2001
-30.8692
-14.8686
1.8957
13.816
14.0901
-28.2086
-93.5965
-73.885
-14.3216
-93.649
-29.3055
-14.2504
-123.106
-123.474
-102.536
-102.339
-102.589
-122.996
-123.638
-123.394
-103.114
-124.103
-102.537
-123.697
-102.815
-123.862
2.81133
14.0424
14.9569
-27.6367
-13.617
-92.6615
-72.8256
-92.6033
-28.5883
-13.3316
-27.6199
-93.2811
-14.0883
-73.0098
-29.0298
-92.8405
-13.4343
-128.478
-56.3561
-173.458
-141.998
-236.84
-98.3855
-66.5604
-64.2207
-53.3824
-22.1802
-133.045
-324.689
-133.945
-70.9111
-266.961
-157.731
-54.8355
-430.702
-516.207
-1087.11
-227.378
-309.629
-642.994
-220.977
-486.107
-330.601
-198.596
-252.006
-392.772
-465.857
-213.117
-201.853
-57.0274
-204.501
-234.224
-994.769
-1313.52
-170.428
-224.159
-1161.91
-141.158
-288.381
-288.95
-62.5777
-254.946
-137.31
-431.655
-236.312
-30.3521
-16.1064
-95.2262
-75.6132
-95.4759
-31.0983
-16.0254
-0.335453
10.635
11.7716
-30.7039
-96.8166
-76.0911
-17.2516
-96.0253
-32.3485
-16.3891
10.0962
-97.2855
-17.6977
-32.6913
-143.257
-142.394
-143.565
-142.567
-143.797
-155.106
-167.723
-139.421
-130.09
-130.623
-107.582
-110.201
-109.251
-128.345
-132.2
-131.821
-114.314
-136.759
-112.076
-135.354
-110.876
-134.119
-56.405
-48.4326
-148.508
-99.0425
-126.463
-76.9734
-36.8665
-12.0414
7.12691
5.10195
-46.4492
-109.185
-92.4293
-25.3502
-116.734
-40.5579
-30.1396
-32.2808
-17.2665
-98.6116
-79.722
-100.338
-31.7223
-18.1715
-3.30346
8.86704
11.0581
-34.2094
-105.832
-81.5676
-22.5557
-102.341
-38.0893
-19.9426
-759.238
517.117
231.546
-474.16
50.9749
52.4141
50.011
-0.238329
28.543
27.6365
53.1759
52.1462
50.6933
0.794895
28.8856
28.6867
53.3103
54.1735
51.7886
52.5543
54.2337
51.7258
-122.82
-123.392
-102.432
-101.969
-122.959
-102.211
-123.385
-122.849
-102.291
-123.505
-101.94
-123.075
-102.048
-123.443
-26.6881
-13.0273
-92.7141
-72.4328
-92.1939
-28.0868
-12.4608
4.40587
15.7553
16.4709
-26.525
-92.152
-72.2793
-12.6912
-92.1979
-27.5028
-12.2807
-27.1281
-13.4476
-92.5426
-72.3471
-28.4356
-92.188
-12.7387
3.99097
15.6915
16.16
-26.3849
-92.3233
-72.2266
-12.7329
-91.9305
-27.7902
-12.4224
55.1947
56.8023
53.9163
2.61318
31.0132
30.7702
56.7505
54.8846
54.016
53.7206
55.1195
52.6678
2.0206
30.9068
30.0124
55.9094
54.645
53.2204
23061.1
26297.9
23297.7
-829.866
4002.8
15080.7
4000.69
15050.6
26431.7
23544.4
23453.9
11836.9
11676.6
30762.9
34998.9
31966.7
33099.9
35549.6
32676.7
-1000.86
3965.28
14958.6
3881.65
14766
22652.9
25810.1
22994.2
23498.2
26228.5
23403
33.7444
36.7267
28.2131
-50.0431
-13.7693
-4.575
35.6938
20.9423
25.1656
-143.081
-24.3614
-64.4215
-84.7401
23.4751
-18.3373
16.7194
28.625
-0.202246
-2549.62
-953.512
-736.686
-2777.56
-1108.12
-4063.04
-2166.41
-5000.67
-13340.7
-8514.27
-2765.66
-5914.74
-2406.87
-4696.27
7751.85
-6153.69
6747.69
-17152.3
4534.81
1678.28
6858.53
750.068
-157785
-160830
-91526.5
-98768.5
-76865.7
-107451
-147164
-198075
-2964.64
-139542
-311611
-4754.61
22817.6
25402.5
-105633
1205.25
47883.7
-9562.49
-40479.1
-38500.8
-64542.7
-40447
-13476
-35977.8
-4877.56
-265.871
-401.999
-3633.4
-667.509
-5287.39
-4655.81
-1411
-23061.9
-1545.53
-1194.44
-22629.4
-386.485
-20766.1
1048.89
-17999.8
691.101
4501.77
-3703.63
-710.961
-6206.18
-730.901
4559.87
-6134.52
6781.37
-12575.1
7458.07
-8213.26
7203.06
-9272.49
6767.22
-10857.4
4654.85
-3767.49
-687.317
-6213.86
-666.198
4640.45
-6263.2
-1738.46
6324.55
29052
31789
25873.1
8609.76
26196.9
20986.3
-429384
-297638
-529359
-305627
-398786
-146213
-82552.9
-91641
-114385
-131911
-219726
-12955.4
-138334
-115555
-85544.6
-133591
-6524.13
-16162
-19406.1
21089.9
23482.8
14989.7
-30830.4
-32511.2
-40946.7
-9724.39
-16319.9
4033.19
-32415.7
-6242.54
-177.55
-67.4861
-494.83
-1481.82
-8047.59
-1760.71
-478.337
-2184.31
-1338.05
4508.6
4733.22
17310.1
17758
16710.1
15539.9
17091
16118.9
329.996
1565.49
6881.42
1503.71
6648.4
11240.5
10116.4
9721.41
11779.3
13095.9
11350.9
218.523
1629.16
7119.53
1698.31
7362.81
12618.7
10520
10931.2
2575.42
-1815.41
-890.93
-3467.56
2488.04
-895.708
-3591.85
3427.91
-5938.45
3241.19
-5701.52
3484.87
-5952.74
3670.43
-6227.2
2323.96
-1499.79
-886.411
-3343.7
2403.34
-876.977
-3221.64
6238.7
5974.28
17926.3
19827.9
18544
19809.9
20538.5
19174.8
15447.5
17190.3
14968.2
-103.609
2208.48
9185.99
2292.69
9462.87
16656.8
14027
14495.3
12215.1
14579.9
12658.3
21.3469
2131.12
8912.87
2059.7
8644.88
15089.5
13565
13108.6
1725.44
-744.286
-811.596
-2412.47
-798.344
1793.11
-2303.93
3014.18
-5452.64
3184.29
-5645.6
2961.69
-5361.88
2787.18
-5201.52
1936.29
-1012.23
-823.24
-2523.63
-833.962
1863.35
-2635.44
50.4543
51.0975
48.7529
-2.49421
25.6511
25.43
51.063
49.3578
48.5238
25.0402
48.7413
-143.043
-142.355
-143.053
-142.126
-150.939
-144.544
-144.892
-146.786
-126.405
-129.359
-106.818
-106.449
-127.478
-105.665
-128.339
-125.88
-104.265
-126.666
-105.514
-125.225
-105.013
-127.44
-27.1813
-13.1462
-92.8118
-73.0686
-92.9155
-28.0103
-12.7923
3.98422
15.5075
16.2098
-26.8461
-94.0741
-73.4053
-13.5243
-93.141
-28.5584
-12.8706
-29.3001
-16.3773
-97.6432
-76.0855
-31.3813
-96.1773
-15.0487
3.07491
15.3754
15.6014
-28.0635
-94.3698
-75.1444
-13.8548
-95.1772
-28.4557
-14.061
38.5382
50.0556
41.7687
-12.0321
22.1478
19.4947
51.7831
48.2186
44.8635
-5.0096
24.0952
24.7266
52.6743
54.4444
50.5525
49.2959
53.9974
49.5037
55.2885
56.8908
54.1774
2.26101
31.334
30.7457
57.6207
55.4683
54.4042
1.49123
30.991
30.3621
53.6846
57.5319
53.4199
55.5012
58.1139
54.281
2252.8
-1270.75
-30323.5
10855.1
20962.9
-437.368
22257.5
37128.3
7638.65
17299.3
15028.1
10361.6
-21457.1
-31227.5
-55141.2
-40869.2
-15114.2
-8925.9
-4160.79
-5605.89
10045.9
10173
9663.8
9633.54
10690.1
10464.2
10871.1
11215.2
-1193.06
-1751.66
-1544.58
-1077.72
-1963.3
-1312.11
-1423.67
-2173.77
-40491.4
-39858.6
-40754.2
-19367.1
-34642.8
-35585.2
-33997.9
-34613.8
-40021.1
-41459.8
-41049.7
-46723.1
-46381.5
-81389.7
-67671.3
-82816.2
-84731.2
-67598.8
-83973
-24200.3
-35749.9
-37092.5
-37578.1
-39479.2
-49186.8
-42698.6
-45541.8
-42164.9
-41280.4
-43369.3
-42720.9
-34739.1
-43229.6
-32362.6
-54236.1
-70753
-71582.1
-55833.5
-172500
-189151
-116704
-135385
-177289
-131227
-177897
-79521
-61990.7
-83563.6
-105978
-57118.9
-103458
-80860.9
-22545.8
-2209.84
1243.24
-26246.3
2216.81
-24985
-24038.2
-18389
-27735.8
-21573.7
-25297.7
-14983.3
-14263.6
-10254.6
-18432.7
-29434.8
-8022.08
-619.561
-28147.6
-3748.52
-31061.1
-26212.2
-55083.2
-48000.7
-79676.8
-74376.9
-78425.8
-83408
-82330.6
-77849.8
-424180
-250950
-271647
-200312
-140100
-139589
-200762
-182927
-188253
-140916
-205105
-55390.4
-58412
-65372.7
-74112.1
-107986
-111508
-81874.4
-86197.3
-72354.6
-106145
-80962.6
22775.1
25445.3
22439.7
-686.999
3635
13871.8
3719.85
14138.9
25055.2
21665.8
22068.6
10739.1
10483.7
28544.5
31737.8
29197.1
30443.9
32426.3
29833.4
-602.317
3546.92
13592
3457.4
13303.1
19852.3
23171.9
20327.4
21238.7
23678
20790.5
5060.7
-7559.58
-8047.55
5273.58
4996.89
-7737.98
4782.08
-7278.08
3021.86
-2363.83
-907.374
-4366.07
3114.38
-907.133
-4235.32
3304.78
-2692.04
-905.743
-4498.19
3208.75
-902.334
-4629.42
4074.27
-3442.93
-843.576
-5530.42
-829.855
3981.5
-5649.67
5560.84
-8359.12
-7848.11
5341.26
5623.92
-8150.83
5845.08
-8665.93
3789.12
-3194.81
-856.337
-5406.55
-866.969
3885.32
-5281.07
8780.2
9069.53
27876.7
29545
27200.8
25833.5
28789.2
26518.4
15929.8
18821.2
16418.1
-312.481
2803.23
11197.4
2717.85
10902
19370.9
17401.4
16908.9
19369.2
21573.2
18880.2
-432.26
2894.59
11497.6
2989.08
11798.6
21025.9
17895.3
18388.5
-40198.5
-39090
-39846.3
-17938.9
-32002.3
-31784.3
-32407.6
-32265.7
-38671.2
-38910
-39418.6
-43918.4
-43135.3
-73937.8
-61416.1
-75619.9
-78766.3
-62639
-77235.2
-17151.9
-31525.3
-31239.8
-30976.2
-30626.5
-36138.6
-36197.5
-36928.8
-38321.9
-36922
-37659.3
-6013.48
-6341.47
-5550.53
-5908.23
-5568.97
-5300.32
-5702.97
-5912.65
-12538
415.079
2556.28
-16396.9
2586.05
-13323.1
-15604.7
-14820.6
-439.966
2517.04
-17166.1
2474.93
-14084.8
-17908.3
-19337.8
-1250.06
2481.63
-21951.7
2560.68
-22349.3
-18900.6
-6256.51
-5844.24
-6837.43
-6330.57
-6644.29
-7431.06
-6613.52
-6205.77
-17942.1
-1225.22
2422.16
-21517.2
2382.66
-21034.5
-18440.8
-37702.1
-38664.3
-72204
-57364.4
-70428.4
-66796.5
-55924.7
-68624.1
-28564.7
-29027.7
-29576.7
-13056.2
-25640.6
-24841.4
-24744.1
-23874
-29997.7
-31570
-30579.9
-35297.7
-33724.9
-34413.1
-14858.1
-26515.6
-25785.7
-27363.8
-26700.1
-32826.8
-32542.9
-33493
6824.71
7179.43
7575.05
7267.98
6791.42
6384.77
5961.09
6411.31
-461.445
-396.436
-503.163
-623.222
-299.138
-304.377
-156.188
-206.824
-22587.7
-23466.9
-43470.6
-33669
-41806.5
-38559.6
-32275.7
-40170.1
-2267.67
-11061
-9039.11
-10229.5
-8131.07
-15159.8
-15960.3
-15114
-19594.4
-18554.9
-18655
-4252.63
-11910.7
-9967
-12776.9
-10911.4
-17676
-16835.2
-17734.9
-8399.09
2141.37
2548.73
-10601.6
2579.81
-7549.72
-11447.7
-3699.19
-4180.21
-4124.41
-3932.25
-4212.98
-4367.98
-3989.92
-4345.16
-5857.47
3157.54
2511.37
-9757.35
2467.59
-6701.83
-8918.6
-28968
-28026
-45161.8
-37958.4
-46873.4
-50367.4
-39420.5
-48610.6
-27548.6
-26095.6
-26531.4
-9723.88
-19158.4
-17839.2
-20096.5
-18854.5
-25120.7
-24504.9
-25516
-20550.8
-21296.3
-21522.6
-7658.7
-18223.1
-16826.7
-17293
-15818.8
-22237.6
-23501
-22506.2
-2919.93
3928.1
2090.01
-3940.51
2031.22
-3601.7
-3051.95
-3658.94
-3892.68
-4019.65
-3414.85
-3142.45
-3860.14
-3391.76
-3670.73
-3331.59
4028.06
2147.54
-4411.97
2205.13
-5017.55
-3188.18
-156.786
-137.137
-152.082
-136.879
-157.343
-136.325
-136.803
-295.113
-186.897
-212.291
-167.278
-229.098
-288.765
-214.896
-158.318
-153.152
-137.61
-137.394
-157.685
-137.475
-138.097
-188.31
-170.595
-174.133
-194.301
-211.449
-147.399
-162.821
-156.067
-151.671
-135.559
-136.188
-135.178
-156.284
-135.983
-156.784
-152.577
-135.733
-136.532
-156.511
-135.557
-136.941
-155.501
-150.871
-135.126
-135.358
-134.922
-155.376
-135.499
-517.065
-285.907
-1199.23
-483.858
-133.682
-721.793
-178.917
-165.122
-158.067
-137.069
-142.894
-140.026
-163.057
-144.483
-155.384
-150.801
-135.057
-135.3
-155.429
-134.771
-135.328
-1302.16
-2911.43
579.357
-1056.34
-683.922
-4109.22
-2138.45
-160.474
-155.524
-137.968
-141.539
-161.8
-136.567
-140.507
-156.724
-151.694
-136.191
-136.245
-136.013
-156.592
-136.492
-341.009
-232.146
-464.813
-282.573
-232.38
-461.602
-237.603
-159.016
-153.877
-139.175
-139.27
-138.407
-159.913
-138.713
-182.241
-166.832
-141.001
-152.174
-159.584
-173.654
-157.115
-156.095
-151.397
-135.543
-135.686
-135.187
-156.109
-135.804
-62424.3
-44121.4
-45422.8
-27836.5
-40128.3
-38546
-57221.2
-96497.7
-27715.5
-45014.7
-82633.2
-73311.2
1095.26
-108489
-921.514
-1809.86
-8627.08
4448.7
-1907.41
-763.825
4535.19
-806.148
4646.36
-8766.31
-1959.31
-1859.64
4612.8
-982.118
-223.971
-1173.14
2816.27
-5535.49
-345.509
-1294.82
2714.54
-282.097
2528.99
-5343.99
-1232.64
-1086.64
2625.05
-165.591
71.5465
1761.77
-3762.66
-683.502
-906.496
1686.95
-10.6142
-157.51
-153.21
-136.634
-138.119
-135.964
-158.399
-137.521
-164453
-231125
-187881
-261687
-162502
-181783
-240710
-129165
-102627
-85485.7
-138699
-111225
-99991.2
-139974
-7929.08
-1870.94
2091.47
-9366.75
-1023.94
-7186.69
-9868.11
-9739.3
-12056.2
2000.41
-1600.02
-2483.01
-10668.5
-11231.6
-411.83
-1359.15
2907.11
-5978.77
-280.282
-1258.75
3013.42
-341.156
3213.29
-1348.12
-6173.35
-1420.06
-477.286
3104.13
-712.77
-1855.77
4375.22
-8160.47
-871.639
-1763.27
4271.79
-811.933
4090.59
-7973.33
-1711.21
-1787.18
4200.84
-652.212
-90.9397
-648.635
1264.41
-5915.15
-106.033
9.7718
-6059.8
-329.465
-6426.93
-137.844
1238.7
-708.8
-493.454
-6275.4
-5567.91
-719.239
-9006.39
1898.25
-5981.53
-1502.73
-8730.07
-4661.72
-8253.25
1941.55
-1255.32
-525.314
-8468.6
-4360.56
234.469
-79.143
1039.47
-5701.96
-596.761
181.682
-5563.55
364.158
-5221.09
1063.52
-545.796
-56.95
-5352.59
379.797
629.175
-3743.47
554.874
43.1352
-325.106
-3642.42
703.958
-155.889
-151.099
-135.93
-135.968
-156.341
-135.342
-135.728
-576.522
-363.623
-316.396
-273.235
-464.532
-704.97
-286.011
-166.987
-159.37
-146.223
-149.077
-170.981
-138.196
-146.47
-155.671
-150.939
-135.393
-135.546
-156.021
-134.93
-135.43
-4931.42
-6866.81
-17484.8
-11242.5
-5952.56
1690.08
-6129.66
-3745.91
-3811.82
5261.49
-13821
2320.36
-689.055
-7018.89
-1615.52
-12278.3
-25182.4
-19092.3
-16088.7
5284.57
-10775.3
-144799
-30774.3
-107372
-86949.1
-146226
-50017.3
-109724
3762.73
-6722.49
5592.75
-12725.9
2611.64
5928.94
-16249.1
-1956.57
-26456.1
-22656.1
-61920.3
5857.17
-37622.1
-31415.2
5171.97
-6465.51
-6868.15
4793.14
4875.14
-6582.63
5091.46
5256.46
4990.34
-6982.32
-6793.84
4953.71
5302.87
-6678.63
-808.747
-2843.89
4311.92
-9246.09
-1539.25
4931.62
-2256.25
-1106.27
4759.42
-1962.79
-9330.47
-831.512
4655.65
-2098.97
5566.17
-7237.89
4661.92
-7296.22
5173.53
5238.51
-6800.97
5356.58
5084.85
-6823.35
-7427.82
5398.26
5001.9
-6975.36
3221.61
-4170.97
3045.58
-4267.3
2947.26
3319.52
-4040.91
3120.44
2751.5
-4126.25
-3780.91
2847.04
3021.29
-3907.62
-165.487
-1103.68
2172.14
-4731.03
2259.18
-60.3056
-919.411
-113.728
2440.78
-1002.5
-4919.79
-221.051
2347.44
-1167.24
2735.81
-3278.04
2378.79
-3620.2
2467.63
2643.06
-3398.64
2830.71
2654.63
-3650.73
-3756.56
2923.37
2563.42
-3526.35
2131.28
1951.9
-2803.03
-2682.03
1878.77
2209.73
-2571.16
-15.8013
-840.119
2086.26
-4328.59
-111.432
2002.2
-1037.08
-59.2098
1841.42
-972.809
-4143.84
30.9455
1921.7
-760.324
2466.13
-3153.29
2288.07
-3268.48
2551.67
2204.63
-3035.59
2377.76
2037.22
-2800.32
-3135.69
2293.4
2118.37
-2914.45
-159.758
-154.805
-136.791
-138.863
-159.068
-136.765
-139.588
-46751.3
-17288.4
-27610.5
-36961.6
-23244.7
-48759
-36615.3
-60655.4
-82389.4
-58145.4
-43375.3
-78593.3
-43320.7
-62940.8
-213586
-335903
-210891
-286159
-196170
-225867
-311459
-162918
-113925
-154345
-113636
-150934
-168439
-122233
-57126.6
-21893.6
-31811.2
-42365.5
-35619.7
-54516.9
-44396.3
-73345.6
-90822.1
-48324.2
-78559.5
-53156.6
-69711.2
-96017.3
-15042.8
4379.79
3370.49
-11969.5
-12932.3
4490.98
-14213.7
-16194.7
-16024.5
3317.67
4595.76
-14218
4583.08
-17854.6
-22287.6
-7862.6
-1435.58
-28694.5
-6865.9
-28017.8
-22186.7
-17187.7
-14242.1
-3684.56
1030.65
-14219.3
-2961.49
-17605.5
-28445.8
-12479.1
-3453.25
-33554.7
-5426.22
-35241.3
-26825.5
-23653
-18503.6
2732.31
713.164
-629.092
-20223.1
-22037.6
-465.53
-1528.57
3615.13
-6829.79
3501.09
-616.083
-1540.53
-546.546
3302.26
-1481.33
-6633.61
-401.839
3413.65
-1437.71
3527.5
-4306.78
3148.04
-4652.34
3251.69
3424.06
-4438.63
3632.14
3460.13
-4796.82
-4710.96
3355.66
3736.41
-4576.7
4060.42
-5262.62
3887.54
-5343.82
3778.73
4166.6
-5126.37
3951.8
3565.67
-5196.01
-4850.13
3673.41
3844.6
-4985.69
4906.39
-6343.8
4708.28
-6463.15
4612.99
4998.95
-6218.2
4806.07
4415.54
-6317.76
-5953.39
4519.2
4704.52
-6085.05
-684.256
-1599.77
3700.74
-7301.71
-526.737
3815.99
-1617.98
-590.2
4013.57
-1705.27
-7497.92
-749.34
3898.2
-1656.27
4385.24
-5403.68
3993.41
-5753.97
4278.2
4103.95
-5540.03
4493.24
4315.86
-5815.58
-5902.85
4598.37
4207.66
-5680.59
-1521.8
-230.005
1454.15
-7195.3
-854.932
-7025.51
-1791.4
-1059.81
-6644.14
-773.94
1481.42
-832.908
-179.012
-6805.45
-5683.53
2950.44
2294.6
-5500.79
-5679.9
3033.36
-4937.52
-6417.51
-6065.45
2336.36
3187.95
-5867.14
3104.58
-7133.42
-9128.17
3504.95
2626.58
-7224.97
3417.09
-6841.75
-9732.02
-8492.29
-6282.93
2583.85
3259.74
3344.22
-6535.37
-7827.07
-13088.7
4279.85
-11233.2
3207.44
-10626.7
-13592.4
4163.95
-12645.4
-9606.05
3177.79
3953.62
-10097.9
4065.48
-12218.2
-2652.54
-953.465
1711
-7418.7
-300.189
-2369.98
-7599.58
-3321.06
-8018.05
-394.297
1679.89
-3601.22
-1082.81
-7825.26
-10829.1
3581.69
2883.16
-7672.41
3675.88
-10300.4
-8152.17
-11321.8
-9122.54
3861.63
2925.12
3759.49
-11782.7
-8640.19
-4247.12
2879.1
2061.21
-5327.04
-5157.8
2796.81
-4395.12
-4106.88
-4827.99
2020.98
2644.83
-4989.9
2725.79
-3967.68
573.792
-453.302
881.821
-4563.66
-15.8189
-4682.75
538.406
476.252
-5013.08
-35.6853
857.361
487.928
-501.404
-4888.02
-3561.84
2347.02
1766.06
-4198.97
2424.85
-4350.54
-3429.24
-3694.73
-4665.21
2573.99
1803.51
2494.17
-3830.93
-4509.18
-2672.23
-3458.78
1351.33
2003.06
-3324.1
1933.12
-2793.79
583.075
3.73983
695.702
-4360.74
-411.18
633.129
-4246.73
674.822
-3939.33
-365.96
720.473
610.585
21.2544
-4047.7
-3170.02
2279.31
1566.47
-4045.06
2203.93
-3298.75
-3898.44
-3042.57
-3606.01
2066.3
1532.47
2138.76
-2917.51
-3748.22
)
;

boundaryField
{
    left
    {
        type            calculated;
        value           nonuniform List<scalar> 
670
(
-151.042
-180.385
-170.463
-200.653
-169.643
-254.505
-151.519
-176.372
-150.427
-84886.1
-169.844
-169.13
-150.818
-129779
-149.443
-15.9076
-18.3884
-691.408
-918.809
-66.3819
-174.743
-168.144
-18.7775
-49.8375
-20.5183
-154.372
-14.6902
-15.888
-149.414
2.80392
4.32669
0.357495
2.73085
-284061
-1207.55
-1815.09
-994.323
-327466
-29.4544
-659.784
-173.388
-168.089
-0.249985
-1.14229
-19.5158
3.51732
1.72809
-154.271
-17.9746
-15.4818
-398666
-370431
-150.19
-100.511
-101.661
-311.878
-198.528
-150.724
-171.607
-183.476
-168.924
-102.067
-103.616
-153.005
-138.805
-113.383
-157.731
-99.9069
-99.3509
-149.858
-147345
-21412.7
-32234.8
-135277
-170.851
-168.617
-152.131
-101.357
-100.104
-387551
-242615
-99.63
-100.209
-149.927
-17.1668
-79.2186
-78.6208
-80.7403
-79.5388
-17.3109
-1087.11
-200.167
-370.11
-161.389
-194.43
-1221.34
-130.144
-173.142
-120.771
-177.437
-168.478
-20.5238
-82.6481
-81.1516
-83.1663
-21.1068
-104.156
-29.4335
-92.3825
-118.828
-83.792
-89.4061
-24.8847
-158.009
-110.533
-105.146
-15.5389
-78.128
-78.6218
-78.463
-78.2323
-15.1687
-149.645
-99.3957
-99.5
3.70375
57.2651
57.0345
58.4699
58.1322
3.36943
1.33496
54.4815
53.7763
55.9261
55.2263
1.58016
-24417.5
-23629.3
-187932
-1254.55
-14241.4
-19924.8
-13221.4
-12126
-1374.42
-16354.9
-1669.08
-91.0953
-457185
-8322.59
-16312.7
-67.2707
34.0287
46.1374
-23.3219
38.0348
-97.2093
-171.988
-168.229
-2.40755
51.2159
53.0738
51.8382
-1.64041
-4.41115
54.8441
58.5987
50.2069
57.4228
-8.39114
3.86538
58.8298
59.3966
58.752
60.5151
2.56909
-104.306
-101.795
-152.65
-16.7955
-80.2593
-82.8834
-78.7497
-79.8685
-15.5325
-429470
-279902
-318841
-499950
-16.3027
43.0746
42.0935
39.8398
41.4719
-18.1033
-393.129
-366.204
-1048.36
23.4206
14.4871
-80.4633
-19.2698
40.5331
39.6797
-41.5266
30.7139
26.4286
40.3519
40.8478
-20.2476
-15.2207
44.2886
43.1628
42.1768
43.8029
-15.4014
2.82842
36.3681
37.0435
38.6886
37.1554
3.1901
0.0587598
33.5483
34.5118
36.8074
35.3757
1.82604
-273415
-302599
-262192
-1375.04
-4667.47
-3915.7
-2934.61
-1802.57
-656.062
-405875
-238238
-337882
-35.9657
4.86619
11.5354
-379.056
-150.071
-282.998
33.8315
32.4396
-1.13791
-1.09252
33.9006
34.8056
19.0622
21.7355
-16.6519
3.8969
37.8537
38.2189
36.9081
35.8834
0.855952
-18.1911
42.6397
41.1177
42.9646
44.4088
-14.724
-474683
-420964
-337093
-368777
-401811
-100.807
-121.533
-121.214
-122.288
-121.847
-101.205
-168.223
-207.12
-237.035
-171.663
-199.314
-174.382
-102.531
-123.221
-122.679
-124.35
-123.724
-103.019
-125.773
-145.227
-158.096
-133.646
-138.92
-118.973
-99.602
-120.619
-120.876
-120.34
-120.519
-99.5351
-24607.1
-67336.5
-75538.3
-251492
-116139
-100.741
-121.917
-122.499
-121.132
-121.503
-100.44
-363647
-237636
-168380
-99.7538
-120.482
-120.331
-120.937
-120.695
-99.964
41.5431
43.3521
-16.2565
-78.9243
-23.5592
-24.4959
-23.991
-23.5132
-78.7066
-80.237
-25.1642
-26.2005
-24.7791
-24.2782
-79.7713
-17.2388
42.6639
41.4219
-461.701
-416.394
-839.255
-196.287
-294.237
-362.378
-79.7957
-235.642
-272.87
-383.046
-356.678
-160.935
-1267.8
-468.523
-450.627
-151.863
-89.0505
-71.4047
-132.254
-86.1983
-139.441
-98.5122
1.41464
-38.4736
38.6104
40.4987
-19.724
-82.0275
-26.5951
-27.7614
-26.511
-26.2446
-81.534
-28.178
38.3164
34.0854
33.6903
-31.8031
-98.0911
-40.3889
-35.3992
-61.6138
-48.2243
-105.444
-85.2207
-28.1503
-27.3853
-32.8215
-29.8176
-86.7596
-23.9371
38.857
36.2568
-107.971
-128.669
-131.002
-126.08
-127.355
-106.568
43.1909
44.8956
-14.4494
-78.2527
-22.4531
-23.0383
-23.4658
-22.607
-78.2844
-78.2738
-22.9688
-23.8185
-23.2187
-22.4459
-78.0801
-15.24
44.4738
43.2197
-99.2872
-120.21
-120.314
-120.249
-120.205
-99.3957
38.1998
36.803
2.95089
55.639
60.5575
62.4938
61.6849
59.7739
54.3565
56.4699
61.1789
63.1733
62.7561
61.4231
56.4324
3.98028
37.8488
38.0685
35.6541
34.5303
0.841924
52.7763
58.0079
59.8777
58.8953
57.0691
51.6501
53.4687
58.9108
61.1251
60.3766
58.9983
53.79
1.92751
35.5683
36.0005
-45559
-86719.4
-25691.9
-77310.6
-140537
-37690.2
-4411.21
-4913.84
-1463.37
-18395.3
-5209.04
-3932.59
-4347.36
-5555.37
-20729.5
-5391.08
-6499.78
-11124
-1577.36
-3070.22
-3677.58
-9643.22
-3193.87
-3906.04
-869.651
-1911.89
-3487.17
-288.526
-740.251
-247.601
243014
-206399
-440902
-15055.3
-31059.4
-27759.3
-15467.7
-23818.7
-16354.2
-16.0331
-3.11368
-45.7328
38.5666
32.0496
25.3551
42.5162
35.4044
38.1103
13.5133
-36.185
-132.617
19.6373
-6.02314
24.8168
-183.655
-85.7269
-32.1119
32.0575
56.4538
50.3545
55.8823
58.261
57.2412
55.7548
50.6158
-1.52887
32.1867
32.9165
32.0157
31.5931
-4.54651
54.8771
57.4661
57.7533
61.0323
58.3505
54.6344
53.3773
50.5669
47.6645
57.2901
53.414
53.903
-9.64102
27.0175
29.3535
38.8782
37.5407
3.04392
57.7172
61.9179
63.486
63.3211
61.4908
56.2946
58.0439
61.0839
62.059
63.6816
62.1128
58.553
3.28054
37.8351
38.1001
-103.28
-124.373
-125.263
-123.008
-123.734
-102.587
43.0006
44.3284
-15.6913
-81.0069
-24.1485
-24.1669
-26.7507
-25.1931
-81.7618
-79.0019
-23.0447
-23.48
-24.028
-22.915
-79.2182
-15.5741
44.5534
43.2781
-436542
-150.668
-140.933
-141.38
-218.527
-216.598
-187.03
-141.747
-142.354
-151.805
-174.824
-163.194
-163.094
-140.322
-140.112
-150.131
-151.04
-141.007
-140.615
-139.508
-139.678
-149.441
-751.647
-285.052
-513.977
-155.561
-147.539
-146.11
-149.33
-139.491
-139.489
-3849.2
-3055.37
-1575.39
-145.058
-144.111
-153.452
-140.409
-140.73
-150.292
-288.197
-236.572
-233.728
-152.47
-142.878
-143.558
-163.266
-158.372
-153.661
-149.874
-139.993
-139.836
-50997.5
-73001.7
-34674
-142.114
-141.538
-151.56
-201752
-248447
-281382
-149.646
-139.905
-140.161
-557.382
-330.503
-277.527
-151.338
-149.004
-155.471
-139.736
-139.619
-149.442
-13093.9
-6870.96
-6282.84
-153.075
-143.42
-142.722
-314667
-345775
-303187
)
;
    }
    bottom
    {
        type            calculated;
        value           nonuniform List<scalar> 0();
    }
    interface
    {
        type            calculated;
        value           nonuniform List<scalar> 
2110
(
-30.0723
-27.7535
-76.6912
-559.671
-30.5169
-57.3346
-32.5104
-6.05155
-3.70794
-26.5124
-27.8038
-2.08493
-3.69825
-46.5753
-391.666
-429.359
-375.433
-6.69464
-27.6739
-29.3414
-30.277
-8.17396
-3.14228
-4.7238
62.6838
48.0782
-49352.6
-51218.8
294.402
176.192
204.848
-47325.2
-47445.8
-316597
-111844
68.8543
86.2669
166.099
140.453
-47065
-45577.7
-33958.6
-37238.5
-20188.3
-32856.4
-29564.3
-29.2117
-29.1
-144.537
-156.54
-32.2271
-32.9283
-39.133
-34.8139
-5.15356
54.056
-4.94697
-27.7042
-27.1043
-3.26302
56.4031
-2.77836
56.7812
1.57179
-8.25048
47.1567
44.1036
-10.2855
-13.441
-95.394
33.152
-105.475
-0.93938
-1135.11
-12842.5
78.9931
-8991.47
-150.708
-77381.7
7.0759
-30049.5
-9937.2
-380.255
252.532
283.038
232.709
190.93
220.57
243.268
214.736
115.713
142.392
180.622
153.243
-8.12266
51.3731
-8.95043
-27.3798
-29.0919
48.0452
-15.7896
-11.1163
57.4524
53.7936
-2.64604
-4.28065
59.5544
-26793.9
-27113.9
-48910.9
-47389.4
-32897
-27520
-51282.6
-82740.8
-334052
-119596
-38027.7
-84503.7
10.2566
24.4403
109.394
93.0528
47.769
33.346
113.715
132.137
104.451
81.0935
54.2494
71.5748
-26697.6
-26034.5
-42342.5
-44879.3
-24238.7
-25675.3
-41386.6
-38310
-18908.7
-21054.5
-23664.9
-21742.9
-24233.5
-21178
-9621.3
-12373.3
-10296.3
-25277.9
-28478.5
-18178.1
-15976.8
-13082
-15246.3
-237742
-34456.4
-256228
183.06
277.071
-34220.5
-25123.9
69.713
-29.9336
-28.2877
71.9275
63.4919
-99.7611
-181.659
-555.942
69.7405
-31.1045
65.1448
-50.2783
72.3323
-31.2146
30.4387
-6.49566
-4.74712
32.5903
73.1509
-27.3942
71.9202
-27.288
34.4166
-3.53101
32.7661
-3.69392
-53.6451
-85.3377
-112.136
-66.3065
9.6647
-62.8007
-144.441
-224.898
-168409
-144772
-270.138
-213.736
-259.724
-221.718
-503.51
-2394.32
-200.072
-160.348
-166.872
-192.815
-239.937
-208.293
-202.354
-249.314
191.304
-182398
-109.912
-59.9685
-109.782
-303.428
-1698.26
359.546
99.3694
134.98
110.308
-68.746
-46.1403
-36.9442
-77.8187
-29.6992
12.719
4.0004
-21.4851
352.533
61.6785
28.5648
90.6805
125.608
82.7985
-4.37347
20.8853
30.4941
-13.7394
29.7211
-7.632
72.9185
-26.5706
72.5591
-30.3088
17.053
-25.8069
-7.63861
30.5121
33.7741
-2.57163
-6.08578
32.8487
-26379.2
-29563.9
-29989.4
-33915.2
-44725.7
-38710.8
-39051.1
-216291
-303438
-227637
-280541
-59764.6
-47563.8
-46644.3
-60703.1
-18318
-20535.7
-21071
-17629.6
-30727.5
-38523.6
-32119.6
-37423.4
-314853
-321799
-53052.2
-46498.1
-42.0852
-77.0841
-71.3905
224.369
-35.5297
-5.11656
-40.2206
-92.2665
-53.4322
-85.0812
-61.0066
-125.32
-102.611
-132.95
-95.1783
-176.719
-155.023
-186.008
-146.507
-144.663
-107.428
-114.455
-137.548
224.867
50.3545
19.2594
12.3676
-30.8828
0.0585576
-26189.3
-29216.2
-25801.2
-23690.9
-26467.5
-9480.84
-11788.8
-12566.9
-8723.95
-12950.6
-16762.7
-13553.5
-16142.6
-16707
-20143.2
-17122
-19811.9
-14638.6
-17339.1
-17868.2
-14117.4
-18135.6
-19041.9
-25080.8
-23109.7
-24310.8
-10544.1
-11045.4
-9620.89
-7175.21
-10998
-7954.07
-10198.7
-3215.52
-5352.4
-6157
-2423.33
-17354.4
-18101.9
-17154.1
-11474
-11823.7
-846.77
-4551.79
-3755.78
-1633.17
-123.729
-102.206
-124.355
-101.644
-267.684
-180.435
-201.963
-249.664
-125.202
-102.507
-124.58
-102.938
-111.382
-156.124
-154.677
-177.951
-132.441
-122.39
-100.39
-122.797
-99.8392
101.324
57.2103
163.816
52.4201
86.5541
-496.73
-373.561
-376.954
-236698
-206244
-16331.3
-113175
329.38
305.923
-251.486
315.994
211.952
186.115
241.558
195.659
-187.461
-147.545
-149.39
-123.209
-100.448
-122.948
-100.786
-35703.3
-47464.2
-47492.6
-35890.7
-113092
-158130
-102713
-1430.97
-239.745
-1974.47
-58665.8
-295623
-226303
-78006.7
-169689
105.768
75.4116
203.015
80.3635
124.881
-269.875
-339.982
-354.586
202.577
157.821
176.404
148.784
-35445.2
-46681.1
-46182.2
-34107.5
-142.156
-134.872
-148.609
-227.709
-24533.6
-35057.6
-27186.3
-36152.3
-13637.2
-19212
-117.703
-22246.7
-23647.2
-31754.5
-21014.4
-30656.5
-109.479
-108.962
-29.0592
71.5425
-30.8175
-108.297
-108.529
-122.371
-100.125
-100.156
-122.271
-28.0889
71.5347
-107.3
-107.386
-107.934
-31.4138
-107.726
-127.993
-187.597
-256.89
-102.125
-142.102
34.9274
-137.884
-350.556
-329.492
-148.399
-456.025
-813.785
-390.769
-474.79
-176.534
30.9401
-1068.24
-397.07
-361.652
-376.951
-109.855
-110.295
-33.4734
-31.4897
68.8978
-33.2453
-111.55
-110.908
68.7766
-111.98
-35.0582
-147.418
-158.286
-170.669
-130.807
-105.138
-107.181
-128.648
-161.349
-139.812
-39.6266
71.3656
-122.694
-130.339
-112.53
-114.459
-33.34
-35.3599
71.4286
-35.3926
-119.613
-116.137
58.3536
51.3764
-5.64524
31.5154
52.3949
59.2969
-4.56513
31.8329
60.4872
53.1822
59.7798
53.4164
-122.106
-99.9956
-122.25
-99.8256
-29.203
-107.432
-106.979
-30.4029
-26.2924
73.1857
-106.804
-107.193
-29.8996
-29.6709
-107.153
-30.81
-107.025
-27.27
73.2839
-28.9989
-107.109
-106.78
-30.158
62.3865
56.0106
-2.47259
33.7226
61.9777
61
54.0729
-3.68179
33.9769
61.8473
-124.989
0.61552
-101.994
-64.6129
-6.72372
-118.575
162.242
85.0251
47.1359
85.2028
42.9266
-108.825
-72.2536
-115.419
-134.428
-10.7407
-126.798
-9.74475
40.664
-94.3802
-9.46887
36.6661
26.3962
-122.536
-19.4424
-81.7653
23.2625
26.8674
-2245.43
-782.753
-1025.75
-3128.47
-491.506
-501.12
-132216
-84871.7
-75011.4
-110618
-197.445
-12317.5
-11518.4
-38819.2
-40431.7
-12520.7
-4694.17
-578.399
-4175.78
-1316.08
-14333.8
-297.057
-14424.8
-454.968
-17039.6
-206.101
-180.656
-172.524
-215.491
-431.864
-454.258
-428.734
-234.145
-187.916
-196.543
-223.923
-1751.47
120.374
80.3715
128.214
88.3412
-208698
-82534.3
-93442
-112548
-140.228
-4138.91
-127689
-88564.3
-2962.33
-10093.1
-131.36
17.971
-32271.3
-49420.7
-4763.52
-41509
-171.229
-1045.46
-5649.82
-1968.82
287.773
262.875
318.658
273.155
139.045
176.442
242.831
106.7
64.6694
199.918
128.502
164.925
120.069
211.031
94.4571
-61.7588
-20.4683
-53.3139
-29.3065
-227.853
-221.959
-36.8402
-12.9183
-46.1107
-3.47556
324.034
279.437
234.144
250.74
224.684
-9.59214
123.63
54.9633
88.2412
46.8867
134.235
16.4188
53.4992
171.876
63.8368
98.4103
161.633
27.6622
31.3526
58.1487
68.3153
21.5594
-210.201
4.09148
48.7062
39.6019
12.652
57.6857
50.0818
-8.06329
28.9612
56.7787
28.0404
55.8743
-148.489
-150.243
-126.268
-104.675
-127.709
-103.242
-107.414
-107.769
-30.3105
-27.7654
73.9086
-108.736
-107.875
-30.6604
-111.794
-110.443
-27.2404
73.7878
-108.828
-109.846
45.7105
-16.7797
25.747
55.6817
-11.7558
28.4914
59.7505
53.8674
56.4852
62.3962
55.9216
-3.73345
34.6623
57.0946
62.6317
-3.15697
33.6979
60.9447
57.1703
62.5642
57.7377
-27919.1
-26859.7
-27626.3
-31528
-26941
-28658.7
-36314.1
-47827.8
-35809.3
-47447.2
-28742.9
-33011.1
-35378.4
-36978.1
-29981.1
-29392.3
-28354.6
-39262
-171897
-133543
-130514
-177123
-76888.3
-102993
-100995
-78102.8
-19299.9
-23077.5
-21859
-20760.5
-14912.2
-21822.6
-26119.8
-24948.2
-27834.2
-22913.7
-37435.3
-56153
-58160.3
-65086.5
-335721
-239051
-133447
-136782
-182496
-178065
-130219
-43454.5
-46665.6
-101529
-107354
-60965.4
-95181.3
-117.756
13.7664
-59.8533
-28.8077
-66.2536
20.9425
-101.464
147.299
104.238
130.21
99.1764
-53.379
-20.7646
-76.6016
43.6854
-90.1053
36.9459
-291.92
-301.478
-289.574
-98.9762
-75.7843
-106.722
-68.0342
-119.734
-82.2767
-112.918
-89.2447
-172.021
-132.894
-141.246
-163.138
-311.307
-149.339
-127.436
-119.202
-157.855
243.66
149.995
119.941
169.061
126.094
-20.7199
97.536
-4.03464
27.3652
4.50175
87.261
-40.1853
-68.3513
58.6866
-11.7089
18.4501
66.3398
-50.3451
-27776.7
-26545.3
-25465.8
-28096.2
-26325.5
-27064.8
-31373.3
-43249.9
-33506.4
-44098.9
-25113.7
-27618.8
-25224.8
-24770.8
-26697.3
-25252.1
-177.83
-10221.5
-14073.3
-10943.1
-13329.6
-12312.2
-14793
-11641
-15484.8
-16329.5
-19151.3
-19492.5
-15950.8
-199.593
-192.83
-15115.1
-18772.8
-18345.5
-15551.5
-30581.8
-40390
-28058.7
-39362.4
-19644.5
-19633.9
-20408
-21784.3
-20350.5
-21905.6
-24630.8
-23053.4
-21128.1
-22657.8
-22411.5
-22627.4
-16796.4
-23200.6
-14405.9
-22181.9
-7993.02
-6904.35
-8955.92
-9710.46
-12677.3
-11672.6
-8745.24
-7800.9
-10980.7
-10439.6
-6388.89
-8584.53
-5597.65
-9393.51
-76.2225
-68.4577
-83.9358
-4009.43
-7774.16
-4804.19
-6964.26
-17618.7
-26333.9
-20151.1
-27401
-18870.7
-17444.9
-14980.4
-15252.3
-16203.4
-16710.5
-16531.1
-13437.6
-13798.3
-14186.9
-14301.5
-13353.4
-14520
-15751.9
170.172
-1403.3
-632.164
158.689
-49.5919
-60.1947
-65.306
-2181.41
-2965.7
147.603
180.819
285.543
-24401
161.919
-34084.9
-30725.4
-30072.3
-18767.4
-19449
-148.746
-150.308
-147.202
-271.587
-133.669
-438.086
53.2458
57.8524
57.5241
43.9145
-586.727
-486.144
-524.805
-21394.7
-8309.06
399.518
-386.253
-371.52
-333.168
52.5875
-147.84
55.6314
58.6119
58.2
-595.986
-631.983
-542.452
-581.036
-95746.5
-67794.8
-400.083
-414.621
-448.361
-457.076
-533.891
-504.26
-304.159
-323.141
-395.749
-376.169
-34592
-124644
-84647.4
-560.325
-7061.59
-389.194
-400.274
-479.598
-449.518
249.842
-33034.3
-250.208
-270.642
-346.058
-325.494
-27289.4
-445.653
-433.598
-401.874
-297.538
-275.26
-211.359
-16119.9
-243.347
-219.262
-149.984
55.4423
54.7292
37.0732
-620.236
-614.955
-595.215
-541.267
-35.9312
389.813
-356.111
-368.934
-352.193
-336.934
50.7657
-146.645
-146.723
-154.235
57.7744
-587.468
-677.742
-656.544
-649.809
-598.288
-19147.9
-56620.4
-14228.2
-416.028
-476.115
-459.831
-479.341
-499.873
-349.586
-328.743
-354.933
-371.542
-34437.1
-30003.6
-67437.4
-23424.3
-8978.1
-46104.6
207.182
-421.366
-403.149
-424.183
-445.752
-32518.9
-298.33
-276.194
-303.576
-321.398
-28001.3
-421.018
-431.202
-417.532
-405.178
-248.147
-268.294
-241.021
-218.199
-16768.4
-190.157
-212.032
-21539
-182.513
-157.525
172.202
-145002
296.202
-34605.2
-159577
191.084
265.968
-33895.1
-25849.6
-23679.5
72.1751
-31.8983
-33.2092
73.7278
-30.1893
-30.9826
60.2922
-70.8501
-217.973
-1100.93
71.465
-32.8883
69.2777
-56.513
-77.3077
74.4597
-33.7768
29.2741
31.0291
75.0095
74.4862
32.6456
32.0174
-91.4236
-56.9439
160.354
-118.196
-80.3017
4.88495
-81.0221
-3008.05
-595.663
193.49
-205320
-50.4993
-49.7433
-1045.36
369.441
147.398
341.772
38.6627
72.3555
119.034
28.2765
75.3823
-29.5875
74.3563
-31.2191
-33.0272
18.6439
29.9389
33.4861
31.3867
-26615
-33980
-33746.2
-35413.5
-236607
-237543
-58338.8
-65499.6
-39.6293
217.257
-7.48401
231.349
45.1218
-23.3194
8.06701
-25990.4
-28877.7
-31358
-24221.2
-29396.9
-18906.3
-19970.7
-22483
-18092.8
-10270.9
-20140.6
-16565.1
-12606.2
-12410.6
-123.487
-100.975
-101.167
-123.245
-174.956
-148.543
-119.399
-175.831
-147.35
-117.751
-175.402
-118.18
-146.991
-117.904
-175.118
-339.531
-344.717
-324.031
-404.448
-317.85
-62.3934
-159.057
-253.717
-258.811
-376.662
-402.699
23.4041
-240.431
-537.122
-148.547
-148.973
-125.659
-104.073
-126.448
-103.389
-176.933
-119.152
-175.872
-119.313
-177.495
-121.669
-119.72
-178.781
-198.506
-147.763
-115.107
-139.381
-123.378
-211.642
-169.987
-233.673
-132.692
-204.591
-123.832
-138.253
-195.91
-410.28
-122.499
-99.5991
-122.211
-99.993
-174.706
-117.84
-116.645
-174.867
-174.882
-146.656
-117.636
-146.47
-116.996
-174.848
55.9877
94.8355
170.971
91.6746
36.5955
-458.776
-52518.8
-27885.4
-6579.2
-480.392
-1554.27
-422.597
-57938.9
-518.125
-569.977
-570.046
-521.284
-302.827
-413.37
-400.89
-394.64
-317.56
-497.112
-360.891
-505.072
-301.971
-393.908
-289.234
-394.527
-69484.8
-163207
-33609.3
-83327.9
411.008
341.068
-249.218
-176.545
-263.846
-271.827
-169.431
-260.03
-380.065
-179.235
-284.587
-188.253
-279.265
-242.16
-377.242
303.943
222.385
231.196
-108.256
-201.406
-195.602
-194.93
-116.785
-327.954
50.2379
-146.295
-147.667
-147.199
-123.556
-101.74
-124.416
-100.81
-175.381
-117.775
-175.093
-117.31
-176.442
-118.948
-117.391
-177.491
51.169
52.1926
-552.484
-561.723
-76219.9
-79883.2
-406.219
-407.575
-450.236
-452.698
-521.357
-515.413
-310.793
-315.603
-387.639
-383.078
-35860.9
-34646.3
-35916.1
-127556
-101935
-88840
-101465
-135878
-96997.1
-94992.9
-156230
-214645
-169924
-192353
-9725.57
-7387.37
-5551.53
-5208.17
-11303.6
-2998.92
-3943.42
-7792.97
-3265.23
-6991.72
-4235.33
-97491
-196244
-130156
113.554
193.388
116.9
-272.16
-203.357
-303.989
-279.978
-211.347
-299.255
-264.532
-392.252
-200.489
-288.217
-193.657
-293.383
-394.654
-339.42
-268.467
-365.012
-375.54
-257.222
-466.334
-268.305
-394.514
-282.816
-385.211
-326.602
-461.996
258.946
193.383
185.3
-35086.5
-33499.1
-34638.1
-82.3132
-190.243
-158.034
-91.6177
-183.137
-257.013
-262.188
-75.0303
-166.442
-66.8353
-176.074
-224.134
-4142.64
-984.984
-1426.66
-216.816
-3790.41
-337.109
-237.013
-333.198
-5199.31
-2518.52
-5657.53
-1942.21
-26570.4
-25420.5
-26305.7
-440.715
-437.9
-394.48
-397.619
-289.749
-282.482
-203.898
-15481.7
-12883.1
-109.846
-40.7699
-129.551
-140.237
-31.9721
-127.773
-234.523
-49.2558
-157.863
-59.0665
-149.749
-101.677
-227.085
-22962.1
-22763.7
-21885.9
-13.884
62.0998
-43.3021
-34.7877
51.6748
-24.1021
-141.34
73.8433
-31.6919
-122.656
-100.634
-122.944
-100.395
-173.889
-146.909
-117.301
-146.022
-116.659
-173.62
-174.392
-147.122
-118.312
-174.935
-117.064
74.348
-30.2
55.3884
-436.215
-354.262
-417.05
-371.643
-599.367
-518.522
-480.257
-454.54
-617.904
-578.454
225.257
-411.326
-556.394
-433.674
-62.3371
-264.422
-151.248
71.7301
-34.6899
-146.277
-143.118
-132.466
-112.292
-136.348
-108.452
-185.539
-118.632
-121.11
-183.072
-187.992
-127.282
-192.359
-119.747
73.122
-46.6896
-41.1726
73.1595
-38.8978
513.839
-469.497
56.1263
30.3527
57.2097
31.3347
57.9912
58.1387
-122.085
-99.9213
-122.419
-99.5414
-173.792
-117.341
-173.878
-146.069
-116.423
-174.383
-117.595
-174.792
-116.562
75.9791
-29.074
75.4573
55.1935
60.0616
33.5401
60.4771
58.7829
32.4314
59.6263
-113.916
-97.2971
-63.3035
-121.689
157.523
89.7221
82.2488
-77.8065
-127
-116.926
33.9258
-1.6691
31.6049
20.4655
-53.063
-14.8874
2.90529
-4685.86
-6942.9
-4334.33
-2769.76
-1336.71
1803.67
-501.879
-679.444
-1191.54
-1750.35
-3668.73
-555.819
-3795.61
-555.593
-417.53
-7744.94
-506.199
-435.751
-471.095
-478.341
-621.18
-410.774
-494.817
-484.692
-392.732
-627.656
-292.796
-86820.9
-34926.9
-395.399
-373.653
-70341.1
-53195.6
-304.303
-250.364
-4792.96
-21906.6
-374.481
-34650.1
-306.74
-366.096
-371.284
-294.252
-2371.76
-232.596
-305.064
-294.071
-242.972
-225.867
-281.135
-287.129
-217.296
-347.995
-424.872
-407.943
-329.858
-439.442
-573.164
-346.217
-483.824
-369.72
-457.532
-561.496
-262.534
-314.996
-251.959
-325.951
-267.671
-352.339
-279.841
-334.871
219.43
115.292
132.327
-110.118
-489.816
-207807
-1.75508
-140236
-60.4132
-140774
6.83254
-101.221
-6890.74
-21900.8
-14686.7
-475.772
-1333.51
-1225.12
377.946
298.425
308.057
150.617
189.087
112.412
70.3968
157.621
82.5196
-88.769
-148.539
-156.213
-80.7928
-95.0203
-169.884
-162.807
-103.589
-230.63
-156.66
-258.058
-238.809
-165.094
-252.676
-360.843
-152.663
-238.626
-246.734
-146.445
-362.487
-65.2989
-142.139
-74.0067
-134.913
-58.5201
-120.582
-128.389
-50.6516
333.95
269.58
260.858
-5.52266
81.2689
6.68666
42.5831
74.3419
109.686
32.1212
-1.82141
-82.6395
-74.978
-10.8948
-205.533
-128.771
-208.512
-199.637
-122.289
-216.588
-218.174
-345.883
-134.144
-230.965
-142.206
-224.528
-341.497
-27.1961
-90.3945
-19.1671
-98.277
-34.9974
-113.406
-43.522
-105.992
55.0325
28.0512
54.9032
-145.785
-148.171
-125.671
-101.745
-124.702
-102.78
-179.801
-120.169
-181.263
-117.868
-179.125
-118.586
-178.304
-118.481
75.7936
-29.2499
76.4149
-30.1858
-30.5314
48.2119
24.0078
51.3707
53.8428
27.4361
57.0248
55.9832
60.4384
33.0434
60.7887
33.6439
59.5843
60.8646
5769.31
-672.638
-669.087
-628.891
-616.048
-30620.1
-39573.6
-6429.75
-4097.52
-468.854
-464.77
-487.01
-489.673
-341.553
-335.902
-360.791
-364.701
-28064.1
-26988
-30592.5
-28277.4
-34227.5
-35822.9
-35759.2
-30620.8
-33057.7
-30714
-50861.6
-62120.9
-80028
-79829
-60202.9
-39821.7
-28806.1
-68673
-50663.6
-47719.7
-33253.2
-45257.8
-37275.2
-161721
-113961
-149270
-122403
-203618
-239011
-186322
-262290
-71093.9
-88774.8
-67162.6
-94213.7
-54412.7
-38982.4
-51405.2
-41477.9
-13227.9
-12443.7
-10662.8
-14853.8
-12115.6
-8493.75
-9411.01
-11331.5
-11357.5
-17495.9
-9884.16
-14403.8
-13444.3
-16868.5
-6848.92
-13272
-22709.4
-24789.3
-28562.1
-18182.6
-20614.2
-14914.6
-17198.3
-18450.2
-25414.2
-30050.2
-32239.7
-23271.6
-37999.4
-40326.8
-45459.7
-247972
-184250
-189858
-53792.6
-75515
-82337.8
-69752.1
-118.144
-33.7781
-105.614
214.369
140.729
136.936
-45.6199
-13.7409
-82.3571
-90.444
-221.387
-309.54
-282.822
-214.588
-316.65
-412.596
-409.144
-224.167
-329.988
-323.682
-232.4
-124.409
-194.858
-188.735
-131.775
-118.003
-175.965
-182.475
-110.842
-144.343
-200.701
-207.369
-137.724
-149.577
-219.822
-213.361
-156.825
-195.06
-251.072
-259.976
-186.268
-198.979
-275.57
-265.697
-209.066
-312.093
-243.408
-358.29
-253.443
-351.693
-432.995
-302.752
-323.636
-434.546
-241.582
-336.866
-233.833
-345.476
-172.781
-245.274
-181.207
-237.824
-168.21
-225.028
-161.101
-232.538
235.076
157.15
162.17
-27.6747
36.4474
-38.5727
-66.9179
-17.289
14.4288
-57.4146
-27600.1
-25755
-28512.3
-27365.9
-31956.2
-32130.2
-32843.7
-24696.8
-27074.7
-25773.2
-26266.1
-171.891
-106.537
-197.845
-98.574
-207.302
-289.568
-187.4
-164.055
-283.983
-113.118
-222.078
-215.011
-192.824
-4342.21
-1536.44
-876.29
-4997.8
-3666.63
-59.3345
-185.087
-2977.27
-6235.46
-2187.27
-2801.43
-5631.02
-6811.44
-3957.02
-3399.11
-7354.39
-9916.26
-6343.85
-6780.86
-9545.32
-10306.7
-7806.33
-7255.66
-10759.1
-204.221
-2478.07
-524.39
-2839.84
-242.345
-309.824
-212.9
-313.604
-1551.37
-228.868
-1129.08
-236.944
-8765.04
-5905.86
-9167.07
-5462.15
-8330.82
-4492.73
-7862.17
-4988.05
-28706.6
-29761.2
-28918.6
-20411.6
-19665.3
-20886.6
-21166.6
-23996.5
-21821
-23501.6
-23327.2
-424.513
-426.068
-412.525
-408.653
-254.828
-260.717
-233.016
-225.499
-17427.2
-15985.7
-15188.9
-7247.21
-6017.91
-8992
-11925
-9503.69
-8706.33
-11179.1
-832.274
-21.8106
-31.7024
-104.791
-1556.42
-50.3506
-41.0698
-2271.33
-13.2813
-120.311
-93.892
-23.362
-112.352
-197.13
-203.473
-4.6838
-93.487
-103.911
4.32402
60.6819
-12.149
49.9651
-2.48256
70.7931
17.0206
6.99137
80.8159
-20836
-18452.6
-19296.7
-18093.7
-15772.8
-17313.1
-14206
-13394.4
-14977.4
145.4
68.7903
79.0909
134.093
-41.1698
32.9955
-53.2598
42.3355
-64.5606
-173.368
-32.5868
-165.522
23.768
-83.8821
13.2858
-75.031
112.743
58.3145
123.265
47.6598
102.192
27.1195
91.131
37.2473
)
;
    }
    procBoundary3to0
    {
        type            processor;
        value           nonuniform List<scalar> 
43
(
-201.665
-202.023
-203.038
-200.937
-201.903
-201.696
-199.87
-200.128
-200.757
-200.003
-200.464
-200.575
-202.675
-203.804
-203.128
-200.429
-200.696
-201.395
-200.938
-200.956
-200.071
-200.61
-200.558
-200.401
-200.341
-200.924
-202.023
-203.038
-203.804
-203.128
-201.903
-201.696
-200.696
-201.395
-200.956
-200.128
-200.757
-200.61
-200.558
-200.464
-200.575
-200.341
-200.924
)
;
    }
    procBoundary3to1
    {
        type            processor;
        value           nonuniform List<scalar> 
23
(
-168.741
-155.086
-107.055
-128.119
-107.369
-1.76487
-77.7793
-3.96765
49.6821
-146.779
-107.055
-128.119
-127.7
-107.055
10.1925
-32.0792
-97.7924
-17.8453
24.0641
47.2074
-139.859
-139.922
-160.405
)
;
    }
    procBoundary3to2
    {
        type            processor;
        value           nonuniform List<scalar> 
328
(
-266.431
-6.15638
-526.446
-353.442
-428.976
-952.736
298.138
-33757.7
-14191.8
-8883.26
-201.641
-201.145
-202.261
-202.715
-202.966
-201.932
-14191.8
-14191.8
-93639.2
-93639.2
-93639.2
9694.11
9694.11
9694.11
-9399.73
-9399.73
-9399.73
-13465.2
-13465.2
-13465.2
6155.7
6155.7
6155.7
9238.93
9238.93
9238.93
-8883.26
-8883.26
-5621.28
5760.38
5760.38
5760.38
-1190.58
-213.123
-227.708
-190.727
-1190.58
-1190.58
-1190.58
-1190.58
-1190.58
-3102.2
-20693.7
-17614.7
-7407.42
-6939.15
-208.966
-198.301
-213.841
-3102.2
-3102.2
-3102.2
-3102.2
-3102.2
-20693.7
-20693.7
-17614.7
-17614.7
2844.89
2844.89
2844.89
9055.64
9055.64
9055.64
-11027.3
-11027.3
-11027.3
-11601.9
-11601.9
-11601.9
7405.55
7405.55
7405.55
7843.35
7843.35
7843.35
-7407.42
-7407.42
-6939.15
-6939.15
4641.41
4641.41
4641.41
4291.36
4291.36
4291.36
-428.976
-235.121
-342.869
-123.393
-428.976
-428.976
-428.976
-428.976
-428.976
-62601.2
9144.21
-15027
-8378.74
-6045.83
-201.115
-204.27
-201.642
-204.902
-62601.2
-62601.2
-62601.2
-62601.2
-62601.2
9144.21
9144.21
-15027
-15027
-39911.2
-39911.2
-39911.2
10063.1
10063.1
10063.1
-9927.58
-9927.58
-9927.58
-12817.3
-12817.3
-12817.3
6563.1
6563.1
6563.1
8758.88
8758.88
8758.88
-8378.74
-8378.74
-6045.83
-6045.83
5375.69
5375.69
5375.69
3633.81
3633.81
3633.81
-799.443
-220.273
-171.091
-262.252
-799.443
-799.443
-799.443
-799.443
-799.443
-11501.2
-639.48
-16260.2
-7886.09
-6484.07
-206.27
-207.442
-201.235
-11501.2
-11501.2
-11501.2
-11501.2
-11501.2
-639.48
-639.48
-16260.2
-16260.2
-15369.8
-15369.8
-15369.8
10078.7
10078.7
10078.7
-10468.9
-10468.9
-10468.9
-12196.1
-12196.1
-12196.1
6978.19
6978.19
6978.19
8295.52
8295.52
8295.52
-7886.09
-7886.09
-6484.07
-6484.07
5002.65
5002.65
5002.65
3954.52
3954.52
3954.52
-6.15638
-526.446
-342.869
-123.393
-952.736
298.138
1074.21
-1921.69
-201.145
-202.261
-201.115
-202.966
-201.932
-201.642
-204.902
-13194.1
54952.7
6933.58
-8653.42
-7969.11
-7793.92
-9459.15
-73091.7
-83848
-65990
-64605.5
-15704.3
-14744
-15547.1
-16775
-6645.68
-6659.04
-6855.72
-6820.26
-7914.77
-8169.48
-7846.62
-7781.47
-10792.5
-10553.7
-11004.7
-11313.6
-14076.2
-14893
-14195.9
-13481.1
-6463.88
-6465.31
-6276.89
-6264.73
-5156.59
-5235.85
-5341.12
-10108.6
-10289.4
-9797.29
-9669.94
-7575.73
-7489.51
-227.708
-190.727
-171.091
-262.252
7160.58
-9791.94
-4366.05
2911.52
-198.301
-213.841
-207.442
-201.235
-22836.9
17451.4
38532.9
-47032.2
-24269.1
-1033.64
16844.2
14315.9
-5109.36
-14715.1
-11163.9
-7117.15
-35624.8
-26645.1
-43903.4
-56623.2
-18963.3
-23509.5
-18616.4
-16657.1
-7239.57
-7188.46
-7005.18
-7049.19
-7383.13
-7428.12
-7609.33
-7593.52
-11940.2
-12392.2
-11842.9
-11464.1
-12961
-12429.5
-12942
-13558.2
-5911.5
-5858.84
-6059.62
-6094.86
-5650.76
-5724.02
-5527.68
-5444.7
-8841.26
-8815.91
-9240.44
-9315.38
-8398.27
-8381.37
-7931.95
-7985.76
)
;
    }
    procBoundary3to7
    {
        type            processor;
        value           nonuniform List<scalar> 
49
(
-3896.5
7877.97
3864.43
-20048.4
365.466
1445.43
6420.41
1658.62
-660.135
-784.108
-2196.15
-1618.74
-9421.26
-7250.52
-2791.47
3853.45
1973.99
-3352.66
14552.9
13877
2521.67
-4712.45
-4712.45
5154.01
-28.5482
-26910.4
-33923.3
-2617.53
-3252.36
10801
9334.99
-14366.2
-14295.3
31.4451
-3583.16
-605.074
1608.75
725.337
582.305
60.94
-3448.72
2051.15
-2675.78
1797.69
-2455.88
-2552.39
1322.43
-3180.66
1873.22
)
;
    }
}


// ************************************************************************* //
