/*--------------------------------*- C++ -*----------------------------------*\
| =========                 |                                                 |
| \\      /  F ield         | OpenFOAM: The Open Source CFD Toolbox           |
|  \\    /   O peration     | Version:  2012                                  |
|   \\  /    A nd           | Website:  www.openfoam.com                      |
|    \\/     M anipulation  |                                                 |
\*---------------------------------------------------------------------------*/
FoamFile
{
    version     2.0;
    format      ascii;
    class       volScalarField;
    location    "0.104/solid";
    object      sigmaMax;
}
// * * * * * * * * * * * * * * * * * * * * * * * * * * * * * * * * * * * * * //

dimensions      [1 -1 -2 0 0 0 0];


internalField   nonuniform List<scalar> 
3125
(
111266
63299.5
37347.6
14353.2
1229.19
47189.4
67764.9
105061
40012
46607.6
38730.7
27960.2
16485
34307.5
13883.4
26235.8
1537.82
2044.36
12183.2
1740.14
213006
188152
63502.7
89157
110861
51094
84274.1
123600
93170.9
58144.3
47404.8
80752.9
29.1552
7228.73
18640.9
8474.98
8440.89
19486.9
8513.24
75.6737
6685.19
7225.11
164588
155225
207201
168381
82439.8
114927
145149
183164
87764.9
149707
128271
163109
160942
135629
43366.2
100838
124045
151708
44314.5
127446
107536
132055
56926.1
77873.9
97624.1
34457.2
76013.1
104120
81033.6
53640.8
32907.1
73069.1
60191.6
39532
23451.9
20362.4
34481.9
55211.6
25982.1
36804.9
21363.2
36942.5
54123.9
36104.6
19158.6
19004.9
32288.4
51052.9
20943.4
34432.3
19385.5
33776.7
56.7793
6263.38
17366.4
7383.43
7730.92
17620
7423.34
116.077
5893.76
6601.83
278842
129186
80349.8
94452.5
77692.8
59034.5
69981.7
160904
142865
43249.4
40540
49298.2
-74.7202
1754.86
16203
12305.5
12601.8
21268.2
14688.1
479.584
3036.45
3375.51
229615
93618.5
271240
248890
72442.2
80382.2
88645.3
125783
99076
115950
167116
186336
224211
208107
41213.7
65235.4
70520.9
91842.6
45935.8
86541.9
146092
161138
73924
86205.4
63463
37376.4
58246.2
141162
126658
38316
29650.7
43091.5
75883.9
63202.9
18710.2
17476.1
21510.8
41310.7
31402.7
35793.9
23718.6
31845.4
69985.8
58668.8
15619
16094.4
19748.5
36741.8
24488.9
32192
21979.2
29758.9
3127.54
3107.7
86.4762
1263.89
14925.2
10531.5
11634.8
19617.8
13270.4
891.443
3036.27
3250.56
260341
143656
114871
99385.2
75668.2
73967.7
88760.3
107724
77633.8
93340.2
85772.5
99058.4
77046.7
54970.4
60328.7
67482
95259
66136.8
74235.3
120254
137055
150515
110067
133739
112725
105719
128338
46863.6
67391.2
53688.7
43886.5
58018.1
51420.2
70622
63536.7
56074.3
6265.87
2706.86
-74.006
2646.02
2008.12
6594.46
3718.43
3008.68
16865.9
13886.6
12990.1
10350
8268.33
11469.7
12433.7
8380.47
11780.3
7693.57
12750.5
20815.6
14338.1
14650.7
7987.14
12775.3
12821.9
314.308
2801.07
3277.57
4927.81
7259.72
4345.15
3854.24
7315.46
4275.28
213328
108426
253256
190162
232428
220217
241597
184616
205719
225634
77331.8
100327
91521.1
88793
127509
98133.3
111292
131828
101357
139872
168502
128824
93310.2
103386
112716
163722
114712
125218
213262
192930
156293
142750
174177
199244
147729
180315
208342
150041
193482
186944
202781
146422
173948
188566
42337.4
77632
72309.5
73754.6
110643
80136.4
88766.3
113960
82288
106235
141225
99671.7
45170.7
79426.9
84751.9
137757
90943.2
97482.1
181720
166232
136222
117926
150120
169125
121431
154824
103565
90443.9
69489.9
65635
80853.2
96911.5
68628.3
84774.5
71642.4
88160.5
65399.1
35949.4
51397.1
56505
85072.8
57279.4
63340.9
108066
121928
131667
94036.8
118263
101074
90735.8
113889
41987.2
61700.6
47548.1
31306.3
49697.7
44733.7
64476.5
55289.3
49455.3
71523.6
50798.3
59755
47997.8
59217.8
47845.1
45648.6
56057.9
21028.8
27441.6
22936.3
18244.9
25960.2
22647.8
29187.2
27975.9
24210.8
44689.8
46866.3
38493.5
28632.3
29031.4
34032.6
44236.1
30948.6
36528.5
44509.3
34814.7
23099.7
27503.4
30658
42412.3
29725.9
33414.7
65844.2
46043.9
55369
44844
55075.3
43468.9
42565.1
52040.3
17386.4
25024.2
21035.5
16860.4
24318.1
20903.8
26806.6
26214.9
22329.9
40179.5
43595.7
34939.9
22720.7
26418.4
30703.7
41222.5
28371.6
33248.3
41626.7
32569.2
21356.4
25130.4
28579.5
39583.3
27188.5
31187
5284.54
2062.02
64.9173
2253.38
1604.49
5655.78
3166.88
2446.52
15586.1
12847.1
12006.6
8929.81
7670.12
10594
11476.6
7764.2
10889.7
6620.71
11412.8
19159.4
12789.5
13236.9
6945.89
11335.6
11492.2
619.203
2566.35
3142.77
4454.37
6746.34
4112.7
3511.63
6789.39
4032.49
305389
313519
89207.1
94357.3
178482
171792
-111.756
43.442
21837.2
19166.5
285207
292411
297318
289319
185270
192151
278043
270921
176665
183000
86563.5
91486
170403
164215
84175.5
79274
24665.1
27639.6
81747.6
77040.2
23897.5
26835.7
2322.79
2497.32
2545
-126.954
-173.834
21101.7
18456.5
2195.18
1451.14
1940.68
2202.45
1944.5
2252.1
1955.19
232107
218874
228847
235509
238566
208142
172359
193191
215117
221401
176949
202174
127781
121922
67924.6
66902.2
65173.3
68730.4
71643
92242.5
96021.8
85228.9
88063.1
91715.9
109580
102083
121612
106860
116941
113952
98451.6
89122
90938.7
87865.3
77957.9
95030.3
85310.7
81216
133750
139832
133815
129354
119010
124362
128775
96525.8
100422
97268.4
100910
104917
61259.1
54240.3
61151.9
61731.4
65041.8
56972
58191.8
77973.3
86943.9
77304
74763.3
83048.8
81595.8
71633.3
5026.45
3725.54
-66.0502
658.982
21.5164
673.054
504.505
7564.35
7078.07
6005.4
6300.66
5813.67
17449.4
18073.8
19595.6
16987.8
17880.1
19067.3
16531.3
10230
8950.25
9712.4
8461.91
10288.1
8943.43
9675.17
6521.5
8198.69
20062.1
20036.4
17692
18224.9
18140.8
8884.77
8415.18
9862.61
10271.5
9829.99
845.023
131.975
765.207
15.4053
762.146
896.154
50.0871
6512.73
7668.6
6060.25
7295.53
6437.98
7708.25
6170.66
176580
168236
142142
180496
144830
112971
140409
158752
128387
143531
130694
111176
225717
222271
201458
215780
219397
242796
250360
178683
173723
183015
184639
188889
122977
105774
126378
119057
118417
131240
109524
147155
162374
133230
140650
152263
156956
129140
190486
167816
208917
178226
196289
202798
163320
162748
167885
154322
137373
173484
157461
141570
235304
227904
138944
134445
133020
139635
144159
172819
177221
157910
167050
171506
172665
139436
157302
168755
136713
229172
236006
120044
139214
145442
149303
122855
81576.3
92104.6
104079
89275.9
94992.9
91791.9
79478.2
91901.8
106773
112759
120663
109753
93923.2
104297
107506
137295
126059
148202
109355
134190
123710
97909.2
109238
130867
115780
118817
111689
95925.8
222396
215673
115154
110975
97345.5
118867
100193
117225
141595
128497
137762
114400
123150
117634
60439.6
59776.9
53466.6
63526.8
56042.4
72090.9
83103.6
74752.9
79727.9
69359.6
75248.6
89238.8
94439.7
86758.1
86396.9
77365.9
84240.2
64616.8
69230.7
78995
69926.4
72595.1
71711.6
62495
128761
134458
111466
100730
94504.3
107806
91668.6
74842.5
86522.7
84233.3
89982.1
77617.9
47839.2
49841.3
56277.6
49976
52214.9
52304.8
45802.4
58256.7
66762.7
70164.7
67289
64685.1
64307.7
60370.9
64304.7
61719.3
56971.1
58369.4
60784.5
52556.9
56676.6
40376.9
42212.5
41756.6
43126
44675
22491.4
19675.1
21383.7
22154.1
20743.9
23247
21337.3
32327.3
36182.3
32680.2
32235.9
34532.9
33804.5
30623.2
52329.9
51575.3
58517.6
52354.4
55217.8
55400.4
48977
39192.2
38651.1
39204.8
34804.5
41210.9
36819.1
36997.1
48571.6
44727.4
22076.5
21929.6
23322.3
23907.8
24185.4
37728.8
38940.3
34447
35182.6
36227.4
57406.6
50928.4
51375.4
54432.3
48426.2
51233.8
55231.7
34333
38494.5
37916.7
40500.5
36562.9
18724.4
18367.5
20707.5
17979
19936.9
19610.6
17238.5
26862.3
30564.3
30530
30204.5
28632.8
28611.3
28615.8
41784.7
47510.3
47675.2
48515.2
43780.1
45222.6
45403.9
32216.8
32559.2
36637.7
32478.2
34479.5
34598.9
30399
47357.7
43609.3
19898.6
21224.6
18507.3
21874
20271
32157.3
35402.6
31512.6
32958.1
30032.5
4495.07
3209.19
79.3875
561.608
244.661
509.538
744.876
5990.6
6052.47
5170.01
4939.58
4957.65
14412.6
16852.9
15793.9
16406.8
15394.4
15795.2
14898
8333.03
7231.61
8917.27
7814.71
8943.74
8349.45
7281.1
5965.04
7618.7
18007.1
15932.1
16817.7
16204.3
15200.7
7086.13
7246.57
8656.12
8523.82
8256.75
1150.81
255.692
751.109
411.127
946.828
912.106
647.71
5310.28
6172.38
5524.87
6732.76
5693.56
5167.23
6270.06
295622
286519
303740
152318
132824
136885
147807
105030
99633
84750.7
84932.2
89641.3
99802.8
89633.4
94659.5
76762.1
71660.2
79594.6
69207.7
73459.8
63932.6
66234.9
70797.3
158704
165195
170567
154790
164066
151384
148777
157670
43779.9
38485.7
40067.4
41949.1
46013.4
43750.1
42075.7
47959.6
969.076
414.227
-102.562
264.445
221.713
1514
914.501
786.899
14826.8
15145.6
15983.8
14057.5
13685.8
11970
13027.4
12576.4
14288.3
16648.3
21562.9
18948.3
19089.8
14564.1
16755.8
16755.7
1500.74
641.901
1591.24
509.697
2575.41
3722.88
2630.61
3670.63
121260
12348.3
11851.7
67901.9
70266.3
75813.8
73302
116789
113286
105690
109018
18613.5
18351.8
17835.5
18145.8
12919.6
13393.7
14376.8
13919.3
249042
235034
255019
24638
21489.2
20266.6
25616.3
287576
263712
279610
273521
281381
256261
263916
271720
86098.5
74815.8
83091.4
77430.8
89805.6
83557.6
80776.6
92990.8
138329
128136
142648
124261
133377
116072
119762
129249
206190
199123
177168
173426
183874
197585
179834
190677
243084
218824
237149
256811
263847
213457
225353
231240
29176.1
25242.2
24821.6
29347.7
29388.5
24619.4
25147.8
29108.5
26571.3
21155
22291.1
25680.5
26607.1
23008.1
21972.3
27387.2
195874
189407
157342
151067
162782
173803
156084
168269
65057.8
62837.7
58091.5
60180.7
35358.3
36850.1
40122.4
38556.4
18770.8
18976.9
19226.8
19081.7
18249.7
18464.5
18868.6
18713.6
15331.7
16445.1
18567.2
17429.1
33774.6
32352.9
29523.4
30880.4
11098.7
11697.6
12822.1
12247.5
17955.8
17675.6
16993.8
17337.4
101647
96517.7
78746.2
77941.2
83105.3
92078.7
82039.2
87552.6
29155.7
24898.2
29072.1
25217.6
28837.8
25069
24855.7
28813
152067
158104
151954
136280
146619
136118
131445
141340
24463
21650.7
21984.6
23951.4
25061.1
22759.6
22507.5
25499
79980.7
71538
75339.3
69844.8
74493.7
67310.8
66432
70820.9
18396.9
16245.9
17192.3
17361.7
19689.1
19686.2
18535.7
20944.2
38144.5
36609.6
39871.1
35116.3
36198.9
31944.5
33362.7
34572.3
34038.8
30766.7
24180.4
26296.9
26936.8
32875.7
29006
29835.9
74473.3
66129.1
70291.2
67964.3
72444.4
62355.2
62208.3
66201.4
13346.2
11983.3
12711.9
12551.2
14091.5
14071.3
13365.6
14876.6
22740.8
21101.6
20696.1
23303.3
22071.5
19649.2
20124.1
21443.9
33142.9
29919.8
22568.8
24457.4
25237.8
30952.7
27054.6
28035.6
14399.8
13321.5
11389.1
12439.6
801.448
1733.94
3736.65
2654.93
10544.1
9919.35
8723.24
9366.3
2867.76
2886.56
3596.74
3057.61
535.455
41.025
-98.208
153.964
-14.4551
859.225
609.226
287.931
11027.4
11338.1
11809.5
10600.8
10318
9229.08
9969.47
9539.26
13628
15958.4
20028
17377.9
17621.6
13220.3
15259.6
15349.1
1996.95
1185
1506.81
1470.9
1669.62
1858.88
1814.1
2587.36
2620.56
2712.82
2378.69
2928.58
3572.52
3001.23
3555.43
247081
267497
253919
110543
116175
121574
109597
115953
105064
104434
110449
71944.6
79921.4
75943.1
70389.6
76149.8
79378.5
72385.9
75461.1
84286.1
84259.4
80049.3
102126
102825
97507.9
81387.5
80017.2
83392.2
83988.6
87505.4
98029.3
88570.9
92988.5
105301
102926
107888
91371.6
101116
112367
94880.9
62269.8
54334.7
59918
56358.2
65187.7
61137.5
67692.7
58982.2
93026.8
91527.5
103504
87923.8
97023.5
99218.3
84538.3
152307
146018
127309
125748
133162
145199
131349
139125
142575
144828
137191
114498
114679
118960
119471
123822
139236
126697
131897
106845
117829
111663
101452
109988
114189
105398
109507
123034
121591
116579
64417.2
64234.2
71949.1
62637.3
68445.4
67664.8
59771.7
54979
51877.5
57189.2
49983
52418.4
45900.9
50347.8
47680.2
74443.1
73926.5
75551.6
65569.9
79251
71007.8
68569
1697.52
2614.57
5808.04
4962.14
4517.28
2372.45
3780.52
3375.53
-78.5864
360.661
434.572
1594.52
2784.39
2405.67
1668.37
1375.43
1090.01
2207.57
1228
6853.17
5303.63
5573.4
4840.41
3918.9
3477.67
5095.35
4619.12
4112.93
3247.47
4375.88
15894.6
15404.8
14655.5
13624.4
14398.9
16237.7
15049.5
9426.46
8079.99
8406.64
9078.5
10435.8
11002.5
11500.3
9975.45
11568
11042.6
13139.3
12254.8
12956.5
11684.8
10938.1
12091.9
10060.6
7254.64
9250.94
8857.09
12517.9
10936.7
10613
20467.2
18647.5
18422
15976.3
14830.5
14562.3
16492.6
16307.2
16593
14631.9
16476.5
8220.58
9488.61
9681.35
11284
13245.1
12904.8
11723.8
11327.1
11099.6
12888
11236.6
1947.03
1751.55
2952.03
2978.62
1817.49
3085.3
1922.26
6473.46
7245.26
7459.66
6276.87
5585.35
4535.83
4615.39
5502.36
5353.52
4941.32
4089.61
4022.26
5252.07
4213.59
5084.88
87982.6
85157.5
79052.5
81715.2
91627.3
94618.7
101631
98471.5
16508.7
16896.8
17564.1
17221.8
16137.5
15718.8
14851.7
15298.3
195057
218327
199510
240313
246240
233615
195777
203053
206971
209372
213148
239297
220439
226991
265724
258007
233531
227259
240995
256189
234386
248549
179135
196826
200868
190687
194840
194995
212278
201239
213961
218916
207561
104393
96911.3
93777.3
107950
100272
87092
96902
90049.4
127629
123252
141247
117200
132372
136196
113334
142137
136209
146390
121124
137209
151627
125104
184766
173337
190812
154470
196762
179132
158870
116026
100832
104149
112280
120566
111765
124502
108266
168122
158994
184949
150119
179173
173584
145819
213339
220579
226154
206396
218873
204584
199618
211681
148051
162164
153617
137847
150312
154847
144924
149461
168126
165014
159272
188835
192851
182755
152783
155795
160317
161376
165870
186540
170843
176756
190612
203371
186177
153666
160950
131211
164849
133970
198418
177340
181752
249827
242892
202096
192199
207865
219493
197479
213664
142813
157059
128439
153177
125654
159832
178798
164185
172940
183671
168554
29026.7
23869
24607.6
28539.6
28905.9
24934.9
29280.3
24304.7
83667.6
107349
100839
96815
97906.6
85748.9
94307.4
89865.8
117301
103791
99318
106762
87814.5
101813
105634
144706
128007
118953
131093
121341
103736
28041.6
24172.7
23336.8
28621.5
28073.8
22699.2
27385.1
23638.6
99873.8
134304
124932
116549
121868
114127
101816
202413
209013
196361
176525
190661
179381
171363
185001
125833
140817
129987
114440
126365
105881
122605
103039
145451
138386
134173
155498
164328
151186
124955
130146
108725
133945
111566
159560
142629
146895
49490.7
51346.1
55615.5
53649.1
47351.9
45605.3
41965.9
43617.7
19381.7
19347.2
19273
19367
19308.4
19276.2
19050.6
19151.1
23118.3
21904.2
19618.4
20790
24310.3
25566.9
28147.9
26845.8
14875.2
14382.7
13342
13884.4
15343.1
15789.4
16613.4
16217
106878
112208
110955
99128
106126
96683.3
94753.8
101367
65070.9
73206.5
68477.6
62684
69864.1
61290
66671.7
58654.8
76997.2
75476.5
71948.2
90138.6
92806.3
86395
71669.5
73105.5
63952.7
76395.2
66645.3
88759.5
79062.3
82702
73127.6
91283.1
80790.2
79210.2
83579.1
71001.9
81723.5
27913.6
24402.6
24388
27708.7
28329.4
24683.6
28437.8
24798.3
66743.5
82015.8
78031.5
76705.3
75297.9
68874.8
74204.3
146116
140245
115854
112629
120823
130957
117250
125857
121710
127154
117624
97367.2
100576
86012.4
104175
88837.1
122685
109560
113573
93931.2
105293
97772.6
87466.1
97009
83201.5
93476.3
80402.6
109564
105588
101658
49896.5
58968.1
57090.2
57046.1
54634.5
54665.9
51971
26950.1
23964.5
23886.2
27230.4
26434.2
23254.9
26065.4
23424.1
56153.5
67299.9
59582.5
59446.9
62115.7
61869.6
54055.6
68050.3
67489.5
64261.5
53839.9
51971.8
54040.6
55122.4
57362.3
63566.3
56999.8
60577
65323.3
60934.9
50168.8
51612.7
54035.6
62171
55353.3
58037.6
44983.2
48921.8
50819.1
45973.5
47696.6
43769.2
49001.1
46911.9
53531.7
52471.4
50167.2
25109.4
24700.9
23465.1
26492.6
23635.1
20938
22318.4
22128.5
24307.9
24020.6
27211.3
24854.3
26194.3
25187.1
23064.2
30202.6
30067.3
29322.5
26711
28160.4
31518.3
28633.2
49529.4
49572.7
49447
43982.8
52378.3
46817.8
46446.1
29525.6
26132.8
27421.4
28066.1
31220.2
30305.3
32760.2
28954.6
41649.9
41682.1
46607.9
41586.7
43863.9
44190.1
39257.8
37457.3
41021
46434.6
41148.8
42837.4
36054.3
37917.2
39376.7
22618
25499.6
24874.9
25369.4
28130.9
28699.4
25972.9
26393.6
28019.3
29717
27241.7
40735.7
39293.8
37813.5
32039.9
30382.4
31103.9
32733.3
33613.4
36294.2
32301.7
35001.7
61727.2
62273.5
58450.3
48678.8
48664.7
43540.3
51516.7
45960.6
58780.7
52106.4
55242.4
63602
59356
47246.1
48158.3
50830.1
58315.6
51570.3
54521.7
40950.7
45877.7
41169.3
43156.3
38842
40312.2
45635.3
43145
49043.3
48794.2
46055.6
17157.4
16683.2
16046.3
17899.7
16409.1
14724.6
15635
15402.1
20263.6
22483
23254.1
23056.9
21569.7
21852.9
21308.5
25153.2
28179
24989.5
24858.5
26782.8
23481.4
26714.3
39815.3
46027.1
40780.2
40964.7
42977
43165.2
37869.3
19358.5
17315.3
17908.3
18645.7
20074.5
19055.3
20741.5
18520
34068.5
38900.6
38634.2
38804.9
36532.3
36680.1
35955
36497.5
39987.8
43767.3
38507.4
40396.7
33985
35489.3
37136.1
20665.3
23659
22809.4
23142.7
26075
23993.8
23934.9
22102.5
26069.4
27377.4
25048.6
37559.5
36691
34887.6
29317.7
28294.9
25948.9
30590.6
27964.6
33893.2
29795.6
32300.6
7769.47
8755.79
10553.8
9536.05
7039.32
6085.63
4455.21
5402.76
6336.47
6987.07
8179.31
7529.36
5807.11
5152.62
4040.63
4665.07
1220.74
2117.76
4808.01
4078.46
3580.04
1599.34
3004.76
2511.82
-11.6326
299.667
369.114
1380.62
2064.83
2250.23
1248.23
1462.15
873.698
1820.46
1036.2
5859.66
4474.16
4707
4139.2
2947.52
3088.97
3907.25
3992.61
3405.66
2688.37
3652.16
13085.8
14286.4
12646.5
12078.7
13990.7
11812.3
13454.1
7452.14
6558.06
7292.07
6710.16
8097.75
8616.63
8853.61
7881.18
9435.87
10165.5
11361.7
10771.4
10126
10597.4
9526.81
11453.7
9448.51
6187.63
8088.24
7720.56
11238.4
9683.38
9403.67
18617.7
17072.6
16670.1
14321
12864.6
12189.8
14489.8
13658.3
15097.4
13075.2
14822
7105.42
8348.19
8449.22
9957.22
11328
10801.5
9880.91
9491
9861.13
11431.1
9889.18
1895.98
1639.69
2791.57
2473.38
1857.68
1667.03
2694.31
5362.29
5990.77
5267.01
6077.03
4794.11
4048.23
4114.09
4746.95
4401.52
4498.33
3730.18
3323.09
4696.22
4220.54
3529.91
1471.87
910.986
1688.97
828.361
1588.11
1607.65
563.743
2031.19
1083.87
1845.92
998.372
208.54
1164.47
199.703
1116.53
1030.89
114.554
1391.49
413.549
1312.6
1200.64
1633.94
1120.11
912.508
156989
114723
132561
164559
117130
152268
169534
81423.7
69680.8
91613.8
75088.4
84673.4
67489.9
88169.4
78348.6
81427.3
72494
63037.8
65181.2
84701.1
75258.5
46990
39636.8
45214.1
47873.9
41458
44778.7
50207.3
49142.3
55161.9
47243.2
45031.6
43150.9
52681.9
51481.5
15452.5
15514.1
17249
14967.5
16765.5
14240.8
15932
14290.1
13392.1
13767.7
12048.4
13260.8
14633
13048
1299.68
660.761
1312.52
283.799
1419.01
371.966
1229.6
2497.57
3475.61
2388.86
3486.26
2483.76
2427.21
3590.98
49010.2
81940.9
95366.2
62183.9
83038.7
49363.3
62585.5
91334.4
72105.9
95259.9
83075.8
87917.2
74334
98873.5
94754.8
106487
79149.6
85860.2
76880.7
98334.9
102698
143023
111263
159503
122486
147585
108857
154689
138520
145160
119165
103143
105536
149804
134115
43886.3
58373.4
66981.4
51377.2
59476.5
43488.7
52307.2
44686.8
54061
62443.9
68766.9
61345.6
45012.5
53187.4
49112.5
80144.1
61801.3
90088.5
48868.7
79050.5
61326.9
48581.7
60320.8
88303
76129.9
77229.7
60867.8
48728.4
42153.6
56512.8
61728.2
50438.9
55414.9
42637.7
49454.1
41271
47431.6
59967
52461.6
53559.5
48464.5
40717.7
31005.3
35328.4
39878.5
33727.4
36382.3
30136.2
34935.3
32073.4
37336.7
41494.6
39152.8
38092.6
36141.9
32916.1
19376.8
16551.1
18635.4
18781.5
17990.7
17883.7
20033.8
20678.5
23000.5
20374.5
20129.5
18978.6
22140.7
21508.5
40678.4
38033.9
45543.4
39433.6
42762.8
36268.6
43349.3
38779.3
39098.2
37584.8
33046.1
34750.5
41160.9
36814.8
14934.2
15524.4
17274.3
14826
16450.1
14008.7
15906.6
15952.4
18149.6
18675
18510.3
17729.7
16907.4
17025
28138.7
33662
32511.1
35215
29046
32620.7
31292.2
27052.3
28855.3
33678.1
29963.8
30994.3
30072.8
26123.1
12118.1
14321
13803.5
13757.4
13417.6
13021.4
12722.3
11187.2
10733
12694.6
11405.1
12285.2
11709.4
10318.3
2593.53
3126.49
2401.77
3532.69
2658.17
2438.88
3269.55
195010
157772
147459
177132
182492
161964
189353
102270
93810
99041.1
82816.2
95256.3
106344
90519.8
98283.1
87939.4
79900
84105.3
91546.1
94391.3
87282.8
66677.6
54611.9
68955
62656.1
71898.6
63898.9
56655.1
69423.2
78131.4
60841
65061.1
72352.8
75022
58743.8
83253
71964.1
74360.6
68780
77615.3
79723.7
74910.7
86876.8
84404.4
80983.2
71485.8
90587.4
80972.6
77918.9
57502.8
50507.7
49083.5
51293.7
53883.3
52979.3
54678.3
60416.2
59315.4
51362.2
58106.2
56562.9
63410.9
55513.9
58689.6
52628.6
65998.4
55781.5
61315.7
63214.3
50635.2
56252.1
57794.7
46817.1
53565.2
53771
60421.5
48753.3
72932.7
69074.2
71174
60999.1
76283.2
68090.1
66243.7
69669.1
62161.4
60758.7
58506.6
66496.6
65076.6
63470.8
17006.2
17490.5
17918
15532.2
16497.1
18522.1
16054.6
15540.3
13785.4
14241.3
13331.6
15119
14128
14668.1
9727.59
7996.07
8739.98
9304.11
9840.6
8609.95
9094.78
10769.3
12164.5
11122.3
10370.5
11947.7
10995.4
9968.87
10169
8446.17
8856.92
9476.31
10026.7
8940.71
9600.57
11444.7
12490.3
12043.7
10609.4
12763.2
11239.7
10799.8
2136.21
3377.89
2232.67
3138.91
2261.12
3265.98
2085.04
6553.97
7172.58
7648.52
6271.24
7629.05
6599.99
6111.87
5612.99
4536.02
4271.37
5303.76
4561.23
5557.02
5318.39
6603.35
7331.27
7713.83
6281.77
7755.27
6610.27
6249.79
5481.27
4459.42
4164.93
5270.65
4372.53
5526.58
5199.22
95269.3
124496
110613
77242.9
78037.2
127157
93982.7
109460
89246.7
122767
97364.7
118633
113373
86913.2
105682
110490
81817.3
94395.7
101933
114450
84119.5
114769
97157.8
102933
91850.6
106895
110511
100558
119121
115110
94974.2
107526
110966
123560
104017
137426
122095
132613
107938
128112
142225
118377
132713
119360
104615
111091
123682
128092
114706
178284
153621
171836
136153
166641
183775
149517
172874
156489
132455
141444
161513
167551
145455
121411
92168.2
127127
106434
117331
131432
94524.2
125551
140447
99957.1
109582
129794
135969
97577.8
152093
125868
137220
118161
147117
141896
129687
157160
151532
137476
121676
162310
146680
133559
46710.1
68384
75868.2
57191.3
67287.5
56440.4
46857.4
46002
54876.8
64314.3
74072.4
45768.8
65417.2
55691.7
71371
82933.4
75867.3
60135.2
61417.9
85438.4
69683.5
73038.1
63907.5
78004.9
90501.7
62676.9
87964.1
74687.7
79518.2
100792
86604.7
68568.3
98201.6
67447.1
81082.4
77930.2
65115.1
84438.5
93055.2
95621
66295.3
76318.8
91319.4
121838
76416.6
104050
75554.9
92666.3
119184
89940.4
73721.3
101857
113893
74655
116534
88532
47572.1
70245.2
81193.6
57873.2
71347.6
47525
58558.5
48191.6
59784.2
74295.5
82987.1
48149.8
73196.1
59166.9
84143
103395
93117
69662
106006
82625.1
70727.1
85632.5
72755.7
111256
95302.7
108627
87095.7
71757.4
66266.6
80443.1
69552.9
58832.5
57508.9
77973
67979.8
64538.3
54797.6
67462.7
73090
56161.5
75519.7
62795.8
38202.7
46622.4
53077.6
43118.1
47710.8
44231.7
37523.5
39162.6
46392
50624.7
54802.1
39789.8
49531.8
45315.5
57528.1
63593.9
59277.7
49186.4
65929.9
50612.1
55756.8
59289.9
53418.3
70680.7
61308.7
68294.9
61046.1
52024
43367.8
45906.7
43810.3
37528.6
38997.9
48006
41617.2
45123.7
41933.8
45676.6
52311.2
40470
50144.6
46889.8
35777.4
44824.7
48039.8
41995.4
43745.5
36521.8
40845.8
34757.7
38517.8
40895.8
46365.4
33965.1
41969
39694.5
52209.6
61281.2
53328.6
47754.3
58996.5
53981.5
46310.7
50435.1
43398.4
54509.2
51376.4
56737.1
48660.3
44858.7
26546.7
25729.4
29556.7
25902.1
27855.4
28192.6
24209.4
25073.7
24578.7
21530.7
24395.7
23523.3
26169.9
22988.8
21723.1
18977.1
19395
19665.7
20913.5
20091.5
20516.5
23416.4
24119.7
21134.4
23761.4
22490.3
25169.5
22112.4
30849.7
30929.7
31252.1
27480.4
29378.3
32884.1
29051.4
28883.7
25814.3
25820.6
25466.4
27561.6
26991.9
27229.4
49279.7
48094.6
48767.2
42574.4
46331.1
51938.4
45741.2
46700.1
41670.9
40506.2
41212.2
43959.9
44204.4
43445.9
31506.6
27019.5
31361.7
30652.3
29758.6
33176
28600.2
33181.3
37040.9
31607.7
32326.9
35032.5
35104.5
29962.9
37180.7
32867.2
33203.6
32756.3
34993.2
35209.1
34864.1
39445.6
39442
39037.5
34618.3
41785
37295.3
36921.2
19983.8
23380.8
23678.9
22818.2
22400.6
21635.1
20949.3
18917.6
19299.3
20019.8
22331.6
17956
20986.4
20457.6
17789.9
17625.8
18165.6
15627.4
16839.8
19064.4
16439.9
19174.6
19353.9
19524.3
22087.5
18087
20554.9
20599.7
25075
28672
25285.3
24671.7
26960.9
23312.9
26625.3
23554.8
20651.2
23784.8
23666.5
25290.2
21970.6
22060.9
38154.6
43838.8
36065.7
38409.8
34607.4
39875.5
41808.4
36447.3
31706.4
36653.3
37856.1
33151.2
39811.3
34753.8
22990.7
24848.8
27815.5
24015.1
25850.9
22036.7
25216.3
24077.4
27638.2
28391.3
29259.4
25029.1
27373.5
26424.1
29810
30426.9
29962.4
26048.4
32222
28207.1
27446.1
31434.1
30274.3
35939
31595.5
34061
33082.7
28853.7
13871.7
16232.4
14357.5
14450.2
13307.6
14888.6
15129.2
12657
11127.2
13157.5
12340.9
12197
13589.7
11483.9
7769.12
7680.16
8610.8
7096.68
8520.5
7960.82
6974.77
8597.44
9778.22
10355.2
9593.94
9433.73
9494.73
8857.54
8257.87
7800.78
8767.52
7214.92
8869.84
8142.37
7265.39
9285.77
10095.2
11139.4
9815.38
9983.25
10360.1
9102.86
2109
3059.74
2231.4
2959.1
2315.25
2034.67
2880.86
5415.11
6784.43
5850.72
6251.52
5954.58
6184.4
5431.3
4687.97
3877.43
4285.19
4969.59
3956.85
5124.2
4638.99
5402.28
6770.88
5847.5
6323.22
5777.54
6310.86
5461.35
4530.46
3835.73
3880.11
4926.8
4816.52
3691.87
4631
)
;

boundaryField
{
    left
    {
        type            calculated;
        value           nonuniform List<scalar> 0();
    }
    bottom
    {
        type            calculated;
        value           nonuniform List<scalar> 0();
    }
    interface
    {
        type            calculated;
        value           nonuniform List<scalar> 
2171
(
1006.85
1354.2
1931.64
1607.63
-85.8831
-91.2612
-87.4695
-85.76
271296
79352
93162.2
157825
140330
-110.106
-11.2842
1744.04
21091.6
14558
143.043
236745
264025
242615
163841
182422
231017
213991
149071
164730
74765.7
87312.9
143953
128930
74972.3
62515.1
23522.9
31580.4
70750.7
59235.8
22147.5
29975.1
58.7118
-87.486
1317.45
19775.4
13401.4
721.092
255186
113098
97984.9
75005.2
87897.6
106530
92401.9
118344
134687
148426
132023
111437
126737
6205.09
2682.76
-127.76
11.9114
2018.1
6567.32
3007.84
7620.05
12634.5
20711.4
14576
7950.22
12757.5
-15.9393
218213
248328
228145
215076
235619
202215
221555
208384
188788
154069
171515
195920
177496
213008
197524
191723
208376
177240
192412
186244
170044
138287
152603
172244
157458
105119
91652.6
70080
81629.7
97998
85621.5
109750
124042
133603
119843
102250
115361
70919.9
59303.7
47541.7
58595.1
45354.9
55651.5
44100.4
34519.7
22982.1
30494.6
42151.3
33230.6
66380.9
55765.2
45212.2
55585.6
42819.2
52396.8
41956.2
32807.7
21462.8
28722.9
39810.1
31346.8
5375.27
2130.14
-7.21461
-31.0987
1639.47
5710.38
2488.62
6718.83
11535.8
19258.3
13315.5
7003.72
11566.4
425.524
88603.4
176660
-117.177
289686
87114.6
172152
83621.8
82251.8
24064
2426.79
-113.038
21263.4
1308.76
2130.6
1882.93
228971
227553
234158
206959
214301
220553
201040
126729
67551.8
65000.5
68541.2
91931.5
95326
109134
121234
116582
113477
88803.4
90686.5
94761.7
85014.7
132619
132571
128816
96190.6
99668.5
100550
61093.4
61587.2
64885.9
58041.2
77718.9
86707.2
82826.9
81320.8
4927.33
-11.1399
-114.472
-104.799
32.113
688.749
7569.71
7087.08
17445.2
19571.5
17859.1
19058.2
10239.7
8947.65
10282.3
8955.77
20025.5
20017.1
18208.6
8888.11
8415.41
870.174
-94.244
-131.097
40.0209
770.904
-128.264
82.5036
6528.93
7667.83
6438.97
7722.1
179927
143120
145857
113929
128631
130955
112091
222722
221033
214596
239742
177793
180898
122441
125980
117913
130820
146448
161813
151518
156420
189446
208132
195203
202043
161924
167298
172871
156678
137615
133874
139029
171974
175215
175868
140367
232166
120683
147735
123532
81980.9
89333.1
91857.4
79856.7
92450
106896
94502.9
104410
108339
126288
110228
123924
98556.1
109372
111836
96538.6
225227
116625
97728.9
117828
143773
114967
60896.6
53555.1
72275.4
83908.6
69527.1
75579.8
86807.7
77720.3
84283.1
64845
69240.6
71726.1
62705
112850
94860.7
75045
87388
77838
47950.5
49964.3
52295
45902.5
58434.7
66768.4
64310.2
60564.7
63968.5
61561.9
52256.2
40304.7
41607
22476.8
21356.5
20732.9
23216.2
32284.1
36119
34482
33748.1
52206.4
58384
55080.6
55277
39124.3
38580.6
41132.7
36760.4
22031.5
21907.8
23882.3
37665.4
38810.5
57825.7
51007
48495.5
51507.1
34362.1
38128.3
36597
18743
17980.4
19609.8
17256
26893.3
30552.6
28646.2
28605.1
41866.3
47662.6
43871
45390.9
32261.6
32546.5
34585.6
30438.2
19992.2
18519.4
32182.2
35593.5
4620.1
45.8243
-100.24
172.382
186.494
734.444
6002.15
6103.98
4970.01
14429.4
16411.2
15813.5
14905.2
8349.44
7252.04
8367.84
7297.53
18094.5
16830.3
7098.01
7298.61
1151.13
35.889
319.786
346.338
922.987
537.841
600.632
5327.88
6194.57
5191.73
6287.18
285826
278634
151100
146573
83471
83843.7
98152.2
88447.9
76289.4
73082.5
157202
166608
151900
148130
146069
43662.3
41794
45825.9
-100.129
-130.278
285.674
1439.15
913.688
14819.5
14152.3
21293.7
18788.1
14347.3
16610.5
1508.47
-76.3706
514.437
-155.68
2584.97
258311
242498
25831.8
278215
256820
269784
249682
255787
85596.3
89200.1
137201
141539
172956
169946
192541
176141
251932
225314
219639
233003
29680.8
29845.8
29952.4
27640.1
198124
161220
154242
178476
159463
102358
79858.3
78865.4
93533
83051.1
29591.7
29515.3
29222.5
153495
155588
138890
139081
133882
24597.6
24087.6
78810.2
70706.3
66553.7
65541.6
18409.9
38018
33840.1
23890
26081.3
32506.4
28767.4
75487.3
66822.7
62983.1
62968
13355.2
12564.7
14110.6
22850.3
23412.2
22156.2
33331.1
22817.9
24639.5
31261.6
27251.6
187.229
2807.28
655.451
-116.955
-116.396
133.858
962.323
635.369
11036.2
11815.3
10319.4
20263.2
17525.3
13420.8
15399.1
2061.39
1025.64
1448.39
1368.27
1853.99
1755.16
1821.71
2573.09
2553.57
2365.36
2299.81
2942.75
242091
262110
109709
119305
107956
103274
102918
71267.8
79197.1
75924.3
78884.8
83494.8
83389.3
100936
101721
79772.3
82852.1
83722.7
97011.6
87626.9
104882
107567
100724
112028
61997.7
59607.9
92684.3
103201
96656.8
98933.1
124864
123693
142163
129141
140522
142869
114235
117944
137402
125003
105562
116442
109573
113243
121542
120008
64235.3
71768.9
68277.6
67466.6
54714.1
74208.6
75358.2
79043.6
70792
1607.09
5677.18
4913.83
2281.39
3743.9
-32.2651
-137.17
407.659
2797.25
2445.56
1683.03
1109.37
2195.14
6809.75
5284.13
3929.35
3505.6
4103.68
3223.82
15893.2
14640.5
14398.6
16219
9451.71
11574.2
13126.5
12958.9
11674.8
11961.6
7108.04
9163.95
12317.4
10834.8
20344.4
18553.5
14820
14541.6
16509.9
14538.7
8164.44
9443.91
13236.5
12890.8
11043.9
12806.6
1970.11
2954.91
1824.69
3104.98
6484.3
5608.86
5371.48
4092.61
5253.32
4233.15
199688
223439
235541
241533
201973
204374
208241
234806
216282
226887
221848
248451
228696
195795
198397
191583
208589
210001
215035
103634
127061
140782
131771
135754
141466
145903
136573
151116
183772
190116
196036
178183
115209
111436
167258
184281
178532
172677
219855
201772
199244
195239
145867
159800
149631
153250
165616
162411
185596
189701
155075
158623
160615
183559
168088
195035
207824
163741
132009
202662
181166
208309
197241
226768
202792
159720
129195
126370
162942
182269
176579
187326
29738.1
29264.1
29551.7
84099
96897.6
86207.3
94380.9
90383.2
99409.7
88301.8
101915
106427
119138
121540
104491
28848.7
29415.9
28954
100555
116720
114286
102534
202244
180804
184340
175404
127771
143016
128117
106352
147789
140725
158444
167280
131999
109227
112099
162351
145111
112987
100560
98269.2
96070.7
65601.1
73855.3
70453.2
61413.7
58765.5
77707.4
76185.2
91142.9
93808.5
73743.6
64089.9
89682.5
79837.8
73436
79240.2
71288.5
81759.4
28196.9
66990.7
76729.4
69141
74223
147444
118054
114449
133715
119214
123526
128967
101719
86296.5
89143.1
124380
111036
95020.1
106563
98077.9
83463.2
110933
106961
50019.6
57039.5
54657.4
52105.9
27188.3
56315.7
59442.7
61868.3
54203.7
67431.9
66940.3
51855.3
53796.2
63068.6
56530.4
64930.9
49567.5
51105.9
61362.3
54790.8
48817.3
50602.2
45880.4
43454.6
48674
53106.7
52106
25064.6
26479.5
23633.5
24288.3
27172.1
26170.4
25152.3
30167
29278.1
28131
31468.1
49418.7
49343
52264.6
46718.3
29498.4
28006.1
31141
41571.8
46512.8
43777.3
44101.7
45891.6
40782.2
35649.9
37588.9
22480.4
25370
28096.2
28627.9
25942.7
27873.4
29533.8
40454.2
39061.3
30342.3
31019.6
32685.5
36088.5
32096.7
62206.9
62760
48981.5
43593.9
59220.9
52451.9
47749.8
48569.8
59002.6
52028.7
46165.6
41215.9
38882
40522.7
45921.2
49351.6
49113.7
17194.8
20284
23051.1
21874.4
21304.6
25180
24850.5
23504.9
26704.4
39887.7
40950.7
43151.7
37934.2
19406.2
18696.4
34119.8
38790.9
36666.4
36012.7
44221.2
38802.2
34322.4
35753.6
20736.6
23776.8
26200.6
24007.3
22114.5
26198.2
27484.6
37744.7
36892.5
28433
25963.6
34072.9
29917
4950.3
4161.92
1717.25
3081.36
-62.723
-130.352
286.331
2110.04
2260.3
1468.3
890.061
1825.2
5887.28
4523.96
2991.44
3101.51
4005.1
3453.52
2697.79
13102.4
12091.1
11830.2
13464.3
7447.9
6710.91
8100.79
9453.17
10786.3
10615.3
9544.08
11601
6340.64
8194.52
11427
9797.97
18683.2
17163.4
12933.1
12203.9
15182.9
13121.4
7133.41
8412.14
11393.5
10816
9503.83
9929.26
11475.2
1909.95
2499.4
1691.09
2710.64
5363.72
6073.13
4787.88
4418.34
3350.47
4246.34
3547.74
300885
21679.9
293017
183331
282316
178532
24498.5
6414.99
232411
124134
129823
48296.7
47608.7
6096.06
132615
104259
71499.4
63713.7
38312.6
43655.7
881.39
15122.8
11908.3
653.654
3699.55
120361
13997.9
67638
75415.7
115997
104983
19359.6
18748.7
14371.4
15767.9
20576.3
74588.1
83373.2
127881
115851
203869
260502
24785.8
24118.3
20389.8
22227
64758.2
57931.5
35393.8
40022.3
19531
19807.2
18465.7
19269.2
15419.3
18567.4
33713.8
29589.6
11106.9
12951
18267.9
17133
24471.2
24698.8
21480.5
22516.6
69415.1
16160.3
19656.9
36535
31791.7
68353.5
11959.6
13995.1
20908.2
19527.3
14404.6
11468.4
812.016
3728.2
10635.9
8717.62
2871.61
3614.64
11290.6
9223.72
13778.3
2617.29
3566.53
54127.5
60999.2
150907
51761.7
45709.1
8045.73
10986.5
7232.3
4519.2
87470.5
78662.7
91091.1
100987
17588.6
18502.7
17289
16114.4
262169
96702.9
86861.6
100603
111533
210885
253333
23287.9
24380.7
23511.4
22028.9
204799
49414.8
55396.1
47199.4
41954.5
19817.5
19898.1
19812.7
19367.3
23106.1
19708.3
24394.9
28117.4
15052.7
13378.3
15420.8
16850.4
107650
24109
24323.6
23666.1
23026.9
24659.8
20829.5
26001.5
30248.4
37242.6
63957.4
16572.9
14674.4
17233.2
18905.5
36698.4
7842
10560.6
7044.53
4524.01
6323.34
8238.52
5841.23
4036.2
1346.22
6567.05
8593.11
5982.29
4081.05
308812
93702.5
170082
1.32644
19016.1
297100
285210
190090
274995
184988
92085.7
165852
78763.7
27464
77503.7
27008.6
781.013
-100.432
18614.2
646.357
464.179
40.6811
235288
120948
71234.6
87775.5
91076
138613
123857
127611
104104
3630.79
549.059
6307.84
5825.88
8086.22
18110.2
10270.4
9828.03
183994
216539
247146
183704
186659
225159
142746
166249
169609
171817
137597
239164
151716
218353
120430
100603
139829
118542
64026.7
56141.3
80475.3
135606
109107
91999.3
90913.9
58226.6
60482
56347.6
43043.6
44506.8
44474.8
24134.9
35127.1
36114.9
54815.4
55530.4
40737.2
43841
21978.6
20282.2
33130.3
30053.4
3334.13
531.837
4985.57
7754.08
16284.5
15213.1
8581.85
8269.17
293501
136622
157164
163240
152426
168168
98923.4
88247.6
93143
78451.4
80949
84201.2
75334.6
79157.1
68983.5
81505.5
91050
84782.3
87628.9
70382.9
66084.9
163594
160354
154194
49196.5
54913.5
52444.4
47809.6
51560.9
39982.5
41893.3
47065.8
47671.8
44830.2
49995.4
322.013
186.51
723.512
13706
14338.1
13365.5
14606.2
13084.1
16000.5
13984.4
15489.3
17215.6
16814.8
15898.1
12574.7
13009.3
16502.9
18838.7
16521.4
2524.49
3473.92
2418.22
3694.06
3632.88
1621.38
2628.37
1341.52
260.259
368.078
1230.62
13404.6
69919.5
72979.8
112486
108304
19186.7
18982.8
14911
15273.8
264722
19448.3
26787.8
49035.1
63189.5
49327.5
63636.1
270671
277464
263194
94849.5
105781
92417.8
98456
102020
82554.5
77257.8
91448.7
94653.1
88005.2
98240.4
80547.1
132371
138679
144049
148651
134252
124044
143170
158246
147753
153477
128220
119518
196937
179395
185924
245587
267723
239278
44733.3
54560.9
29681.9
45069.9
53660.3
24359
24644.4
43947.7
51792.6
43539.8
52746.8
27597
48620.9
61151.5
61737.9
28360
48724
21446.7
26769.9
21256.2
49095.5
62759.6
48900
62242.7
191520
166914
172667
62628.6
59924.4
36771.9
38571.5
19637.4
19770.7
18819.8
18975.8
16446.9
17518.7
32406.3
30836.4
11808.1
12267.5
17851.1
17609.6
97169.1
84323.4
88884.5
41334.1
47745.7
48798
40777.6
24806.1
42211.6
50823.4
42699.1
49816.6
29193.5
24463.4
159631
150020
144517
25227.1
32144.3
37480
36275.1
32978.3
21767.5
25665.2
22309.6
31068.5
33836.3
30205.9
35052.4
74268.6
74025.7
69844.4
19667.4
20717
22949.3
20951
22195.7
21457.4
17179.2
17337.4
19429.8
18593.7
18028.4
19992.6
18438.6
36133.5
38848.3
38955.4
41011.5
36860.5
39780.8
34952.9
40727
45364.9
42834.3
43178.1
34471
33297.1
30580.2
26624.1
29497.2
71214.2
72868.6
67039.3
16017.7
18170.1
14892
16963.5
17045.3
12650.5
13329.6
14990.7
14843.9
14071.5
15924.1
27113.4
28925.5
30148
21531
26192.6
20551.2
19953.5
28210.2
32605.5
29107.9
31380.2
30100.2
25503.6
28320.6
13403.3
12445.3
1747.57
2683.79
9919.79
9441.33
2898.1
3076.2
161.924
7.42629
365.279
11241.5
10749.8
11725
10378.8
10586.5
12181
13773.1
13077
12739.3
9545.19
9935
16115.1
17843.6
15559.8
2648.58
3140.57
2447.06
3556.1
3321.76
2719.75
3010.72
347.525
-122.149
-109.111
248707
193838
175879
181185
188230
115273
113853
108509
75205.9
72179.2
75011.4
79246.3
96402.1
86917.7
91966.3
97875.3
87506.4
91084.7
94009.7
101834
98517.4
94763.5
105880
64828.2
69493.7
77691
67369.8
72450.2
74600.4
56230.5
66770.1
68586.1
71512.6
63965.2
58768.4
86544.7
84000.9
90231.3
80595.2
82944.7
74034
77265.1
79437.5
144710
130529
136296
135261
118997
122735
130088
110284
105011
108629
115099
60242.4
59098.9
56363.9
63221.2
57344.9
51128.6
53702.9
54535
52232.3
56335.7
57517.9
50123.4
53828.6
60131.6
56961.8
49782.8
58751.1
65662.7
61403.3
62893
47575.2
69443.6
61924
66289.4
64819.7
72687.7
70872.7
76018.1
67810.2
2523.79
4399.34
3270.05
452.53
1417.1
1217.94
5533.39
5103.1
4641.08
4349.01
15537.9
13789.1
15120
14127.2
17000.8
17912.6
16494
18513.6
10439.4
10806
12144.7
11523.1
11992.5
10975.3
8415.35
9064.59
9772.12
8726.95
9827.51
8648.37
9927.71
11448.9
12497.7
12764.8
11249.9
10176.2
8873.72
10040.9
8950.33
9938.09
8693.3
10430.5
18307
16479.6
16283.6
16374.8
9618.44
11719.3
11317.4
11160.8
2156.02
3404.28
2289.84
3282.69
1021.54
221.685
1145.77
145.342
5655.01
4530.19
4626.2
4605.18
5552.66
7485.65
6247.63
6593.31
7640.86
7669.95
6591.66
5490.3
5495.57
4484.21
4389.02
5550.02
6615.97
7734.06
7765.82
6631.38
84697.5
81263.9
94042.5
97854.3
17938.9
18214.8
16888.4
16565.4
204356
96316.3
78272.1
79112.9
94984.9
229052
210423
222634
254623
233999
241188
189705
192492
197650
203788
99623.9
105809
109736
102035
113664
93546.6
107221
96221.9
89853.1
109569
121897
117796
113508
118564
114447
110339
122970
114245
102375
106304
110018
132054
118658
122942
127469
136731
131790
127331
141492
171891
155440
160414
166613
177256
170635
165492
182700
119633
125678
139394
129944
134955
103929
123593
108040
121554
126204
117450
130472
156307
150531
161415
145725
151281
136354
146345
140987
217982
212904
206033
151298
144282
147958
156812
179682
164077
173846
190394
167774
134811
185771
246221
214421
220574
155712
167465
172011
46058.7
55412.3
29916.3
45806.9
56256.1
24002.4
23763.9
46741.6
57825.1
57042.5
46909.6
73524.1
64429.5
63168.5
75203.7
71827.7
60569.1
61878.7
70113.8
78508.3
65669.5
66881.9
76865.6
80129.2
69225.6
68068.8
81728.1
90813.5
74573.7
75549.5
89364.6
92234.1
77399.9
76492.5
93624.4
48201.7
60571.3
48193.5
59916.5
22712.6
28281.8
22918.9
47622.4
58546.8
47545.5
59266.5
86386.8
73566.2
87888.5
72527.7
84859.3
70356
83305.9
71457.9
211542
196227
190259
132053
124261
103478
136371
153970
135904
149526
51163.1
53534.3
45563.5
43494.1
19910.3
19871.1
19649.8
19600.3
21993.6
20785.3
25546.8
26922.4
14437.4
14035.4
15995.1
16323.4
113046
108000
103094
69062.9
67214.5
72591.9
87317.1
77087.2
66797.1
83549
64891.7
55128.7
56515.3
63126.8
66644.3
59237.7
57888.4
68383.4
28657.5
39227.4
46679.4
39852.4
45585.2
24060.3
27990.2
28770.4
24467.3
38267.2
43347.8
44476.7
37589
59577
53725.1
61354.5
52309.6
57794
49432.3
50875.9
56004.5
141480
123200
128421
119320
105396
115156
98950.7
94475.3
80642.7
102930
45275.2
42094
40616.8
47054.7
43505.5
37651
39130.5
41743.7
26635
34821.4
38679.8
34034
39867.4
23627.1
27471.2
26265.8
23154
35846.7
42202.5
36585.3
41039.7
50629.8
43574.3
48839.9
45048.9
52420.8
47979.6
54210.6
46519.1
63694.3
54993
57091.2
60061.2
60574.6
53371.5
57304.2
47504.8
46563.7
49780.4
25131.8
24515.6
22286.8
23562.6
26105.2
23345.6
22093.4
26588
29475.6
27776.6
28252.4
23397.8
24096.5
22471.7
25147.1
21708.9
19384.8
20900.3
20081.2
28850.2
25783.6
27525
26964.5
30809
31199.7
29332.8
32836.7
46595.3
41563.1
43840.2
44110.6
49162.4
48619.2
46196.3
51808.3
33225.2
36917.8
35098
34985.9
27373
32715.2
28812.7
31569.9
31264.9
29801.3
33075.5
39372.2
39347.9
41702
37211.4
37116.9
33140.3
34938.3
35137.3
40788.9
42346.1
38932
24724.7
26332.8
27073.6
37558.1
33517.4
34774.2
58880.3
51866.4
46021.6
55628.9
59682.2
51389.6
55141.6
43417
43384.7
46326.5
16432.3
18974.9
19324.9
18021.7
20483.5
15981.2
17934.4
15661.9
15309.4
20051.5
22852.3
21667.5
21007.6
19208.3
19384.6
18115.5
20635.8
17820.7
15653.9
16866.5
16470
23596.8
20685.3
22007.1
22099.7
25122.1
24717.7
23354.7
26677.5
36542.3
31788.2
33240.5
34840.7
38259.5
36175.2
34707.2
39991.3
20141.6
24147.4
27697
25088.7
26479
17778.7
20806.8
18418.9
23050.2
24057.4
22104.2
25260.9
31505.1
30346.4
33161.2
28919.1
29873.3
26101.1
28264.5
27503.2
40203
40806.1
37506.5
22890.9
24048.5
25139.5
35047
30745.7
27981.8
32440.4
8763.61
9611.11
6151.22
5407.61
7035.03
7518.09
5141.02
4688.15
2241.79
3714.64
2636.86
343.797
1282.66
1020
4726.55
3954.56
3672.27
12684.1
11151.3
12220.7
11511.7
13899.6
14474.9
13332.1
15159
8656.59
9793.51
8852.61
9486.48
8874.01
7277.41
7881.25
7820.5
7113.1
7975.77
7031.43
9312.06
10118.3
10387.2
9125.62
8282.58
7237.31
8164.09
7290.51
9591.53
7884.73
9579.46
16725.6
14565.3
13670.2
14874.2
8483.3
9941.16
9924.6
2130.87
3081.26
2337.23
2904.86
1403.5
1196.87
1655.99
886.967
4737.6
3894.22
4115.41
4017.93
4654.97
5281.59
4747.58
5471.78
6266.9
6234.71
5448.91
4554.82
3858.09
3716.81
4652.81
5427.2
6344.49
6336.24
5483.56
-87.6063
-122.863
-124.936
202.043
1090.61
803.757
-114.071
-98.9134
-107.237
-94.9829
)
;
    }
    procBoundary7to2
    {
        type            processor;
        value           nonuniform List<scalar> 8(74834.4 74834.4 30061.2 30061.2 30061.2 107074 10783.8 11597.7);
    }
    procBoundary7to3
    {
        type            processor;
        value           nonuniform List<scalar> 
49
(
117683
47681.3
321718
299655
224806
242259
245098
214195
198281
227770
181586
171889
184415
147497
114739
162289
146660
132979
294273
311939
157672
141762
124938
124938
11235.7
240466
261015
24548.5
20620.4
274726
260829
223338
203968
161851
136049
120734
174762
49472
97137
84820.1
62895.8
200754
151331
187958
166206
96524.4
112805
78797.1
129823
)
;
    }
    procBoundary7to6
    {
        type            processor;
        value           nonuniform List<scalar> 
328
(
45672.2
29291.9
12601.2
48396.5
48396.5
48396.5
71037.1
71037.1
71037.1
28076.2
28076.2
28076.2
30019.6
30019.6
30019.6
45672.2
45672.2
29291.9
29291.9
27535.6
27535.6
27535.6
21890.4
21890.4
21890.4
14302.5
14302.5
14302.5
27254.4
27254.4
27254.4
12231.6
12231.6
12231.6
20838.5
20838.5
20838.5
12601.2
12601.2
1850.3
10893.9
10893.9
10893.9
2340.86
38130
35804.2
7740.94
6220.95
57293.4
57293.4
57293.4
60518.4
60518.4
60518.4
29291.9
29291.9
29291.9
29565
29565
29565
38130
38130
35804.2
35804.2
25505.8
25505.8
25505.8
24696.4
24696.4
24696.4
19612.6
19612.6
19612.6
21455.5
21455.5
21455.5
16140.1
16140.1
16140.1
17380.1
17380.1
17380.1
7740.94
7740.94
6220.95
6220.95
6906.02
6906.02
6906.02
5614.94
5614.94
5614.94
43057.1
31391.1
10936.1
51237.1
51237.1
51237.1
67385.9
67385.9
67385.9
28548.2
28548.2
28548.2
29927
29927
29927
43057.1
43057.1
31391.1
31391.1
26926.9
26926.9
26926.9
22885.7
22885.7
22885.7
16037.5
16037.5
16037.5
25272.7
25272.7
25272.7
13557
13557
13557
19733.7
19733.7
19733.7
10936.1
10936.1
3132.12
4738.88
2762.9
3681.11
1880.77
2017.53
9554.04
9554.04
9554.04
3143.76
4359.71
2626.79
2289.5
3113.68
3511.54
40545.6
33559.7
9314.68
4738.88
54201.4
54201.4
54201.4
63881.2
63881.2
63881.2
28953.6
28953.6
28953.6
29776.3
29776.3
29776.3
40545.6
40545.6
33559.7
33559.7
26249.6
26249.6
26249.6
23822.1
23822.1
23822.1
17807.6
17807.6
17807.6
23341.4
23341.4
23341.4
14863.3
14863.3
14863.3
18579.8
18579.8
18579.8
9314.68
9314.68
4738.88
4738.88
8222.58
8222.58
8222.58
4359.71
4359.71
4359.71
2626.79
2289.5
2769.36
62098.9
60133.1
64801
66902.1
99944.2
103038
96106.8
93186.2
15315.2
15817.6
15447.7
14908.1
12249.7
11476.6
12127.5
12883.7
55778.9
57607.2
53414.5
51707.1
33441
32247.5
35001.2
36249.9
16108
15668.8
15948.8
16334.6
15918.1
15896.1
16193.6
16158.8
15487.3
14529.5
16447.9
17414.6
29652.3
30792.9
28288.4
27193.8
10713.3
10220.3
11192
11653.1
15490.7
15588.1
15158.3
14995.4
12676.4
13617.8
11805.9
10881.5
1818.46
1070.42
2762.9
3681.11
9194.83
9726.31
8699.22
8139.82
2967.71
3097.78
3113.68
3511.54
75106.8
77518.4
72042.1
69784.8
83352.5
80774.4
86801.5
89545.3
14561.1
13921.3
14430.7
15034.4
13357.4
14040
13472.6
12764.9
45848.4
44352.8
47908
49500.6
41032.7
42435.4
39242.1
37919.4
16291.5
16547.5
16474.4
16165.7
16519.6
16337.9
16290
16406.5
20480.4
21485
19411.2
18429.3
23648.3
22616.8
24853.2
25911.3
12959.4
13312.5
12517.7
12111
14018.8
13727.5
14402.8
14638.8
8380.32
7491
9149.93
10058.6
5911.46
6777.2
5243.34
4386.37
6571.6
5981.2
7062.61
7645.2
4896.64
5495.51
4453.15
3891.91
1880.77
2017.53
1391.8
)
;
    }
}


// ************************************************************************* //
