/*--------------------------------*- C++ -*----------------------------------*\
| =========                 |                                                 |
| \\      /  F ield         | OpenFOAM: The Open Source CFD Toolbox           |
|  \\    /   O peration     | Version:  2012                                  |
|   \\  /    A nd           | Website:  www.openfoam.com                      |
|    \\/     M anipulation  |                                                 |
\*---------------------------------------------------------------------------*/
FoamFile
{
    version     2.0;
    format      ascii;
    class       volScalarField;
    location    "0.104/solid";
    object      sigmaDiff;
}
// * * * * * * * * * * * * * * * * * * * * * * * * * * * * * * * * * * * * * //

dimensions      [1 -1 -2 0 0 0 0];


internalField   nonuniform List<scalar> 
3125
(
-119863
-74721.3
-50775.8
-24458
-2062.27
-75556.9
-78712.6
-113438
-60367.5
-73826.5
-58237.6
-42150.4
-27373.2
-47748.4
-22302
-39716.9
-2316.83
-2695.73
-19810.7
-2436.06
-214148
-191424
-67186.1
-91206.8
-113873
-63715.2
-88537.3
-124335
-94946.2
-63510.6
-60325.9
-85177.1
-2008.59
-11085.7
-24367.6
-15624.9
-12839.6
-24580.8
-12624.1
-1883.99
-12626.3
-11322.4
-180020
-165356
-208309
-169288
-91883.2
-117757
-147550
-186317
-96743.7
-152174
-129017
-163992
-175879
-147467
-66442.7
-108318
-132506
-161629
-68366.3
-136068
-116600
-143506
-62567.5
-84699.9
-104985
-51581.7
-82656.7
-112892
-88068.1
-59667.4
-49274.3
-79625.7
-64063.7
-44382
-36042.6
-26182.9
-40476.1
-60683.8
-38930.5
-42768.5
-26502.4
-41884.5
-59631.2
-40838.9
-29810.7
-23864.8
-37732.4
-57013.7
-32310.2
-39943.5
-23435.5
-38421.3
-1036.41
-8933.22
-22113
-12366.5
-11196.9
-21576
-10328.4
-1141.63
-9847.98
-9790.2
-261631
-134083
-78678.9
-91736.2
-86120.8
-70898.8
-78857.4
-154032
-137256
-53309.1
-53870.2
-59214.4
-1495.34
-3289.04
-24540.3
-21526.6
-19999
-23098.6
-16674.8
-1659
-6007.69
-6445.79
-258599
-106952
-254793
-234617
-82892.9
-88608
-96359.9
-130964
-107451
-121759
-159790
-177530
-251955
-232337
-62439.7
-77040.9
-82617.7
-105074
-72058.3
-99474.6
-159215
-176608
-78841.5
-92150.7
-75190.2
-56066.3
-69673.2
-153563
-137071
-48445
-44554.1
-53601.9
-74568.4
-62827.3
-30270.6
-26068
-30758.5
-51415.7
-44772.9
-45890.7
-25470.6
-33285.9
-74605
-62520.7
-24801.2
-23370.6
-27753
-46763.4
-37266.4
-41781.6
-24262.1
-32251.4
-5722.35
-4620.57
-976.2
-2209.58
-21952.3
-17329.9
-17757.3
-21843
-15322.9
-1728.34
-4462.93
-5412.61
-248696
-147027
-111029
-96411.5
-75998.8
-77019
-88229.2
-105845
-80451.1
-92492.1
-92759.5
-102626
-84527.7
-67236.3
-69743.8
-76530.4
-99007.9
-74200.5
-81878
-116094
-131833
-146073
-110861
-130220
-110494
-106675
-125123
-55709.5
-72395.9
-62313.6
-57046.6
-67570.7
-61240.7
-75491
-71733.2
-64600.5
-8211.45
-4363.87
-1734.11
-5229.67
-3877.19
-9129.82
-6650.72
-5067.15
-24593.1
-19199
-19917.6
-18577.4
-14055.1
-18511
-17560.8
-13871.6
-18390.1
-9686.95
-14762.1
-23637.3
-19164.9
-17505
-10633.8
-17465.7
-15654
-1675.29
-5412.04
-6272.71
-9563.35
-12576.8
-8038.48
-6874.76
-12376.1
-7846.28
-235113
-120628
-242140
-191179
-222821
-208569
-228011
-185603
-197937
-216504
-87275.6
-107252
-99008.1
-95593.5
-129909
-104377
-116721
-134167
-107392
-143500
-171326
-133135
-101910
-110061
-118792
-166446
-119914
-129771
-202223
-183596
-151529
-143546
-168374
-191884
-148544
-174143
-229258
-163568
-211930
-206954
-225905
-159510
-189422
-206237
-64470.2
-90096.8
-84486
-84253.4
-118512
-90926.5
-99957.7
-121968
-93169.7
-118314
-150550
-111399
-70233.4
-91976.6
-97592.6
-146899
-102234
-109098
-200756
-182545
-146807
-127940
-162378
-183912
-131785
-167683
-111229
-96779.4
-74127.2
-71731.7
-86257.1
-103572
-74894.4
-90467.6
-82052.3
-95187.8
-75525.6
-53841.7
-62428
-67853.4
-91999.2
-67040.8
-73381.9
-116225
-131734
-141737
-101998
-126909
-108094
-98450
-122100
-50975.1
-67939.8
-56844.6
-46934.4
-60644.4
-55337.2
-70790.6
-64964.7
-58839.6
-72112
-55160.7
-61027
-48605.3
-59115.4
-52349.9
-47634.9
-57529.4
-33157.8
-37254
-32345.5
-26186.6
-31949
-31105.1
-38048.1
-33985.8
-32794.8
-53591.4
-52603.8
-47479.6
-41837
-38925.7
-44116.8
-50046
-39862.8
-45520
-45316.9
-36121
-25882
-32658.7
-33241.7
-44544.5
-34851.3
-35906.4
-70258.6
-51185.4
-59199.7
-47930.9
-58708.1
-48502.1
-45797.4
-55703.5
-27309.4
-33824.6
-29236.4
-23526.6
-29462.5
-28163.3
-34711.9
-31440.3
-29757.2
-49069.1
-49363.2
-43487.3
-34793.9
-35376.4
-40165.1
-46927.1
-36411.6
-41682.8
-44563.9
-35152.4
-23879.1
-29436.3
-31311.5
-42696
-31576.9
-34002.2
-6874.32
-3186.97
-883.149
-3729.37
-2550.11
-7352.85
-4979.42
-3603.14
-22034.8
-17167.2
-17686.3
-14851.9
-12319.4
-16393.1
-15617.5
-12131.9
-16278.7
-8331.67
-13396.3
-21618.7
-16400
-15492.1
-8788.44
-14800.7
-13664.6
-1473.47
-4363.57
-5216.96
-7308.32
-10971.5
-6849.9
-5702.47
-10766.1
-6642.33
-295338
-303025
-87903
-92934.3
-174385
-167947
-314.68
-481.341
-22109
-19493.5
-303556
-311595
-287711
-280133
-180910
-187517
-295577
-287664
-184601
-191426
-89154.3
-94282
-177864
-171227
-82991.7
-78193.5
-24873.9
-27785.3
-84147.8
-79267.6
-24909.5
-27869.6
-3054.77
-3012.6
-3108.39
-213.064
-264.24
-22100.4
-19445.1
-2655.3
-2204.08
-2830.87
-2726.43
-2725.6
-2825.3
-2471.45
-225687
-220049
-226121
-232646
-231839
-205857
-174932
-196585
-213615
-219822
-179613
-200004
-125435
-119755
-70187.6
-70386.3
-68626.8
-71869
-73630.1
-93106.6
-96014.3
-87545.1
-89353.3
-92082.6
-110374
-106455
-121274
-110058
-116791
-114270
-103007
-92085.5
-93152.8
-91962.2
-83500.1
-96853.6
-88665.4
-86607.6
-131221
-137105
-131480
-128430
-119738
-123515
-126614
-96945.9
-100024
-98761.8
-100868
-104112
-66922.2
-60746.9
-66404.5
-66543
-69583.9
-63384.3
-64119.1
-82064.7
-89535.4
-81882.5
-80451.3
-86003.6
-85325.7
-77460.2
-5625.87
-4331.26
-2111.13
-2648.3
-2400.31
-3090
-2649.91
-12019.1
-10744.5
-9580.5
-10451.5
-9242.23
-24608.5
-24459.7
-26125.2
-22601.5
-24302.6
-26367.8
-22764.6
-16199
-14108
-14381.9
-13224.1
-15732.7
-14579
-14751.8
-7099.28
-8751.37
-24609.1
-25827.4
-22720.6
-23945.8
-22663.4
-13614.5
-12287.8
-14196.6
-15237.7
-13879.5
-3345.25
-1792.64
-2620.02
-2338.74
-3197.88
-2694.86
-2274.61
-11391.7
-12505.1
-9825.76
-11714.8
-10925.1
-12978.6
-10215.8
-197796
-184181
-167143
-202521
-170749
-135289
-150641
-169103
-149892
-153927
-152920
-132811
-219597
-219677
-202534
-213314
-213569
-235942
-243153
-176920
-174655
-178785
-182766
-184411
-122307
-109957
-125938
-121717
-118246
-130725
-113515
-145975
-161490
-136021
-143001
-150996
-156132
-132128
-188534
-170304
-207489
-181264
-194229
-201443
-165732
-161298
-166937
-156867
-139981
-172471
-156104
-144022
-228810
-221738
-136427
-133442
-133779
-138546
-141454
-171162
-173231
-158769
-165495
-167748
-193095
-163540
-171754
-188417
-159940
-241617
-249110
-138499
-151455
-160949
-165452
-142049
-94900.1
-100303
-111683
-101569
-103292
-104542
-92359
-107626
-122587
-121725
-128968
-118600
-110165
-119563
-127840
-147370
-146864
-157918
-130329
-144112
-143835
-115250
-125616
-139655
-124872
-128038
-128653
-112710
-234200
-226867
-126227
-120343
-110627
-130427
-114044
-134962
-156478
-139568
-152041
-131433
-127518
-121696
-66055
-65562
-60107.7
-69365.8
-62967.8
-81078.2
-90597.5
-81382.5
-86907.3
-77960
-87304.4
-97341.7
-101684
-98609.6
-94408.1
-89824.8
-95668.3
-74823.9
-78410.5
-85728.6
-77428.6
-80176.7
-81232
-72366
-133450
-139493
-122069
-109219
-107231
-117958
-103857
-84233.9
-94344.1
-91482.5
-98147.9
-87425
-55712.2
-56760.7
-62373.2
-56892.8
-59205.6
-59464.7
-53429.1
-67504.8
-75614.7
-76637.2
-74716.4
-72037.6
-72848.9
-69923.9
-66827.8
-65467.8
-61018.2
-62394
-63550.2
-52053.9
-56077.6
-45671
-46959.4
-45670.2
-48254
-48435.1
-30005.7
-26193.4
-27994.9
-28048.3
-28167.3
-29912.8
-27968.8
-39870.8
-42647.8
-39606.3
-38249
-42004.5
-40361.4
-37539.6
-58733.3
-58168.5
-63581.8
-57924.1
-61390.5
-60701.9
-55648
-46462.2
-45005.9
-45127.1
-41728.7
-47436.4
-44202
-43907.5
-48176.9
-44436.1
-26626.8
-27763.2
-28485.2
-29755.2
-28719.2
-43168.1
-42991.5
-39463.3
-40744.1
-40399.3
-62810.1
-57298.2
-56752.8
-59634.3
-54537.4
-52663.6
-56767.6
-39172.6
-43324
-42164.4
-44882.1
-41584.4
-23573.6
-23851.4
-25671.1
-22179.1
-25556.3
-23946.7
-21927.6
-32511.5
-35753.3
-36772.4
-35578.6
-34786.3
-34428.6
-33650.8
-48957.9
-54360.3
-54363.1
-54410.8
-51174.6
-52002.6
-51875.5
-38390.7
-37908.3
-42214.2
-38806.5
-40890.5
-40116.2
-36391.4
-48697.8
-44870.9
-23321.1
-25363.1
-22190.2
-25385.8
-24076.1
-36823.8
-39523.5
-36068.5
-36960.3
-34533.5
-5367.41
-4046.36
-897.576
-1414.18
-662.768
-1175.81
-1187.61
-8185.01
-8248.94
-7578.31
-6906.54
-6903.43
-18770.3
-22191.2
-20413.9
-20469.3
-20573.2
-20323.4
-18817.6
-11649.3
-10014.3
-12633.9
-11619.5
-13037.8
-11368.5
-10330.7
-6867.12
-8546.74
-21338.6
-19783.9
-20375.2
-19438.5
-18629.7
-9511.91
-9648.44
-11770.2
-11108.5
-10890.9
-1585.78
-1218.11
-1776.63
-855.625
-1961.05
-1383.05
-1055.67
-7757.08
-8696.21
-8408.3
-10221.7
-8838.73
-7410.09
-9031.31
-281471
-268523
-288921
-150150
-133166
-137371
-145395
-103334
-98081
-83630
-82883.3
-88334.7
-98083
-87194.9
-93155.4
-84487.5
-80259.2
-86694
-78312.1
-81600.7
-73978.7
-75801
-79529.2
-155330
-161598
-165276
-148357
-159152
-147170
-142765
-153118
-56508.5
-52377.2
-53778.2
-54965.8
-58568.5
-57018.1
-55588.6
-60164.2
-1507.86
-924.279
-802.986
-1745.12
-1021.99
-2300.75
-2377.12
-1538.64
-25875.3
-26788.8
-27459.6
-25194.1
-24308.4
-22111.3
-23742
-22707.4
-14713.7
-17027.7
-22346.2
-20842.8
-19912
-15452.1
-18700.1
-17612.1
-3692.73
-1689.1
-3656.66
-1720.03
-5992.9
-7963.67
-5851.67
-8130.58
-121617
-79739.5
-81373.9
-78202.4
-79792.3
-84218.8
-82522.1
-117624
-115003
-108744
-111181
-54579.4
-55537.9
-58151.5
-57139.8
-77415.7
-75887.8
-72274
-73690.3
-289410
-265291
-297190
-74470.6
-75549.9
-75231.2
-74569.9
-274085
-248010
-266757
-265155
-272620
-241284
-252289
-259494
-92100.2
-82914.9
-89742.1
-85006.5
-95325.5
-90062.9
-87819
-97837.9
-136222
-128876
-140841
-124885
-132191
-117463
-121025
-128415
-200974
-194209
-171491
-165625
-177791
-190642
-171541
-184178
-281695
-245363
-274050
-272032
-279812
-238823
-258969
-266474
-56898.3
-54870.1
-54967.3
-56562.1
-58716
-57145.8
-57118.3
-58991.6
-72140.9
-72226.9
-72514.3
-72077.6
-69782.8
-69643.4
-69390.9
-69798.8
-205347
-198341
-175085
-164940
-181605
-194914
-170739
-188216
-75644.1
-74153.3
-70345.7
-71752.7
-51097.1
-52331.7
-55240.2
-54015.4
-53058.4
-52129.9
-49772.8
-50681
-36707.8
-37640.3
-39743.7
-38826.6
-28110.6
-29673.5
-32595.6
-31084.1
-49484.4
-48233.7
-45400.4
-46678.8
-19448.3
-20606
-22786.5
-21650.4
-35550.6
-34589
-32465.3
-33456.4
-104899
-99531.8
-84555.7
-83177.1
-89386.9
-99402.8
-87616.3
-94338.8
-54382.5
-52840.3
-54787.5
-52664
-52682.2
-50497.1
-50753.2
-52203.1
-158233
-164679
-168658
-147988
-162329
-149955
-142489
-156093
-39458.3
-37614
-38343
-38597.7
-40921
-40437
-39779.9
-41727.9
-79041.2
-70555.9
-74566.9
-68961.7
-73518.5
-66640.7
-65971.5
-70210.7
-30588.9
-28255.6
-29044.1
-29807.3
-32187.7
-32791.4
-31280
-33710.1
-51495.5
-50643.1
-53006.1
-49258.5
-49618
-46207.9
-47590
-48135.4
-34031.7
-30840.3
-24917.3
-27958.2
-27622.2
-33434.2
-30564
-30462.8
-79843.5
-70471.5
-75252.2
-69877.8
-74509.1
-66442
-66433.7
-70781.1
-20760.8
-19695.7
-20859.9
-19616.8
-21962.6
-23098.4
-21967.3
-23089.3
-36242.5
-36228.7
-35427.2
-37152.3
-34842.7
-33226.2
-34095.1
-33878.9
-34234.2
-30979.7
-24436.2
-26801.8
-27192.4
-33123
-29467.4
-30089.7
-26694.9
-25087
-22025.6
-23676.7
-1726.59
-3705.62
-7994.77
-5881.25
-18421.5
-17239
-15023.8
-16228.3
-3247.81
-3264.59
-5030.47
-3832.24
-1195.31
-640.531
-589.946
-862.733
-616.181
-1696.95
-1402.49
-1026.37
-17297.6
-18620.6
-18446.4
-17429.3
-16168.8
-15167.5
-16385.4
-15004.8
-14597.4
-16942.7
-21818.7
-19546.1
-19341.8
-14814.9
-17371.7
-17005.4
-2473.39
-1987.94
-2427.88
-1979.65
-2620.21
-2326.92
-2280.51
-2873.27
-2985.37
-3084.28
-2696.47
-3681.11
-5041.53
-3792.66
-4883.52
-236023
-255308
-242347
-108700
-114176
-118881
-106062
-113526
-103123
-101188
-108272
-73016.3
-79981.1
-76732.1
-73664.4
-78605.8
-80766.5
-75193.9
-77157.3
-84059.8
-84433.5
-80539.7
-100877
-101300
-96638
-83960.3
-82103.8
-84456.5
-85686.5
-88228.8
-96851
-88413.4
-92483
-106557
-106309
-108475
-96276.9
-102821
-112550
-99613.6
-72288.1
-66044.9
-70448.8
-67662.9
-74860.8
-71609.9
-76808.3
-69900.6
-95584.1
-95452.5
-104510
-92997.6
-99161.6
-100638
-89774.7
-149165
-143087
-124343
-121250
-129904
-141321
-126497
-135565
-138385
-140702
-133314
-115237
-113979
-117132
-118698
-121831
-135416
-123472
-128337
-105202
-115254
-109616
-102664
-109358
-112558
-104890
-108280
-120132
-118737
-114124
-69798.1
-69367.7
-75903.1
-68838
-72702.2
-72747.8
-66083.1
-66283.3
-63932.4
-68027.8
-62395.3
-63989.2
-58917.8
-62330.6
-60392.4
-78881.5
-78654.4
-79187.9
-71652.4
-82554.9
-75776.3
-74527.4
-2274.76
-3217.47
-6762.13
-6834.5
-5447.21
-3213.94
-5552.02
-4266.55
-1957.97
-2057.67
-2338.2
-3859.12
-5878.17
-4993.18
-4415.45
-3707.01
-2830.68
-4398.6
-3234.45
-9908.63
-7703.48
-8442.81
-8104.06
-7383.58
-6358.92
-8909.75
-7779.63
-6349.82
-5678.25
-7032.7
-22875.4
-20878.7
-20773.2
-19472.3
-21167
-22519.7
-21101.9
-17978.5
-15900.8
-16340.6
-17583.5
-19513.7
-20667.4
-21146.9
-19007.4
-17834.7
-15954.6
-19061.4
-17875.3
-19488.8
-17381.6
-16303
-12564.7
-10573.9
-8215.04
-11268.8
-9811.3
-13432.1
-12958.3
-11549.6
-24063.9
-21496.8
-22026.1
-20916
-20336.5
-18969.8
-22116.6
-20783.6
-19452.7
-18195.4
-20070.2
-11432.1
-12221.5
-13019.9
-15808.7
-18598.5
-17217.5
-16897.3
-15520.8
-13893.1
-16398.4
-14673.5
-4978.74
-3969.78
-6227.14
-5717.83
-4682.51
-6602.22
-4194.69
-13111.6
-14483.1
-14804.2
-12751.6
-11573.4
-9538.2
-9833.1
-11330.9
-9806.22
-8346.45
-7791.71
-7228.07
-9357.71
-8213.9
-8723.61
-93998.2
-92036.5
-87127.2
-88951.2
-97269.4
-99378.2
-105102
-102838
-63809.3
-62675.6
-59827.5
-60900.9
-65683.9
-66903.7
-70193.7
-68879
-216565
-241006
-221876
-229757
-235642
-223550
-196822
-200836
-201706
-207031
-207605
-229202
-211313
-217401
-257760
-250423
-224157
-214985
-231089
-245156
-221466
-238088
-180093
-194727
-195873
-188702
-190108
-187603
-204061
-193433
-205288
-210250
-199328
-107498
-101195
-98579.4
-110366
-103923
-93030.8
-101235
-95455
-126774
-125764
-140606
-120796
-131440
-135616
-117130
-141041
-138535
-145689
-124517
-136196
-150865
-128295
-182920
-176266
-189598
-156777
-195477
-177390
-161220
-117184
-104473
-107322
-114107
-121082
-113886
-124408
-110748
-166577
-161625
-183804
-152418
-178094
-171941
-148164
-207823
-214746
-217305
-195944
-210524
-197192
-189735
-203821
-143545
-157066
-148789
-138623
-149046
-151743
-143749
-146559
-162683
-159510
-154111
-181844
-185900
-176155
-153619
-154437
-157002
-159920
-162338
-179986
-164985
-170534
-211285
-223444
-206037
-167651
-179146
-152761
-183767
-156346
-217667
-195641
-200822
-264318
-256679
-229697
-213212
-236901
-251538
-219530
-244184
-155471
-174552
-149184
-169985
-145613
-175280
-194983
-180314
-190494
-200590
-185386
-63064.8
-61720.4
-61825.8
-63208.3
-61100.1
-59434.6
-60893
-59394.8
-97442.5
-115084
-109347
-110523
-106310
-99984.7
-107528
-105083
-125454
-112408
-113527
-115495
-102532
-116541
-125335
-154224
-137634
-137759
-140865
-140798
-122820
-65359.7
-64315.6
-64156.9
-65276.9
-67504.7
-66703
-67537.9
-66912.7
-117780
-143267
-134420
-134724
-131221
-131689
-120304
-212435
-219611
-222575
-194621
-215535
-201703
-188551
-208578
-136599
-151941
-141267
-124125
-138955
-120949
-134670
-117487
-157133
-150753
-145986
-170289
-178453
-165339
-135661
-143280
-124428
-147642
-127921
-173044
-155570
-160433
-63352.3
-64643.7
-68094.2
-66754.6
-61368.7
-60115.9
-57012.7
-58244.4
-45277.6
-46160.2
-48389.8
-47496
-43989
-43098.2
-40951.1
-41854.6
-38302.6
-36896.9
-34012.6
-35469.7
-39747.2
-41106.9
-43892
-42576.1
-27101.5
-26021.4
-23840.5
-24951.1
-28187.2
-29235.9
-31353.9
-30333.9
-110383
-115985
-120795
-106322
-115282
-104583
-101505
-109879
-70158.4
-78085.1
-73793.6
-68621.6
-76195.4
-68839.6
-72748.2
-65884.2
-82131.4
-81294
-77507.3
-97156.1
-99127.7
-93086.7
-78113
-79703.8
-71836.8
-83273.5
-74879
-94760.7
-85154.9
-89086.5
-84785.5
-98416.9
-88620.5
-89830.6
-91498.9
-82273.1
-92739.2
-48386.1
-46213.8
-46630.5
-47773.6
-49992.4
-48684.2
-50538.9
-48347.1
-77295.2
-88843.3
-85777.9
-86943.9
-82962.8
-79779
-84075.7
-151883
-145637
-126417
-121309
-132148
-143918
-126479
-137982
-131984
-136732
-127424
-105587
-109882
-97196.5
-113895
-100511
-131788
-118472
-122920
-101292
-112693
-105494
-94941.4
-105918
-93908.5
-102004
-90648.2
-117362
-114084
-109758
-58021.8
-65135.3
-64222.7
-64719.7
-61696.3
-62077.7
-60357.5
-45511.5
-44574
-44073.3
-46189.9
-43980.5
-41935
-43235.5
-42514.5
-65102.6
-73692.8
-66787
-67396.1
-69394.3
-70109.6
-62717.5
-69389.7
-68322
-65852.5
-58051.4
-56493.7
-57249
-59403.7
-60356.9
-64625.8
-59049.1
-62404.6
-64538.8
-60240
-50244.8
-52000.6
-53990.2
-61857.2
-55504.8
-57861.5
-49615.7
-53665.4
-54226.3
-50919.4
-51286.7
-46560.9
-50830.4
-49539.8
-55787.7
-54130.6
-52616.9
-38470.9
-38690
-37252.8
-39952
-36822.7
-34277.7
-35329.6
-35748.2
-31880.1
-29971.4
-33906.4
-31650.9
-33798.4
-31880.3
-29788.6
-37793.8
-36085.7
-35993.7
-33562
-35769.7
-38144.4
-35525.6
-56143.7
-55230.5
-55168.7
-50778.8
-57898.6
-53622.6
-53184
-43112.2
-40223.8
-41632.7
-41642.8
-44856.4
-44593.2
-46331.5
-43201.8
-48783.3
-47553.4
-52515.2
-48432.2
-49939.2
-51169.2
-46141.6
-37362.3
-40833.9
-46626.6
-42139
-43134.5
-36536
-39073.5
-39771.2
-26188.8
-28231.1
-28403.9
-30538.4
-33937.9
-33141.8
-31812.1
-30891
-30684.5
-33111.4
-30711.6
-43678
-41560.1
-40890.5
-37119.1
-36132
-35474.4
-38398.9
-37893.6
-38681.5
-35606.2
-38200.3
-66601.5
-66481.2
-63124.9
-53935.9
-53507.3
-49180.8
-56532.6
-51829
-62793.8
-56422
-59731.5
-65377.3
-61007.6
-50315.2
-51409.8
-54151
-62213.5
-55002.9
-58118.6
-45879.5
-50555.8
-46592.4
-47678.7
-44058.8
-44052.3
-49000.8
-47012.5
-53197.5
-52304.5
-50061
-26722.1
-27553.7
-26509.1
-27799.9
-25445.6
-24241.2
-24336.5
-25332.8
-25269.4
-27540.2
-29108.3
-27661.4
-27310.9
-27013.9
-25777
-30636.6
-33480.3
-30950.7
-29601.8
-32844.7
-28802.2
-31599.8
-46771.7
-51858.4
-47416.7
-47026.3
-49686.2
-49427.3
-44618
-30161.7
-28766.9
-29758.8
-29117.3
-31498.3
-31936.5
-32501.7
-31004.1
-40427.6
-44542.3
-45197.3
-44676.4
-43020.6
-42371.8
-42504.7
-37635.2
-41183.8
-46610.3
-41310.6
-43037.4
-36291.5
-38174.1
-39598.4
-23684.5
-26248.6
-25900.4
-27365.3
-29769
-28058.8
-27535.7
-26034.4
-28728.1
-30619.3
-28213
-41182.5
-39696
-38402.7
-33788.1
-32085.9
-30151.9
-34483.1
-32310.5
-36799.7
-33121.7
-35717.2
-15848.9
-17553
-20623.4
-18943.9
-14462.3
-12722.9
-9533.25
-11328.9
-10544.8
-11796.3
-14021.2
-12796.5
-9543.66
-8255.82
-5998.55
-7263.35
-1957.21
-2910.46
-6045.52
-5528.53
-4729.54
-2548.06
-4297.59
-3562.67
-948.545
-916.671
-1088.3
-2528.08
-3220.74
-3298.28
-2128.23
-2188.74
-1634.3
-2940.22
-1928.07
-7883.31
-6008.28
-6533.34
-6261.43
-4394.02
-4465.38
-5622.44
-5664.27
-4757.8
-4061.94
-5259.73
-17265.3
-18764.4
-17455.2
-15684.3
-18994
-15803
-17223
-11660.5
-10627.6
-11902
-10465.9
-12733.7
-14148.7
-13905.9
-12904.6
-12996.7
-14105.9
-15953.9
-14199.1
-14481.6
-14381.5
-12761.1
-12415.9
-10396.3
-7505.83
-9903.13
-9113.76
-12768.4
-11588.5
-10866.2
-21565.1
-19468.6
-19541.9
-18058.7
-15883.8
-15344.2
-17621.4
-16953
-17426.6
-15778.7
-17614.2
-9304.51
-10318.2
-10802
-13257.1
-14219.5
-13799.2
-12628.1
-12316.6
-11940.8
-14032.8
-12375.2
-2777.18
-3042.11
-4713.84
-3696.54
-3324.28
-2504.83
-4008.58
-8175.28
-9630.2
-8313.33
-9399.38
-7122.21
-6014.8
-5914.92
-7322.11
-6504.46
-7048.23
-6097.65
-4922.15
-7467.44
-6154.78
-5260.48
-3393.48
-1832.5
-2926.59
-1722.79
-3195.22
-2922.23
-1635.27
-3070.43
-1890.32
-3228.93
-3433.3
-1713.35
-2866.7
-2056
-3532.83
-2784.36
-2147.15
-1816.76
-1313.49
-2253.18
-1588.69
-2036.6
-2114.52
-1289.93
-157936
-121357
-137278
-162196
-123909
-153207
-167056
-87951
-79682.7
-96404.8
-83652.2
-90800
-77575.9
-93363.2
-85341.9
-87437.1
-81244.4
-73413.6
-75459.6
-90331.8
-82647.8
-57910.7
-50975.3
-55247.1
-57553.4
-52692.1
-55937.7
-59696.2
-59871.1
-64173.1
-57207.5
-56210.6
-54445.2
-61923.9
-61934.7
-25379.9
-24339.9
-26624.6
-23013.5
-26990
-22833.5
-25015.4
-23815.4
-21806.1
-21505.6
-19903.1
-21403.4
-23401.9
-22196.5
-3611.95
-1695.68
-2928.23
-1916.07
-2947.37
-1758.69
-3560.64
-5712.56
-7346.34
-4736.93
-6568.74
-4746.02
-5552.25
-7690.95
-80574.2
-98872.6
-108799
-88946.2
-99060
-80609.2
-90096.5
-96539.2
-81869.8
-99590.9
-91157.1
-93537.1
-84037.6
-102779
-99417.9
-109466
-88529.7
-93727.1
-86302.9
-102585
-106123
-143935
-118432
-157314
-127845
-148514
-115912
-152635
-139430
-143654
-124799
-110609
-113095
-147992
-135013
-63677
-72465.8
-78892.2
-68513.7
-73390.6
-62922.7
-69935.5
-65323.7
-72708.1
-76624
-80759.2
-75771
-65990.2
-71320.1
-78586.4
-95896.3
-87848.3
-103220
-78650.8
-95596.6
-86668.2
-76693.9
-84299.1
-101335
-92307.9
-92711.2
-85522.6
-76508
-60463.3
-70166.6
-73346.5
-67096.2
-69170.7
-61289.2
-65652.7
-58863.2
-62735.9
-71505.5
-65887.2
-66945.3
-64208
-57952.6
-43317.3
-46673.2
-50151.5
-44602.2
-47994.4
-42098.4
-46129.1
-44802.5
-49187.2
-51868.4
-51092.6
-49804.5
-47661.6
-45986.7
-30187.9
-25785
-28258.4
-27619.8
-28566.6
-27294.2
-29890.9
-31768.6
-33205.7
-30280.8
-29175.9
-28760.5
-33392
-31544.9
-52169.4
-49272.2
-55427.6
-49540.2
-54057.3
-47595.3
-53383.1
-50353.3
-49393.4
-47706.9
-44297
-45935.2
-51354.1
-48532
-22033.1
-23120.5
-24817.8
-21259.1
-24556.6
-20750.1
-22612.2
-23313.1
-25382
-27342.2
-26272.5
-25913.6
-24614.9
-23993.1
-39378.3
-44931.6
-43074.4
-45084.2
-40624.4
-43583.7
-41556.5
-37937.3
-38530.3
-43430.3
-40529.5
-41902.3
-40038.5
-36663.8
-18226.7
-21810.5
-20536
-19917.5
-20376
-19498.2
-18600.5
-17014.9
-16017
-19145.4
-17665.4
-19105.2
-17298.4
-15761.8
-3526.3
-4746.05
-3894.91
-5641.33
-3899.78
-3466.8
-4855.26
-192776
-160300
-150609
-174775
-180010
-164562
-187234
-104721
-99521.3
-102300
-89968.1
-98956.2
-108352
-96403.1
-101167
-92490.9
-87225.6
-90318.1
-95682.3
-97693.4
-93334.2
-75249.6
-65475.4
-76441.3
-71971.6
-79058
-72833.6
-67401.2
-77613.4
-84552
-71368.3
-74222.4
-80166.3
-81797.7
-69382.8
-87733.7
-78770.1
-80458.5
-76712.5
-83351.6
-84570.6
-81578.2
-90976.8
-89367.5
-87354.2
-79270.7
-94296.3
-86324.9
-84440.7
-64496
-58169.5
-57866.3
-59749.8
-62109.9
-60562.8
-61913.6
-67149.8
-67020.6
-60068.5
-65506.8
-64534.2
-69871.4
-63010.6
-68298.1
-63558.7
-73838.8
-65418.3
-70587.2
-71352.4
-61688
-66152.9
-66519.9
-58012
-63319.6
-63981.7
-68882.8
-59830.2
-78467.9
-76013.8
-77628.6
-69310.1
-81482.2
-74876.3
-73308.8
-75528.4
-69574.1
-68054.5
-66932.9
-72664.3
-72188.5
-70655.5
-24843.1
-24551.1
-26707.8
-23017.9
-25042.5
-26556
-22918.6
-23154.8
-21759.3
-21457.7
-19727.5
-23393.8
-21487.3
-21309.9
-17475.4
-14068.9
-15459.6
-15538
-17034.6
-15856.6
-15572.7
-19026
-20205.3
-18486
-17017.5
-20637.3
-18622
-16982.8
-16576.4
-13580.7
-15316.6
-15367.3
-16910.9
-14970.6
-15093.7
-18198.4
-20132.2
-18166.4
-16872.8
-19836.5
-18515.6
-16622.1
-5220.56
-7221.26
-4601.7
-6013.58
-5444.05
-6922.91
-4415.91
-12664.8
-12660.1
-13870.1
-11078.9
-14299.7
-12286.3
-11118.7
-11093.1
-9057.72
-8097.68
-9577.12
-9400.52
-10682.7
-9687.94
-11776
-12077.4
-13719.5
-10877.5
-13371
-12121.6
-10577.7
-10182.7
-8900.04
-7562.54
-9371.06
-8573.28
-10520.6
-9077.07
-118126
-135180
-122934
-101383
-102861
-137965
-116194
-112098
-97932.8
-123785
-104455
-120127
-115599
-95591.9
-108930
-112968
-90873.5
-101724
-105602
-116465
-93162.1
-115852
-102690
-105731
-98475.4
-109230
-112063
-105909
-119722
-116474
-101402
-112498
-112817
-123671
-109179
-136320
-126260
-131928
-113565
-127945
-141019
-122747
-131841
-120220
-110459
-115865
-124036
-127704
-119282
-176384
-156150
-169604
-139999
-164529
-181768
-152179
-171080
-154613
-136551
-144523
-159521
-165861
-148320
-122626
-100450
-127610
-112941
-118935
-131426
-102846
-126488
-139427
-107899
-115831
-130702
-135425
-105456
-150699
-129818
-136042
-123158
-145817
-140410
-133425
-155669
-149775
-140778
-126438
-160722
-145042
-137078
-69968.7
-83084.3
-88231.8
-78057.2
-82393.2
-76733.7
-70447.2
-68259.7
-74057.5
-79077.2
-86353
-67673.6
-79856.8
-75422.2
-85585.2
-92026.1
-86463.2
-75384.2
-77116.5
-94614.6
-83476.2
-87693
-80554.8
-88692
-99850.3
-78841.1
-97225.3
-89799
-96058.2
-110507
-97689.1
-87268
-107821
-85606.4
-98131.5
-93981.7
-82249.9
-95421.6
-102491
-105148
-83936.2
-91895.1
-112281
-132403
-99897.4
-116008
-98376.2
-114248
-129633
-110304
-95293.9
-113696
-124117
-96848.9
-126869
-108308
-72595.7
-85701.7
-93844.5
-79331.3
-86302.9
-72205.6
-80629
-74381.6
-83110.7
-89515.3
-95727.3
-74666.5
-89009.2
-81854.1
-102238
-113205
-104514
-88902.8
-115916
-100193
-90529.6
-104275
-93725.9
-121373
-106805
-118640
-106300
-92131.3
-79240.2
-89455.8
-79862.2
-73641.4
-71886.1
-86904.9
-81358.4
-77125.9
-68362
-77685.1
-81866
-70127.5
-84374
-75009.5
-53838.9
-59379.1
-64227.7
-56785.2
-60543.6
-58292.5
-52803.3
-55396.7
-61267.9
-63738.9
-66035
-56369.2
-62624.1
-59780.5
-68676.4
-72069.3
-69136
-61255.6
-74481.2
-63036.2
-66576.9
-70782
-66591
-79382.2
-71249.7
-76919.9
-72894.8
-64814.8
-52144.6
-53781.8
-52906.7
-47087.8
-48835.9
-55960.5
-50142.9
-54164.7
-52364.2
-54865.3
-60417.4
-50599
-58174.5
-56204.5
-50163.5
-57372.6
-58861.9
-55277.2
-56158.6
-51251.8
-53760.1
-48641.4
-50713.8
-52962.7
-57099.9
-47496.5
-54220.7
-52243.4
-62393.7
-69684
-62901.6
-59474.4
-67324.1
-64479.3
-57690.5
-60320.6
-54135.3
-62688.9
-60861.9
-64992.7
-58256.8
-55912
-38267.6
-36370.7
-40089.8
-35593.2
-38339.8
-39936
-34816.5
-36641.5
-34899.9
-31767.3
-33965.6
-34994.4
-36601.3
-33303.1
-30054.5
-26210.9
-28388
-27800.6
-30084.3
-28292.6
-27901.6
-31850.8
-33551.5
-29440.8
-31386.3
-31804.9
-33681.8
-29627.7
-39411.4
-38814.1
-40840.5
-36266.1
-38964.6
-41414.3
-36895.5
-37457.3
-35324.2
-34513.8
-33181.7
-37126.6
-35549.4
-35017.4
-56940.4
-55826.1
-57441
-51514.1
-55192
-59396.2
-53531.6
-54548.1
-50854.3
-49476.2
-49088.9
-52996.6
-52218.6
-51284.8
-43313.2
-37914.7
-41890.1
-40634.6
-41599.2
-43702.2
-39491.6
-45018
-47448.2
-42679.1
-42355.5
-46776.1
-45567.4
-41073.1
-45569.6
-40776.2
-42756
-41711.5
-43466.1
-44709
-42784.7
-47730.1
-48757.2
-46941.3
-43596.2
-49946.4
-46709.9
-44839.8
-28579.1
-33045.6
-32275.6
-31110.2
-31631
-29661.5
-29886.2
-27237.2
-26794.7
-28746.1
-30754
-25930.1
-30175.3
-28218
-23213.4
-23723.4
-25045.1
-21377.8
-22815.4
-25330.7
-21675.2
-24786.4
-25774.4
-26591.9
-28653.2
-24284.6
-26974.8
-26398.9
-31438.7
-35733.2
-33033.2
-31988.2
-33907.5
-30401.5
-33184.7
-29727.5
-27293.4
-31382.3
-30367.1
-32118.8
-28834
-28047.3
-46195.9
-51636.6
-45349.1
-47181.8
-43622.9
-48156.1
-49523.9
-44260
-40212.8
-45322
-45402.7
-41908.8
-47445.4
-42345.6
-32560.4
-34552.5
-36961.8
-32577.5
-35960.4
-31261.7
-34051.7
-33952.1
-37027.2
-38911.7
-38547
-35242.1
-37521.6
-35535.8
-36765.8
-37593.7
-38143.6
-33595.5
-39492.1
-34963.6
-35223.8
-38596.6
-38531.8
-43397.5
-39897.4
-41426.2
-40457.2
-36869.3
-18708.9
-22150.2
-20562.9
-19968
-18587.4
-20609.1
-20170.7
-17282.8
-15899.6
-19114.1
-17617.7
-17229.5
-19098.8
-15887.6
-12155.7
-12321.9
-13675.1
-11006
-13776.1
-12243.7
-10916.1
-13324.7
-14745.8
-16429.4
-15025.5
-14572.1
-14988.2
-13492.4
-11885.2
-11923.8
-13503.1
-10774.2
-13319.7
-12034.6
-10594.3
-13192
-14591.8
-16163
-14884.6
-14731.4
-14523.8
-13307.5
-3034.75
-4524.81
-3725.9
-4992.66
-3255.16
-3549.91
-4288.85
-8481.3
-11119.3
-9607.33
-9762.38
-9639.79
-9744.54
-8521.91
-7310.89
-6032.46
-6915.64
-8240.19
-6058.75
-8429.26
-7273.7
-8058.92
-10540.5
-9398.89
-9522.58
-9163.43
-9317.94
-8279.67
-6806.96
-5792.4
-6406.03
-8027.43
-7789.11
-5556.36
-7034.77
)
;

boundaryField
{
    left
    {
        type            calculated;
        value           nonuniform List<scalar> 0();
    }
    bottom
    {
        type            calculated;
        value           nonuniform List<scalar> 0();
    }
    interface
    {
        type            calculated;
        value           nonuniform List<scalar> 
2171
(
-1783.18
-2085.93
-2561.45
-2283.05
-1836.62
-1644.18
-828.787
-892.603
-271432
-79565.6
-93369.5
-158006
-140518
-1444.34
-1479.44
-3271.28
-23083.3
-16659.9
-1203.23
-258398
-264163
-242761
-164020
-182594
-251764
-232171
-159119
-176499
-78765.3
-92077.3
-153470
-136987
-75187
-62806.7
-25454.9
-33268.7
-74527.2
-62437
-24134.6
-32137.7
-961.806
-562.586
-2054.83
-21711.2
-15184.6
-1534.51
-255387
-113296
-98190.8
-75927.2
-88172.9
-106793
-92672.6
-118541
-134877
-148672
-132277
-111699
-126992
-8197.18
-4347.92
-1670.93
-1721.39
-3858.39
-9111.83
-5049.46
-9672.41
-14747.1
-23613.1
-17483.5
-10614.9
-15633
-1207.71
-235007
-248530
-228357
-215234
-235768
-202440
-221769
-208545
-188958
-154315
-171753
-196147
-177732
-229155
-211836
-206818
-225747
-189338
-206146
-200627
-182431
-146734
-162303
-183830
-167606
-111154
-96706.1
-74045.9
-86181
-103500
-90392.8
-116148
-131652
-141665
-126837
-108023
-122029
-72045.6
-60973.2
-48585.4
-59094.6
-47593
-57478.9
-45297.4
-36103.1
-25856.6
-33211.1
-44505
-35873.8
-70175.4
-59109.9
-47836.6
-58622
-45698.1
-55611.4
-44466.3
-35043.1
-23758.4
-31198.1
-42594.1
-33891.8
-6737.75
-3044.46
-840.285
-521.427
-2450.42
-7246.4
-3506.98
-8195.74
-13258
-21496.7
-15370.9
-8679.12
-13545.8
-1241.1
-88670.4
-176694
-304.458
-300160
-88668.8
-176353
-83691.5
-83712.2
-24893.9
-2943.61
-214.559
-22090.2
-2039.59
-2653.13
-2386.78
-229223
-227818
-234419
-207301
-214623
-220871
-201386
-126782
-70115.9
-68623
-71865.1
-93101.5
-95950.1
-110344
-121597
-116947
-114241
-92056.4
-93113.8
-96808.8
-88636.6
-132668
-132872
-129127
-96940.7
-99996
-100884
-66897.5
-66524.7
-69564.1
-64095
-82036.9
-89501
-85972.7
-85297.3
-5564.17
-2091.27
-1985.81
-2185.79
-2397.24
-3088.86
-12017.9
-10721.6
-24599.2
-26120.3
-24298
-26357.8
-16191.8
-14104.1
-15728.6
-14572.2
-24572.8
-25825.7
-23944.2
-13613.1
-12263
-3338.7
-1468.63
-2058.94
-2320.75
-3189.51
-1916.7
-2254.53
-11386
-12501.4
-10921.4
-12972.4
-196598
-167070
-170673
-135272
-149888
-152917
-132795
-222975
-221301
-214865
-239751
-178082
-181176
-122824
-126341
-118302
-131179
-146820
-162160
-151888
-156768
-189797
-208456
-195551
-202370
-162289
-167642
-173212
-157045
-137916
-134183
-139334
-172266
-175495
-191949
-163470
-239208
-138448
-160128
-141995
-94891.9
-101565
-104538
-92350.7
-107617
-122584
-110156
-119560
-127826
-146861
-130314
-143832
-115240
-125614
-128651
-112700
-231904
-125686
-110597
-134914
-155697
-131387
-65828.9
-60102.4
-81065.2
-90271.5
-77948.4
-87296.4
-98605.4
-89816.6
-95663.8
-74815.4
-78403.5
-81225.5
-72357.1
-121558
-107203
-84219.6
-93999.2
-87408.7
-55700.7
-56880.8
-59453.4
-53417
-67495.5
-75607.2
-72840.9
-69914.8
-66756.8
-65464.2
-52335.6
-45668.2
-45610.3
-29994.5
-27989.6
-28156.6
-29907.2
-39855
-42638.5
-41987.7
-40352.8
-58710.9
-63564.9
-61367.3
-60686.3
-46443.9
-44995.8
-47425.5
-44184.3
-26588.2
-27761.3
-29753.3
-43165.5
-42934
-62594.4
-57293.6
-54533.1
-52501.9
-39168
-42001.9
-41580.1
-23552.9
-22155
-23923
-21906.7
-32493.7
-35734.1
-34411.4
-33630.8
-48944.8
-54350.3
-51162
-51862
-38374.8
-37890
-40098.6
-36374.8
-23188.2
-22178.6
-36818.6
-39366.1
-5347.15
-514.747
-719.782
-593.766
-518.118
-1045.76
-8166.22
-8169.55
-6883.45
-18749.4
-20445.1
-20302.5
-18793.4
-11632.6
-9994.27
-11347.7
-10315.2
-21209.6
-20362.7
-9494.5
-9561.9
-1530.12
-948.569
-772.499
-665.724
-1277.85
-954.653
-913.361
-7743.86
-8677.07
-7391.72
-9017.05
-285910
-278766
-151557
-147034
-83632.1
-84054.2
-98307.6
-88657
-84486
-81582.5
-157243
-166737
-152083
-148266
-146253
-56502.8
-54964.5
-58567.1
-790.041
-768.571
-1720.17
-2297.88
-2356.02
-25874.7
-14651.6
-22274.4
-20827.7
-15404.6
-18685.1
-3692.57
-517.385
-1709.72
-446.906
-5992.79
-281675
-265080
-74438.6
-278302
-256959
-269782
-249825
-255881
-92072
-95323.9
-137665
-142003
-173083
-170123
-192661
-176315
-274324
-245181
-238649
-252629
-56890.9
-56560.8
-58714.4
-72135.8
-203462
-172007
-164840
-191147
-170635
-104254
-83880.4
-83102.2
-98430.2
-87542.3
-54381.4
-54781.9
-52678
-156969
-165792
-147898
-147672
-142402
-39458.1
-38597.2
-78972.9
-70922.5
-66771.3
-65708.9
-30587.5
-51494.3
-33979.4
-24834.1
-27942.1
-33300.1
-30547.3
-79252.8
-70392.1
-66360.4
-66059.7
-20759.5
-19616.3
-21962.1
-36242.1
-37152.1
-34842.4
-34188.5
-24414
-26678.7
-33079.2
-29348.9
-726.236
-3209.2
-1162.43
-417.511
-580.53
-624.162
-1555.46
-1224.62
-17297
-18444.9
-16167.2
-21797.9
-19411.5
-14786.5
-17234.9
-2431.22
-1818.8
-1929.91
-1891.1
-2254.05
-2263.24
-2280.48
-2863.33
-2941.63
-2682.94
-2652.9
-3679.42
-242419
-262306
-109768
-119452
-108156
-103427
-103120
-72935.4
-79903.1
-78601.5
-80694.9
-83974.2
-84337.5
-101334
-101987
-82099.3
-84385.8
-85681.8
-97278.7
-88311.6
-106527
-108385
-102791
-112421
-72275.9
-70447.4
-95554.7
-104443
-99131.9
-100585
-125008
-123886
-142301
-129332
-140902
-143118
-114552
-118253
-137652
-125390
-105961
-116701
-109891
-113553
-121800
-120396
-69772.6
-75879.8
-72680.8
-72721.6
-66281.9
-78854.2
-79162.5
-82527
-75749.5
-2222.81
-6744.73
-6820.26
-3209.64
-5537.31
-1932.97
-1869.29
-2038.98
-5876.93
-4975.58
-4414.39
-2809.59
-4378.41
-9887.07
-7686.16
-7382.41
-6340.05
-6332.75
-5658.4
-22866.6
-20769
-21158.6
-22515.3
-17977.8
-17827.1
-19057.3
-19480.8
-17377.5
-12500.2
-8191.67
-11253.9
-13390.8
-12943.3
-24032.8
-21473.7
-20334.9
-18938.8
-19430.5
-18168.3
-11409.3
-12201.8
-18597
-17188
-13872.7
-16372.3
-4973.73
-6222.51
-4676.89
-6596.97
-13111.3
-11573
-9800.72
-7787.55
-9353.87
-8208.43
-216228
-240896
-235870
-241739
-202250
-204638
-208513
-235014
-216623
-226993
-222002
-248548
-228847
-196075
-198663
-191939
-208809
-210343
-215253
-107496
-127441
-141137
-132150
-136111
-141840
-146256
-136950
-151466
-184126
-190448
-196366
-178539
-117085
-114104
-167619
-184617
-178870
-173037
-219964
-201935
-199361
-195406
-146247
-160042
-149933
-153541
-165857
-162779
-185953
-189931
-155375
-158912
-160911
-183791
-168455
-210962
-223344
-178148
-152700
-217571
-195354
-224597
-213069
-245521
-219380
-173600
-149125
-145556
-175037
-194897
-190219
-200502
-63062.4
-63194
-61088.4
-97434.1
-110520
-99976
-107525
-105074
-113524
-102523
-116539
-125322
-137756
-140795
-122807
-65342.4
-65274
-67501.3
-117768
-134721
-131687
-120292
-217760
-194497
-197686
-188432
-136418
-151867
-138320
-120912
-157058
-150552
-170054
-178373
-142610
-124388
-127878
-172965
-155361
-119320
-106248
-103496
-101431
-70033.2
-78005.8
-75933.2
-68831.7
-65877.3
-82053.9
-81165.2
-97017.5
-99055
-79427.6
-71827.9
-94687.2
-85024.5
-84777.3
-89825.4
-82264.8
-92734.4
-48384.1
-77286.7
-86938.3
-79770.6
-84069.6
-150701
-124797
-121231
-141812
-126399
-131809
-136660
-109449
-97174.9
-100487
-131717
-118313
-101150
-112622
-105509
-93888.8
-117291
-113930
-58010.8
-64709.8
-62067.2
-60346.9
-45510.9
-65092.8
-67386.9
-70101
-62707.3
-69313
-68260.4
-56490.4
-57181.5
-64568.3
-58983.2
-65007.2
-49911
-51980.3
-61531.3
-55484.2
-53662.3
-54160.5
-50916.4
-46507.4
-50785.8
-55725
-54083.1
-38469.9
-39949.7
-36820.8
-31867.9
-33899.7
-33785.3
-31874.2
-37778.9
-35986.4
-35755.7
-38136.4
-56122.1
-55155.2
-57884.1
-53601.7
-43109.5
-41641.8
-44855.3
-48764.1
-52502.6
-49927.6
-51149.1
-46348
-42119.9
-36375.5
-39054.9
-26156
-28204.2
-33935.7
-33095.4
-31810.1
-30655.8
-33071.7
-43627.2
-41522.9
-36129.7
-35425.1
-38396.6
-38646.6
-35563.9
-66477
-66396
-53318.4
-49176.9
-62706.4
-56298.8
-50145.3
-51318.4
-61899.1
-54914.5
-50374.6
-46588.6
-44054.8
-43928.8
-48904
-53074.6
-52210.2
-26721.8
-25249.2
-27639
-26994.3
-25753.9
-30618.2
-29580.2
-28783.1
-31579.1
-46758
-47011.1
-49412.9
-44603.7
-30161.2
-29116.9
-40412.2
-44660.4
-42355
-42489.8
-46476.4
-41209.7
-36232.6
-38069.3
-23556.5
-26130
-29626.6
-28050.3
-26024.9
-28612
-30492.2
-41058.6
-39591.6
-31940.4
-30144.4
-36692.5
-32995.6
-5975.21
-5391.01
-2431.98
-4158.56
-612.033
-822.704
-713.148
-3171.09
-3267.57
-2143.5
-1516.38
-2865.67
-7789.21
-5905.46
-4340.23
-4441.42
-5642.74
-4658.62
-3987.02
-17244.7
-15660.8
-15783.3
-17199
-11658.9
-10465.2
-12733.1
-12978.9
-14176.4
-14362.7
-12739.4
-12408.2
-7447.66
-9767.05
-12734.8
-11451.7
-21437.9
-19346
-15770
-15329.2
-17304.3
-15658.9
-9205.09
-10205.7
-14112.3
-13783.7
-12300.4
-11825.1
-13917.5
-2766.21
-3679.31
-2481.13
-3999.78
-8174.51
-9397.84
-7120.55
-6492.84
-4905.68
-6137.35
-5250.66
-300875
-22052.3
-293008
-183363
-292315
-182998
-24818.7
-7035.67
-232425
-126624
-132488
-48378.7
-48566
-6850.97
-133168
-104321
-80180
-73948.8
-52367.4
-56994
-1460.18
-26785.3
-22110.5
-1619.08
-7957.7
-121571
-79703.2
-78160.9
-84171.5
-117533
-108698
-54574.1
-58107.7
-77287.1
-72251
-75503.7
-82871.2
-89938.3
-128436
-117115
-203895
-269151
-54861.8
-57134
-72183.2
-69612.3
-75604.3
-70308.4
-51075.5
-55219.7
-53029.7
-49769.7
-36706.8
-39738.4
-28104.9
-32589.7
-49468.7
-45383.7
-19446.4
-22785.8
-35548.1
-32464.2
-52833
-50492.1
-37612.8
-40433.7
-69488.5
-28254.4
-32786.7
-50627.1
-46201.5
-69572.1
-19693.8
-23093.5
-36225.1
-33225.1
-26690.8
-22021.9
-1651.41
-7991.66
-18420.5
-15022
-3219.2
-5030.29
-18615.9
-15165.7
-14591.1
-2958.68
-5039.37
-66024
-71557
-150950
-63896.7
-58903.3
-15900.1
-20664.4
-14480.1
-9536.99
-93942.4
-87082.6
-97223.4
-105035
-63744.6
-59818.8
-65669.5
-70101.9
-262170
-100977
-92963.2
-104351
-113384
-210907
-261562
-61701.6
-59421.3
-64295
-66674
-210453
-63320
-68061.4
-61342.4
-56985.7
-45275.8
-48372.2
-43978.7
-40949.9
-38294.1
-34004.1
-39734.9
-43880.4
-27100.9
-23838.8
-28185.8
-31352.8
-109680
-46210.8
-48679.5
-44570.5
-41933.3
-38683
-34275.5
-40219.9
-44582.7
-37326.8
-65112.3
-27549.2
-24239.6
-28765.6
-31932.4
-37572.8
-15846.6
-20620.4
-14460.2
-9531.66
-10543.2
-14020.2
-9542.89
-5997.2
-1927.99
-10626.2
-14144.8
-9627.45
-6013.5
-308800
-93768.8
-170118
-433.336
-19434.3
-308067
-285203
-190121
-284531
-189734
-93746.8
-169800
-78834.3
-27731.4
-78876.5
-27846.8
-1442.07
-243.847
-19437.6
-1483.31
-1174.49
-843.452
-235532
-121002
-73558.2
-89348.5
-92015.4
-138662
-124168
-127912
-104416
-4271.81
-2635.89
-10450.3
-9221.08
-8686.49
-22629
-15236.3
-13852.9
-201269
-216793
-247154
-183988
-186930
-225175
-143040
-166541
-169890
-187321
-159872
-246589
-164588
-224676
-129856
-114011
-151298
-120869
-69128.7
-62961.8
-86599.1
-138459
-117474
-103831
-97783.1
-62390.5
-63480.2
-56427.1
-48251.2
-48373
-44557.1
-28678.2
-40741.5
-40344.4
-59428.3
-56573.9
-44714
-44765.2
-25249.6
-24065.5
-36807.6
-34527.6
-4023.49
-1023.6
-6835.21
-8533.84
-19314.1
-18616.2
-11015.1
-10874.2
-293583
-137170
-157574
-163759
-152839
-168684
-98986.8
-88406.6
-93300.2
-85267
-87360
-90249.5
-82570.1
-86671.6
-78276
-87869.5
-96317.4
-90723.3
-93281.3
-79527.8
-75736.3
-163633
-160485
-154327
-59815.5
-64115.2
-61870.2
-60157.3
-61876.6
-53758.5
-55576.6
-57857
-57504.5
-55887
-59643.2
-874.013
-1009.47
-1533.71
-24307.3
-23801.6
-21793.4
-23387.7
-22183.7
-27458.4
-25193.1
-25365.1
-26608.1
-26973.7
-25000.8
-22706.8
-23738.9
-16965.4
-19849.4
-17557.2
-5707.26
-7338.74
-5545.24
-8130.15
-7684.89
-3646.01
-5843.16
-3596.26
-1809.89
-1658.08
-3539.57
-81222.5
-79748.8
-82478.9
-114958
-111105
-55502.2
-57133
-75858.8
-73581.6
-289084
-75177.9
-74563.8
-80367.5
-88917.1
-80417.4
-90065.5
-270760
-277461
-263285
-99329.3
-109367
-97802
-102505
-106030
-89740.6
-84907.8
-96460.9
-99504
-93452.2
-102686
-87765.1
-132839
-139100
-144579
-149179
-134675
-124600
-143587
-158769
-148169
-154003
-128691
-120126
-196964
-179519
-186046
-267031
-276810
-259799
-65246.3
-72696.1
-58982.2
-65899.3
-71309.1
-54958.1
-57107.7
-63597.5
-68504
-62855.9
-69925
-69758.7
-76527.6
-84277
-85498.9
-69794.6
-76357.7
-72476.4
-72049.7
-69355.2
-78416.5
-87821.2
-78465.2
-86642.8
-196557
-178305
-184686
-74113.8
-71716.5
-52313.7
-53991
-52125.9
-50658.4
-37636.5
-38825.6
-29668.6
-31077.1
-48214.6
-46665.3
-20605.2
-21648.5
-34587.9
-33454.7
-98944.3
-88619
-93471.2
-58803.6
-62728.2
-64199.6
-57903.6
-52657.5
-60405.9
-67086.8
-61220.1
-65644.2
-52202.2
-50747.4
-163339
-159664
-153623
-40920.5
-44781.9
-49180.6
-47655.4
-45960.4
-38339.6
-41727.4
-39778.5
-43295.3
-44595.8
-42081.2
-46122.3
-74432.7
-74099.2
-70010.3
-32187
-31748.2
-33183.1
-33708.5
-33369
-31524.7
-29043.4
-29803.4
-30168.6
-28241.2
-28549.2
-29871.7
-31278.3
-49614.1
-50308.8
-49353.6
-51310.6
-48490.9
-53001.3
-49250.5
-52123.5
-55379.4
-54008.1
-53338.8
-48134.3
-47576.9
-30786.7
-27525.4
-30348.9
-74739
-74162.9
-70340.2
-23307.6
-25372.4
-23088.2
-24608.3
-23983.8
-20855
-21965.6
-22027.4
-21249.6
-20745.1
-22602.4
-37922
-38523.2
-40031.2
-33878.6
-36652
-35426.1
-34091.2
-39364
-43067.4
-40606
-41549.8
-30946.5
-27166.1
-30056.2
-25082.4
-23673.1
-3699.17
-5878.38
-17237.2
-16227.3
-3244.05
-3832.86
-601.828
-460.714
-862.116
-17011
-16008.8
-17289.4
-15758.3
-17427.4
-18222.3
-19907.8
-19493.4
-18591.4
-15004.2
-16381
-16936.5
-19320.2
-16981.4
-3525.12
-4745.47
-3467.09
-4882.17
-4853.88
-3047.68
-3793.18
-1277.95
-1210.84
-909.291
-249032
-194195
-176294
-181596
-188590
-115331
-114002
-108660
-76646.6
-75189.8
-77085.2
-80449.1
-96808.6
-88159.6
-92387.7
-101123
-92435.3
-95624.9
-97650.4
-104677
-102240
-98898
-108307
-74859.4
-77539.5
-84474.5
-76793.5
-80093.9
-81725.2
-67619.4
-75180
-76373.5
-78985.4
-72764
-69875.5
-90935.3
-89312.8
-94253.9
-86272.2
-87692.9
-80408.6
-83299.8
-84530.7
-144755
-130671
-136435
-135648
-119310
-123038
-130475
-110681
-105330
-108940
-115495
-67116.2
-66978
-64493.7
-69836.6
-64463.5
-59712.6
-62070.7
-61882.2
-63980.9
-66090.6
-66461.5
-62329.2
-63921.3
-68819.9
-68017.7
-62377.9
-68232.9
-73771.1
-70521.1
-71289.2
-60363.1
-75491.4
-69530.3
-72628.4
-72142.8
-78430
-77579.7
-81443.2
-74829.4
-3160.76
-5435.2
-4259.02
-2316.27
-3690.23
-3212.53
-8422.37
-8908.6
-7759.84
-7012.92
-23144.6
-21748.9
-23382.7
-21477.7
-24832.3
-26695
-25030.7
-26544.3
-19513.2
-19015
-20192.9
-21146
-20625.5
-18610.9
-16340.1
-17580.6
-17465.5
-15450.1
-17023.8
-15847.1
-19006.7
-18189.8
-20122.3
-19827.3
-18506.5
-16568.3
-15308.6
-16902.2
-14962.9
-10508.5
-9781.83
-11514.1
-21996.6
-22115.1
-20751
-20042
-12995.9
-16895.9
-15492.6
-14648.4
-5215.21
-7214.9
-5437.45
-6917.28
-3424.33
-1987.54
-3517.15
-2111.31
-11086.6
-9050.55
-9832.64
-9392.99
-10674.9
-14803.5
-12751
-12656.9
-13860.9
-14291.5
-12278.4
-11328
-10176.6
-8893.72
-8567.38
-10514.1
-11769.5
-13712
-13364
-12114.8
-91991
-88899.7
-99317.3
-102792
-62664.3
-60847.5
-66826.5
-68860.9
-221525
-118104
-101359
-102835
-116174
-229390
-210680
-222972
-254627
-234102
-241287
-189986
-192759
-198003
-204138
-103876
-108849
-112869
-105509
-116358
-98491.4
-110301
-101233
-95293.3
-111996
-123667
-120020
-115512
-119674
-116406
-112752
-123622
-115805
-105670
-109166
-112017
-132442
-120151
-123963
-127861
-137116
-132229
-127869
-141876
-172260
-155865
-160837
-166984
-177621
-171053
-165913
-183064
-121079
-126108
-139926
-130371
-135493
-107007
-124231
-110562
-122480
-127489
-118799
-131288
-156683
-150959
-161790
-146155
-151660
-136790
-146726
-141420
-218002
-213015
-206148
-151676
-144585
-148250
-157189
-180047
-164360
-174211
-205726
-182721
-156282
-200523
-254041
-231504
-238480
-169078
-180060
-185122
-68156.3
-74044.8
-60891.1
-67584.4
-75408.6
-61809.2
-59379.9
-69866.4
-78041.4
-76719.2
-70329.8
-87683.1
-80544.1
-78831.1
-89788.7
-85575.7
-75375
-77106.8
-83466.8
-93970.7
-82238.7
-83924.3
-91884.5
-96046.8
-87254.5
-85593.8
-98119.3
-110287
-95275.5
-96829.2
-108293
-112264
-99874.9
-98355.3
-114229
-74249.1
-83090
-74517.8
-81834.9
-64133.6
-67517.4
-66887.3
-72463.3
-79314.5
-72089
-80611
-104261
-93708.6
-106285
-92115.2
-102225
-88888.5
-100180
-90514.4
-217527
-210994
-204303
-141080
-134068
-117451
-145792
-165113
-146937
-160216
-64614.3
-66719.7
-60086.2
-58221
-46146.6
-47493.7
-43096.8
-41847.1
-36886.5
-35462.7
-41097
-42561.7
-26019.9
-24950.5
-29235.2
-30332.6
-115221
-113944
-108668
-73667.5
-72499.1
-77380.1
-92951.3
-82981.9
-74868.7
-88953.9
-77116.9
-68354
-70119.1
-75000.5
-79231.2
-73632.5
-71877.6
-81349.1
-49991.6
-55355
-61260.3
-56318
-59773.5
-46626.5
-47772.9
-50535.9
-48343.2
-53795.1
-56778.7
-58285.4
-52768
-70773
-66583
-72885.8
-64807
-68667.4
-61247.9
-63028.4
-66567.6
-144530
-130373
-136045
-127255
-113438
-122756
-105348
-101618
-90629.9
-109608
-54153.8
-52355.8
-50590.6
-56194
-52133.4
-47078.8
-48827.1
-50131.2
-43979.7
-48610.1
-50707.7
-47471.8
-52236.9
-44071.1
-46188.6
-43234.9
-42511.2
-50133.9
-55270.4
-51214.6
-53753.9
-60310.7
-54127.3
-58246.6
-55904
-62384.2
-59466.5
-64469.9
-57682.7
-65779.6
-59400.3
-60288.1
-62335.3
-60651.4
-53589.3
-57474.4
-51222.6
-49483.3
-52557.3
-36614.6
-34876.3
-35328.8
-34970.3
-36574.9
-37249.8
-35742.5
-38239.6
-40059.3
-38312.3
-39904.8
-31836.3
-33534
-31788.9
-33666.1
-30041.1
-28374.3
-30069.3
-28280.1
-37439.2
-35305.4
-37106.3
-35532.5
-39392.2
-40817.1
-38942.9
-41393.7
-54520.4
-50823.5
-52963.9
-52192
-56911.6
-57405
-55158
-59366.1
-44981.4
-47409.1
-46736.1
-45531.7
-41624.1
-46328.3
-43196.8
-43277.6
-41858.6
-41566.9
-43667.5
-47706
-48727.7
-49921.1
-46682.2
-45546.7
-42731.4
-43444.3
-44682.6
-40873.7
-42903
-39578.4
-28369
-30847.3
-30674.4
-40842.6
-37841.5
-38155.2
-63001.1
-56335.6
-51825
-59608.1
-60778.4
-53938.7
-57857.2
-47504.5
-46889.4
-49938.2
-25444.7
-27229.6
-26785.8
-25923.9
-28208.9
-26507.6
-27799.2
-24336.1
-25328
-28572
-31101.6
-29653.1
-29877.3
-24768.3
-25761.3
-24271.3
-26381.2
-23195
-21364.3
-22801.9
-21656.7
-29710.7
-27280.6
-28821.5
-28030.1
-31422.4
-31976.3
-30389.4
-33168.9
-44247
-40202.6
-41898.9
-42332.1
-46183.4
-45339.7
-43613.4
-48144
-31497.9
-33942.2
-37019.4
-35229.4
-35528.3
-29754.4
-32501.4
-31002.9
-32549.7
-32569.6
-31253.4
-34043.6
-38582.3
-38521.2
-40443.2
-36858.5
-36751
-33584
-34948.3
-35212.6
-41101.3
-42933.5
-39519.1
-25772.3
-27396.3
-28085.2
-38278.4
-34334.3
-32303.9
-35592.2
-17550.5
-18940.8
-12721.3
-11327.1
-11795.4
-12795
-8254.55
-7262.85
-2884.83
-4646.54
-3465.35
-905.379
-2069.14
-1838.54
-6445.66
-5560.32
-5178.74
-17265
-15887.6
-17216.8
-15870.6
-18690.8
-19954.5
-18574.3
-20152.3
-13322.1
-14737.9
-13904.3
-14569.2
-13485.6
-11898.6
-12903
-12153.8
-11000.6
-12237.3
-10914.2
-13177
-14580.6
-14507.7
-13297.3
-11871.3
-10765.8
-12025.3
-10581.6
-10386.8
-9065.41
-10826.4
-19416.5
-17502
-16938.8
-17491.2
-10697
-12527.9
-12265
-3028.38
-4523.51
-3254.95
-4283.43
-1780.86
-1508.45
-2028.84
-1165.35
-7310.22
-6031.04
-5913.59
-6057.96
-7270.92
-8312.21
-7320.02
-8480.12
-9757.57
-9743.31
-8518.3
-6798.35
-5789.46
-5549.54
-7030.1
-8048.65
-9515.29
-9306.39
-8273.58
-1293.69
-1461.97
-1676.36
-1053.76
-1498.31
-1193.98
-310.668
-301.97
-193.623
-229.776
)
;
    }
    procBoundary7to2
    {
        type            processor;
        value           nonuniform List<scalar> 8(-86474.7 -86474.7 -68864.4 -68864.4 -68864.4 -108891 -92448.1 -91140.4);
    }
    procBoundary7to3
    {
        type            processor;
        value           nonuniform List<scalar> 
49
(
-126670
-77247.6
-310761
-319699
-226015
-239257
-238053
-211792
-201799
-226113
-184344
-188362
-207272
-174366
-137761
-172869
-157230
-155949
-275471
-296428
-154991
-142015
-124436
-124436
-83819.5
-272033
-305038
-77099.3
-78771.4
-261978
-248729
-246936
-227218
-162815
-140473
-126954
-172117
-82616.2
-110689
-102143
-91172.1
-198403
-154223
-185345
-168888
-120051
-125265
-104325
-140765
)
;
    }
    procBoundary7to6
    {
        type            processor;
        value           nonuniform List<scalar> 
328
(
-62219.1
-46211.7
-23499.9
-64590.5
-64590.5
-64590.5
-83367.3
-83367.3
-83367.3
-55000.9
-55000.9
-55000.9
-67105.2
-67105.2
-67105.2
-62219.1
-62219.1
-46211.7
-46211.7
-53225.2
-53225.2
-53225.2
-39882.3
-39882.3
-39882.3
-26239.6
-26239.6
-26239.6
-43882.4
-43882.4
-43882.4
-22189.3
-22189.3
-22189.3
-37818.9
-37818.9
-37818.9
-23499.9
-23499.9
-2559.8
-19806.4
-19806.4
-19806.4
-2947.45
-55320
-53055.8
-15046
-12148.5
-72085.9
-72085.9
-72085.9
-74747.1
-74747.1
-74747.1
-60217.3
-60217.3
-60217.3
-61934.1
-61934.1
-61934.1
-55320
-55320
-53055.8
-53055.8
-47725
-47725
-47725
-45824
-45824
-45824
-34127.3
-34127.3
-34127.3
-36641.7
-36641.7
-36641.7
-29133.8
-29133.8
-29133.8
-31369.6
-31369.6
-31369.6
-15046
-15046
-12148.5
-12148.5
-12486.1
-12486.1
-12486.1
-9966.04
-9966.04
-9966.04
-59890.9
-48510.4
-20715.4
-67017.3
-67017.3
-67017.3
-80378.6
-80378.6
-80378.6
-56754.4
-56754.4
-56754.4
-65372.8
-65372.8
-65372.8
-59890.9
-59890.9
-48510.4
-48510.4
-51423.1
-51423.1
-51423.1
-41903.3
-41903.3
-41903.3
-28925.4
-28925.4
-28925.4
-41514.9
-41514.9
-41514.9
-24539.8
-24539.8
-24539.8
-35712.4
-35712.4
-35712.4
-20715.4
-20715.4
-5536.54
-9198.68
-5833.94
-7927.07
-3229.3
-3078.81
-17395
-17395
-17395
-4449.31
-7422.92
-3213.38
-3096.01
-3793.18
-4875.64
-57595.1
-50788.7
-17894.4
-9198.68
-69513.1
-69513.1
-69513.1
-77508.9
-77508.9
-77508.9
-58492.8
-58492.8
-58492.8
-63651.4
-63651.4
-63651.4
-57595.1
-57595.1
-50788.7
-50788.7
-49590.3
-49590.3
-49590.3
-43883.7
-43883.7
-43883.7
-31555.9
-31555.9
-31555.9
-39103.5
-39103.5
-39103.5
-26856.1
-26856.1
-26856.1
-33562.9
-33562.9
-33562.9
-17894.4
-17894.4
-9198.68
-9198.68
-14955
-14955
-14955
-7422.92
-7422.92
-7422.92
-3213.38
-3096.01
-3271.02
-73438
-71963.2
-75525
-77126.6
-103107
-105848
-100176
-97678.1
-58026
-57261.5
-60602.3
-61415.3
-85918
-87149.3
-82150.5
-81012.5
-68635.1
-69997.1
-66778.4
-65507.2
-50422.8
-49314.3
-51854.3
-52947.5
-54119.3
-54859.2
-51885.8
-51163.2
-36966
-36170.7
-38438.2
-39211
-29336.7
-27829.9
-30734.7
-32178.5
-46780
-47913.5
-45399.1
-44227.6
-20000.2
-18890.8
-21036
-22115.5
-33948.3
-34782.8
-32636.7
-31765.8
-24863.2
-26423.2
-23450.3
-21842.4
-3700.9
-1859.05
-5833.94
-7927.07
-16730.8
-17877.8
-15739
-14566.9
-3344.18
-3465.46
-3793.18
-4875.64
-83452.1
-85364.2
-81092.7
-79348.8
-89954.5
-87864.2
-92599.8
-94887.7
-67990.4
-68901.9
-65031.4
-64174.3
-73037.3
-72056.1
-76390.3
-77453.9
-60888
-59738.8
-62553.8
-63754.1
-57038.5
-58152.1
-55513.7
-54418.5
-46439.9
-45727.4
-48370.1
-49089.9
-43199.7
-43926.6
-41521.7
-40777.3
-36320.4
-37642.4
-34949
-33561.7
-40279.6
-39010.3
-41645.4
-42858.6
-25321.7
-26320.8
-24217.2
-23181.3
-28416.6
-27463.4
-29605.1
-30521.2
-17384.1
-15720.4
-18789.1
-20427.7
-12619.3
-14321.7
-11218.3
-9467.37
-11413.6
-10180.8
-12381.2
-13589.3
-7946.4
-9213.72
-6997.01
-5776.64
-3229.3
-3078.81
-2104.96
)
;
    }
}


// ************************************************************************* //
