/*--------------------------------*- C++ -*----------------------------------*\
| =========                 |                                                 |
| \\      /  F ield         | OpenFOAM: The Open Source CFD Toolbox           |
|  \\    /   O peration     | Version:  2012                                  |
|   \\  /    A nd           | Website:  www.openfoam.com                      |
|    \\/     M anipulation  |                                                 |
\*---------------------------------------------------------------------------*/
FoamFile
{
    version     2.0;
    format      ascii;
    class       volScalarField;
    location    "0.104/solid";
    object      sigmaMid;
}
// * * * * * * * * * * * * * * * * * * * * * * * * * * * * * * * * * * * * * //

dimensions      [1 -1 -2 0 0 0 0];


internalField   nonuniform List<scalar> 
3125
(
-4715.18
-3197.08
-1482.08
-566.863
-221.81
5170.1
-3519.9
-5040.47
1868.05
4671.94
1567.43
80.0307
-618.708
-1316.17
-533.082
-50.0082
-232.305
-182.021
-551.013
-180.22
8673.05
1697.55
-486.874
-547.12
-1422.55
-2339.7
-1085.68
602.474
-552.981
-771.816
-2093.56
-1039.95
-365.429
-345.01
-443.268
-450.29
-376.538
-385.939
-350.325
-270.372
-403.25
-365.92
140.983
1635.93
8096.6
4419.52
-4534.8
-1459.58
-786.199
1390.17
-4840.08
-550.082
972.494
3943.61
112.724
-54.0921
2920.33
374.673
834.375
1533.92
3322.31
911.047
-200.397
-76.6103
-366.6
-312.022
319.506
799.203
0.304912
-216.618
-303.034
-239.137
590.184
-36.8945
-479.239
-431.139
-831.403
-454.058
-551.992
-740.976
-927.944
-570.346
-391.053
-426.506
-373.967
-404.688
-410.244
-424.145
-384.449
-261.424
-342.806
-373.959
-418.764
-408.485
-313.603
-402.69
-426.994
-564.663
-421.537
-419.907
-408.038
-289.172
-545.874
-417.596
27620
-2079.8
2040.81
2882.39
-1044.23
-2891.51
-910.239
10060.7
7891.85
-614.447
-1664.35
-674.919
-306.648
-224.697
-504.287
-524.683
-494.989
131.538
23.8913
-268.71
-332.016
-434.386
-16467.1
2081.42
26328.8
22652.2
-3855.57
-1070.16
-1232.64
-2028.39
-5159.4
-1767.45
10841.7
13368.1
-15722.8
-13613.5
2196.1
757.265
960.777
1984.47
4197.39
1704.84
-6977.85
-8374.84
-2137.9
-2735.68
681.385
1289.14
502.508
-6548.4
-5370.07
-83.7856
230.845
26.6533
1840.1
1317.72
-677.005
-504.479
-514.999
-607.669
-1170
-564.605
174.761
335.063
-1965.02
-1521.49
-502.712
-480.874
-446.769
-133.214
-163.075
-222.729
-625.884
-736.847
-387.101
-527.141
-82.1278
-242.629
-501.286
-561.07
-519.312
-598.535
-528.604
-225.802
-450.308
-519.818
18169.3
-2182.72
4839.2
3331.51
1209.61
-512.601
1695.95
2541.58
-521.323
1881.78
-1110.49
-1280.38
-978.247
-2604.02
-783.475
-889.893
-1230.34
-838.756
-945.248
5394.87
7225.39
5810.29
-346.569
4310.73
2808.85
-497.897
3869.86
-642.268
-874.945
-706.492
-1868.72
-768.38
-685.512
-913.255
-812.599
-726.703
-127.434
-197.119
-411.403
-304.692
-333.2
-269.612
-317.851
-316.513
-479.348
-414.318
-465.033
-481.397
-478.13
-493.566
-405.659
-441.876
-460.333
-101.313
-7.62138
-105.898
-371.79
-174.749
-254.085
-368.454
-194.432
-278.63
-310.503
-380.143
-386.255
-471.556
-439.925
-329.578
-434.465
-396.997
-11370.3
1814.35
17263.8
6444.78
14681.6
18204.4
21491.5
5919.71
11552.7
13865.6
-4197.65
-1458.92
-1264.58
-1150.28
-1435.6
-1307.39
-1540.61
-1338.85
-1354.56
-2112.64
509.356
-1870.86
-5071.81
-1497.11
-1722.94
230.542
-1595.57
-1808.04
17172.8
14271.8
6359.12
2168
8139.97
10826.1
2593.18
8777.99
-10865.2
37.7613
-9433.14
-11085.1
-12949.9
11.9217
-7715.15
-8983.2
2548.55
1270.84
1042.46
602.356
555.865
791.066
1071.61
621.479
861.384
1725.51
1249.05
1466.97
3749
1358.1
1612.37
1159.81
1148.53
1384.48
-10502.5
-8876.94
-4918.65
-151.39
-5870.9
-7319.74
-134.645
-6213.46
-3744.37
-2963.7
-1608.06
-346.03
-2019.95
-2711.25
-339.368
-2177.19
539.767
169.705
374.958
1035.23
277.728
433.119
124.164
175.145
319.156
-4035.49
-5010.09
-4626.4
-255.91
-3821.83
-2910.92
-269.259
-3576.96
-138.975
-163.186
-37.722
401.545
214.807
82.2906
-134.7
126.104
5.27752
1068.91
-456.012
703.356
777.507
1166.44
-450.284
330.151
598.779
-747.219
-532.239
-514.795
-482.961
-489.977
-499.03
-527.582
-503.386
-503.571
-627.044
-658.27
-578.556
-1039.69
-533.343
-561.341
-634.159
-534.165
-567.626
668.77
403.644
-78.4011
-404.882
28.504
255.544
-409.566
74.0052
-1489.54
-388.841
-1182.11
-1077.57
-1394.26
-393.435
-874.18
-1094.62
-460.393
-369.06
-420.005
-461.908
-413.243
-432.625
-371.487
-408.17
-415.636
-174.848
-317.533
-255.557
-259.753
-334.645
-264.034
-333.211
-348.287
-284.386
-990.705
-787.823
-558.6
-416.614
-636.473
-814.218
-415.485
-672.509
-398.709
-292.406
-83.9649
-365.713
-295.754
-401.364
-375.34
-330.534
-473.094
-429.14
-487.027
-563.626
-534.406
-531.373
-427.559
-492.76
-491.977
-427.949
-505.59
-539.92
-417.939
-491.38
-422.219
-416.059
-475.643
-253.046
-389.604
-460.482
-549.092
-538.265
-521.301
-399.476
-491.43
-470.335
19655.9
20557.2
2132.09
2377.4
7726.71
7222.47
-113.384
30.6325
321.495
309.642
-7022.37
-7377.14
18771.4
17916.2
8253.83
8800.61
-6679.74
-6347.61
-2786.75
-2977.15
-909.813
-969.757
-2607.5
-2435.79
1898.01
1684.1
343.535
361.371
-855.714
-809.438
-545.474
-552.35
-323
-146.523
-369.831
-208.674
-297.626
-544.037
-538.799
-345.663
-191.663
-413.056
-153.005
-293.802
-420.832
-166.953
15262.9
9261.91
16081.3
17021.4
16123.7
10583.4
-315.405
2012.54
11484.6
12242.6
-52.8704
9861.98
4225.23
3871.07
414.95
-494.465
56.9133
98.5677
499.782
386.099
1133.69
-538.255
331.96
1012.36
579.024
-1157.9
1035.93
-1377.28
690.93
644.402
-1108.58
284.966
201.426
-1132.21
-856.005
245.47
232.736
-892.973
4595.56
4987.58
3625.82
3222.06
251.321
2643.33
3112.63
443.451
1262
-554.122
506.165
1397.2
-61.8315
-624.546
-803.789
-64.7202
-36.5324
-647.124
-96.1458
138.574
161.181
-995.114
-821.211
124.304
184.601
-787.222
206.364
201.916
-572.97
-301.524
-348.138
-299.495
-444.989
-307.619
-387.042
-336.761
-306.871
-391.01
-389.069
-421.699
-322.051
-433.989
-325.413
-382.571
-417.573
-392.15
-335.595
-386.373
-380.941
-335.608
-389.796
-388.387
224.251
232.67
-316.474
-286.606
-381.201
-290.61
-327.511
-312.294
-380.105
-357.516
-304.535
-373.938
-352.071
-262.434
-285.335
-380.538
-307.959
-285.546
-395.248
-379.436
-332.083
-354.553
-373.126
-327.34
-384.842
-364.027
-6708.14
167.85
-2308.32
-6998.76
-2413.71
-2367.75
1874.64
1740.69
-704.356
1974.07
-740.025
-2269.4
14421.5
15162.1
7533.29
14262.6
13600.9
13236.1
13955.9
9308.13
4907.41
9092.24
10082.4
9794.78
793.534
-1208.39
1483.78
-1481.01
713.581
1977.53
-1260.33
3410.77
5361.61
-1567.37
-1001.97
3995.2
4757.25
-1523.97
8467.45
-569.922
10742.9
1090.15
9157.82
10017.3
-812.63
5208.62
5980.61
-299.527
-1594.62
6616.02
4595.52
-1591.9
12531.1
11859.1
4157.57
3818.14
1357.53
4434.31
4708.17
8553.35
8408.58
3480.69
7816.27
7744.86
-6425.59
-2204.14
87.6347
-6149.1
-2101.7
-4572.62
-4841.13
-1574.04
-33.2113
-4656.11
-4886.67
-1651.78
-1135.37
610.952
432.095
-328.773
672.511
-342.536
-1080.43
-1446.35
-450.51
1090.93
760.618
1016
-1516.29
-429.519
-2082.51
1777.61
-669.843
1436.05
-2174.44
1683.2
-637.68
-1663.89
-472.485
991.415
1167.97
1248.09
-496.931
-1589.66
-4312.84
-4068.96
-3070.55
-186.138
-1039.11
-3244.79
-1091.39
-1497.92
-4432.38
-96.3158
-4216.4
-1418.84
-1478.17
-1372.48
-1167.69
-361.049
-477.417
-1242.65
-492.397
-647.523
-1809.09
-321.291
-1699.71
-614.567
-980.19
551.008
267.61
-316.065
493.159
-1029.31
-305.224
-769.232
-263.49
39.31
189.067
234.8
-267.58
-733.867
-1587.36
-1711.33
-2904.4
-229.876
-983.74
-2744.43
-930.169
-682.312
-1923.06
-291.917
-2043.61
-712.369
-547.212
-111.579
-215.881
-261.659
-80.5811
-259.337
-528.221
-670.915
-259.602
-71.191
144.345
102.369
-257.732
-702.01
335.572
21.9037
-470.174
-11.0922
262.891
720.26
832.802
-176.885
-436.412
-80.8183
-151.182
-35.0166
-376.569
-427.11
-318.114
-465.07
-382.029
-311.789
-433.249
-325.4
-248.629
-481.526
-534.19
-310.925
-262.639
-470.993
-155.213
-603.406
-89.4619
-711.274
-125.704
-113
-583.354
-275.346
-233.091
-589.886
-492.826
-215.75
-295.206
-504.897
630.763
560.946
-302.758
-284.502
-395.313
-275.325
-287.263
-196.114
-122.34
-418.95
-212.901
-158.232
-1098.41
-460.697
-378.054
-1031.98
-444.764
-620.542
-644.75
-388.113
-401.885
-734.891
-774.628
-392.444
-414.846
-402.809
-421.748
-367.334
-395.685
-359.148
-415.588
-424.393
-311.082
-321.512
-393.15
-336.837
-428.56
-317.916
-496.655
-141.303
-265.466
-281.038
-512.771
-168.627
-270.05
-440.662
-303.824
-361.373
-304.82
-286.036
-296.836
-433.617
-603.86
-587.91
-544.342
-418.347
-376.557
-558.117
-370.011
-382.023
-698.915
-410.876
-666.706
-376.717
-450.382
-441.897
-212.969
-375.546
-101.264
-308.23
-181.366
-356.811
-447.612
-393.748
-431.346
-352.811
-416.644
-410.004
-427.268
-376.099
-414.537
-419.313
-383.604
-409.241
-402.684
-424.809
-430.009
-430.342
-402.238
-405.161
-467.878
-485.75
-533.435
-418.348
-377.915
-521.345
-378.565
-366.268
-459.979
-411.34
-471.498
-369.464
-288.009
-257.566
-376.132
-141.626
-366.285
-274.59
-151.43
-393.783
-400.949
-412.009
-428.309
-424.57
-398.04
-401.589
37371.5
28945.3
39134.6
4597.23
1776.52
2640.85
3646.74
2923.13
2640.79
3978.99
2254.28
4412.93
5385.56
2490.6
4880.53
612.888
-199.76
511.679
-35.8133
370.604
-54.2529
-232.598
474.074
6273
6735.01
14343.5
9308.23
13381.5
11584.3
8586.04
12461.7
-233.176
-175.906
-398.714
-134.216
-57.1324
-377.115
-151.805
-159.941
185.718
173.633
-183.277
-285.664
-130.803
-0.874344
-261.004
-43.9206
-438.843
-500.033
-505.613
-367.969
-501.947
-380.607
-497.507
-439.987
281.535
299.971
496.212
93.6442
445.814
352.615
60.0354
399.68
-326.892
-432.52
-440.022
-356.776
-340.907
-371.821
-386.702
-397.142
1447.82
-4262.06
-4343.35
-40.1269
131.986
249.938
97.5196
1185.8
1214.96
996.775
992.308
-2083.27
-2371.72
-2570.23
-2292.92
-4042.92
-3929.82
-3617.32
-3758.96
-13923
-17231.9
-14556.3
-2983.05
1707.94
1476.72
-2943.86
35652.6
25070.2
33983
16266.3
17075.4
23845.1
30777.2
32354.9
668.034
-21.3065
762.883
-155.871
927.758
-107.989
-3.5385
838.434
2280.23
1572.23
3270.48
779.724
2257.07
280.652
787.822
1936.68
9959.35
9366.61
15342.5
11653.2
16388
18604.3
12495.1
17472.5
-13306.8
-14998.5
-12705.5
-5713.44
-6019.18
-14294.2
-11556.1
-12120.6
-1412.16
732.105
747.953
-1402.79
-1547.65
835.887
842.598
-1565.62
-2702.85
1379.1
1574.75
-2742.36
-2511.56
1446.6
1287.02
-2480.73
-3386.4
-3171.44
-6089.28
-7423.79
-6453.7
-7234.75
-7888.23
-6835.2
23.5586
-164.817
-277.12
-72.9269
-717.336
-465.204
-417.931
-671.238
-2185.6
-1884.59
-1701.19
-2008.63
-891.958
-1224.68
-1326.92
-989.942
-790.722
-600.157
-604.38
-802.588
-502.091
-753.565
-778.416
-533.889
-459.16
-692.631
-731.607
-481.297
-1128.95
-804.037
-727.265
-1039.23
-1109.73
-1032.77
-2147.55
-2322.54
-2295.36
-2627.76
-2520.06
-2453.99
-1263.81
664.796
-1277.04
628.407
-1147.24
530.052
584.116
-1142.36
-2121.49
-2270.4
-5737.8
-6136.57
-5401.84
-4774.09
-5743.57
-5079.37
-618.303
27.6352
144.325
-628.143
-686.39
212.303
101.454
-682.626
3573.74
1654.06
3202.58
1295.21
1481.38
1480.56
2542.43
2858.27
-504.143
-349.706
-434.99
-504.989
-420.868
-500.805
-328.848
-496.899
-198.002
-422.296
-296.032
-196.166
-349.783
-219.126
-439.348
-255.598
414.932
388.249
556.873
222.056
622.139
790.733
274.068
699.351
-2010.18
-1804.98
-1881.74
-729.862
-767.604
-1657.28
-1653.27
-1762.17
-391.626
-367.94
-273.508
-405.837
-412.408
-233.982
-333.914
-400.614
-573.775
80.8914
-38.0736
-568.567
-520.37
-99.3416
21.3394
-531.564
-558.438
-554.894
-882.609
-657.578
-913.468
-986.369
-693.176
-946.23
-597.056
-764.987
-744.076
-584.276
-437.687
-430.605
-431.38
-491.19
-652.044
-440.483
-423.362
-610.471
-126.314
-274.628
-417.558
-405.761
-410.294
-429.698
-154.779
-77.6436
-133.301
-342.233
-203.16
-273.635
-396.82
-309.596
-389.257
-390.612
-380.181
-408.562
-338.706
-390.006
-524.64
-540.765
-855.572
-573.166
-826.404
-770.619
-551.13
-799.027
-431.634
-185.858
-481.801
-155.81
-476.788
-69.8654
-445.221
-200.084
-117.874
-266.598
-74.9631
-331.679
-342.138
-362.756
-320.916
17387.7
19097.5
18300.4
3220.79
3537.22
7762.35
4309.84
7110.98
5922.96
3807.59
6498.89
1075.98
1359.67
1219.28
-502.819
183.157
686.567
139.599
590.384
1520.66
1538.6
1373.34
2308.11
2301.55
2096.7
-529.716
228.419
788.42
280.174
897.203
2082.54
1712.59
1898.31
514.819
-1329.18
411.567
-1016.75
453.39
506.617
-1061.53
123.48
-91.286
227.45
-295.826
345.929
-266.836
241.791
-70.1048
339.611
-1180.04
345.963
-973.807
394.889
292.635
-932.262
5822.52
5396.88
8447.99
5977.79
9175.4
10740.8
6588.05
9939.23
5147.43
5283.59
4631.09
-74.9838
1548.33
2144.46
2085.53
2617.71
4783.51
3720.44
4150.99
2533.48
3114.4
2776.63
-542.939
1029.67
1727.21
585.717
1541.74
3467.99
3354.43
3045.87
-25.2542
-838.254
22.0567
-698.163
-7.81772
11.0941
-671.523
123.08
-327.154
17.9308
-108.567
-75.7649
-129.543
27.6325
-351.751
93.3203
-953.235
53.8782
-725.966
88.4028
50.6149
-755.488
196.62
194.476
133.494
-152.834
103.038
41.2448
-173.299
73.5231
-569.008
-365.937
-462.891
-308.961
-286.709
-407.637
-294
-430.959
-363.248
-427.573
-459.819
-369.543
-286.127
-382.604
-327.927
-293.386
-400.839
-294.976
-393.532
-298.781
-411.918
-394.001
-390.681
-424.013
-331.155
-405.755
-388.576
-326.674
-411.586
-484.098
-408.836
-431.283
-473.822
-438.043
-487.226
-495.369
-397.057
-391.572
-396.221
-331.422
-400.962
-389.217
-332.444
-396.115
269.207
256.035
173.871
-71.8371
215.759
309.067
-39.8183
263.535
-209.351
-131.296
-234.071
-377.741
-299.114
-347.816
-293.866
-338.634
-153.023
-278.023
-256.897
-354.564
-235.978
-337.464
-362.284
-297.58
-356.302
-303.62
-364.551
-215.991
-297.309
-318.133
-354.89
-302.176
-307.795
-319.388
-311.031
-356.548
-308.733
-413.376
-455.359
-466.345
-396.769
-430.63
-392.094
-377.393
-427.937
-372.79
-341.95
-313.797
-339.097
-318.725
-364.688
-351.677
511.879
417.489
254.586
373.175
593.976
662.226
824.728
786.305
-3006.95
-2776.25
-2531.03
-2776.83
-3038.41
-3245.95
-3499.38
-3314.96
-10656.3
-11889.9
-11141.5
16496.8
16379.3
15626.6
6982.69
12529.3
12019.6
13385.2
12799.8
15519.6
13951.6
14778.7
15471.6
14705
24911.8
19267.9
26306.6
29240.3
20363.1
27751
5406.96
11693.8
11257.7
10877.8
10516
10856.7
12301.5
11599
13145.7
13070.9
12361.5
1291.55
29.702
35.5179
1230.31
1025.64
13.1293
1103.7
-47.7511
1201.79
-1477.66
3037.5
-1367.99
1731.58
2497.01
-1313.27
2837.95
-1189.47
3593.7
-1421.79
2277.4
4167.07
-1474.46
7787.95
796.599
8610.18
-1250.72
9305.84
7122.3
-1042.58
1465.83
65.4909
150.935
1492.76
1707.98
359.625
1759.31
126.334
5833.47
-39.124
7930.59
-1423.11
7266.11
6471.46
-1538.39
10568.1
11202
23557.1
16174
22253.8
19774.6
15206.9
20992
5691.83
6929.5
6260.32
1756.45
5729.71
5866.19
5071.2
5277.39
7523.23
7466.28
6852.26
10136.4
10120.5
9437.2
3031.09
6404.78
6473.19
7100.16
7099.05
9437.13
8102.14
8758.75
-10184.3
-10375.2
-9725.81
60.6271
-5621.44
-1914.05
-5881.49
-2005.3
-9897.65
-8844.64
-9279.49
-5410.05
-5118.1
-9464.06
-11684.7
-9961.19
-11008.6
-12306.5
-10475.9
-11.3036
-5369.24
-1823.36
-5123.2
-1735.25
-7239.12
-8124.64
-7621.95
-8424.23
-8548.08
-8017.56
-1881.02
1009.46
1070.89
-1906.94
-1727.54
957.333
-1710.69
923.815
-1192.43
492.504
803.706
-372.531
736.848
-1250.98
-356.007
-1378.63
689.785
872.361
-389.183
942.368
-1313.41
-407.19
-1992.6
1340.67
1502.53
-575.658
1591.81
-606.387
-1905.85
-2093.18
1192.15
1101.58
-2071.46
-2266.26
1196.48
-2298.14
1318.88
-1741.27
1073.93
1415.32
-547.413
1330.53
-521.266
-1822.36
-3600.6
-3829.32
-8985.75
-9941.23
-8525.04
-7648.42
-9398.59
-8078.4
-4624.86
-5224.66
-4910.23
-169.872
-3611.68
-1218.15
-3424.48
-1150.96
-5541.79
-5514.26
-5206.65
-6869.81
-6938.91
-6513.33
-116.398
-3805.97
-1281.98
-4008.01
-1346.79
-6570.71
-5834.65
-6168.77
-470.19
-237.554
-155.75
-380.012
-305.799
-545.746
-612.989
-367.219
-1375.77
-1705.46
-1853.54
-1527.57
-1567.75
-1235.89
-1109.89
-1438.08
-592.654
-817.357
-811.203
-601.242
-813.476
-579.433
-560.139
-797.844
-836.937
-552.321
-514.912
-778.45
-600.636
-896.198
-963.125
-658.096
-1188.74
-1276.92
-3445.57
-3466.87
-3221.07
-2813.15
-3207.03
-3010.14
-1544.09
-1737.02
-1662.84
-353.656
-1408.18
-536.793
-1321.53
-513.175
-1873.63
-1924.64
-1789.21
-2566.86
-2523.08
-2391.69
-330.909
-1499.44
-561.075
-1595.8
-584.98
-2346.11
-2070.26
-2226.86
-932.28
217.048
384.364
-286.349
437.543
-887.638
-294.412
-927.991
341.85
426.593
-929.521
-1027.95
506.168
-1034.33
435.487
-807.213
80.7095
332.862
-278.342
282.327
-846.087
-271.337
-1973.7
-1836.47
-3683.84
-4343.83
-3936.67
-4481
-4668.14
-4201.25
-4351.89
-4347.03
-4090.66
-244.717
-2444.32
-839.509
-2591.46
-880.528
-4079.06
-3600.43
-3840.54
-2752.86
-3122.77
-2949.33
-281.161
-2304.55
-794.92
-2171.1
-751.246
-3345.23
-3372.39
-3156.17
-568.238
-190.102
-12.0373
-254.847
-46.8214
-256.471
-589.804
-836.227
352.564
257.131
-838.792
-753.319
178.48
-758.065
282.296
-640.33
-103.976
24.1086
-254.306
62.2781
-254.911
-614.197
941.055
937.417
814.965
-463.537
-74.7549
129.946
-42.0404
193.728
816.21
588.477
697.528
1121.71
969.836
1533.54
897.06
1748.52
2252.15
1026.3
1988.28
-442.696
-101.397
70.5955
-127.131
16.2262
224.332
411.463
303.732
487.2
500.243
391.301
-377.701
-486.651
-288.43
-462.333
-482.698
-308.842
-404.082
-493.876
-368.279
-476.561
-297.18
-446.518
-361.887
-305.22
-439.192
-340.228
-517.972
-287.333
-453.674
-352.666
-275.333
-462.142
-183.253
-683.921
-157.677
-547.975
-135.389
-208.293
-564.877
-432.342
-266.084
-473.272
-347.42
-303.772
-456.491
-394.929
-242.199
-253.501
-610.958
-177.745
-532.514
-196.753
-231.983
-517.905
457.457
502.79
1341.68
570.46
1173.46
898.961
481.983
1025.63
-181.387
-48.2528
-150.715
-399.168
-258.335
-246.3
-266.658
-267.851
-13.5448
-73.2541
-114.875
150.967
187.237
84.5365
-414.381
-248.337
-221.651
-228.779
-192.557
126.487
-27.5404
24.9306
-1434.88
-1379.99
-1333.44
-384.182
-916.506
-422.247
-972.004
-431.242
-1277.65
-1151.97
-1239.38
-697.137
-668.247
-1285.33
-1173.01
-1366.4
-1549.95
-1278.17
-1452.27
-397.36
-864.961
-411.47
-816.504
-401.028
-873.726
-941.554
-933.751
-1072.4
-1015.35
-999.955
-441.611
-143.458
-255.057
-431.732
-411.601
-295.66
-424.92
-189.617
-416.081
-417.359
-375.525
-341.358
-385.799
-415.2
-349.186
-418.776
-401.197
-364.832
-332.849
-352.439
-416.169
-323.808
-481.209
-300.05
-220.335
-279.14
-195.32
-274.006
-470.039
-452.645
-209.22
-90.388
-465.748
-493.592
-35.1597
-484.767
-155.409
-449.777
-348.223
-243.057
-284.593
-265.15
-290.774
-459.318
-566.031
-577.283
-1211.08
-913.425
-1143.23
-1031.89
-845.198
-1082.98
-598.678
-581.708
-617.192
-416.788
-592.077
-370.849
-572.991
-370.758
-606.969
-663.584
-638.218
-820.252
-761.619
-773.057
-413.064
-613.208
-371.36
-637.934
-371.732
-714.12
-694.396
-730.899
-690.315
-553.67
-570.539
-716.782
-525.35
-648.802
-622.163
-494.413
-392.348
-537.054
-569.896
-404.699
-495.111
-382.279
-376.291
-451.43
-429.1
-432.058
-571.171
-367.11
-527.988
-416.998
-330.854
-474.242
-207.704
-137.228
-263.007
-366.931
-376.175
-306.047
-363.089
-292.587
-262.269
-378.882
-357.684
-471.528
-380.839
-452.714
-384.517
-396.259
-328.532
-413.877
-338.522
-355.798
-407.12
-429.339
-416.29
-427.469
-425.149
-395.23
-419.882
-419.131
-390.064
-361.764
-427.883
-374.737
-367.115
-379.944
-360.717
-373.893
-416.014
-414.28
-425.97
-426.936
-400.062
-428.836
-418.386
-403.185
-519.778
-505.657
-614.925
-454.919
-657.517
-736.524
-481.438
-696.915
-583.507
-523.09
-569.414
-417.665
-502.306
-382.731
-511.654
-376.09
-507.177
-544.645
-556.659
-489.486
-441.69
-505.153
-413.029
-493.175
-380.849
-482.177
-375.558
-459.877
-532.104
-519.052
-347.268
-386.622
-401.297
-373.604
-393.447
-360.95
-360.224
-354.64
-378.984
-427.687
-353.535
-328.987
-445.52
-326.524
-381.996
-381.569
-404.668
-412.492
-384.326
-417.871
-391.184
-371.957
-297.677
-232.163
-493.804
-278.474
-319.499
-363.307
-313.456
-413.303
-301.784
-288.724
-326.717
-260.897
-344.717
-405.367
-375.851
-296.273
-374.129
-299.133
-251.307
-431.852
-157.299
-345.734
-391.773
-155.065
3443.18
-74.467
-2197.04
4044.93
-465.754
3062
4602.78
-701.507
-551.661
671.811
-986.346
-757.126
-446.098
619.045
-740.768
477.161
-962.584
-464.291
-554.841
523.306
-686.437
-663.41
-548.798
-638.106
-150.827
-572.333
-609.128
-132.147
-618.296
-48.721
-647.367
-568.982
-538.089
-72.7305
-675.182
-521.553
-586.442
-485.831
-500.907
-556.175
-591.562
-479.322
-542.771
-480.527
-498.579
-587.628
-580.876
-488.194
-508.797
-463.458
-253.685
-396.732
-504.153
-460.54
-494.045
-462.533
-389.464
-453.66
-403.36
-503.91
-435.962
-434.562
-429.418
-266.741
154.289
2183
-2668.31
212.972
-319.289
-2772.81
-770.492
-422.618
774.562
-1134.22
-719.827
-549.544
833.308
-735.407
1009.47
-543.75
-1162.74
-397.963
-787.073
943.088
1881.88
-483.951
3463.54
-1918.65
2255.54
-145.544
2948.98
1110.32
2137.49
-1870.58
-202.575
-500.741
2458.62
725.75
-319.269
-120.528
817.282
-1298.97
-160.031
-355.142
-1351.34
-348.554
-1484.42
-121.957
896.413
-86.4429
-305.329
-1427.15
-320.517
159.444
-2551.52
1889.16
-265.909
121.79
-2454.55
-271.227
-2251.1
1795.03
83.7201
109.686
-2342.19
-317.19
-367.904
-199.471
626.116
-1228.45
-149.06
-326.978
-1183.15
-338.066
-1076.2
553.502
-180.253
-235.189
-1117.07
-373.555
-404.658
-326.314
-57.176
-661.38
-406.09
-434.711
-674.513
-426.956
-722.417
-3.43093
-384.24
-304.315
-706.442
-390.318
-572.01
-592.068
-471.556
-509.628
-533.118
-588.342
-477.977
-541.854
-461.701
-588.603
-509.515
-591.731
-583.623
-459.174
-597.33
-575.095
-204.608
-587.335
-650.889
-559.116
-219.275
-640.442
-278.019
-581.576
-566.832
-577.696
-267.313
-586.96
-479.986
-435.436
-477.548
-531.777
-505.997
-497.718
-527.546
-494.751
-525.608
-501.317
-451.949
-425.876
-470.336
-530.664
-447.732
-427.017
-633.157
-156.603
-414.412
-344.47
-625.14
-424.264
-593.274
-202.477
-363.029
-445.608
-599.592
-454.291
-503.017
-507.426
-502.245
-528.631
-440.809
-485.512
-534.064
-487.06
-531.631
-519.146
-446.543
-506.61
-529.529
-500.709
-426.672
-475.518
-490.853
-423.234
-367.063
-459.059
-433.249
7974.55
-2034.38
-2276.53
5980.43
6608.43
-1823.99
7326.2
535.069
-1190.92
682.794
-1059.97
612.707
599.689
-1138.12
471.234
475.463
-1023.26
-1043.26
539.831
410.795
-1090.49
-713.036
-498.135
224.141
-825.379
260.271
-657.983
-561.064
-669.845
387.115
-557.403
-843.223
-726.897
344.626
-483.183
244.356
-878.934
232.481
-874.912
285.729
193.532
-917.518
298.469
407.349
-999.696
-904.2
352.53
348.57
-956.387
-93.5595
-644.247
-663.41
-128.037
-94.569
-667.603
-126.256
-58.1303
-14.3263
-681.345
-718.758
-52.8653
-23.479
-691.46
-642.57
-563.306
146.389
-731.168
-700.016
115.136
-513.444
-687.146
17.2002
-525.127
-718.226
-630.607
43.2292
-566.56
101.066
-843.577
174.811
-779.052
145.686
127.578
-808.27
57.0069
32.4732
-746.572
-755.248
15.3004
75.6408
-777.018
-391.619
-441.394
-441.06
-474.26
-441.113
-389.597
-436.108
-393.584
-443.979
-468.688
-425.302
-444.065
-391.99
-430.747
-506.962
-572.339
-473.805
-484.421
-485.959
-481.724
-561.758
-496.773
-488.667
-574.071
-489.194
-524.011
-480.02
-582.134
-389.118
-398.697
-438.978
-448.626
-443.796
-385.438
-407.046
-390.247
-445.415
-419.414
-454.59
-391.883
-443.754
-413.746
-334.595
-401.85
-365.364
-333.258
-392.647
-342.388
-319.904
-460.377
-545.344
-474.933
-462.125
-479.072
-460.376
-552.333
-451.614
-444.211
-537.483
-450.7
-438.076
-457.916
-516.823
-371.579
-389.558
-436.57
-423.45
-378.69
-426.24
-379.776
-363.361
-408.156
-353.656
-411.058
-353.677
-419.175
-367.019
-2583.05
1929.51
1908.87
-2601.21
-2709
2029.09
-2480.48
-764.629
-532.128
1402.48
-1376.27
1320.91
-811.238
-337.01
-799.817
1125.59
-368.532
-1341.09
-752.822
1197.75
-539.704
740.223
-1243.16
762.043
-1204.7
838.901
668.15
-1299.75
815.76
1008.54
-1247.75
-1418.35
925.151
893.25
-1356.2
1471.49
-1684.08
1403.24
-1470.52
1294.53
1996.15
-1612.14
1093.45
1100.66
-1419.06
-1479.6
1192.39
978.404
-1546.02
6065.28
-2182.43
5358.19
-2022.6
4748.01
6690.42
-2188.64
5451.22
3561.18
-1956.05
-2058.41
4147.26
4846.99
-2133.75
-766.27
-298.001
1535.07
-1586.41
-754.063
1630.12
-525.755
-337.79
1911.44
-513.208
-1627.34
-0.804684
1780.18
-254.864
3101.61
-1754.25
1557.43
-1669.75
2542.76
1899.84
-1829.47
3673.46
2980.79
-1983.02
-1728.19
4254.11
2422.77
-1903.39
-334.639
-36.2259
1196.67
-1790.96
-18.7522
-1721.29
-288.895
-299.386
-1567.16
-54.1349
1111.62
-338.214
-79.2216
-1631.81
-1254
639.257
661.5
-1245.25
-1303.41
702.962
-1197.86
-1317.88
-1438.03
728.939
838.368
-1371.57
770.221
-1383.49
-1592.73
1134.46
1000.9
-1741.71
1057.31
-1662.19
-1670.48
-1519.81
-1510.72
928.952
909.687
981.99
-1582.33
-1451.24
-2278.53
1832.26
-2492.29
1637.38
-2386.84
-2378.61
1736.95
-2183.25
-2188.75
1551.95
1554.75
-2285.27
1644.65
-2091.66
-284.484
13.6131
1437.64
-1885.54
12.1914
-326.506
-1963
-322.73
-2145.34
59.1513
1527.4
-274.401
49.0834
-2062.16
-1827.57
1214.6
1224.79
-1825.96
1296.07
-1749
-1908.96
-1913.48
-2091.13
1466.13
1305.05
1379.99
-2000.91
-1999.9
-1084.77
576.289
485.897
-1182.25
-1127.13
516.969
-1140.57
-1033.37
-1023.5
426.096
402.928
-1071.38
458.221
-986.824
-360.865
-235.092
320.162
-899.071
-300.45
-929.38
-394.133
-386.436
-1017.02
-269.398
386.245
-346.88
-207.795
-982.661
-852.045
198.328
218.618
-846.344
245.441
-882.312
-815.985
-895.443
-971.643
348.1
272.971
296.552
-939.863
-928.176
-602.374
-119.589
-109.909
-606.165
-623.758
-87.342
-583.172
-628.245
-675.446
-68.8505
-14.5679
-650.729
-50.8847
-653.792
-407.613
-331.363
176.263
-850.569
-258.514
-370.347
-826.544
-381.359
-760.888
-283.058
116.732
-414.922
-359.532
-781.474
-742.784
151.354
87.3856
-804.046
107.909
-778.642
-770.472
-710.273
-706.218
24.8063
41.7036
64.5222
-681.716
-733.758
-560.939
-586.417
-408.878
-523.012
-411.263
-606.579
-585.567
-596.535
-437.954
-588.892
-522.248
-550.923
-439.253
-587.773
-384.607
-447.253
-435.07
-488.167
-432.245
-389.947
-453.216
-378.037
-417.383
-492.558
-466.051
-424.155
-373.31
-458.634
-340.336
-501.265
-365.043
-517.758
-377.772
-328.573
-490.436
-354.159
-404.4
-510.591
-473.786
-394.242
-365.303
-481.915
-182.142
-623.165
-165.335
-607.483
-193.321
-155.012
-602.458
-209.354
-250.845
-593.987
-567.192
-225.816
-233.295
-584.607
-618.97
-580.607
-375.121
-545.282
-570.763
-370.849
-584.304
-577.674
-322.157
-580.814
-547.259
-628.814
-330.528
-575.095
-295.134
-511.963
-343.342
-545.029
-313.845
-326.272
-523.959
-275.412
-279.87
-551.614
-553.702
-255.98
-300.736
-536.718
-481.631
-486.919
-379.763
-539.039
-404.309
-541.498
-454.602
-462.791
-533.059
-416.866
-411.553
-487.12
-496.418
-529.682
-437.52
-436.735
-455.72
-465.213
-462.49
-428.564
-439.066
-441.264
-464.567
-439.764
-407.487
-463.694
-417.655
-443.307
-455.29
-347.765
-383.985
-481.394
-364.126
-476.949
-462.353
-448.219
-468.32
-404.176
-394.333
-380.753
-469.133
-445.658
-544.572
-152.517
-582.309
-199.325
-565.985
-564.041
-181.252
-527.419
-535.56
-232.779
-236.482
-547.08
-210.614
-514.954
-445.325
-393.232
-320.161
-552.944
-475.141
-471.605
-552.884
-465.304
-572.384
-460.68
-281.922
-433.536
-378.89
-570.767
-477.036
-327.822
-330.85
-491.612
-308.085
-469.365
-496.084
-489.45
-519.014
-262.176
-303.557
-285.208
-501.329
-509.749
-436.633
-445.099
-475.878
-463.003
-464.054
-449.396
-440.043
-435.064
-462.211
-484.919
-460.391
-461.902
-455.522
-436.48
-480.526
-449.114
-538.733
-518.571
-493.565
-520.149
-487.302
-497.908
-526.762
-501.475
-529.259
-485.908
-448.875
-528.124
-422.655
-466.53
-495.411
-445.509
-466.727
-449.168
-419.051
-429.47
-458.693
-463.581
-490.995
-464.925
-433.775
-455.64
-348.357
-390.979
-451.035
-434.387
-376.086
-423.078
-365.713
-475.087
-480.031
-531.745
-509.906
-441.54
-470.78
-507.372
-449.029
-486.781
-438.309
-529.129
-458.91
-452.659
-494.185
-404.338
-464.788
-484.843
-437.086
-459.735
-414.498
-430.387
-392.356
-406.132
-446.077
-479.467
-452.965
-379.74
-418.705
)
;

boundaryField
{
    left
    {
        type            calculated;
        value           nonuniform List<scalar> 0();
    }
    bottom
    {
        type            calculated;
        value           nonuniform List<scalar> 0();
    }
    interface
    {
        type            calculated;
        value           nonuniform List<scalar> 
2171
(
-108.375
-112.837
-110.47
-105.174
-344.815
-211.173
-161.638
-114.939
19989.1
695.38
1608.36
6981.08
5363.84
-288.742
-164.946
-202.04
-230.453
-229.889
-109.954
-28.1062
19036.4
16319.9
7563.11
9441.37
-31.1747
-43.0063
-101.914
-86.0119
-194.767
-176.773
-107.041
-123.78
425.897
-219.576
-231.282
-229.668
-200.303
-217.646
-276.443
-263.618
-126.579
-210.101
-268.08
-279.39
-288.038
-107.593
13068.8
3081.72
1948.92
-276.756
-231.19
860.378
18.0521
3498.57
4867.11
3716.69
2535.7
1166.97
2171.99
-221.746
-207.106
-419.285
-211.951
-250.27
-273.47
-260.103
-223.932
-228.409
-287.365
-287.528
-279.524
-283.138
-108.169
-75.5093
12390.1
10448.7
13029.3
15462.5
8090.43
9835.02
12265.6
10113
4139.75
5502.32
7541.32
5987.58
-78.5227
-90.3398
-60.7842
-46.7298
-108.268
-94.0429
-65.4496
-81.3025
-149.922
-133.43
-112.819
-128.598
-152.833
-170.943
-244.881
-225.976
-201.647
-220.383
-147.092
-129.316
-154.913
-172.195
-196.074
-177.554
-276.661
-282.466
-225.633
-220.808
-287.122
-281.999
-226.109
-229.751
-290.497
-288.161
-286.048
-290.086
-250.041
-268.382
-239.674
-223.018
-291.114
-273.225
-244.455
-259.48
-328.851
-314.563
-295.153
-311.496
-289.184
-275.399
-139.481
-240.261
-313.504
-336.551
-324.622
-290.846
-289.371
-330.296
-340.33
-341.716
-339.404
-105.818
1505.1
5797.23
-140.763
51.2091
-84.0273
-15.345
1320.43
-89.1298
-145.474
-120.587
-214.23
-149.886
-102.813
-107.864
-90.6524
11856.2
14795.7
15678.9
9414.46
10685.7
11413.2
8744.29
3130.54
-331.294
-333.686
-329.998
-324.21
-317.236
-386.333
542.072
74.5749
-384.628
-393.583
-373.215
-371.505
-395.101
3415.93
2396.78
2689.72
-322.767
-283.054
-297.476
-399.984
-380.201
-379.289
-400.869
-396.658
-374.32
-375.013
-396.296
-80.6665
-412.132
-545.758
-358.16
-321.523
-258.869
-291.088
-303.953
-378.593
-365.016
-361.498
-382.717
-352.164
-328.939
-336.165
-344.486
-331.194
-325.865
-323.34
-300.146
-315.367
-276.097
-168.809
-373.481
-312.006
-272.683
-381.173
-305.903
-326.569
-321.234
-312.439
-336.788
-93.7416
-98.5684
-93.7989
-139.697
-133.818
-130.511
-142.939
11181.4
13932
13086.7
9931.89
8425.79
6878.51
174.131
1023.45
-296.471
1520.06
2730.46
4802.58
3276.7
4220.08
7447.12
9973.83
8089.44
9276.98
4410.03
5398.46
6009.29
3837.49
2836.32
3252.57
3833.79
7715.02
6322.6
-96.5052
-101.323
24.688
-128.482
-126.043
-122.515
-199.044
-197.764
-192.321
-204.845
-176.166
-165.259
-173.053
-168.877
-147.265
-136.465
-145.442
-138.907
-163.733
-161.246
-156.467
-169.219
18.6372
-168.408
-167.612
-132.689
-130.604
-136.026
-268.113
-261.245
-218.615
-222.227
-223.245
-213.847
-202.795
-209.624
-207.423
-240.814
-240.743
-234.587
-247.3
-173.526
-172.709
-213.195
-217.42
-204.774
-286.65
-287.035
-280.607
-293.318
-257.642
-246.439
-251.65
-252.69
-330.403
-333.373
315.44
-336.214
-337.443
-387.628
-368.017
-385.662
-369.803
-396.277
-378.774
-398.005
-377.517
-400.485
-380.4
-401.05
-380.273
-398.981
-379.613
-379.583
-398.91
-335.486
-329.408
-328.439
-335.028
-335.759
-273.232
-266.735
-271.526
-118.083
-307.941
-317.801
-300.192
-368.77
-366.535
-362.481
-372.934
-347.614
-336.786
-343.125
-341.58
-303.972
-292.726
-298.875
-298.031
-331.98
-331.811
-325.94
-338.171
-358.975
-345.237
-312.549
-321.928
-159.065
-412.874
-130.669
-113.893
-151.786
-275.218
-346.966
-365.432
-343.428
-377.337
-369.188
-375.551
-371.323
-376.494
-367.372
-370.449
-373.388
-360.296
-347.386
-353.107
-373.953
-297.181
-100.694
-140.15
-168.614
-293.544
-135.778
-170.587
-361.135
-362.778
-355.867
-369.057
19001.8
20968
3247.12
2408.56
1027.96
983.802
1792.89
1287.45
-491.339
-492.904
4693.94
6606.35
6421.04
5124.95
5883.18
-496.115
-496.56
-495.4
-140.645
-177.361
-191.3
-164.581
-205.721
-455.696
-84.351
-178.64
-230.574
-176.994
-229.368
-309.177
-168.952
-344.642
-333.132
-318.254
-1.53303
-24.0805
-189.356
18075.5
18107
12184.8
17202.6
15447.4
-488.986
-486.677
1091.83
1924.11
7144.33
8167.45
8895.51
8793.59
-4.62705
-34.2141
-37.7945
-15.2589
-231.341
-236.137
-226.745
-193.493
1.388
-71.5029
-95.973
-56.7029
-90.847
-71.0055
-158.105
-188.012
-141.615
-182.459
-242.717
-240.022
-247.048
-27.6701
-76.4725
-112.101
-91.7663
-117.573
-303.317
-309.018
806.871
172.096
-65.3208
233.74
-469.511
-493.448
-85.6276
-178.34
-229.781
-177.578
-230.408
-163.532
-205.765
-211.242
-179.149
-371.79
-374.261
-367.561
-317.185
-313.878
-322.427
-137.996
-233.801
-271.413
-222.538
-268.102
-169.103
-153.498
-162.34
-206.033
-172.805
-238.568
-241.915
-267.613
-376.349
-376.911
-377.992
-237.425
-282.823
-244.62
-284.74
-308.256
-106.521
-163.454
-120.911
-54.0669
-105.787
-410.758
-213.369
-154.484
-87.8489
-140.757
-297.028
12451.7
13765.7
2355.98
3073.08
2685.3
2084.32
2308.39
-414.545
-273.18
-329.324
-324.312
-272.466
-405.018
188.5
565.468
-328.857
-323.822
-325.631
284.483
-404.76
-388.094
-366.643
-389.75
-351.68
-495.721
-497.148
-392.183
-368.448
-391.193
-369.69
3442.96
3935.16
4673.56
4391.6
3109.63
3306.88
1108.72
1161.24
2914.49
1908.68
504.709
1487.27
617.606
777.387
1821.73
1537.84
-399.359
-377.747
-378.32
-399.084
-495.89
-397.368
-377.135
-375.89
-398.561
-66.7127
-171.98
-219.418
-162.882
-213.432
-455.098
-565.522
-217.682
-252.503
-258.527
-255.963
-254.42
-389.206
-402.718
-273.523
-265.041
-278.129
-263.034
-400.421
-374.473
-353.504
-370.362
-357.44
-422.51
-359.004
-348.371
-365.295
-342.81
-86.4994
-171.993
-224.824
-177.048
-227.25
-423.358
-289.303
-318.68
-328.121
-285.6
-424.342
-415.931
-278.682
-313.065
-321.642
-284.279
-416.114
-284.283
-286.052
-278.024
-294.932
-388.039
-374.176
-315.951
-292.842
-302.845
-303.811
-186.287
-71.5693
11780.9
11725.4
11456.8
9247.28
12261.8
11079.7
9857.12
12289
13817.9
14620.9
14628.6
10671.1
8633.01
7508.82
8656.48
9248.05
9236.4
-480.662
660.098
2557.79
1158.28
2031.37
2194.51
3097.15
1669.84
3651.18
6814.6
7926.26
8593.87
6194.78
-475.688
-478.607
4993.18
7273.2
6634.38
5588.08
11561.5
11524.9
9526.38
10807.9
3538.17
4578.13
5054.64
4244.29
5031.78
4915.68
6960.76
7006.67
5691.46
4741.87
6346.73
6488.93
5404.16
-189.037
-82.0462
-107.823
-111.802
-85.5705
-200.059
-32.41
-55.1096
-19.1014
-50.7071
-111.558
-115.334
-118.179
-219.299
-103.007
-203.736
-98.5157
-213.377
-211.69
-216.745
-194.072
-182.68
-190.012
-187.216
-180.342
-178.088
-185.391
-173.235
-150.337
-145.727
-141.949
-154.111
-204.99
-208.841
-201.613
-160.177
-149.076
-152.278
-157.298
-37.2113
-69.8459
-51.8947
-74.7412
-262.452
-144.012
-151.021
-151.684
-138.896
-243.833
-223.781
-117.751
-146.239
-147.018
-140.689
-122.621
-239.114
-119.305
-158.554
-135.849
-164.447
-361.923
-237.956
-247.301
-242.375
-247.496
-232.558
-339.994
-315.752
-208.073
-242.179
-236.794
-213.73
-335.062
-218.995
-218.043
-224.849
-212.454
-265.045
-235.031
-223.504
-230.145
-228.776
-32.7277
-113.637
-140.493
-97.1553
-134.712
-267.169
-160.634
-191.323
-189.178
-182.13
-166.002
-284.596
-310.827
-189.379
-196.628
-194.565
-183.678
-289.609
-280.777
-269.131
-274.749
-275.469
-278.412
-263.362
-263.302
-257.146
-269.685
-413.514
-279.321
-335.622
-334.467
-279.241
-419.278
689.262
-172.853
-222.937
70.5552
-222.194
-334.841
-333.397
-334.244
-425.426
-283.844
-417.761
-284.558
-482.345
-486.394
-480.709
-389.927
-373.614
-392.174
-371.86
-394.872
-375.412
-394.037
-376.104
-400.354
-380.596
-380.261
-400.686
-488.564
-487.484
-488.853
-399.492
-380.206
-379.861
-400.267
-174.127
-227.286
-176.636
-227.698
-429.053
-287.885
-332.152
-334.804
-330.715
-290.509
-423.42
-422.922
-288.558
-334.254
-337.366
-332.516
-287.244
-427.102
-366.371
-256.49
-292.848
-284.669
-261.665
-385.638
-199.719
-233.29
-184.578
-228.252
-297.717
-289.993
-295.001
-411.253
-284.276
-389.661
-279.693
-353.584
-365.245
-355.023
-361.559
-359.094
-352.156
-350.82
-357.289
-345.913
-309.53
-309.421
-303.333
-315.769
-341.605
-346.716
-326.464
-315.002
-320.406
-321.32
-204.695
-249.395
-217.967
-253.954
-452.847
-322.861
-342.672
-331.888
-335.975
-320.672
-433.768
-414.242
-301.412
-339.585
-328.221
-305.227
-432.154
-248.947
-287.154
-241.566
-280.87
-461.719
-162.449
-260.299
-320.528
-308.565
-305.086
-313.327
-442.429
-457.583
-336.692
-341.574
-322.615
-331.042
-326.677
-455.535
-378.545
-373.524
-379.74
-372.246
-372.145
-366.086
-373.37
-378.552
-373.581
-379.967
-372.631
-157.931
-248.296
-290.344
-247.212
-290.604
-452.245
-335.545
-371.45
-355.063
-335.838
-464.932
-468.811
-339.959
-369.788
-354.457
-355.113
-342.778
-460.846
-317.749
-328.977
-316.911
-330.587
-352.135
-362.51
-342.302
-351.651
-336.986
-347.118
-339.887
14694.4
-87.3999
14041.6
6195.83
48.2242
-10.7149
-85.3389
-79.4463
9407.45
-51.9124
-46.1548
206.198
-123.233
-156.636
1315.66
2124.12
-581.198
-581.933
-583.254
-582.96
-62.4476
-542.938
-522.674
-381.878
-410.26
-592.528
-296.661
-619.416
-614.033
-594.873
-600.558
-329.401
-318.929
-297.216
-299.184
-268.691
-580.616
-575.292
673.491
-559.964
7478.22
39.7501
-305.574
-294.241
-269.391
-272.193
-619.59
-620.086
-619.738
-619.576
-332.135
-341.167
-389.068
-375.274
-581.782
-591.444
-618.125
-612.814
-439.063
-431.643
-392.501
-403.187
-308.645
-318.273
-369.483
-354.933
834.111
-548.158
-557.886
-582.078
-577.358
-101.254
-423.604
-415.974
-373.357
-384.643
-575.95
-555.491
-393.771
-440.527
-438.834
-435.471
-120.003
-375.24
-424.139
-420.96
-153.862
-120.037
-357.671
-585.157
-582.559
4352.8
-584.957
-583.33
-486.265
-514.623
-475.573
-427.245
-610.624
-612.993
-609.49
-602.621
-309.827
-316.246
-308.085
-300.727
11596.4
-571.178
-573.844
-569.739
-562.681
7937.08
35.7836
-284.255
-291.278
-282.189
-274.116
6.52874
-622.777
-620.348
-622.214
-620.374
-357.291
-344.633
-360.607
-371.434
-604.951
-595.513
-607.873
-610.785
-422.189
-429.737
-419.524
-406.739
-65.3218
-335.639
-322.138
-339.356
-350.747
-570.337
-561.321
-572.808
-575.801
-63.7075
-106.643
-405.275
-413.505
-402.096
-388.66
-132.883
-518.652
-546.702
-506.989
-459.485
-421.631
-432.574
-415.766
-385.259
-158.582
-406.429
-418.477
-400.68
-367.964
15360.2
1698.06
5415.47
-87.9617
-86.085
53.0501
13407.1
6606.98
45.8119
-7.41513
-80.3544
-19.2616
1148.54
-87.2077
-93.0513
-144.567
-127.637
-191.926
-151.116
-105.959
-113.968
-97.5193
12548.2
2858.77
-324.125
-324.327
-317.157
3714.15
2143.7
1971.79
52.6794
-75.6844
-299.637
-286.261
-302.805
-84.1677
-329.484
-302.525
-312.579
-87.2003
10522.3
10469.3
9154.83
7450.25
8902.17
3292.57
7021.33
5782.72
-97.603
-103.34
26.8158
-118.197
15.267
-159.5
-160.81
-133.126
-56.3848
-257.444
-253.039
-226.038
-42.4612
-176.888
-176.883
-205.876
-332.741
-329.086
429.679
-333.827
-331.968
107.827
-331.123
-333.856
-334.348
-277.471
-115.167
-307.528
-126.313
-349.946
-339.037
-326.017
-316.938
-156.287
-336.594
-365.303
-159.495
-363.637
-350.074
-368.857
-352.467
19954.1
1972.38
3645.66
2750.58
3264.61
3273.39
1904.94
1265.96
1520.81
-450.814
-559.094
-559.23
-451.48
-492.665
-580.695
-448.797
-556.683
-449.117
-559.229
-493.945
-581.198
5046.3
6091.37
5597.89
-455.801
-564.725
-566.831
-497.19
-457.05
-582.449
-582.152
-456.72
-566.733
-456.446
-567.086
-72.5047
-174.023
-173.751
-451.315
-418.123
-520.001
-526.519
-410.815
-462.623
-536.987
-421.291
-537.62
-427.876
-533.976
-443.834
-529.79
-87.6305
-178.33
-178.15
-309.082
-436.27
-431.876
-340.852
-318.763
-364.147
-384.878
-329.435
-494.456
-424.287
-417.254
-294.505
-616.708
-614.823
-596.357
-598.19
-324.985
-321.451
-297.232
-297.857
1.8532
-266.655
-191.781
-147.029
-273.439
-149.595
-272.169
17175.2
12786.4
16298.9
-443.598
-548.457
-486.955
-443.124
-552.121
-491.326
-577.908
-446.215
-555.28
-447.646
-554.166
-575.821
630.442
1304.5
680.65
1175.83
900.968
14.0046
2074.74
2210.87
2456.96
1702.41
-187.048
-551.162
7034.52
7705.51
8288.88
-7.59118
42.1365
-11.1624
-190.317
-313.711
-224.078
-187.489
-319.563
-301.166
-297.068
-195.072
-328.681
-200.18
-324.457
-195.455
-154.759
-281.701
-280.255
-197.74
-157.759
-269.675
-193.319
-270.713
-152.23
-275.479
-151.605
-278.528
-2.4205
-66.3517
-61.325
-619.357
-619.22
-618.8
-618.945
-334.627
-337.385
-383.421
-379.036
-584.516
-588.43
-616.121
-613.749
-435.752
-433.961
-395.698
-398.68
-75.1479
-152.308
-146.876
-212.764
-346.451
-342.435
-217.921
-311.375
-207.729
-333.019
-204.55
-338.668
-251.537
-314.493
-24.0393
-81.2099
-86.4143
-297.386
-268.308
-394.33
-401.625
-264.179
-363.994
-293.633
-359.021
-274.561
-412.852
-280.434
-407.266
602.22
984.736
411.178
-471.538
-435.861
-549.555
-476.082
-440.244
-549.019
-465.601
-551.229
-434.347
-542.278
-430.03
-545.425
-554.554
-493.117
-454.672
-563.545
-564.988
-453.577
-496.343
-580.013
-454.453
-566.186
-456.629
-567.118
-492.177
-578.363
-85.3155
-178.285
-178.022
-168.488
-98.1737
-173.86
-347.19
-476.842
-365.791
-344.909
-482.612
-420.864
-418.473
-352.145
-488.615
-354.545
-485.235
-295.944
-433.408
-428.578
-327.241
-301.228
-376.76
-380.31
-289.883
-418.047
-285.889
-424.628
-140.338
-230.172
-226.371
-570.062
-561.989
-392.452
-416.631
-438.527
-436.357
-259.469
-361.386
-191.325
-227.729
-247.352
-361.501
-491.063
-491.428
-360.444
-423.951
-358.509
-490.38
-358.318
-492.985
-376.475
-422.465
-154.667
-240.108
-242.826
-299.45
-441.992
-439.17
-316.742
-309.503
-267.831
-339.959
-108.94
-407.184
-339.057
13139.4
6833.77
4772.78
5347.34
6236.14
2600.16
2724.19
2395.4
-412.716
-329.344
-324.044
-412.881
-116.546
-318.486
-390.301
-400.053
-453.738
-452.658
-401.858
-398.486
-450.677
-451.669
-397.952
-494.048
-452.674
-560.044
-495.2
-453.103
-562.892
-583.673
-454.394
-564.355
-564.141
-455.086
-582.33
-403.346
-454.528
-403.006
-455.455
-404.364
-457.566
-456.465
-406.014
4027.06
3833.49
4243.93
2693.09
1616.85
1559.97
2294.36
834.695
144.382
408.382
1178.26
-408.716
-458.606
-458.797
-408.963
-408.897
-459.152
-458.822
-409.775
-496.361
-456.179
-564.765
-496.719
-456.303
-565.311
-497.883
-583.791
-455.238
-564.59
-456.28
-566.368
-583.152
-407.463
-458.66
-408.674
-458.17
-406.737
-457.829
-406.84
-458.147
-73.7017
-169.429
-167.12
-376.391
-277.823
-413.296
-409.378
-273.056
-284.045
-390.916
-378.001
-413.469
-419.128
-373.485
-382.381
-429.193
-424.744
-386.819
-429.493
-397.946
-512.401
-439.027
-407.423
-505.587
-410.815
-496.604
-392.038
-485.064
-495.633
-380.063
-506.314
-361.128
-406.832
-368.175
-399.365
-353.781
-381.022
-390.758
-345.461
-83.3261
-174.481
-175.311
-430.432
-319.29
-325.069
-422.662
-413.664
-309.558
-320.342
-424.03
-270.438
-320.524
-303.41
-286.905
-250.259
-312.234
-274.901
-273.095
-344.825
-440.363
-352.185
-323.906
-450.82
-403.291
-462.822
-357.631
-474.023
-373.532
-462.463
-446.83
-314.411
-332.68
-299.408
-347.523
-326.2
-371.415
-337.447
-359.724
-610.757
-611.128
-606.731
-603.637
-311.406
-313.432
-304.888
-302.221
-185.23
-141.799
-184.347
-182.23
-144.63
11122.2
9877.63
10482.6
11025.7
13041.9
13819.8
9903.3
8034.23
8073.26
8651.74
-482.77
-438.995
-546.766
-440.823
-545.961
-571.071
-481.168
-484.876
-571.984
-436.448
-541.879
-545.141
-435.636
-392.254
-444.149
-445.979
-389.938
-394.149
-449.455
-447.587
-396.536
303.795
-442.294
-439.972
-175.811
794.616
-40.6938
-434.584
1294.93
4504.05
2551.07
3091.68
3945.12
5071.91
4203.26
3643.57
5649.19
-472.076
-233.38
167.885
172.424
-314.101
-566.917
-470.034
-563.45
-429.768
-540.003
-432.478
-537.713
2857.54
2013.62
3396
1488.36
2326.54
461.122
1806.21
968.343
8410.61
10859.6
10181.4
3981.66
4434.45
3761.07
4439.87
6425.36
5255.57
5907.44
-196.065
-101.124
-106.649
-198.816
32.4656
-27.611
-23.0853
-113.981
-217.175
-212.371
-178.959
-309.731
-220.375
-183.322
-306.728
-286.013
-288.465
-175.118
-299.237
-303.791
-173.062
-193.24
-226.027
-230.699
-189.141
-197.974
-239.984
-235.27
-203.307
-180.097
-222.041
-218.02
-184.812
-175.976
-210.436
-214.273
-172.67
-151.544
-193.574
-190.96
-155.015
-148.727
-186.384
-188.644
-146.925
-162.04
-284.368
-160.443
-288.907
-278.867
-200.202
-275.74
-165.504
-295.851
-169.66
-292.878
-160.829
-196.411
-158.029
-199.759
-164.343
-207.064
-169.095
-203.346
9.47497
-41.558
-46.5063
-258.814
-154.421
-155.728
-253.603
-232.524
-138.096
-236.66
-621.229
-620.34
-621.252
-620.007
-352.126
-347.952
-363.773
-367.036
-601.856
-597.835
-608.08
-609.446
-424.695
-426.301
-414.312
-410.284
-61.7374
-124.642
-130.323
-356.441
-252.007
-351.247
-326.006
-231.542
-228.642
-330.417
-217.389
-258.796
-253.835
-222.987
-212.405
-244.529
-249.409
-207.957
-259.621
-226.655
-351.289
-222.942
-358.027
-330.483
-270.547
-256.178
-325.792
-232.412
-368.733
-363.616
-238.154
-233.064
-263.803
-228.137
-269.299
-238.515
-280.009
-274.482
-244.629
-36.8345
-107.933
-102.277
-276.741
-182.393
-281.035
-305.765
-200.787
-199.301
-300.206
-277.585
-306.673
-312.605
-272.362
-283.218
-323.904
-317.974
-289.631
-283.507
-252.982
-389.025
-258.513
-384.403
-342.677
-275.136
-288.524
-346.418
-247.175
-373.775
-243.29
-380.148
-260.574
-301.346
-266.783
-295.784
-255.031
-285.249
-249.956
-290.758
-420.281
-332.879
-328.961
-418.274
555.597
-171.291
-79.1727
-332.628
-423.64
-425.329
-444.228
-552.49
-477.887
-441.411
-555.005
-567.193
-563.916
-445.133
-559.212
-558.832
-448.709
-395.184
-442.014
-439.71
-397.914
-392.458
-433.508
-436.404
-390.112
-401.083
-444.836
-446.614
-400.033
-402.624
-450.723
-449.063
-404.584
-408.544
-456.525
-456.988
-408.863
-408.703
-458.45
-457.896
-409.644
-451.038
-562.407
-453.502
-563.593
-573.224
-491.696
-574.104
-450.939
-561.164
-449.341
-562.345
-406.885
-455.309
-408.156
-454.574
-406.006
-452.618
-405.761
-453.311
16.3762
-174.966
-176.095
-426.886
-333.793
-431.409
-429.816
-332.911
-425.924
-377.014
-282.905
-276.839
-380.73
-110.068
-194.43
-189.316
-302.57
-405.453
-401.365
-358.161
-336.157
-473.236
-339.93
-469.283
-407.948
-351.175
-361.664
-410.342
-330.641
-460.625
-466.642
-327.402
-359.673
-388.327
-392.506
-356.205
-362.936
-398.674
-395.201
-366.809
-347.032
-384.591
-379.926
-352.178
-342.512
-371.301
-376.196
-338.166
-305.593
-345.288
-339.633
-311.741
-300.156
-329.23
-334.836
-295.032
-335.825
-310.816
-438.526
-306.954
-445.678
-397.129
-332.382
-392.529
-317.095
-456.096
-322.191
-450.859
-322.174
-350.493
-317.139
-356.19
-327.368
-366.684
-333.423
-361.139
-131.285
-209.01
-213.776
-446.779
-347.083
-445.816
-425.164
-330.423
-321.389
-427.018
-528.344
-538.574
-494.172
-477.819
-425.755
-429.897
-407.87
-397.597
-155.211
-246.964
-244.526
-413.854
-330.705
-464.617
-464.09
-347.849
-446.479
-371.844
-402.627
-402.405
-372.765
-370.731
-400.716
-402.466
-369.174
-359.497
-489.44
-377.105
-362.812
-488.288
-411.43
-415.587
-359.454
-478.584
-483.667
-353.253
-370.838
-401.722
-372.631
-399.908
-368.314
-391.334
-396.15
-364.512
-156.991
-248.984
-247.779
-463.03
-364.372
-351.014
-460.159
-465.126
-372.369
-471.557
-297.62
-341.239
-324.225
-315.126
-268.702
-140.613
-285.23
-151.045
-330.611
-446.549
-324.705
-313.155
-455.489
-392.84
-382.063
-339.94
-472.127
-350.923
-464.543
-341.385
-353.822
-327.694
-367.026
-351.477
-385.751
-359.925
-377.29
-117.321
-359.394
-347.656
-103.58
-124.807
-129.887
-183.274
-143.994
-185.864
-212.924
)
;
    }
    procBoundary7to2
    {
        type            processor;
        value           nonuniform List<scalar> 8(-5038.86 -5038.86 4247.32 4247.32 4247.32 2387.01 146.661 230.086);
    }
    procBoundary7to3
    {
        type            processor;
        value           nonuniform List<scalar> 
49
(
-4239.98
5695.01
21486.6
-7740.98
9865.62
17986.5
17007.4
11321
2333.04
13020.4
216.229
196.162
-7297.34
-2523.06
-2468.27
1847.89
2075.66
-777.038
30305.3
40947.8
5105.39
3012.15
1431.52
1431.52
-4607.57
-18017.3
-15207.7
-3195.01
1849.24
20052.3
19238.5
-12422.7
-11639.9
4291.06
-2249.95
7.11574
5219.22
-325.211
2281.7
193.813
-2896.41
8638.88
-2342.97
7255.88
-1586.85
-2691.17
2000.72
-2824.22
2130.61
)
;
    }
    procBoundary7to6
    {
        type            processor;
        value           nonuniform List<scalar> 
328
(
-2239.51
-1094.91
-561.275
-2473.03
-2473.03
-2473.03
-4649.35
-4649.35
-4649.35
1690.29
1690.29
1690.29
3877.79
3877.79
3877.79
-2239.51
-2239.51
-1094.91
-1094.91
1439.42
1439.42
1439.42
127.554
127.554
127.554
-588.651
-588.651
-588.651
-992.908
-992.908
-992.908
-530.045
-530.045
-530.045
0.234102
0.234102
0.234102
-561.275
-561.275
-203.438
-560.818
-560.818
-560.818
-152.841
-1648.67
-1486.47
-503.966
-475.841
-3288.76
-3288.76
-3288.76
-3599.47
-3599.47
-3599.47
2538.21
2538.21
2538.21
2852.34
2852.34
2852.34
-1648.67
-1648.67
-1486.47
-1486.47
783.298
783.298
783.298
596.479
596.479
596.479
-707.06
-707.06
-707.06
-762.808
-762.808
-762.808
-373.718
-373.718
-373.718
-299.231
-299.231
-299.231
-503.966
-503.966
-475.841
-475.841
-594.142
-594.142
-594.142
-584.701
-584.701
-584.701
-2024.32
-1210.11
-538.443
-2724.85
-2724.85
-2724.85
-4280.3
-4280.3
-4280.3
1957.84
1957.84
1957.84
3524.42
3524.42
3524.42
-2024.32
-2024.32
-1210.11
-1210.11
1205.23
1205.23
1205.23
269.294
269.294
269.294
-620.513
-620.513
-620.513
-903.638
-903.638
-903.638
-488.442
-488.442
-488.442
-112.189
-112.189
-112.189
-538.443
-538.443
-392.132
-459.25
-481.691
-495.178
-394.703
-548.893
-580.414
-580.414
-580.414
-480.81
-586.014
-417.22
-452.7
-366.374
-385.691
-1827.16
-1340.32
-518.456
-459.25
-2996.6
-2996.6
-2996.6
-3930.16
-3930.16
-3930.16
2241.06
2241.06
2241.06
3182.29
3182.29
3182.29
-1827.16
-1827.16
-1340.32
-1340.32
986.575
986.575
986.575
425.945
425.945
425.945
-659.839
-659.839
-659.839
-826.973
-826.973
-826.973
-435.806
-435.806
-435.806
-211.776
-211.776
-211.776
-518.456
-518.456
-459.25
-459.25
-589.664
-589.664
-589.664
-586.014
-586.014
-586.014
-417.22
-452.7
-124.749
894.648
1008.09
1158.76
1052.35
2182.22
2296.2
2043.31
1986.18
307.509
237.413
252.956
320.535
253.942
204.428
246.941
279.871
872.744
745.146
605.752
740.839
-56.5236
87.2792
182.602
31.3408
211.017
292.353
270.546
185.172
69.6606
-35.5069
1.46331
114.683
-501.992
-413.774
-373.792
-473.979
3.22428
-140.078
-212.68
-71.5732
-281.023
-345.762
-313.238
-236.221
-78.2282
26.4266
-17.5665
-120.144
-446.095
-526.732
-543.359
-472.284
-503.199
-420.207
-481.691
-495.178
-374.019
-316.771
-344.656
-398.419
-295.072
-105.027
-366.374
-385.691
1466.92
1403.65
1227.44
1306.94
1600.71
1632.63
1808.61
1810.36
281.891
315.879
316.9
274.543
302.145
285.854
283.865
283.36
352.473
496.285
617.2
472.354
385.725
236.251
131.363
280.26
218.965
119.42
149.323
250.402
81.9981
185.858
148.379
44.3199
-274.48
-393.086
-437.74
-323.269
-340.489
-215.67
-147.664
-279.896
-239.996
-152.053
-196.269
-278.893
-106.885
-201.474
-161.457
-59.7449
-549.747
-518.824
-498.745
-549.014
-517.482
-543.73
-527.449
-515.933
-390.601
-428.423
-413.087
-370.922
-439.172
-398.861
-402.479
-451.712
-394.703
-548.893
-279.298
)
;
    }
}


// ************************************************************************* //
