/*--------------------------------*- C++ -*----------------------------------*\
| =========                 |                                                 |
| \\      /  F ield         | OpenFOAM: The Open Source CFD Toolbox           |
|  \\    /   O peration     | Version:  2012                                  |
|   \\  /    A nd           | Website:  www.openfoam.com                      |
|    \\/     M anipulation  |                                                 |
\*---------------------------------------------------------------------------*/
FoamFile
{
    version     2.0;
    format      ascii;
    class       volScalarField;
    location    "0.108/solid";
    object      epsilonEq;
}
// * * * * * * * * * * * * * * * * * * * * * * * * * * * * * * * * * * * * * //

dimensions      [0 0 0 0 0 0 0];


internalField   nonuniform List<scalar> 
3124
(
0.00214649
0.000679822
0.00225753
0.00331544
0.000378043
0.000731418
0.00237072
0.00316299
0.000327342
0.000642181
0.00739613
0.0023952
0.0016496
0.00170491
0.000818652
0.00154753
0.008392
0.00191973
0.00156528
0.00128544
0.00152719
0.00167135
0.0017254
0.00196434
0.00106825
0.00490705
0.00326552
0.00462452
0.00170254
0.00159948
0.00254401
0.0018868
0.00194075
0.00108633
0.00337188
0.00227734
0.00309336
0.000847243
0.00196325
0.00322041
0.00541658
0.00126223
0.000951347
0.000680853
0.00150181
0.00333278
0.00255864
0.00268323
0.00128269
0.00257968
0.00319854
0.00222018
0.000864808
0.00184249
0.00268961
0.000742786
0.00208458
0.00203785
0.00191778
0.000413863
0.00133512
0.00121973
0.000871685
0.00561871
0.00401867
0.00532527
0.00182061
0.00230551
0.00341679
0.00312572
0.00113835
0.0039899
0.00180528
0.00155049
0.00257535
0.00366854
0.00134342
0.00280706
0.00129549
0.00165291
0.00081594
0.00294533
0.00207046
0.00181078
0.0016876
0.00192572
0.00167855
0.00200954
0.00405531
0.00383147
0.000834286
0.000759069
0.00110588
0.00269613
0.00177918
0.00288274
0.000728519
0.00365903
0.00550914
0.00409933
0.000964184
0.00145778
0.00150605
0.000704756
0.0013875
0.00143002
0.00210023
0.00144464
0.00164797
0.00443234
0.00157531
0.00304914
0.00385245
0.00370353
0.00267536
0.00233645
0.00136599
0.0017009
0.00275031
0.00119864
0.00178874
0.00190421
0.00194367
0.00398135
0.00328579
0.000881836
0.00127888
0.00227427
0.00151
0.00198526
0.00297052
0.000995835
0.00199492
0.0019989
0.00172258
0.00190023
0.0018802
0.00170077
0.001861
0.00181421
0.00065499
0.00120322
0.00257872
0.00221292
0.00216159
0.00083182
0.000773682
0.000694202
0.00106458
0.00133762
0.00368272
0.00280827
0.00439977
0.000381538
0.000636825
0.000448951
0.00106576
0.0011164
0.00108757
0.000806995
0.000546842
0.00354213
0.00797739
0.00838348
0.00585837
0.00533667
0.00485662
0.00538432
0.00134044
0.00153783
0.00155363
0.00168619
0.00140868
0.00187783
0.00156016
0.00169937
0.00156523
0.00150408
0.00818874
0.00872251
0.00535981
0.0014174
0.000921679
0.00129294
0.00131951
0.00118833
0.0014329
0.00163654
0.00136042
0.001525
0.0015056
0.00157722
0.00143379
0.00156187
0.00150246
0.00192075
0.00151733
0.00200576
0.00218873
0.00180885
0.00154087
0.00261253
0.00163314
0.0015463
0.00160514
0.00174809
0.00165661
0.00157641
0.00172868
0.00137848
0.00179687
0.0018355
0.00161098
0.00176122
0.00256416
0.00314776
0.00259214
0.00174186
0.0017357
0.00295763
0.0029515
0.0021228
0.00237104
0.00141621
0.00247372
0.00146087
0.00241815
0.00217167
0.000985791
0.00163123
0.00225688
0.00140177
0.00215408
0.00165728
0.00203848
0.00221587
0.00118465
0.00134305
0.0024398
0.000985029
0.00159204
0.00193067
0.00197736
0.00164977
0.00234122
0.0025014
0.000960271
0.00199417
0.00164957
0.00247909
0.00201772
0.00167164
0.00161047
0.00128991
0.000785826
0.00144233
0.0013444
0.00129661
0.00126426
0.00235266
0.00092997
0.000464956
0.0011003
0.000768574
0.0013756
0.00109069
0.00132186
0.00153994
0.00138426
0.00131993
0.000942446
0.00145542
0.00434848
0.00730019
0.00518255
0.00176131
0.00300917
0.0028451
0.00496206
0.00311338
0.00339484
0.00203133
0.000991281
0.0014316
0.00167027
0.0018583
0.0017208
0.00144343
0.00223207
0.000916009
0.00192808
0.00159272
0.002388
0.00183304
0.00150565
0.000538984
0.00214702
0.00212033
0.00200318
0.00198891
0.000992999
0.00120322
0.00148961
0.000380917
0.000686109
0.000684856
0.000908814
0.00059893
0.000725965
0.000819225
0.00128683
0.00127108
0.00120378
0.00101382
0.00116019
0.00109947
0.0016947
0.00213895
0.000954635
0.00111132
0.000973195
0.00102354
0.000889799
0.00119322
0.000913243
0.00133292
0.00439123
0.00360369
0.00451863
0.00743904
0.010875
0.00439435
0.0057243
0.0354256
0.00498431
0.00283909
0.0052454
0.00173961
0.00305597
0.00159014
0.00466312
0.00395216
0.00254646
0.014288
0.00583193
0.00161615
0.00245045
0.00286886
0.00184767
0.00331072
0.0011877
0.0029805
0.00295743
0.00305289
0.00194039
0.00185403
0.00310564
0.00271223
0.00190328
0.00263588
0.00185862
0.00202644
0.00166637
0.00236423
0.00185088
0.00215456
0.0041492
0.00255865
0.00290491
0.00203633
0.0023284
0.0025935
0.00365621
0.00237782
0.00196516
0.00226156
0.00119419
0.00141353
0.00127134
0.00120635
0.00096162
0.0013752
0.0013124
0.00130861
0.00230412
0.00308287
0.00194507
0.00145968
0.00190631
0.00167939
0.00111435
0.0020961
0.00114085
0.00139281
0.000888822
0.00112649
0.00126251
0.00107868
0.00142284
0.00132665
0.00129046
0.00130855
0.00153029
0.0014987
0.00118079
0.000968557
0.00127272
0.00110787
0.00250356
0.00103338
0.00241599
0.00119152
0.00114496
0.001724
0.00159673
0.00150472
0.0015103
0.00171008
0.00135157
0.0012091
0.00172632
0.00130373
0.00152225
0.00172341
0.00142869
0.00129897
0.00176455
0.00137242
0.0017726
0.00183582
0.00162522
0.00405012
0.00163282
0.001839
0.00185242
0.00160665
0.00396994
0.00161469
0.000989759
0.000913555
0.00136586
0.000811873
0.00140029
0.000811013
0.000914485
0.00130781
0.000788621
0.00136802
0.00151513
0.00182697
0.00219601
0.000967468
0.0012424
0.00172889
0.00153321
0.00771934
0.0359416
0.00660334
0.00415886
0.00144088
0.000967251
0.00146253
0.00136395
0.00134697
0.00148328
0.00168926
0.00144461
0.00145548
0.00134455
0.00153997
0.00124847
0.00148409
0.00156443
0.00145862
0.00135097
0.00156716
0.0015422
0.0013915
0.00148838
0.00159157
0.00047504
0.00124083
0.000671149
0.00147925
0.00131716
0.00121798
0.00123476
0.00128082
0.000998841
0.00121903
0.00142905
0.00143216
0.00133642
0.00151799
0.00142007
0.00148269
0.00148772
0.00153272
0.00180145
0.00162071
0.00157657
0.00147954
0.00173746
0.00160656
0.00146217
0.00124066
0.00155116
0.00147106
0.00149284
0.00134881
0.001599
0.00382213
0.00675147
0.0065131
0.00227168
0.00632049
0.0042253
0.00432042
0.00391569
0.00359811
0.0058782
0.000924987
0.00372627
0.00122268
0.00389993
0.00132998
0.00128363
0.00235371
0.00269338
0.00335411
0.00361307
0.00115037
0.00340379
0.00286832
0.0022007
0.00217769
0.00165644
0.00248024
0.00209626
0.00345669
0.00116855
0.00260483
0.00253886
0.00171199
0.00207336
0.00174389
0.00256981
0.00187304
0.00186921
0.00203256
0.00169378
0.0021481
0.00162481
0.00211104
0.00178632
0.00248675
0.00153996
0.00175955
0.00159341
0.0016004
0.00149256
0.00155445
0.00167912
0.00157148
0.00155003
0.00159582
0.0016555
0.00182716
0.00159408
0.0018089
0.0016708
0.00148827
0.00163008
0.00169349
0.0016015
0.00381567
0.00158689
0.00181919
0.00172534
0.00151807
0.00358362
0.00154642
0.00122874
0.000911811
0.00132622
0.000970792
0.00125464
0.000788353
0.000883351
0.00140192
0.00109167
0.001207
0.00131373
0.00161897
0.00194384
0.00200892
0.00175444
0.00187491
0.00171121
0.00144634
0.00175259
0.00168432
0.0015872
0.00157262
0.00138038
0.00231892
0.00138881
0.00158358
0.00152796
0.00146581
0.00263858
0.00144391
0.001213
0.00189996
0.00187036
0.00196159
0.00181374
0.00157697
0.00180011
0.00175521
0.00195384
0.00183014
0.00181084
0.00177127
0.00157758
0.00176542
0.00166941
0.00179047
0.00175573
0.00169884
0.000876067
0.000646324
0.000905376
0.00100735
0.000951827
0.000906615
0.000942433
0.00101736
0.000761376
0.000986383
0.00111184
0.00101774
0.001031
0.00110802
0.00743658
0.00921278
0.00741616
0.00692218
0.00572261
0.00839155
0.00770649
0.00239815
0.00174393
0.00218192
0.0018529
0.00173728
0.00180897
0.00252267
0.00289075
0.00390455
0.00478731
0.00376068
0.00419843
0.00406776
0.00303376
0.00129821
0.00241166
0.00135881
0.00204887
0.00136157
0.00133748
0.00165532
0.00105583
0.000998388
0.00113145
0.00110987
0.000970846
0.00162778
0.00167054
0.000894528
0.000994557
0.000798579
0.00164575
0.000989905
0.000803793
0.00474021
0.00497539
0.000772741
0.000566926
0.000918244
0.000669623
0.000885004
0.00130481
0.00272286
0.00123653
0.000665663
0.00321033
0.00118737
0.00145039
0.0011858
0.00124726
0.00131109
0.00145953
0.00122612
0.00114917
0.00157335
0.000841547
0.000964293
0.000780835
0.00161246
0.00100631
0.000821014
0.00195148
0.00193111
0.00196262
0.00224566
0.00177832
0.00286975
0.00235964
0.00261093
0.00182442
0.00202446
0.00198248
0.00263596
0.00177331
0.00196956
0.0019946
0.00180943
0.0017279
0.00171448
0.00173372
0.00176524
0.00177639
0.00233359
0.0023626
0.00175991
0.00171962
0.00217394
0.00228085
0.00190225
0.00193616
0.00237598
0.00276042
0.00221226
0.00219035
0.00175895
0.00183457
0.00161153
0.00168552
0.00156019
0.00139005
0.00183284
0.00142404
0.00163521
0.00167807
0.001622
0.00174987
0.00190816
0.00169972
0.00108503
0.00105818
0.000909792
0.00093783
0.000967044
0.000948485
0.000696232
0.000728519
0.0015594
0.00100816
0.00111668
0.00112674
0.00159784
0.0010291
0.00114226
0.00100819
0.00100994
0.00110207
0.00110335
0.000613357
0.000579871
0.00090462
0.000638363
0.000773334
0.00184825
0.00162585
0.00573043
0.00549657
0.0037153
0.00438956
0.00456319
0.00424191
0.0058077
0.000644229
0.00252997
0.00248424
0.00243983
0.00328788
0.00266186
0.00425574
0.00326925
0.00338739
0.00272658
0.00257151
0.00267043
0.00150262
0.00144765
0.00133703
0.00135691
0.00144819
0.00142557
0.00144803
0.00163364
0.00174889
0.00173877
0.00171702
0.00174065
0.00169296
0.00167078
0.00135331
0.00127533
0.000939789
0.000927766
0.00121545
0.00110715
0.000700659
0.000700779
0.00132659
0.00141605
0.00175676
0.00174245
0.0014333
0.00151052
0.0018831
0.00184602
0.00166256
0.00174322
0.00171563
0.00193458
0.00188008
0.00190977
0.00189592
0.00184464
0.0018592
0.00166248
0.00171848
0.00168565
0.00183838
0.00182693
0.00180534
0.000553617
0.000983004
0.000965853
0.000924474
0.000936064
0.00105771
0.00086591
0.00113882
0.00298163
0.0031839
0.0026458
0.00242169
0.00311202
0.00250505
0.00304389
0.00288245
0.00222547
0.00228957
0.00279555
0.00235167
0.0027554
0.00291735
0.000825188
0.000975811
0.00178352
0.00102636
0.00134306
0.00190149
0.00171971
0.000981884
0.00105539
0.00107263
0.000941363
0.00119968
0.00108576
0.00140151
0.00112921
0.00140833
0.00124529
0.00117964
0.00104246
0.00144387
0.00115665
0.0013322
0.00139536
0.00163067
0.00367651
0.00341314
0.00288846
0.00316746
0.00330547
0.0032311
0.00377675
0.00424581
0.00458356
0.00508912
0.00372389
0.00500688
0.00382381
0.00436325
0.000902516
0.000837614
0.000967843
0.00103769
0.000708957
0.000845267
0.000688735
0.000564466
0.000554152
0.000831809
0.000668283
0.000659571
0.00108584
0.000870967
0.000879989
0.000792035
0.00068637
0.000892679
0.000857047
0.000924559
0.0010954
0.000968433
0.00100881
0.000980981
0.000791312
0.000514718
0.000536971
0.000571974
0.000640351
0.000430324
0.000527977
0.000703442
0.00597434
0.00587027
0.00343169
0.00329447
0.0035021
0.00807079
0.00385382
0.00150551
0.00135518
0.00156326
0.00138633
0.00150578
0.00142266
0.0014712
0.00157572
0.00152347
0.0015107
0.00161265
0.00155105
0.00152754
0.00156292
0.00149014
0.00139633
0.00147697
0.00146278
0.00149774
0.00150484
0.00143486
0.00163532
0.001696
0.00166422
0.0014346
0.00157945
0.0015952
0.00166144
0.00161113
0.00166214
0.00152931
0.00153243
0.00161396
0.00149491
0.00165989
0.00162916
0.0014711
0.00171147
0.00151293
0.00166393
0.001481
0.00167817
0.00133835
0.00136404
0.00144294
0.00135303
0.00137608
0.00140096
0.00129275
0.00101955
0.00124906
0.00101348
0.00148512
0.000922811
0.00114189
0.00138317
0.0012559
0.0012999
0.00123005
0.00109074
0.00114863
0.00131738
0.00121596
0.00109366
0.00125621
0.00152081
0.00159947
0.00112981
0.00122595
0.00147272
0.00145781
0.00135609
0.00150905
0.00147738
0.00148867
0.00142253
0.00151665
0.00148049
0.00147403
0.00149677
0.00146375
0.00150201
0.00141786
0.00147049
0.00146117
0.0014317
0.00147451
0.00145374
0.00147324
0.00146367
0.0014199
0.00148523
0.00158334
0.00142725
0.0015926
0.00144206
0.00150195
0.00156643
0.00193724
0.00160699
0.00156658
0.00154659
0.00172461
0.00158086
0.00180471
0.00212792
0.00228263
0.00169263
0.00150869
0.00178454
0.00209473
0.00193758
0.00223407
0.00212148
0.00137166
0.00172219
0.00170861
0.0021165
0.0021445
0.00148786
0.00148625
0.00157881
0.00160743
0.0015164
0.0015261
0.0015365
0.00144347
0.00147085
0.00139094
0.00152589
0.00139
0.00137576
0.00140601
0.00144488
0.00156711
0.00127931
0.00156161
0.0014089
0.00130287
0.00148436
0.00150324
0.00155168
0.00149403
0.0014409
0.00137038
0.00154615
0.00155381
0.00147048
0.00151069
0.00143763
0.00136265
0.00160289
0.00159856
0.00171903
0.00170587
0.00167012
0.00168191
0.00157413
0.00166028
0.00163752
0.00162577
0.00171236
0.00170779
0.00172704
0.0017885
0.0017102
0.00175078
0.00167375
0.00174778
0.00229986
0.00188279
0.00176732
0.0021757
0.00207242
0.0016518
0.00193128
0.00177808
0.00159697
0.00170232
0.00215353
0.00195078
0.0014318
0.0019178
0.00108737
0.00074621
0.000593635
0.00175093
0.00153964
0.0016837
0.000467883
0.000633011
0.00239345
0.00137659
0.00135537
0.000523517
0.00147795
0.00147594
0.000741862
0.00153876
0.000766401
0.000715026
0.00226357
0.00213347
0.00166566
0.00176349
0.00177858
0.00209496
0.00229529
0.0024571
0.00208381
0.00265218
0.00190234
0.00263201
0.00194923
0.00248595
0.00208017
0.00135004
0.00134458
0.00068935
0.000910492
0.00116896
0.00120927
0.00118412
0.000846645
0.000847245
0.000771323
0.00136471
0.000787366
0.0012698
0.000614351
0.00130472
0.000801301
0.00167159
0.00102937
0.00106286
0.00090609
0.00168592
0.00108643
0.000940987
0.00168428
0.000906323
0.0010405
0.000871175
0.00169304
0.00102655
0.000843119
0.00629527
0.00436332
0.00230575
0.0037873
0.00135891
0.00131319
0.00138003
0.00131251
0.00138395
0.00135379
0.00136645
0.00126762
0.00190989
0.00132287
0.00202377
0.00144975
0.00134659
0.00189626
0.000795703
0.000600896
0.000856609
0.00109476
0.00103011
0.000710669
0.00101464
0.000968516
0.00124555
0.0011124
0.00069053
0.000502883
0.000519123
0.000632673
0.000550283
0.000739455
0.000666406
0.000780456
0.000855664
0.000589707
0.000867128
0.000709985
0.00094749
0.000659418
0.00103299
0.00128767
0.00130547
0.0013987
0.00142813
0.00123856
0.00124376
0.00127486
0.00120554
0.00105406
0.00121794
0.00117728
0.00133227
0.00117403
0.00137472
0.00125232
0.00136514
0.00141463
0.00128021
0.00138376
0.00144149
0.0012469
0.000989553
0.00111852
0.00107738
0.00112951
0.00112047
0.00125786
0.00768634
0.00803077
0.00773684
0.00685248
0.00701355
0.00832681
0.00770083
0.0069416
0.00530131
0.0060084
0.00603018
0.0058522
0.00623037
0.00691604
0.000622529
0.000533819
0.00196436
0.00199617
0.00218491
0.000748201
0.000591487
0.00277227
0.00129561
0.00129432
0.000960391
0.00314251
0.00235973
0.000885019
0.00262009
0.000934806
0.00067588
0.00210356
0.00175101
0.00573412
0.00459277
0.00525335
0.00204042
0.0014812
0.00337273
0.00140195
0.00133933
0.0014597
0.00376022
0.00400991
0.00107654
0.00447555
0.00146704
0.00133038
0.00144943
0.0010759
0.0010672
0.000959532
0.0014333
0.00116646
0.0010605
0.00152858
0.000897414
0.00104889
0.000906326
0.0014782
0.000991335
0.000834864
0.00107348
0.0011965
0.00118135
0.00102436
0.00197803
0.00202188
0.00207973
0.00205432
0.00202567
0.00201449
0.00197573
0.00203497
0.00200997
0.00198852
0.00204932
0.00205201
0.00204463
0.00208744
0.00205637
0.00206694
0.00203246
0.00207397
0.00197452
0.00197313
0.00197054
0.00201277
0.00199825
0.00195376
0.00198604
0.00193987
0.00196984
0.00197444
0.00202828
0.0020146
0.00199552
0.00229722
0.00163013
0.00150988
0.00125921
0.00118551
0.00114843
0.00150177
0.00136121
0.00153607
0.00153726
0.00179448
0.00161026
0.00127784
0.00134241
0.00208696
0.00144973
0.000526071
0.00193195
0.000641954
0.00101585
0.000477278
0.000676314
0.00104422
0.000589292
0.000761684
0.000568303
0.000767819
0.000464389
0.000798823
0.000601158
0.00105025
0.000957079
0.000963018
0.000911518
0.00100289
0.00104009
0.00101797
0.00122322
0.00128712
0.00117908
0.00124589
0.00114447
0.0012143
0.00129107
0.00111282
0.00096256
0.0010958
0.00105424
0.00105341
0.00109062
0.00110542
0.00117467
0.00102141
0.00122276
0.00122662
0.00112583
0.0011154
0.00125153
0.00095835
0.00194224
0.00106076
0.000917748
0.00148865
0.000848573
0.00094919
0.00114395
0.00138631
0.00198631
0.00169571
0.00128033
0.00187603
0.00119991
0.000964856
0.00164629
0.0014068
0.000837745
0.00109469
0.00162963
0.000876369
0.00109756
0.000996214
0.00117625
0.000997161
0.00144204
0.00103872
0.00105139
0.00118891
0.00295719
0.00128988
0.00117654
0.00100298
0.00103119
0.000955404
0.00105742
0.00145888
0.00140932
0.00171611
0.00128114
0.000940289
0.00101701
0.00104627
0.00110774
0.00111797
0.00397909
0.00348913
0.00146584
0.00292323
0.00307787
0.00201572
0.00413487
0.00307385
0.00321064
0.00230755
0.00261126
0.00415404
0.0061561
0.0157308
0.00256742
0.00439426
0.0156684
0.00246108
0.00447429
0.00417226
0.0077856
0.00429907
0.00685554
0.0114031
0.00335223
0.00607432
0.0302052
0.0119509
0.0294542
0.00876302
0.0302692
0.00943799
0.00384934
0.00243804
0.0034798
0.00252457
0.00362367
0.00326133
0.00250447
0.00461475
0.00321818
0.00175156
0.00536427
0.00432901
0.00307175
0.00541471
0.00328224
0.0020375
0.00206423
0.0019064
0.0026649
0.00212402
0.00230104
0.0131199
0.00520599
0.00492308
0.0151275
0.0106074
0.0389865
0.0448944
0.0239899
0.00151582
0.00351046
0.000947528
0.00233783
0.00209897
0.00199791
0.00150414
0.00166186
0.00160099
0.00231045
0.00173872
0.00184431
0.00243042
0.00120343
0.00215386
0.0035983
0.00288933
0.00278421
0.00242821
0.00321149
0.00247755
0.00137807
0.00126286
0.000820704
0.00123454
0.00148269
0.00125216
0.00104751
0.00258231
0.00198822
0.00175062
0.00189149
0.00238847
0.00171573
0.00194102
0.00205849
0.00181311
0.00175255
0.00185538
0.00229289
0.0017053
0.00179562
0.00098841
0.00348001
0.00352078
0.00128063
0.00304711
0.0018718
0.00190711
0.00235881
0.00296456
0.00137639
0.00113439
0.00263567
0.0021106
0.00224968
0.00228494
0.00205718
0.00222442
0.00254082
0.00231079
0.002318
0.00307813
0.00558919
0.00373161
0.00236413
0.0028346
0.0024462
0.00268034
0.00358503
0.00179976
0.00178174
0.00164749
0.00195944
0.00196147
0.00154703
0.00200673
0.00218752
0.00141178
0.00212484
0.00152726
0.00209317
0.00120242
0.00104925
0.00125943
0.00118056
0.00126757
0.00115885
0.00110487
0.00123046
0.00130535
0.00117694
0.00130457
0.00122987
0.00121997
0.00131378
0.00112431
0.000999239
0.00107469
0.0010586
0.00112744
0.00111596
0.00101891
0.00128758
0.00133072
0.00138951
0.00132777
0.0013277
0.00125513
0.00136284
0.00161121
0.00133936
0.00159206
0.00140749
0.00154918
0.00172892
0.00142557
0.00236696
0.00259802
0.00237578
0.00289568
0.00195275
0.00224385
0.002912
0.00181052
0.00136649
0.00205152
0.00155441
0.00160427
0.00182114
0.00152532
0.00215551
0.00173961
0.00181026
0.00240043
0.00188275
0.0019932
0.00253426
0.000976457
0.000935412
0.00107525
0.00112296
0.000844123
0.0010152
0.00106389
0.000961873
0.00145658
0.00119097
0.00131355
0.00118079
0.00105386
0.00101563
0.00090052
0.000903003
0.000895683
0.000992846
0.0010259
0.000870617
0.000915179
0.000994054
0.00108274
0.000818628
0.000979723
0.000952559
0.000813304
0.0010724
0.00210556
0.00215438
0.00167246
0.0015174
0.00129234
0.00132573
0.00158775
0.00149379
0.00135882
0.00163498
0.00147444
0.00155447
0.00134554
0.0015029
0.00167076
0.0013655
0.00158941
0.0017958
0.00181
0.00156877
0.00155312
0.00175928
0.00163223
0.00153303
0.00158882
0.00181314
0.00179703
0.00162256
0.00149019
0.00119128
0.00140584
0.00138425
0.00205898
0.00201226
0.00175002
0.00166756
0.00156125
0.00171044
0.00165621
0.00165912
0.00177392
0.00176222
0.00159333
0.00163323
0.0015822
0.00167919
0.00174524
0.00165186
0.00150606
0.00174475
0.00167477
0.00154448
0.00112242
0.00101925
0.00104362
0.000976982
0.00146605
0.00160706
0.00142929
0.00165362
0.00122282
0.00107455
0.00134206
0.000981574
0.00203159
0.00109734
0.00188615
0.00266771
0.00201255
0.00215418
0.00108251
0.00172062
0.0018557
0.00227124
0.00197431
0.00186397
0.00158345
0.00118908
0.00164162
0.00172638
0.00116719
0.00164086
0.00187376
0.00200847
0.00158649
0.00155482
0.00197018
0.00154416
0.0019132
0.00178453
0.00147911
0.00176096
0.0015227
0.00171371
0.00149662
0.00182841
0.00137689
0.00152283
0.00147135
0.00145223
0.0014047
0.00150514
0.00145458
0.00167187
0.00148694
0.00152291
0.00136436
0.00130414
0.00139906
0.00131783
0.00136168
0.00122697
0.00138316
0.00104754
0.00100916
0.00117769
0.00123697
0.000888264
0.00121253
0.00109352
0.00180606
0.00146582
0.00144114
0.00106163
0.00126656
0.00126786
0.001243
0.00122137
0.00121159
0.00117363
0.00160815
0.00149139
0.00159502
0.00168256
0.00162741
0.00161252
0.00145811
0.00158033
0.00157528
0.00161384
0.00133199
0.00158725
0.00184594
0.00164015
0.00168111
0.00135965
0.0015684
0.00159623
0.000998372
0.00102853
0.00108379
0.00109696
0.0017319
0.00110355
0.0010553
0.00107107
0.00111798
0.00105962
0.0010246
0.00101582
0.00174129
0.00100924
0.001036
0.00103484
0.00184421
0.0011944
0.00117917
0.00184014
0.00242231
0.00406602
0.00240631
0.00409773
0.00184384
0.00117268
0.00117432
0.00182893
0.00241871
0.00407835
0.00241524
0.0040929
0.000982275
0.00093911
0.000978795
0.000968727
0.00176983
0.000979304
0.000932505
0.000965207
0.000965062
0.000980284
0.00100626
0.000996904
0.00177438
0.000965447
0.00102073
0.000979856
0.0018195
0.00120422
0.0012187
0.0018397
0.00233747
0.00386028
0.00230645
0.00393896
0.00182626
0.00125429
0.00123987
0.00179219
0.00237798
0.00404322
0.00239549
0.00399332
0.000862525
0.000897777
0.000852268
0.000951214
0.00100815
0.000791513
0.00100295
0.000950045
0.000698713
0.000965876
0.000773636
0.000972733
0.000276769
0.0005574
0.000245152
0.000542417
0.000286693
0.000512462
0.000342008
0.00050153
0.000811211
0.000766208
0.000541175
0.000845175
0.000757884
0.000578312
0.000798757
0.000899074
0.000674792
0.000859589
0.00060038
0.000863262
0.000417732
0.000486449
0.000463421
0.00046839
0.000408806
0.000472455
0.000353009
0.000494855
0.000858378
0.00102291
0.000990354
0.000902541
0.00101551
0.000509328
0.000479996
0.000472234
0.000489131
0.00112837
0.00108448
0.0011029
0.00162917
0.00113074
0.00107638
0.00109821
0.00221919
0.0037861
0.00226062
0.00368791
0.00172558
0.00124703
0.001774
0.00124089
0.00215535
0.00360511
0.0114331
0.0294762
0.00874823
0.00556962
0.015108
0.0348881
0.0256125
0.00239213
0.0024962
0.00274606
0.00245061
0.00405425
0.00290505
0.00242184
0.0029871
0.010008
0.0298604
0.00572115
0.0160517
0.00837848
0.000493452
0.0005351
0.000619458
0.000560241
0.00100229
0.000837828
0.000660678
0.000756284
0.00237839
0.00218711
0.0018768
0.0020844
0.00115086
0.00134303
0.00173032
0.00149567
0.00142594
0.00145553
0.00147557
0.00137894
0.00142228
0.00147755
0.00141601
0.00142544
0.00143312
0.00140441
0.0013295
0.00137325
0.00145308
0.00140851
0.00121793
0.00128597
0.00157662
0.00187268
0.00117546
0.0013814
0.00169017
0.0014838
0.00140021
0.00148046
0.00151802
0.00148295
0.00144314
0.00151387
0.00143745
0.00136946
0.00132747
0.00140684
0.00138121
0.00140118
0.00141799
0.00142058
0.00134523
0.00133758
0.00131013
0.00141292
0.00135659
0.00139309
0.00149111
0.00148101
0.00145106
0.00150034
0.00144768
0.00151918
0.00147017
0.00149709
0.00145923
0.00148928
0.00153763
0.00147032
0.00152972
0.00152168
0.0014578
0.00137522
0.00141953
0.00134534
0.00144854
0.00137795
0.00141359
0.0014828
0.00143405
0.00141082
0.0014506
0.00146429
0.00143235
0.00150215
0.00147617
0.00148652
0.00142571
0.00149821
0.00143105
0.00151494
0.00145169
0.000497232
0.000653615
0.00039126
0.000538178
0.000371068
0.000465889
0.000257644
0.000737842
0.0011045
0.000969244
0.00106014
0.000783743
0.000846607
0.000943518
0.00051909
0.00056727
0.000484162
0.000789575
0.000572758
0.000426862
0.000657893
0.000950443
0.00082251
0.00151718
0.00171367
0.00138253
0.00162491
0.0013913
0.00144333
0.00130581
0.00147182
0.00159216
0.00117551
0.00116709
0.00141792
0.00133388
0.0010048
0.00116522
0.0013538
0.00094039
0.00072563
0.000956553
0.000941745
0.000794836
0.000977747
0.00121924
0.00131344
0.00127808
0.0011763
0.00131973
0.00117587
0.00126509
0.00111458
0.00115919
0.00119694
0.00126723
0.00108382
0.00111105
0.00122571
0.00101804
0.00106382
0.00118304
0.00094373
0.00105375
0.00116294
0.00142592
0.00128104
0.00152505
0.00144888
0.00139383
0.00131464
0.00149117
0.00137144
0.00137257
0.00136217
0.00138563
0.00136438
0.00141173
0.00138342
0.00136552
0.00136964
0.00140099
0.00138173
0.00136573
0.00138565
0.00134062
0.00144175
0.00151536
0.00142798
0.00150395
0.00146663
0.00141032
0.00150507
0.00167504
0.00159555
0.00158005
0.00153088
0.00158467
0.00160596
0.00161428
0.00183815
0.0019442
0.00184992
0.00198801
0.00175187
0.0018297
0.00200038
0.00167861
0.00160267
0.00160858
0.00149533
0.00164255
0.00166666
0.00155545
0.00180212
0.00169932
0.00177459
0.00185504
0.00166387
0.00174034
0.00202498
0.00140672
0.00132525
0.00135512
0.00126209
0.00139185
0.00130626
0.00136813
0.00149453
0.00152271
0.00145254
0.00151458
0.00146296
0.00145524
0.00155391
0.00145435
0.00150658
0.00128816
0.00141796
0.00134538
0.00140048
0.00150905
0.00317474
0.00373959
0.00287302
0.00468383
0.00471313
0.00264067
0.00387757
0.00644126
0.00713892
0.00673374
0.00522736
0.0071834
0.00569298
0.00575147
0.00576254
0.00420497
0.00527382
0.00823152
0.00608744
0.00911483
0.00599082
0.00436979
0.006011
0.00662362
0.00546265
0.00681659
0.00475347
0.0055631
0.00577878
0.00407532
0.00457742
0.00484603
0.00541365
0.00487237
0.00477586
0.0043848
0.00143207
0.00514446
0.00373407
0.00233405
0.00496482
0.00197127
0.00496627
0.00366142
0.00396686
0.00453789
0.00487263
0.00429793
0.00384806
0.0051958
0.00390172
0.00333753
0.00365433
0.00525367
0.00430292
0.00339975
0.00518931
0.00592049
0.00485567
0.00518747
0.00484103
0.00530482
0.00404749
0.00203022
0.00105416
0.00224985
0.00343188
0.00303176
0.00277741
0.00112479
0.00258375
0.00233105
0.00426066
0.0031281
0.00338838
0.00271241
0.00141075
0.00279106
0.00263473
0.00142545
0.00286287
0.00342956
0.000568364
0.00202499
0.00304997
0.00182041
0.00302423
0.0030852
0.00214737
0.0027366
0.00197466
0.00233131
0.00229864
0.00219181
0.00250917
0.00197648
0.00181527
0.00177082
0.00229145
0.00218473
0.00165578
0.00208884
0.00174616
0.00165441
0.00160311
0.00160421
0.00193848
0.00167427
0.00152986
0.0023857
0.00256707
0.00239169
0.00259625
0.00254141
0.00264946
0.00251168
0.00205567
0.00199674
0.00269901
0.00218073
0.00215079
0.00212281
0.00238393
0.00274787
0.00319953
0.00334416
0.00303093
0.00317314
0.00278746
0.00291737
0.00216915
0.00197152
0.00256869
0.00212271
0.00224726
0.00234403
0.00288236
0.00239116
0.00221708
0.00239434
0.00239578
0.00250455
0.0026777
0.00254333
0.00246216
0.00246293
0.00261717
0.00217677
0.00168916
0.00209806
0.00182953
0.00182302
0.00223258
0.00201191
0.00212482
0.00199574
0.00221645
0.00170144
0.00210623
0.00193279
0.00222396
0.00154806
0.00158158
0.00170554
0.00161051
0.00151335
0.00163346
0.00161697
0.00150079
0.00173463
0.00160838
0.0020805
0.00160924
0.00149861
0.00165922
0.00149446
0.00156668
0.00148921
0.00157215
0.00149478
0.0014563
0.00160024
0.00152152
0.00167916
0.00201434
0.00175728
0.00161919
0.00156349
0.00164894
0.00182142
0.00184681
0.00178255
0.00173337
0.00179308
0.00189765
0.00169342
0.00172281
0.00177585
0.00131568
0.00173511
0.00152326
0.00169725
0.00182591
0.00150547
0.00153597
0.00157131
0.00156532
0.00151374
0.00150573
0.0015013
0.00161351
0.00169495
0.0016173
0.00157912
0.00150847
0.00166507
0.00164005
0.00109201
0.00117786
0.00128912
0.00133766
0.00161673
0.00139179
0.00126594
0.00130054
0.00137375
0.00120817
0.00116257
0.00110962
0.00161961
0.00117596
0.00114788
0.00121879
0.00181481
0.00127586
0.00122841
0.00177718
0.00236465
0.00404129
0.0023937
0.0039677
0.00179884
0.00117981
0.00182841
0.00119233
0.00232885
0.00379264
0.00228322
0.00391477
0.00101489
0.000987564
0.000986571
0.000951404
0.00171108
0.000984649
0.000975643
0.000991833
0.00100098
0.00103366
0.00111028
0.00107325
0.00168975
0.000999272
0.00107429
0.00104057
0.00172747
0.0013142
0.00134431
0.00178448
0.00212239
0.00325735
0.00206344
0.00344503
0.00174953
0.00146958
0.0014045
0.00170798
0.00218194
0.00370634
0.00224422
0.00354561
0.000896071
0.000994055
0.00115244
0.00109794
0.00112644
0.00102573
0.00100076
0.000776459
0.000801992
0.00103943
0.000931597
0.000885968
0.000302917
0.00058209
0.000259816
0.000635481
0.000372683
0.000729483
0.000649241
0.000475579
0.0008046
0.000757701
0.000549453
0.00080776
0.000696422
0.000587086
0.000675958
0.000704412
0.000727941
0.000800135
0.000628253
0.000662913
0.000810891
0.00107843
0.000916928
0.000962471
0.000708606
0.000741325
0.000867087
0.000566543
0.00158525
0.00152497
0.00124861
0.00143765
0.00125159
0.00135951
0.00137131
0.0015844
0.00152196
0.00153476
0.0014471
0.0014885
0.00186331
0.00211798
0.00194552
0.00206868
0.00175101
0.00182666
0.00191515
0.00164366
0.00165945
0.00168389
0.00165075
0.00189596
0.00185957
0.00165711
0.00184625
0.00168473
0.00158502
0.00175966
0.00161616
0.00176092
0.00124227
0.00121453
0.00136491
0.00109572
0.00137987
0.00165153
0.00152547
0.00150856
0.00166756
0.0016067
0.00150624
0.00138283
0.00155219
0.00144505
0.00144719
0.00144539
0.00149054
0.00159088
0.0016507
0.0015926
0.00156298
0.0015375
0.00166138
0.00157509
0.00162097
0.00170026
0.00171084
0.00166508
0.00171285
0.00190909
0.00165796
0.0021272
0.00163485
0.00181244
0.0016284
0.00176672
0.00175902
0.002479
0.00182708
0.00225936
0.00172194
0.00176618
0.00177599
0.00171725
0.00176019
0.00157458
0.00180636
0.00169757
0.00173141
0.00171876
0.00166643
0.0015971
0.00155026
0.00163271
0.00169489
0.00167375
0.00167826
0.00166915
0.00160257
0.00166006
0.0019541
0.00313592
0.00202417
0.00293108
0.00165826
0.00151352
0.00171866
0.00153754
0.00190001
0.00260944
0.00185056
0.00281491
0.00124985
0.00117081
0.00126498
0.0013616
0.00192773
0.00188413
0.00179925
0.0018243
0.00189422
0.00197167
0.00193229
0.00191441
0.00194356
0.00188208
0.00192537
0.0018463
0.00177934
0.0018331
0.00186472
0.00179823
0.00183242
0.00187894
0.00164859
0.00159813
0.00153474
0.00163956
0.00160574
0.00153754
0.00166299
0.00177761
0.00180453
0.00176112
0.00167476
0.00172372
0.00169926
0.00177841
0.0016605
0.00176184
0.00172531
0.00189003
0.00194932
0.00193284
0.00191099
0.0019392
0.0018838
0.00191736
0.00185379
0.00184292
0.00187897
0.00186039
0.00177783
0.00186226
0.00183074
0.00183526
0.00179142
0.00187556
0.0019052
0.0018672
0.00180532
0.00178048
0.00181694
0.00178492
0.00182322
0.00164038
0.00161396
0.00166299
0.00174403
0.0017348
0.00171194
0.00164458
0.0017094
0.00168964
0.0018139
0.00175907
0.00178227
0.00179047
0.00174005
0.00177344
0.00173289
0.00172098
0.00175288
0.000504267
0.000480541
0.000484591
0.00049671
0.000496435
0.000480249
0.000485127
0.000491212
0.000482828
0.000501529
0.000486409
0.00291855
0.00283917
0.00224205
0.00213383
0.00301918
0.00218198
0.00277071
0.0034614
0.00260535
0.00300997
0.00225423
0.00314776
0.00235332
0.00329178
0.00169195
0.00168684
0.00166584
0.00171542
0.00163586
0.00168212
0.00171497
0.00171948
0.0017638
0.00167987
0.00172991
0.00169696
0.00172767
0.00175731
0.00323474
0.00389661
0.00487561
0.00396901
0.00452821
0.00462611
0.00366948
0.00236523
0.00196705
0.00184487
0.00212852
0.00190984
0.00218591
0.00226107
0.00281256
0.00289706
0.00210906
0.0022456
0.00281567
0.00289163
0.00210073
0.00271977
0.00189244
0.00213219
0.00259295
0.00276455
0.00202193
0.00256125
0.00282306
0.00703013
0.00429516
0.00445245
0.00584225
0.0048631
0.0075135
0.00624444
0.00252508
0.00279965
0.00204138
0.00207864
0.00273043
0.00259378
0.00191072
0.00229448
0.00169639
0.00211079
0.00193018
0.00232596
0.00203873
0.00177699
0.00203975
0.00207704
0.00201858
0.00203481
0.00205905
0.0020012
0.0020708
0.00291554
0.00289033
0.00253843
0.00275809
0.00349744
0.00329998
0.00347843
0.00263709
0.00294469
0.00381316
0.00282998
0.00381687
0.00323868
0.00425297
0.00370758
0.00403131
0.00311249
0.00414065
0.00197679
0.00178592
0.00175793
0.00201893
0.00207288
0.00175042
0.00194638
0.00174184
0.00236719
0.00237764
0.00183992
0.00202227
0.00184821
0.00188768
0.00179034
0.0020568
0.00181089
0.00754763
0.00286684
0.00617268
0.00425096
0.00764998
0.0109999
0.0027851
0.00225534
0.00227253
0.00196253
0.00255717
0.00219469
0.00202888
0.00244712
0.00191041
0.00272136
0.00233454
0.00238346
0.00234573
0.00228424
0.00205564
0.00180658
0.00172751
0.00196169
0.0020849
0.00184125
0.00202395
0.00184673
0.00190998
0.00195172
0.00197599
0.0019922
0.00195679
0.00192721
0.00194749
0.00231111
0.00288225
0.00220551
0.00218184
0.00264421
0.00212322
0.00278277
0.00269893
0.00115018
0.000728383
0.00103164
0.000827763
0.000686115
0.00101893
0.00106238
0.00390578
0.00302116
0.00328165
0.00447075
0.00273012
0.00464091
0.00380511
0.00171808
0.00169437
0.00164583
0.00176798
0.00165464
0.00176501
0.00173711
0.00175021
0.00179412
0.00180404
0.00182394
0.00175642
0.00178419
0.00178756
0.00253862
0.00209197
0.00209113
0.00254681
0.0027105
0.00205774
0.00242706
0.00655025
0.00461386
0.004157
0.00534222
0.00553874
0.00461357
0.00597017
0.0020676
0.00210231
0.00210516
0.00211246
0.00208365
0.00208712
0.00209721
0.00312264
0.0044927
0.00211775
0.00440412
0.00448021
0.00381454
0.00264956
0.00934362
0.0042956
0.0036034
0.00752152
0.00569887
0.00303985
0.012531
0.00191408
0.00253303
0.00210429
0.00235002
0.00279595
0.00259585
0.0018364
0.0019003
0.00317862
0.00334477
0.00225552
0.00308002
0.00196927
0.00286848
0.00248651
0.00465863
0.00468827
0.00266183
0.00263761
0.00450087
0.00434821
0.00225219
0.00345123
0.00248859
0.0035785
0.00400765
0.00393151
0.00193603
0.00189575
0.00174373
0.00168629
0.00181617
0.00181771
0.00169422
0.00187239
0.000538936
0.00139276
0.00138714
0.000926289
0.00137774
0.000953278
0.000556496
0.000519431
0.000972756
0.00138811
0.00132094
0.00134354
0.000961972
0.000521084
0.000528782
0.00114223
0.00131498
0.000929719
0.00117695
0.000943856
0.000537972
0.000523243
0.000965278
0.00137054
0.00126756
0.00123882
0.000961931
0.000514006
0.00056003
0.00108317
0.000908399
0.00123013
0.000552081
0.00105216
0.000890591
0.000571885
0.00116135
0.00099727
0.00227106
0.00261217
0.00195933
0.00249253
0.00206321
0.00212982
0.00250862
0.00216545
0.00206021
0.0018795
0.00191125
0.00200401
0.00215715
0.00203403
0.00187117
0.00222366
0.00182374
0.00245178
0.00187527
0.00192341
0.00220874
0.000623239
0.00139717
0.00131052
0.000893689
0.00141982
0.00057811
0.000861883
0.000650407
0.000836788
0.001248
0.00141601
0.00139485
0.000830439
0.000718489
0.000963184
0.00151191
0.00128967
0.00117322
0.00142131
0.00105275
0.00108317
0.00086915
0.000867814
0.00127991
0.00137517
0.00142777
0.000955456
0.000767369
0.00177087
0.00234152
0.00217547
0.00190303
0.00184169
0.00216091
0.00201781
0.00171749
0.00175687
0.00180708
0.00188464
0.00201282
0.00187676
0.00163129
0.00131572
0.00154105
0.00155296
0.00129122
0.00163821
0.00119716
0.00141019
0.00143708
0.00163829
0.00161443
0.00179014
0.00169918
0.00153116
0.00153758
0.00186622
0.00191385
0.00184
0.001863
0.00182461
0.00188662
0.00190461
)
;

boundaryField
{
    left
    {
        type            calculated;
        value           nonuniform List<scalar> 
703
(
0.00217931
0.00293663
0.000830627
0.00218838
0.00173527
0.00314237
0.000827438
0.00821683
0.00177165
0.000775353
0.00170755
0.00174432
0.00160639
0.00207432
0.00869236
0.00174979
0.000943067
0.00163394
0.00172693
0.00546159
0.00184959
0.000963814
0.00201214
0.0023091
0.00386066
0.00405323
0.00615927
0.0021179
0.00116833
0.00370738
0.00534859
0.00482439
0.00114269
0.00152503
0.00107067
0.00190151
0.00202669
0.00480034
0.00211516
0.00646118
0.00137631
0.00150924
0.00325292
0.000507103
0.00136872
0.00135808
0.00170768
0.00243303
0.00188858
0.00198657
0.0016406
0.00293009
0.00192111
0.00539859
0.00583876
0.00203312
0.00120931
0.00424054
0.00279739
0.00410557
0.00281201
0.00364389
0.00279115
0.00440488
0.00306155
0.00146388
0.00152299
0.00112706
0.00246114
0.00146172
0.00144871
0.00117629
0.00143811
0.00187164
0.00169406
0.00185293
0.00199116
0.00188129
0.00177324
0.00262411
0.00223254
0.00264554
0.00187768
0.000995285
0.00327503
0.00153422
0.00290561
0.00461348
0.00478276
0.000640741
0.00134577
0.0013358
0.0065188
0.0051592
0.00759291
0.00162243
0.00168806
0.00190563
0.000573712
0.000984356
0.00117452
0.00157627
0.00151373
0.00170927
0.00909292
0.00185557
0.00147398
0.00216144
0.0027229
0.00239921
0.00198521
0.00187374
0.00167142
0.00133962
0.00144749
0.0010433
0.00160636
0.00152784
0.00155719
0.00183353
0.00177403
0.00162187
0.0013631
0.00217834
0.00275214
0.00170935
0.00210434
0.00247376
0.00307261
0.00146023
0.00122386
0.00195074
0.00157693
0.0029435
0.00108243
0.00438605
0.00217449
0.00133822
0.00496495
0.00362913
0.00220952
0.00629176
0.00431546
0.00476512
0.00536451
0.00534576
0.00728696
0.001491
0.00145856
0.00114709
0.00142809
0.00148506
0.00154759
0.00137768
0.00118502
0.0019959
0.00210728
0.00200879
0.00378405
0.00473661
0.00610803
0.00320873
0.00351456
0.00246671
0.00493672
0.00421895
0.00516969
0.00126879
0.00140983
0.00146094
0.00173291
0.00146143
0.00125551
0.0026323
0.00198341
0.00250232
0.000859688
0.000798837
0.000460573
0.00122759
0.00108487
0.00110093
0.00131889
0.00118306
0.00124946
0.00190793
0.00134635
0.00152024
0.00122102
0.00130613
0.00185238
0.00173869
0.00152055
0.0016301
0.00168037
0.0012468
0.00112292
0.00149474
0.00136479
0.00170794
0.00230045
0.000536756
0.000544449
0.000889658
0.000789649
0.00238516
0.00667681
0.00644461
0.00194903
0.00133187
0.00359491
0.000359866
0.000412924
0.00021632
0.000406216
0.00379145
0.0038833
0.00287973
0.00303451
0.000686283
0.00258509
0.00356815
0.00239331
0.00252429
0.00679817
0.0065822
0.00593685
0.0040004
0.00616244
0.00610258
0.00236337
0.00245404
0.00338787
0.00257731
0.00205423
0.00214083
0.00339694
0.00154016
0.00154956
0.00145633
0.00156672
0.00157878
0.00154877
0.00109831
0.00149338
0.00149292
0.00158583
0.00161157
0.0017953
0.00155551
0.00159479
0.00148822
0.00146547
0.00149936
0.00152311
0.00129478
0.00133623
0.00132269
0.00148595
0.00180481
0.00174966
0.00168967
0.00158337
0.00178653
0.00172885
0.00178391
0.00196972
0.00182509
0.00186558
0.00182185
0.0018216
0.00196362
0.00158427
0.00176964
0.00178302
0.00123533
0.00134631
0.000839511
0.000814348
0.00121139
0.00123201
0.00972928
0.00831305
0.0070714
0.00407634
0.00327188
0.00419493
0.00273865
0.00130905
0.00136563
0.00135396
0.00149723
0.00330095
0.004642
0.00437768
0.00146625
0.00151719
0.0025367
0.00145317
0.00536645
0.000990947
0.00109632
0.00194987
0.00196698
0.00192133
0.00179385
0.00154503
0.00164922
0.00136789
0.00143144
0.00206269
0.00179206
0.00160441
0.00168892
0.00161693
0.00161167
0.00166588
0.00253409
0.00195616
0.00224009
0.00161191
0.00174553
0.00216038
0.00407173
0.00296597
0.0031673
0.00213833
0.00250822
0.00330595
0.00241789
0.00221083
0.00231656
0.00229256
0.00271808
0.00165447
0.00559026
0.00648898
0.00469603
0.00111792
0.000994588
0.00222764
0.00188825
0.00185065
0.00183502
0.00169424
0.00167462
0.00165761
0.00181847
0.00179694
0.00183069
0.00186338
0.00191865
0.00195059
0.00166378
0.00175678
0.00174027
0.00235126
0.00284802
0.00271902
0.00313259
0.00297005
0.00249452
0.00176714
0.00145999
0.000855726
0.00157424
0.00183509
0.00328499
0.00381712
0.00338477
0.0052347
0.00444967
0.00389063
0.00113683
0.00117013
0.00125769
0.00125312
0.00117791
0.00100427
0.0015407
0.00166399
0.00166768
0.00171145
0.00168002
0.00152393
0.00172177
0.00175761
0.00179903
0.00168996
0.00172134
0.00167326
0.00182231
0.0022623
0.00210923
0.00259523
0.00243753
0.00197705
0.00130719
0.00136696
0.00260216
0.00137888
0.000902276
0.00079095
0.000991831
0.000868696
0.00126056
0.00182111
0.000862825
0.000636863
0.000884578
0.000702589
0.00166676
0.00345042
0.00131909
0.00144807
0.00110566
0.00152992
0.00150683
0.00418045
0.00304266
0.00142654
0.00165024
0.000939889
0.00093479
0.00252711
0.00585785
0.00359677
0.00403839
0.00229425
0.00267295
0.00505161
0.00575225
0.0015982
0.00146472
0.00617737
0.00701218
0.0060713
0.00809531
0.00765469
0.00683075
0.00218029
0.0014834
0.00141284
0.00128774
0.00127189
0.00201901
0.00198885
0.00197149
0.00199078
0.00203227
0.00192869
0.00195896
0.00205815
0.00207859
0.00209123
0.00202229
0.00205554
0.00203875
0.00146116
0.00155075
0.00173191
0.0014047
0.00143312
0.00133139
0.00156161
0.00146089
0.00145221
0.00124839
0.00116783
0.00104818
0.00130444
0.00119739
0.00126149
0.00214154
0.00141411
0.00148292
0.00153916
0.00182173
0.00175753
0.00199298
0.00190356
0.00158384
0.00158273
0.00164453
0.00182502
0.00123077
0.0015584
0.00151308
0.00155881
0.00150972
0.00116466
0.00146051
0.00158522
0.00159111
0.00156072
0.00154816
0.00140511
0.00162445
0.00158017
0.00160707
0.0017857
0.00203059
0.00263457
0.000595983
0.00171887
0.00152089
0.00187514
0.00166894
0.000547773
0.000895929
0.00155508
0.00145456
0.00162094
0.0014906
0.000821695
0.00210047
0.00167388
0.00186737
0.0027201
0.00315673
0.00435891
0.000476865
0.002622
0.00228034
0.00245396
0.00241495
0.000419665
0.000327607
0.00204425
0.00173082
0.00235913
0.00201739
0.000320005
0.00317557
0.00244185
0.00286007
0.00122887
0.00197881
0.00186542
0.00271397
0.00263907
0.00257445
0.00342815
0.00302498
0.00313377
0.00235011
0.00204673
0.00264839
0.00280047
0.00264977
0.0024523
0.0051511
0.00531978
0.0074357
0.00706309
0.00559721
0.00554017
0.00471721
0.00499826
0.00393175
0.0056232
0.0059684
0.00549455
0.00434636
0.00423896
0.00492558
0.00205598
0.00200026
0.00310383
0.00297433
0.00261655
0.00229514
0.00118051
0.001109
0.00116907
0.00111118
0.00117275
0.00124351
0.00121788
0.00168784
0.00182594
0.0015193
0.00185716
0.00189501
0.00181595
0.00181447
0.00179897
0.00180974
0.0018127
0.00172568
0.00170694
0.00173749
0.00166415
0.00168898
0.00170498
0.00163817
0.00165717
0.00162543
0.00177194
0.00177015
0.00178495
0.00173184
0.00174957
0.0017518
0.00180292
0.00177358
0.00175223
0.00192347
0.00193549
0.00198134
0.00184415
0.00189004
0.00187603
0.00185657
0.0019071
0.00183148
0.00187514
0.00188713
0.00183093
0.00195636
0.00191674
0.00192019
0.0016539
0.00169261
0.00160349
0.00179767
0.00172715
0.00170897
0.00179177
0.00177175
0.00184172
0.00283238
0.00322032
0.00339983
0.00363364
0.00406495
0.00350896
0.00174278
0.00175014
0.00169095
0.00176456
0.00177775
0.00175597
0.00225781
0.0024407
0.00214508
0.00562321
0.00751267
0.00774072
0.00206606
0.00207529
0.00204073
0.00183487
0.0020289
0.00212972
0.0072322
0.00506722
0.00489969
0.00239774
0.00257961
0.00329518
0.00193766
0.00177706
0.00205269
0.00200049
0.00195698
0.00194347
0.00295239
0.0031021
0.00269794
0.00397935
0.00461586
0.00541518
0.000963525
0.00107453
0.000721524
0.00169963
0.00177478
0.00181727
0.00183884
0.0018061
0.00179219
0.00233792
0.00263225
0.00282324
0.00621669
0.0070844
0.0057544
0.00211335
0.00209961
0.00208887
0.00186955
0.00194358
0.0017715
0.002804
0.00289065
0.00325505
0.00342342
0.00266673
0.00266306
0.00190921
0.00191611
0.00187646
)
;
    }
    bottom
    {
        type            calculated;
        value           nonuniform List<scalar> 
141
(
0.0023902
0.00414271
0.000886248
0.000891151
0.004031
0.000613136
0.00240263
0.000782113
0.00131371
0.00106977
0.00150877
0.00368285
0.00395868
0.00373914
0.00379857
0.00106536
0.00333682
0.00322362
0.00379511
0.000929952
0.000482386
0.00165056
0.000852141
0.00374259
0.00155241
0.0010635
0.00369899
0.00393281
0.00352174
0.0032678
0.0033168
0.00107572
0.00142136
0.00236143
0.00218472
0.00299847
0.00205862
0.00387664
0.00331151
0.0010664
0.000667208
0.00198217
0.000680356
0.000433087
0.000878615
0.00295417
0.00236477
0.00121482
0.000824372
0.00269433
0.00115399
0.000382203
0.000982062
0.000850223
0.00121238
0.000850695
0.00382504
0.00391856
0.00260691
0.00297983
0.000937044
0.00273477
0.00238817
0.00375659
0.00353804
0.000878457
0.00179986
0.00190147
0.00195588
0.00189085
0.000871995
0.00186311
0.00178854
0.000858256
0.00285766
0.00217785
0.00299378
0.00151339
0.000891473
0.00117911
0.000521159
0.000713608
0.0010356
0.00292494
0.00162961
0.0016794
0.00133727
0.00153872
0.00268571
0.00106711
0.00380944
0.00234575
0.00264434
0.00115425
0.00115817
0.00110233
0.00111992
0.000940292
0.000690887
0.000600461
0.0019196
0.00161862
0.00253152
0.00224985
0.00100105
0.00102791
0.00130053
0.00109234
0.00570539
0.00576128
0.00552355
0.0056174
0.00585124
0.00581646
0.00582256
0.00584402
0.0052851
0.00539951
0.00515219
0.00170434
0.00200392
0.00347498
0.00411409
0.00389698
0.00453791
0.00432603
0.00312384
0.00286989
0.00362046
0.0033911
0.00560914
0.00547504
0.0057734
0.00569484
0.00497797
0.00477503
0.0053188
0.00514727
0.000764394
0.00165704
0.00129999
)
;
    }
    interface
    {
        type            calculated;
        value           nonuniform List<scalar> 
1726
(
0.00181424
0.00400149
0.00231421
0.0010097
0.000753007
0.000578602
0.00356535
0.00531323
0.00125944
0.000763902
0.00190687
0.0020047
0.00176268
0.00305012
0.00195781
0.0017032
0.00257439
0.0016406
0.00204244
0.00102755
0.000634563
0.00190767
0.00285914
0.00444225
0.00273121
0.00134424
0.00176019
0.00179957
0.00188432
0.00187948
0.00170034
0.00186029
0.00103478
0.000873977
0.000847144
0.000615442
0.00094768
0.0010575
0.000368927
0.00346888
0.00825013
0.00346373
0.00451608
0.00134176
0.00153618
0.00140577
0.00189301
0.00997421
0.00336231
0.00138114
0.00115709
0.00116336
0.00145919
0.00129658
0.00153065
0.00143737
0.00153314
0.00338604
0.00154113
0.00148715
0.00134135
0.00157632
0.00162236
0.00171323
0.00155311
0.00240602
0.000982733
0.000999073
0.00293624
0.00324222
0.00088914
0.000857845
0.00129333
0.00164233
0.00125712
0.00133168
0.000923077
0.000457083
0.000758677
0.00109302
0.00137732
0.00130709
0.000927915
0.0050126
0.00444946
0.000948335
0.000869839
0.00101292
0.000657026
0.000816952
0.00126193
0.0010102
0.00115578
0.00644023
0.0339043
0.00309411
0.00106731
0.00163891
0.00687353
0.00178307
0.00174164
0.00118725
0.00126813
0.000962588
0.00136912
0.00131602
0.0023206
0.00144141
0.00200601
0.00109853
0.00164802
0.000871234
0.00107947
0.000871393
0.00236012
0.00247772
0.00104886
0.000994723
0.00197549
0.00185225
0.00148852
0.00172482
0.00138548
0.00168942
0.0336058
0.00316737
0.00141476
0.00166511
0.00131559
0.00144679
0.00143387
0.00134514
0.00124834
0.0014791
0.00145041
0.0013647
0.00139324
0.00149731
0.000479301
0.00067212
0.00130602
0.00119112
0.00108148
0.00120519
0.00145203
0.00133786
0.00144399
0.00147763
0.00156753
0.00147262
0.00173726
0.00169014
0.00120336
0.0014905
0.00133042
0.00412372
0.00158605
0.00415554
0.00366394
0.00394742
0.00366439
0.00231056
0.00495814
0.000479609
0.00341197
0.00212563
0.00166118
0.00185354
0.00253005
0.0016257
0.002178
0.00165447
0.00161576
0.00176101
0.00154869
0.00159197
0.00164049
0.0017811
0.00183039
0.00176018
0.00175316
0.00178979
0.000866036
0.00101055
0.000909144
0.000947989
0.00109599
0.00110888
0.00100445
0.00805609
0.00579522
0.00410913
0.0102902
0.001963
0.000787037
0.00324738
0.00289839
0.000843074
0.000971178
0.000785984
0.000763603
0.000563708
0.000259707
0.00446369
0.00518322
0.00503082
0.00115682
0.000770731
0.00195743
0.00192814
0.00182297
0.00175463
0.00234986
0.00259707
0.00223417
0.00165427
0.00163279
0.00183661
0.000895194
0.00207005
0.00161751
0.00167387
0.00173694
0.00181436
0.00100821
0.000808703
0.000910639
0.000609408
0.00104997
0.000945722
0.000613009
0.000684994
0.00071135
0.00183231
0.00590545
0.00295798
0.00344072
0.0041584
0.00347695
0.00140344
0.00222455
0.00343847
0.00424093
0.00335993
0.0018688
0.00250427
0.00143334
0.00172712
0.00132096
0.000829928
0.00120505
0.000614041
0.00139605
0.00184118
0.00162281
0.00173766
0.00197152
0.00186956
0.00189686
0.00183871
0.00165845
0.00169575
0.00183738
0.0018215
0.000986258
0.000980238
0.000906565
0.000943922
0.00283835
0.00265169
0.00298236
0.00252198
0.000938643
0.001314
0.00210665
0.000899385
0.000965719
0.00117846
0.00357751
0.00290549
0.00316702
0.00320867
0.000842313
0.000498398
0.000645516
0.000830497
0.000700117
0.000627118
0.000897781
0.000966539
0.000784212
0.000417416
0.000439932
0.000429129
0.00524168
0.00308847
0.00839158
0.00135464
0.00155864
0.00149697
0.00152352
0.0016072
0.0015787
0.00139818
0.00147038
0.00150023
0.00171951
0.00166457
0.00162698
0.00158417
0.00152153
0.001591
0.00148576
0.00133614
0.00137109
0.00130773
0.000992384
0.00132625
0.00112265
0.00126596
0.00110108
0.00122067
0.00122808
0.00146421
0.00122659
0.00133017
0.00151158
0.00150822
0.00150019
0.00145478
0.00146347
0.00144735
0.00146854
0.00145538
0.00160292
0.00141639
0.00151794
0.0015151
0.00158288
0.00164594
0.00147863
0.00175983
0.00217852
0.00199026
0.00114885
0.00184035
0.00143017
0.00157053
0.0014913
0.00132647
0.0015807
0.00130707
0.00161743
0.00115155
0.0011706
0.00153718
0.0015091
0.00155939
0.00161339
0.00171357
0.00165412
0.00156613
0.00161926
0.0016185
0.00170071
0.00166835
0.001608
0.00362607
0.000495705
0.0014026
0.00145428
0.0021266
0.00164211
0.00174397
0.0019851
0.00259911
0.000258553
0.000715271
0.00111883
0.0011107
0.0012884
0.000628013
0.00124699
0.000938356
0.000808431
0.0036693
0.00176346
0.00346167
0.00131282
0.00128477
0.00138146
0.0007419
0.00183057
0.00151035
0.000579942
0.000655097
0.000854332
0.000728309
0.000935666
0.000688214
0.000499671
0.000506705
0.00061601
0.000738043
0.0006512
0.000844993
0.000577861
0.000704685
0.00120026
0.00104937
0.00116175
0.0012171
0.0013631
0.00127917
0.000970531
0.00112444
0.00113029
0.00770229
0.00791405
0.00684162
0.00882834
0.00187736
0.00211822
0.000617945
0.00391301
0.00208371
0.00303805
0.00247787
0.00043589
0.00591072
0.00522375
0.00586909
0.0012863
0.00360358
0.00444419
0.00104726
0.000823023
0.00198589
0.0020818
0.00205923
0.00202078
0.00196646
0.002002
0.00198243
0.00197123
0.00196608
0.00199483
0.00195081
0.00193597
0.00201317
0.00121742
0.00135701
0.00146727
0.000560141
0.000489416
0.000939048
0.000984467
0.00102533
0.00117608
0.00123875
0.00114606
0.000956131
0.00108378
0.00104624
0.00102073
0.00120936
0.00110538
0.00094778
0.00117469
0.00130946
0.00112223
0.00101751
0.001398
0.000930945
0.0051112
0.00226761
0.00380517
0.00291716
0.00226958
0.00552434
0.0159561
0.0102707
0.0284523
0.00223643
0.0031882
0.00308608
0.00111572
0.00489281
0.0033432
0.00204211
0.00220729
0.00203046
0.0118455
0.00306179
0.00266014
0.000884992
0.00243899
0.00139559
0.000863828
0.00121574
0.00179611
0.00174096
0.00504386
0.00246074
0.00154315
0.00192661
0.00257254
0.00182418
0.0018327
0.0018725
0.00176906
0.00187531
0.00189816
0.0019185
0.00240162
0.00105902
0.00125168
0.00116336
0.00117973
0.00130109
0.00122131
0.000993057
0.00107044
0.00110869
0.00132947
0.00132837
0.00126213
0.00133863
0.00159575
0.00171537
0.00225868
0.00305858
0.00232611
0.00137935
0.00210508
0.0017797
0.00179099
0.00209029
0.0019516
0.0009474
0.00103855
0.000855289
0.00110942
0.00124905
0.000950064
0.000884027
0.000852809
0.000821693
0.0010516
0.000836799
0.000824117
0.00190114
0.00162943
0.00130657
0.0013314
0.00155492
0.00178187
0.00179402
0.00137373
0.00155193
0.00180053
0.00178788
0.00132944
0.00173458
0.00168874
0.00164222
0.00176232
0.00145484
0.00106506
0.0014381
0.00111278
0.00220544
0.00274141
0.00185091
0.000877367
0.00174085
0.00215176
0.00194838
0.0015822
0.00183696
0.00180272
0.00155865
0.00187919
0.00153061
0.00144917
0.00138531
0.0017285
0.0012991
0.00128289
0.00133936
0.00114508
0.000908717
0.00118556
0.00224767
0.00133416
0.0012393
0.0011935
0.00160735
0.00145896
0.00162577
0.00161967
0.00160936
0.00167947
0.00185797
0.00159859
0.00129221
0.00157067
0.00101569
0.00107621
0.00103306
0.00155589
0.0021105
0.00155891
0.00112924
0.00210511
0.000946931
0.00092971
0.0015559
0.00205963
0.00155911
0.0020815
0.000755311
0.000899985
0.000827608
0.000608825
0.000265628
0.000277535
0.00073028
0.00042355
0.000644031
0.00077519
0.000542239
0.000738986
0.000408378
0.000796008
0.000921117
0.000492251
0.0004618
0.0010781
0.00106693
0.00107724
0.00195783
0.00150095
0.00192206
0.00983467
0.00143011
0.00139795
0.00141734
0.00142781
0.00130045
0.00142084
0.00123612
0.00170434
0.00140187
0.00139616
0.00146816
0.00143508
0.00132858
0.00140106
0.00139529
0.00133642
0.00130228
0.00137871
0.00147501
0.00145148
0.00144638
0.00144853
0.00148472
0.00146383
0.00143732
0.0013153
0.00134391
0.00142976
0.00140147
0.00142355
0.00149457
0.00141557
0.0014151
0.00049692
0.000492968
0.000399807
0.000625956
0.000349229
0.000256
0.000239541
0.000714527
0.000820289
0.000575814
0.000461828
0.000410692
0.000878402
0.00106005
0.00137914
0.00145199
0.00128082
0.00142586
0.00100782
0.00072639
0.000965234
0.000930607
0.001309
0.0011461
0.00117563
0.00115806
0.00119628
0.00105754
0.0012119
0.001584
0.00124418
0.00137037
0.00137692
0.00138125
0.00135129
0.00140802
0.00131643
0.0015278
0.00142543
0.00140616
0.00160015
0.00156907
0.00157853
0.00191308
0.00203624
0.00180546
0.00161481
0.00160524
0.00165972
0.00171476
0.00181073
0.00172354
0.00135766
0.00126583
0.00136717
0.00152714
0.00145789
0.00144996
0.0015242
0.00127588
0.00139425
0.0022529
0.00355064
0.00349124
0.00291414
0.00146487
0.00211023
0.00315543
0.00651636
0.00687375
0.00784249
0.00490605
0.00462232
0.00325069
0.00477952
0.00544933
0.00380334
0.00409535
0.00455259
0.00551667
0.00567551
0.00462975
0.000984112
0.0054759
0.00125244
0.00332889
0.00585365
0.00371876
0.00297578
0.00313746
0.00542868
0.00534529
0.00290743
0.00207581
0.00323841
0.00300524
0.000751563
0.00284484
0.00458308
0.00282511
0.00299392
0.00271789
0.000528946
0.00246601
0.0022832
0.00200731
0.00258576
0.00273193
0.00193816
0.00207156
0.00213326
0.00256593
0.00188315
0.00161052
0.00158435
0.00189979
0.00170491
0.00149504
0.0015945
0.00160455
0.00163818
0.00161769
0.00150381
0.00214649
0.00176465
0.00258172
0.00273241
0.0019816
0.00211901
0.00256889
0.00230253
0.00217472
0.00221255
0.00224852
0.00229951
0.00249339
0.0021091
0.00216664
0.00159962
0.00216865
0.00239702
0.0023247
0.00232947
0.0015176
0.00155712
0.00169917
0.00170701
0.00163032
0.00161424
0.00159111
0.00138093
0.00153057
0.00144191
0.00132132
0.00147493
0.0015371
0.00157095
0.00156319
0.00144894
0.00159113
0.00159554
0.00139007
0.00151494
0.00147696
0.00120766
0.00181703
0.00180886
0.00177908
0.00179297
0.00178464
0.00179055
0.00169998
0.00170972
0.00178986
0.0013722
0.00150546
0.00169417
0.00169359
0.00151943
0.00168241
0.00102988
0.00139874
0.00129507
0.00155589
0.00205518
0.00153498
0.00204976
0.000955552
0.000918159
0.000958543
0.000982937
0.00152687
0.00191252
0.00155539
0.00192823
0.00113948
0.001121
0.000757892
0.000781099
0.000873351
0.000294444
0.000249166
0.000418092
0.00060247
0.000668475
0.000687026
0.000812618
0.000960701
0.000706148
0.00157702
0.00124328
0.00124647
0.00157715
0.00151927
0.00147938
0.00176886
0.00163811
0.00175903
0.00184739
0.00166722
0.00157723
0.00174336
0.00123924
0.00144391
0.00142069
0.00149818
0.00155836
0.00168829
0.00170326
0.00155818
0.00157576
0.0017551
0.00159303
0.00176811
0.00175447
0.00171286
0.00156349
0.00176664
0.00153705
0.00174329
0.00180874
0.00188511
0.00192225
0.00193651
0.00187102
0.00151846
0.0015887
0.00153958
0.00180781
0.0018636
0.00167502
0.0017086
0.00164514
0.00188765
0.0019246
0.0019356
0.00187348
0.00183137
0.00186268
0.00176521
0.00182342
0.00179024
0.00190372
0.0017968
0.00176879
0.0016491
0.00174303
0.00172532
0.00170454
0.00180825
0.00175229
0.00178305
0.00172862
0.00173003
0.00196829
0.00220778
0.00169518
0.00168327
0.00196773
0.00182257
0.00056348
0.00102113
0.00209975
0.00224403
0.00187114
0.00205076
0.00189706
0.00193191
0.00131299
0.00171638
0.000880331
0.00157592
0.00250982
0.00171932
0.000793882
0.000813453
0.00056107
0.000848044
0.00143667
0.00155882
0.00165369
0.000472165
0.00650545
0.000922623
0.00155448
0.00141782
0.00210317
0.00100387
0.000949151
0.00106118
0.000562098
0.0016885
0.00287457
0.00111287
0.00586452
0.00656187
0.00213929
0.0023717
0.00409973
0.00235433
0.00159224
0.00155559
0.0011384
0.00191342
0.000957892
0.00105558
0.00121687
0.00130067
0.000897081
0.00114994
0.00345354
0.00347902
0.000876154
0.00330312
0.00121859
0.00344934
0.000781167
0.000426344
0.000439883
0.000453285
0.000423151
0.000449649
0.00324141
0.00120888
0.0050215
0.00134308
0.00235608
0.00248961
0.00303194
0.00199277
0.00856709
0.000488655
0.000535502
0.000969716
0.000605049
0.00230608
0.00186772
0.00112309
0.00169972
0.00166809
0.00151254
0.000747646
0.000927629
0.00100489
0.000960479
0.000851371
0.00101933
0.00176278
0.00246576
0.00186646
0.00241376
0.00179616
0.00124331
0.00343798
0.0011365
0.00321195
0.00276385
0.00315429
0.000860503
0.00044791
0.000589911
0.000766964
0.00106356
0.000666097
0.00201709
0.00176979
0.0012019
0.00160669
0.00164861
0.0016661
0.00180591
0.00213162
0.00168596
0.00166119
0.00267882
0.00222642
0.00192571
0.00174353
0.00168734
0.000460194
0.000448059
0.000469285
0.000431257
0.000459337
0.00108566
0.000228503
0.000705745
0.000284332
0.000554876
0.000865402
0.000781067
0.00160797
0.000204473
0.00239953
0.00140058
0.00044023
0.00197873
0.00165104
0.00151289
0.00181029
0.00176666
0.00164426
0.00201379
0.00156828
0.0018504
0.000772956
0.00202967
0.00181114
0.0014545
0.00138237
0.00150548
0.00113775
0.00106118
0.00161518
0.00163297
0.000966828
0.00106064
0.000820691
0.000888034
0.000890447
0.000877903
0.000638105
0.000962698
0.00103295
0.00106801
0.00160711
0.00192159
0.00158408
0.00299961
0.00699966
0.0040665
0.00263417
0.00310614
0.00173328
0.00256515
0.00297063
0.00193586
0.0024561
0.00196827
0.00207539
0.00188794
0.00215374
0.00122784
0.00125888
0.00135161
0.000843773
0.000908819
0.00108895
0.000636387
0.00140947
0.00170136
0.00148386
0.00148413
0.00179637
0.00180199
0.00176733
0.00164692
0.00193065
0.00185565
0.00167381
0.00179844
0.000873598
0.000991719
0.00273797
0.00221835
0.00234265
0.00259305
0.00346706
0.000847829
0.000911132
0.00360772
0.000756752
0.00350564
0.00101274
0.000935868
0.00115414
0.00332081
0.000969947
0.00147299
0.00101011
0.00118491
0.000938823
0.000927875
0.00127083
0.00171793
0.00134713
0.00155325
0.00249295
0.00415871
0.00469524
0.00494474
0.00380237
0.00395098
0.000548229
0.003632
0.000868008
0.00418427
0.00171161
0.000775773
0.00500088
0.000792819
0.000856484
0.00159745
0.00146002
0.00162427
0.00147435
0.00174842
0.00145088
0.00159317
0.00159742
0.00171325
0.00179843
0.00154955
0.00151534
0.00188365
0.00141554
0.000729832
0.00151659
0.0013294
0.00158729
0.0017159
0.00169318
0.00171798
0.00173777
0.00166441
0.00172499
0.00167948
0.0017166
0.00170128
0.00174849
0.00179883
0.00177062
0.00177422
0.00159567
0.00162966
0.000156782
0.000497419
0.000766612
0.00231023
0.00206145
0.00248224
0.00193826
0.00278964
0.000940223
0.00124092
0.00112445
0.00139251
0.00250843
0.00299918
0.00108734
0.00139134
0.00328857
0.000844731
0.00119342
0.000615423
0.000785299
0.00100696
0.00112041
0.000632389
0.000663492
0.00690241
0.00526864
0.00559882
0.00620962
0.00743181
0.000772481
0.00112307
0.00786509
0.00744882
0.00198634
0.00586784
0.00285223
0.000893508
0.000715388
0.002771
0.000752297
0.00112349
0.00202085
0.0020481
0.00203757
0.00206382
0.00202502
0.00202642
0.00202866
0.00206678
0.00198586
0.00205471
0.00211635
0.00206888
0.00209524
0.00195904
0.00197195
0.00153357
0.000985518
0.00177632
0.00102277
0.00111206
0.0012636
0.0012403
0.00147993
0.00145203
0.00150217
0.00201815
0.00130506
0.00137183
0.0010542
0.000967266
0.00098072
0.00167027
0.00124482
0.000903837
0.00109118
0.00461309
0.00198574
0.00151038
0.0016718
0.00208522
0.00297667
0.00326648
0.00687279
0.00219696
0.00480571
0.00374509
0.00823407
0.0111385
0.00392263
0.00414763
0.00358388
0.00820298
0.00612227
0.00818252
0.00383673
0.00216329
0.00153873
0.00333808
0.00204564
0.00309292
0.00253256
0.00339783
0.00222088
0.00212555
0.00184446
0.00181229
0.0022265
0.00260424
0.00200643
0.0021956
0.00237778
0.00200579
0.00456699
0.00253483
0.00315095
0.00431256
0.00308011
0.00264434
0.00591191
0.00414025
0.0061187
0.00332189
0.00184096
0.0028527
0.0016108
0.00191988
0.00198617
0.00189651
0.00144658
0.00172266
0.00164507
0.00133915
0.00194133
0.00159768
0.00157292
0.00161634
0.00153464
0.00145951
0.00138498
0.00158128
0.00124795
0.00127517
0.00175077
0.00156843
0.001616
0.00188392
0.00172672
0.00164491
0.00151333
0.00102011
0.000954915
0.00140309
0.00120533
0.000976111
0.000583973
0.0019222
0.00212549
0.00199445
0.00106066
0.00101029
0.00172578
0.0017291
0.00164727
0.00172085
0.00146891
0.00166363
0.00147694
0.0022169
0.00122046
0.00141786
0.002367
0.00136161
0.002095
0.00120794
0.0014404
0.00196638
0.00149401
0.00148727
0.0013675
0.00123652
0.00113214
0.00107724
0.00121957
0.00124553
0.00161259
0.00158453
0.00157651
0.00159107
0.00167328
0.00164367
0.000988435
0.00116071
0.00100308
0.000980009
0.000931657
0.000959538
0.00113273
0.00155939
0.00208897
0.00349024
0.0011277
0.00154304
0.00210621
0.00348441
0.000970845
0.000939229
0.000831207
0.000898674
0.000940518
0.00117533
0.00155737
0.00203098
0.00336635
0.00119998
0.00154397
0.00209165
0.00341506
0.000829521
0.000717166
0.000889159
0.000662149
0.00085374
0.000423406
0.000434393
0.0003934
0.000422071
0.000237659
0.000438804
0.000419517
0.000382833
0.000386455
0.00043199
0.000327194
0.000420438
0.000678322
0.000430275
0.000680222
0.000489723
0.000392094
0.000443751
0.000457679
0.000499667
0.000434959
0.000446555
0.000434621
0.000463609
0.000550423
0.000520011
0.000474789
0.00034384
0.000445274
0.000817218
0.000921322
0.000519281
0.000463348
0.000506183
0.000567589
0.000493498
0.000592309
0.00120461
0.00199558
0.00316202
0.00152733
0.00308855
0.0104951
0.0075002
0.00238194
0.00232215
0.0012342
0.00241237
0.00543798
0.0163471
0.000486097
0.000530911
0.000818158
0.000704696
0.00217043
0.0020431
0.00131913
0.00148474
0.000523591
0.000651415
0.000443687
0.000822951
0.00110391
0.00114834
0.000986488
0.00113508
0.000996837
0.00166379
0.00127442
0.00225968
0.000984657
0.00119059
0.00107429
0.00082036
0.000935613
0.00382011
0.00618034
0.00637122
0.00758202
0.00770113
0.0162954
0.0149877
0.00538494
0.00246141
0.00253788
0.00239919
0.000983926
0.00101219
0.00332887
0.00288707
0.00316032
0.00220406
0.00299223
0.000397591
0.00284923
0.00269637
0.00160473
0.00223447
0.00223991
0.00192774
0.00173061
0.00179009
0.00250971
0.00193321
0.00203299
0.00183498
0.00192465
0.00220518
0.0018221
0.00183254
0.00131377
0.00166093
0.00144411
0.00116485
0.00128301
0.00110051
0.00122547
0.00113089
0.0011665
0.00145224
0.00138057
0.0011906
0.00153981
0.00208698
0.00336504
0.00115074
0.0015493
0.0020021
0.00332474
0.000968687
0.00111139
0.00102441
0.0008982
0.00102949
0.00131701
0.00155525
0.00185461
0.00293082
0.00154716
0.00198975
0.00300879
0.000975334
0.00101145
0.000993664
0.000917274
0.000360105
0.000485382
0.000672704
0.000564311
0.000570076
0.000470905
0.000461232
0.000418175
0.000428413
0.000485006
0.000463241
0.00051656
0.000694318
0.000497265
0.00059645
0.0005602
0.000610585
0.000805606
0.000775834
0.000899576
0.000561717
0.000660241
0.0009114
0.000808739
0.000924137
0.00114578
0.00101541
0.00106089
0.00150934
0.00135306
0.00136699
0.00144083
0.00169201
0.00178911
0.00170438
0.00180822
0.00167131
0.00180627
0.00199187
0.00193459
0.00199047
0.00209632
0.00187706
0.00160504
0.00184049
0.00166908
0.00167127
0.00180372
0.00163683
0.00136977
0.00143957
0.00161252
0.0015088
0.00149053
0.00155026
0.00134145
0.00109456
0.00149453
0.0013112
0.00127096
0.00118671
0.0013943
0.00165672
0.00156709
0.00157374
0.00157704
0.00165381
0.00149602
0.00158485
0.00149512
0.00184026
0.00158244
0.00166744
0.00194743
0.00165964
0.00167996
0.00167394
0.00173577
0.00170417
0.00158916
0.0015704
0.00183748
0.00249786
0.0015244
0.00156865
0.00169004
0.0024041
0.00108345
0.0013464
0.0018927
0.00182193
0.00183701
0.00176949
0.00178768
0.0018226
0.00189348
0.00198213
0.0019412
0.00193692
0.00185165
0.00185569
0.00181243
0.00188966
0.00176099
0.00175945
0.00193171
0.00185733
0.00177264
0.00186248
0.00180882
0.00181398
0.0016603
0.00170671
0.001692
0.00170916
0.00177426
0.00176785
0.0017463
0.000462227
0.000440077
0.00044041
0.000454043
0.000483984
0.000472822
)
;
    }
    procBoundary1to0
    {
        type            processor;
        value           nonuniform List<scalar> 
224
(
0.00333727
0.00333727
0.00333727
0.003667
0.00259508
0.00224507
0.00265233
0.0018613
0.00226043
0.00741096
0.00419904
0.00741096
0.00741096
0.00837056
0.00224824
0.00165503
0.00111445
0.00163805
0.00183436
0.00176511
0.00137607
0.00522314
0.0042652
0.00468747
0.0063249
0.00657967
0.00591317
0.00608604
0.00180331
0.0010076
0.00118115
0.00100774
0.00227055
0.00209263
0.00202407
0.0049706
0.00567587
0.00360359
0.00376241
0.00280271
0.00303167
0.0108344
0.00599667
0.0049706
0.0049706
0.00280271
0.00280271
0.00303167
0.00303167
0.0105063
0.02618
0.00976282
0.00184496
0.00310474
0.00193921
0.00110127
0.00110127
0.00110127
0.00247557
0.00247557
0.00247557
0.00136059
0.00136059
0.00136059
0.000974139
0.00103175
0.000735992
0.00218201
0.00190989
0.00201275
0.00463326
0.00249847
0.0031879
0.00191403
0.00200111
0.00159554
0.00549976
0.00596765
0.00730481
0.00624776
0.00486659
0.004724
0.0101855
0.0329845
0.0102056
0.00145871
0.00146651
0.000852133
0.00197561
0.00160841
0.00186025
0.00544813
0.00508182
0.00333323
0.00138408
0.00126481
0.00168587
0.00233332
0.00211825
0.00215
0.0108344
0.0149313
0.00287164
0.00279793
0.00600823
0.00649087
0.0102056
0.0108344
0.0108344
0.0329845
0.0149313
0.0149313
0.00287164
0.00287164
0.00279793
0.00279793
0.0103913
0.00878199
0.0083823
0.00799948
0.00811058
0.00626688
0.00208225
0.00208225
0.00208225
0.00169761
0.00169761
0.00169761
0.00121094
0.000685984
0.00126301
0.00208801
0.00193355
0.0017731
0.00878199
0.00730481
0.00811058
0.00811058
0.00468747
0.00585696
0.00610604
0.00468747
0.00531452
0.00259508
0.00224507
0.00249847
0.0031879
0.0018613
0.00226043
0.00200111
0.00159554
0.00111445
0.00163805
0.00146651
0.000852133
0.00176511
0.00137607
0.00160841
0.00186025
0.00591317
0.00608604
0.00508182
0.00333323
0.00118115
0.00100774
0.00126481
0.00168587
0.00209263
0.00202407
0.00211825
0.00215
0.00649087
0.0102056
0.0324623
0.0156349
0.00316296
0.0101783
0.0462458
0.00238596
0.00237058
0.0026808
0.00293843
0.00399386
0.00560389
0.00373082
0.00300172
0.02618
0.00976282
0.0083823
0.00799948
0.0105778
0.000877882
0.00207414
0.0021775
0.00186737
0.00173304
0.00118867
0.00100966
0.00134582
0.00153337
0.00103175
0.000735992
0.000685984
0.00126301
0.00190989
0.00201275
0.00193355
0.0017731
0.00441386
0.00490439
0.00531452
0.0021221
0.00397012
0.00391603
0.00464483
0.00518238
0.00388917
0.00490176
0.0033592
0.0026069
0.0026873
0.00207979
0.00219961
0.00229135
)
;
    }
    procBoundary1to3
    {
        type            processor;
        value           nonuniform List<scalar> 
23
(
0.00216671
0.00212641
0.00206741
0.00206741
0.00206741
0.00194377
0.00203525
0.00190852
0.00178448
0.00209207
0.00204678
0.00209062
0.00207126
0.00202333
0.00197392
0.00199028
0.00202333
0.00199902
0.00187001
0.00182504
0.00211221
0.00211704
0.00208831
)
;
    }
    procBoundary1to4
    {
        type            processor;
        value           nonuniform List<scalar> 
78
(
0.00333505
0.00327045
0.00327045
0.00333505
0.00333505
0.00237999
0.00295914
0.00202641
0.00266929
0.00227543
0.00227543
0.00237999
0.00295914
0.00295914
0.00202641
0.00202641
0.00106657
0.000923262
0.00246371
0.000837999
0.00102539
0.00102539
0.00102539
0.00106657
0.00106657
0.000923262
0.000923262
0.00246371
0.000837999
0.0016782
0.000837999
0.000837999
0.00105906
0.00100408
0.000967477
0.000967477
0.000967477
0.000956133
0.000956133
0.000956133
0.00105906
0.00105906
0.00100408
0.00100408
0.000757328
0.000612628
0.000606917
0.00065662
0.000648246
0.000769724
0.000702511
0.000694966
0.000567654
0.000590559
0.000553691
0.00051651
0.000434705
0.000422811
0.000463171
0.000492208
0.000402504
0.000401378
0.000384857
0.00235432
0.00221955
0.00257104
0.00275513
0.00205584
0.00257104
0.00185746
0.0023444
0.00289042
0.00289657
0.00235432
0.00273168
0.00221955
0.00251383
0.00225207
)
;
    }
    procBoundary1to5
    {
        type            processor;
        value           nonuniform List<scalar> 
55
(
0.00229827
0.0021776
0.00215523
0.00250009
0.00159295
0.00204522
0.0017471
0.00345758
0.00151325
0.000691893
0.00345758
0.00160913
0.00204522
0.00142146
0.0017471
0.000691893
0.000691893
0.00114261
0.00151325
0.00345758
0.00345758
0.00152985
0.00112901
0.00102972
0.00114286
0.00104009
0.00112716
0.000960873
0.000896278
0.00101469
0.000960873
0.00051078
0.000490384
0.000490384
0.00114579
0.00161273
0.00110477
0.00112557
0.0017298
0.0017298
0.00125618
0.00210868
0.00349718
0.000496189
0.0021776
0.00158445
0.00215523
0.00158445
0.00158445
0.00206965
0.000867224
0.000867224
0.00057098
0.000867224
0.000960782
)
;
    }
}


// ************************************************************************* //
