/*--------------------------------*- C++ -*----------------------------------*\
| =========                 |                                                 |
| \\      /  F ield         | OpenFOAM: The Open Source CFD Toolbox           |
|  \\    /   O peration     | Version:  2012                                  |
|   \\  /    A nd           | Website:  www.openfoam.com                      |
|    \\/     M anipulation  |                                                 |
\*---------------------------------------------------------------------------*/
FoamFile
{
    version     2.0;
    format      ascii;
    class       volScalarField;
    location    "0.108/solid";
    object      sigmaMax;
}
// * * * * * * * * * * * * * * * * * * * * * * * * * * * * * * * * * * * * * //

dimensions      [1 -1 -2 0 0 0 0];


internalField   nonuniform List<scalar> 
3124
(
8.8181e+07
5.6238e+07
1.51981e+08
1.03278e+08
3.98826e+07
5.76487e+07
1.58929e+08
1.01266e+08
3.6318e+07
4.98588e+07
4.89967e+08
1.03861e+08
1.35022e+08
1.40933e+08
6.0835e+07
1.26332e+08
6.17424e+08
1.54024e+08
1.29795e+08
7.27582e+07
1.35294e+08
1.45313e+08
1.4305e+08
3.37055e+07
5.59633e+07
2.39561e+08
1.27509e+08
1.7161e+08
9.60524e+07
7.62227e+07
1.98335e+08
1.43123e+08
1.51566e+08
1.2887e+08
1.42606e+08
5.76406e+07
1.03735e+08
1.31366e+08
6.95582e+07
1.38518e+08
2.71358e+08
1.19303e+08
7.14823e+07
8.71895e+07
1.22775e+08
2.31571e+08
1.99197e+08
2.12811e+08
1.17473e+08
9.59608e+07
1.39302e+08
5.56282e+07
1.31383e+08
6.96318e+07
1.28389e+08
7.68765e+07
1.73144e+08
1.6601e+08
1.47912e+08
3.43174e+07
1.07731e+08
8.56044e+07
6.56727e+07
2.98061e+08
2.99265e+08
1.12752e+06
1.14405e+08
1.01567e+06
1.39242e+08
1.13462e+08
7.22623e+07
1.555e+08
7.62277e+07
7.85821e+07
6.74484e+07
5.58442e+07
1.10182e+08
2.19043e+08
9.93599e+07
1.04258e+08
6.74359e+07
2.21006e+08
1.56483e+08
1.40957e+08
1.30937e+08
1.50356e+08
1.28998e+08
1.52316e+08
1.47292e+08
1.38325e+08
8.98564e+06
3.32971e+07
1.26847e+08
1.01228e+08
7.16095e+07
1.29073e+08
4.05318e+07
1.33334e+08
3.111e+08
2.92129e+08
7.20901e+07
1.15931e+08
1.21765e+08
8.35637e+07
1.1671e+08
1.15547e+08
1.33906e+08
1.18783e+08
8.46029e+07
3.34702e+08
1.20231e+08
2.28828e+08
3.00155e+08
2.79655e+08
2.14044e+08
1.36367e+08
1.17758e+08
7.86388e+07
1.1038e+08
7.81283e+07
8.65373e+07
8.3279e+07
1.08241e+08
1.46911e+08
1.35395e+08
1.16937e+07
6.92364e+07
8.93799e+07
8.95759e+07
1.12831e+08
1.3156e+08
9.76886e+07
1.67106e+08
1.63032e+08
1.33413e+08
1.4656e+08
1.44549e+08
1.30729e+08
1.43098e+08
5.20558e+07
6.36042e+07
8.94078e+07
1.92657e+08
1.53747e+08
1.63854e+08
7.85271e+07
9.71668e+07
5.91672e+07
8.57361e+07
1.03694e+08
2.42707e+08
2.0865e+08
3.19329e+08
4.39373e+07
7.85235e+07
3.80497e+07
8.46247e+07
7.23776e+07
9.88362e+07
6.62891e+07
3.76512e+07
1.90039e+08
3.18452e+08
5.0417e+08
4.13055e+08
6.49896e+08
4.09249e+08
3.13871e+08
1.20106e+08
1.33748e+08
1.26378e+08
1.4148e+08
1.21689e+08
1.57711e+08
1.2896e+08
1.38597e+08
1.26001e+08
1.21314e+08
3.44534e+08
5.64486e+08
7.58367e+08
1.22089e+08
6.76765e+07
1.00007e+08
8.38875e+07
1.06412e+08
1.09964e+08
1.01075e+08
1.09724e+08
1.32065e+08
1.2201e+08
1.25843e+08
1.2185e+08
1.21959e+08
1.20882e+08
1.82975e+08
1.29567e+08
1.65914e+08
1.7232e+08
1.35368e+08
1.22891e+08
2.00467e+08
1.2277e+08
1.34291e+08
1.294e+08
1.41672e+08
1.28188e+08
1.41138e+08
1.35725e+08
1.25129e+08
1.5376e+08
1.51242e+08
1.29288e+08
1.40175e+08
1.03336e+08
8.1917e+07
1.24006e+08
8.52111e+07
8.59803e+07
1.03772e+08
9.38596e+07
1.03516e+08
1.27719e+08
7.75594e+07
1.20456e+08
8.58134e+07
1.2315e+08
9.90576e+07
8.41109e+07
1.32357e+08
1.76141e+08
1.15762e+08
1.53262e+08
1.30609e+08
1.55597e+08
1.73071e+08
1.00366e+08
1.1158e+08
1.2441e+08
1.33341e+08
1.11461e+08
1.33416e+08
1.35684e+08
1.13022e+08
1.22207e+08
1.25097e+08
1.3483e+08
1.37583e+08
1.11376e+08
1.2339e+08
1.38479e+08
1.1316e+08
1.47023e+08
1.25628e+08
6.22297e+07
1.15322e+08
1.08232e+08
1.17654e+08
1.0619e+08
2.00315e+08
1.11485e+08
9.25758e+07
1.04605e+08
1.05947e+08
1.08835e+08
1.16741e+08
1.20153e+08
1.23811e+08
1.18037e+08
1.2e+08
1.0927e+08
1.18399e+08
2.93921e+08
5.14616e+08
3.74017e+08
1.41666e+08
2.33442e+08
2.18498e+08
3.66122e+08
2.40094e+08
2.57226e+08
1.11667e+08
1.15277e+08
9.6097e+07
1.20178e+08
1.04259e+08
1.23878e+08
9.9299e+07
1.15629e+08
1.1781e+08
1.34897e+08
1.08494e+08
1.21292e+08
1.30255e+08
1.03919e+08
5.99326e+07
1.77072e+08
1.71368e+08
1.57577e+08
1.55457e+08
5.39029e+07
6.11914e+07
4.73555e+07
3.31064e+07
5.01509e+07
4.59163e+07
7.24876e+07
4.9235e+07
4.85456e+07
8.52522e+07
1.02031e+08
1.09741e+08
9.8882e+07
9.63015e+07
1.02698e+08
8.84294e+07
5.64431e+07
1.17295e+08
6.51847e+07
8.91635e+07
6.25884e+07
9.78811e+07
7.04014e+07
4.53012e+07
6.19537e+07
9.54193e+07
-5.64937e+07
1.55692e+08
3.29114e+08
3.02465e+08
6.65197e+08
2.15564e+08
2.74654e+08
-5.51646e+07
2.54083e+08
1.95109e+08
3.80697e+08
1.04209e+08
2.20854e+08
1.36439e+08
3.99291e+08
2.74835e+08
1.42427e+07
1.09303e+09
2.46254e+08
1.21345e+08
1.40329e+08
1.52322e+08
1.33482e+08
1.84021e+08
1.09634e+08
1.79828e+08
8.65739e+07
6.04941e+07
3.08732e+07
8.67655e+07
8.62406e+07
6.16045e+07
9.14678e+07
8.83843e+07
4.78894e+07
8.16314e+07
9.84861e+07
7.01759e+07
1.00238e+08
9.10551e+07
-6.42019e+07
-3.2243e+07
4.79952e+07
6.57843e+07
3.18647e+07
-4.69175e+06
2.68306e+07
1.58308e+07
4.57806e+07
-7.19526e+06
1.09657e+08
1.1599e+08
1.09903e+08
1.02209e+08
9.25285e+07
1.18491e+08
1.11237e+08
1.19008e+08
1.80667e+08
2.08951e+08
1.57258e+08
1.32801e+08
1.48576e+08
1.38212e+08
1.05524e+08
1.28329e+08
9.69534e+07
1.15317e+08
8.78035e+07
1.10265e+08
1.09087e+08
5.49013e+07
7.55375e+07
8.09477e+07
9.0412e+07
7.50951e+07
9.44319e+07
8.55517e+07
5.74832e+07
7.49551e+07
6.03434e+07
8.3067e+07
1.87995e+08
7.7485e+07
1.81732e+08
8.89287e+07
8.62134e+07
1.39069e+08
1.26745e+08
1.21184e+08
1.21215e+08
1.33126e+08
1.10511e+08
1.0171e+08
1.3454e+08
1.07427e+08
1.13831e+08
1.31957e+08
1.06853e+08
9.71415e+07
1.34779e+08
1.02554e+08
1.32526e+08
1.37246e+08
1.14129e+08
1.45858e+08
1.13626e+08
1.39988e+08
1.39389e+08
1.10905e+08
1.43084e+08
1.1156e+08
9.60008e+07
9.56459e+07
8.31988e+07
1.51865e+07
8.83679e+07
9.20618e+07
9.58671e+07
9.13033e+07
2.42609e+07
8.97592e+07
1.08488e+08
1.27287e+08
1.19031e+08
9.4634e+07
9.12179e+07
1.28202e+08
1.05167e+08
3.23102e+08
-3.5996e+07
4.0539e+08
3.18142e+08
1.2426e+08
7.12586e+07
1.15482e+08
1.08338e+08
1.19286e+08
1.14869e+08
1.01818e+08
1.21999e+08
1.13555e+08
1.13638e+08
1.21656e+08
1.08904e+08
1.22366e+08
1.21338e+08
1.23644e+08
1.1749e+08
1.24124e+08
1.22794e+08
1.22563e+08
1.23475e+08
1.2418e+08
9.50906e+07
1.06133e+08
1.03945e+08
1.15316e+08
1.10935e+08
1.11191e+08
1.11176e+08
1.09363e+08
1.12322e+08
1.08292e+08
1.17234e+08
1.16686e+08
1.13309e+08
1.21066e+08
1.20315e+08
1.21768e+08
1.19834e+08
1.22667e+08
1.31051e+08
6.9799e+07
1.19188e+08
1.1345e+08
1.31896e+08
1.23365e+08
1.20995e+08
1.08582e+08
1.23339e+08
1.18679e+08
1.23131e+08
1.10864e+08
1.25031e+08
3.87635e+08
5.00597e+08
4.71057e+08
4.24939e+08
4.64985e+08
3.68593e+08
3.26135e+08
2.88112e+08
2.62964e+08
4.22409e+08
6.84219e+07
2.80382e+08
9.0932e+07
2.92856e+08
1.00956e+08
9.53404e+07
1.99125e+08
2.12113e+08
2.79007e+08
2.73343e+08
6.95706e+07
2.79982e+08
2.2353e+08
1.87143e+08
1.61185e+08
1.52489e+08
1.90324e+08
1.68985e+08
2.62073e+08
8.81771e+07
2.26987e+08
1.95932e+08
1.15086e+08
1.41615e+08
8.18221e+07
1.40747e+08
1.31959e+08
9.90787e+07
1.39059e+08
1.34717e+08
1.52751e+08
1.53146e+08
1.36303e+08
1.30659e+08
1.33636e+08
8.40769e+07
1.36254e+08
9.35451e+07
1.11845e+08
9.88327e+07
1.09856e+08
9.81368e+07
1.01064e+08
1.08633e+08
9.1978e+07
1.0864e+08
9.17434e+07
1.05322e+08
9.30842e+07
9.86589e+07
1.00892e+08
1.23717e+08
1.29743e+08
1.12552e+08
1.44064e+08
1.12807e+08
1.38606e+08
1.33655e+08
1.07021e+08
1.41113e+08
1.08287e+08
1.00385e+08
9.07159e+07
8.18729e+07
2.62791e+07
7.904e+07
9.20388e+07
9.00212e+07
9.31668e+07
4.70015e+07
7.936e+07
1.02237e+08
1.03951e+08
7.98098e+07
1.01426e+08
9.66691e+07
6.82281e+07
9.51094e+07
9.64113e+07
1.01327e+08
1.0139e+08
1.17397e+08
1.09887e+08
8.93179e+07
1.20767e+08
9.04075e+07
1.02068e+08
1.01279e+08
9.97309e+07
1.25176e+08
9.76294e+07
1.1321e+08
1.60774e+08
1.54108e+08
1.54619e+08
1.43981e+08
1.25838e+08
1.39035e+08
1.38542e+08
1.52901e+08
1.41271e+08
1.42562e+08
1.32537e+08
1.1801e+08
1.35761e+08
1.24897e+08
1.37693e+08
1.31372e+08
1.27118e+08
9.25857e+07
5.80015e+07
7.84398e+07
8.91131e+07
1.00408e+08
7.98315e+07
8.9269e+07
9.75967e+07
5.86112e+07
8.06974e+07
8.90067e+07
9.77867e+07
8.13406e+07
8.50759e+07
6.0057e+08
6.48894e+08
6.36992e+08
5.09287e+08
4.579e+08
7.23697e+08
5.49827e+08
7.96962e+07
3.58119e+06
2.19205e+07
5.2851e+07
7.13454e+07
4.48986e+07
7.86408e+07
1.5057e+08
1.92723e+08
1.43272e+08
1.7641e+08
2.49842e+08
1.86093e+08
1.38524e+08
9.62635e+07
1.88101e+08
1.02282e+08
1.60132e+08
1.07556e+08
1.05495e+08
1.30266e+08
1.30512e+08
1.1331e+08
1.21596e+08
1.23321e+08
1.14079e+08
1.2862e+08
1.33393e+08
1.34622e+08
1.25434e+08
1.1482e+08
1.31888e+08
1.25261e+08
1.14715e+08
2.43358e+08
3.11774e+08
9.90823e+07
9.41649e+07
8.68306e+07
9.27357e+07
9.37967e+07
9.42184e+07
2.11591e+08
8.74399e+07
4.1579e+07
2.46509e+08
7.62182e+07
1.10851e+08
1.15264e+08
1.08525e+08
1.11178e+08
1.09479e+08
1.0954e+08
1.05839e+08
1.27683e+08
1.25513e+08
1.22154e+08
1.11474e+08
1.2968e+08
1.2251e+08
1.11662e+08
1.51251e+08
1.48936e+08
1.52057e+08
1.30817e+08
8.34598e+07
5.33529e+07
4.24568e+07
7.33027e+07
1.74253e+07
2.03182e+07
6.4961e+07
7.12505e+07
2.95414e+06
5.56363e+07
9.25539e+07
6.64665e+07
7.31357e+07
8.71613e+07
6.72567e+07
8.49875e+07
9.0313e+07
-1.81925e+07
1.69192e+07
5.93455e+07
4.37764e+07
1.09644e+08
1.21979e+08
1.11009e+08
1.10581e+08
1.76624e+08
2.07071e+08
1.64652e+08
1.65311e+08
1.32675e+08
1.3809e+08
1.2663e+08
1.30917e+08
1.229e+08
1.10385e+08
1.42976e+08
1.12986e+08
1.25218e+08
1.28867e+08
1.2413e+08
1.32401e+08
1.44932e+08
1.28898e+08
1.2863e+08
1.31057e+08
1.35726e+08
1.38408e+08
1.19986e+08
1.22779e+08
1.23466e+08
1.24935e+08
1.23919e+08
1.10639e+08
1.24126e+08
1.18878e+08
1.25581e+08
1.09977e+08
1.1756e+08
1.19372e+08
1.15858e+08
1.26413e+08
1.23586e+08
9.91556e+07
9.4275e+07
8.81878e+07
9.54036e+07
9.38266e+07
1.21698e+08
1.01352e+08
4.5911e+08
4.05598e+08
2.98354e+08
3.35687e+08
3.74993e+08
3.34853e+08
4.28339e+08
1.54193e+07
1.91675e+08
1.60984e+08
1.80796e+08
2.46973e+08
1.97163e+08
3.21661e+08
2.45309e+08
2.49946e+08
2.05308e+08
1.97043e+08
1.92287e+08
1.07592e+08
1.17231e+08
1.09404e+08
1.10836e+08
1.05085e+08
1.10772e+08
1.12876e+08
9.7849e+07
9.66518e+07
8.61512e+07
9.56742e+07
9.89228e+07
9.04892e+07
9.81942e+07
1.21096e+08
1.22197e+08
1.36519e+08
1.31796e+08
1.14655e+08
1.12906e+08
1.22465e+08
1.18627e+08
1.15429e+08
1.14716e+08
7.25512e+07
8.76552e+07
1.22789e+08
1.23016e+08
1.11489e+08
1.15618e+08
1.30277e+08
1.34873e+08
1.34154e+08
1.50034e+08
1.45027e+08
1.48231e+08
1.45733e+08
1.4129e+08
1.42382e+08
1.27339e+08
1.32121e+08
1.2915e+08
1.41372e+08
1.39967e+08
1.38336e+08
5.34672e+07
8.75597e+07
8.78375e+07
8.42905e+07
8.6947e+07
8.63856e+07
9.05719e+07
8.99176e+07
2.36891e+08
2.3213e+08
2.0019e+08
1.81567e+08
2.47999e+08
1.90144e+08
2.21982e+08
2.28007e+08
1.69303e+08
1.72596e+08
2.04896e+08
1.78407e+08
2.17453e+08
2.13162e+08
1.152e+08
1.39011e+08
2.40974e+08
1.45033e+08
1.20007e+08
1.7153e+08
1.29197e+08
9.85116e+07
8.56831e+07
8.62235e+07
9.387e+07
8.51946e+07
8.78724e+07
1.10353e+08
9.52123e+07
1.09696e+08
9.85818e+07
9.32675e+07
9.77215e+07
9.61345e+07
9.27477e+07
8.65436e+07
1.44684e+08
9.69849e+07
2.92818e+08
2.48571e+08
2.18495e+08
2.33699e+08
2.6428e+08
2.42383e+08
2.74284e+08
3.36715e+08
3.40829e+08
3.66259e+08
2.71788e+08
3.94593e+08
2.85162e+08
3.15262e+08
1.20454e+08
1.05968e+08
1.11562e+08
1.22906e+08
6.48858e+07
8.01393e+07
6.5452e+07
5.57469e+07
5.62576e+07
7.26867e+07
6.45988e+07
5.89918e+07
5.94489e+07
8.11876e+07
5.85954e+07
6.5709e+07
6.68932e+07
5.24758e+07
7.79378e+07
9.03207e+07
8.99364e+07
8.88357e+07
8.46e+07
8.51469e+07
7.72207e+07
4.85853e+07
3.92152e+07
4.16755e+07
4.46309e+07
4.24535e+07
5.17765e+07
4.50813e+07
3.38344e+08
4.96734e+08
1.28248e+08
2.77909e+08
3.11691e+08
2.31703e+08
3.00351e+08
1.30544e+08
1.20759e+08
1.36766e+08
1.24812e+08
1.32959e+08
1.25802e+08
1.28576e+08
1.35458e+08
1.32933e+08
1.32037e+08
1.40296e+08
1.33572e+08
1.33281e+08
1.36712e+08
1.26917e+08
1.2226e+08
1.28043e+08
1.24436e+08
1.26918e+08
1.31438e+08
1.23774e+08
1.4305e+08
1.45132e+08
1.48768e+08
1.30939e+08
1.4057e+08
1.40895e+08
1.44251e+08
1.33549e+08
1.33676e+08
1.25407e+08
1.23606e+08
1.33672e+08
1.22694e+08
1.33178e+08
1.34918e+08
1.20354e+08
1.35842e+08
1.22066e+08
1.37439e+08
1.21459e+08
1.3401e+08
1.0729e+08
1.18398e+08
1.1352e+08
1.17398e+08
1.09282e+08
1.11213e+08
1.13075e+08
7.99365e+07
6.62934e+07
9.25173e+07
9.35101e+07
7.4876e+07
1.02253e+08
7.14041e+07
1.00569e+08
1.13636e+08
1.00292e+08
9.83211e+07
9.5536e+07
1.04486e+08
1.07113e+08
8.55073e+07
1.10729e+08
7.72876e+07
1.00285e+08
8.78043e+07
1.0887e+08
7.52304e+07
1.19379e+08
1.09134e+08
1.19505e+08
1.20331e+08
1.19844e+08
1.18929e+08
1.21548e+08
1.2462e+08
1.2574e+08
1.29092e+08
1.21674e+08
1.26811e+08
1.22036e+08
1.22864e+08
1.21602e+08
1.18528e+08
1.25993e+08
1.2165e+08
1.2291e+08
1.22026e+08
1.18889e+08
1.22728e+08
1.24041e+08
1.11673e+08
1.25994e+08
1.21985e+08
1.2018e+08
1.2421e+08
1.59668e+08
1.43918e+08
1.3191e+08
1.29244e+08
1.50448e+08
1.44688e+08
1.51453e+08
1.74145e+08
1.5075e+08
1.44097e+08
1.42966e+08
1.59127e+08
1.7897e+08
1.64101e+08
1.79432e+08
1.83307e+08
1.05687e+08
1.60277e+08
1.60378e+08
1.7399e+08
1.78822e+08
1.28013e+08
1.11156e+08
1.33128e+08
1.31723e+08
1.20341e+08
1.24618e+08
1.34438e+08
1.2695e+08
1.28324e+08
1.14551e+08
1.35103e+08
1.23165e+08
1.24791e+08
1.15768e+08
1.25776e+08
1.2175e+08
9.58978e+07
1.25106e+08
1.2343e+08
9.69836e+07
1.21699e+08
1.32955e+08
1.35893e+08
1.32574e+08
1.37465e+08
1.28915e+08
1.30869e+08
1.40663e+08
1.36441e+08
1.41875e+08
1.40386e+08
1.31109e+08
1.46315e+08
1.44873e+08
1.52143e+08
1.51626e+08
1.37562e+08
1.35294e+08
1.28815e+08
1.32831e+08
1.35296e+08
1.32678e+08
1.37636e+08
1.40182e+08
1.40111e+08
1.43352e+08
1.36476e+08
1.43234e+08
1.36195e+08
1.40323e+08
9.02226e+07
7.19994e+07
9.22332e+07
1.04596e+08
1.00149e+08
7.1233e+07
5.52483e+07
1.0886e+08
1.02048e+08
9.93664e+07
1.10512e+08
1.08527e+08
9.33614e+07
1.1525e+08
8.19931e+07
6.40198e+07
5.42355e+07
1.3997e+08
1.25616e+08
1.35286e+08
3.39927e+07
5.75705e+07
1.86785e+08
1.06067e+08
1.03775e+08
4.53073e+07
1.19655e+08
1.21108e+08
6.57456e+07
1.24095e+08
6.6012e+07
6.38507e+07
1.80351e+08
1.61977e+08
1.30996e+08
1.37477e+08
1.38117e+08
1.68364e+08
1.72259e+08
1.94621e+08
1.59246e+08
1.95347e+08
1.46451e+08
2.07851e+08
1.50026e+08
1.84468e+08
1.62471e+08
1.05232e+08
1.05194e+08
6.01531e+07
7.78158e+07
9.76139e+07
1.02262e+08
9.83913e+07
7.22047e+07
7.35889e+07
6.66715e+07
1.11356e+08
6.92514e+07
1.06356e+08
5.39762e+07
1.07116e+08
7.01193e+07
1.32204e+08
1.32854e+08
1.25384e+08
1.15836e+08
1.3271e+08
1.24401e+08
1.15333e+08
1.34053e+08
1.33567e+08
1.25653e+08
1.15929e+08
1.33741e+08
1.26994e+08
1.16488e+08
5.42122e+08
4.95171e+08
2.77288e+08
4.77598e+08
1.17522e+08
1.24389e+08
1.18159e+08
1.19677e+08
1.19873e+08
1.30498e+08
1.15611e+08
1.05318e+08
1.79826e+08
8.83549e+07
1.18978e+08
1.23697e+08
1.186e+08
9.40539e+07
1.0463e+08
9.8191e+07
1.08725e+08
1.05725e+08
1.02952e+08
1.04677e+08
1.09089e+08
1.01225e+08
7.21593e+07
9.15151e+07
9.83657e+07
9.3661e+07
9.72066e+07
9.85806e+07
9.42457e+07
1.02558e+08
1.00278e+08
1.00703e+08
1.0878e+08
9.99885e+07
1.05135e+08
1.03373e+08
1.04936e+08
1.00006e+08
1.07632e+08
1.08589e+08
9.13815e+07
1.11784e+08
9.35372e+07
1.12885e+08
9.82889e+07
1.17834e+08
1.20933e+08
1.1327e+08
1.13895e+08
1.17536e+08
1.19935e+08
1.1409e+08
1.21092e+08
1.19495e+08
1.22366e+08
1.21632e+08
1.19995e+08
1.20982e+08
1.22822e+08
1.17488e+08
1.1018e+08
1.16587e+08
1.13701e+08
1.15394e+08
1.13765e+08
1.18815e+08
6.12021e+08
5.63229e+08
5.66401e+08
4.87937e+08
5.17733e+08
6.66719e+08
5.45583e+08
5.46558e+08
3.92304e+08
4.30023e+08
4.32109e+08
4.5875e+08
4.58958e+08
4.92416e+08
3.42254e+07
4.86975e+07
1.56666e+08
1.58563e+08
1.72369e+08
6.16059e+07
5.06717e+07
2.14629e+08
9.08531e+07
8.98461e+07
7.28302e+07
2.43051e+08
1.83712e+08
6.79898e+07
2.04125e+08
5.63048e+07
5.42617e+07
1.43845e+08
1.02855e+08
4.53088e+08
3.39377e+08
4.05777e+08
1.056e+08
9.03003e+07
2.61868e+08
9.68851e+07
9.4171e+07
9.053e+07
2.89595e+08
3.01444e+08
7.80714e+07
3.47171e+08
1.06959e+08
9.3382e+07
1.14045e+08
1.13027e+08
1.12077e+08
1.01842e+08
1.15785e+08
1.11747e+08
1.04277e+08
1.23851e+08
1.24792e+08
1.16462e+08
1.06284e+08
1.20239e+08
1.17671e+08
1.06696e+08
1.15025e+08
1.27739e+08
1.36073e+08
1.16507e+08
1.68532e+08
1.71784e+08
1.74951e+08
1.73289e+08
1.62698e+08
1.59653e+08
1.58026e+08
1.59837e+08
1.60419e+08
1.60108e+08
1.62109e+08
1.64487e+08
1.62742e+08
1.64749e+08
1.61358e+08
1.65441e+08
1.61956e+08
1.63834e+08
1.55332e+08
1.53336e+08
1.56255e+08
1.57218e+08
1.58258e+08
1.53819e+08
1.54267e+08
1.49608e+08
1.52558e+08
1.55241e+08
1.58367e+08
1.59429e+08
1.54956e+08
1.10788e+08
9.66967e+07
6.44534e+07
4.80968e+07
5.79591e+07
5.12837e+07
7.28627e+07
5.17482e+07
7.80085e+07
9.02697e+07
1.04411e+08
9.29504e+07
6.62405e+07
7.02368e+07
8.51155e+07
8.87714e+07
5.77295e+07
6.48102e+07
6.76256e+07
3.92176e+07
5.61195e+07
6.64553e+07
6.47301e+07
4.7877e+07
4.29101e+07
4.27084e+07
5.67447e+07
4.35795e+07
4.24761e+07
4.5265e+07
8.99698e+07
8.9798e+07
8.79829e+07
8.2461e+07
8.66847e+07
9.56855e+07
8.69069e+07
1.0482e+08
1.07918e+08
1.04537e+08
1.08308e+08
1.023e+08
1.04353e+08
1.07867e+08
9.78357e+07
9.05766e+07
1.00824e+08
9.43734e+07
9.81586e+07
9.66e+07
9.74975e+07
9.94616e+07
9.56656e+07
1.01219e+08
1.07013e+08
9.76872e+07
1.00877e+08
1.03199e+08
8.03411e+07
7.17852e+07
8.79496e+07
7.82817e+07
7.10253e+07
7.92762e+07
7.58618e+07
8.92127e+07
9.58193e+07
1.07103e+08
9.72406e+07
9.17592e+07
9.45047e+07
9.06133e+07
7.85247e+07
9.29228e+07
8.80739e+07
7.32502e+07
8.19262e+07
8.65817e+07
7.19828e+07
9.05593e+07
9.22801e+07
9.68485e+07
8.79641e+07
7.9003e+07
8.8979e+07
8.46402e+07
8.74595e+07
1.30159e+07
9.57487e+07
7.38286e+07
6.70787e+07
6.90376e+07
7.0118e+07
6.9477e+07
6.81528e+07
9.28563e+07
7.7173e+07
8.81622e+07
5.59621e+07
7.1385e+07
4.42625e+07
7.36569e+07
-7.85423e+07
-9.52986e+06
1.00373e+08
-2.26832e+07
8.59561e+07
1.58334e+08
7.23024e+07
1.97431e+08
5.04924e+07
1.25128e+08
5.77614e+07
1.25854e+08
3.73346e+08
2.34661e+08
2.11392e+08
2.05712e+08
3.84836e+08
3.25084e+08
2.50286e+08
2.78978e+08
2.0901e+08
2.14602e+08
2.45417e+08
3.44213e+08
6.97464e+08
2.18192e+08
4.36279e+08
4.0519e+07
9.13672e+08
1.13127e+09
7.38092e+08
1.00226e+09
4.92637e+08
2.88841e+08
1.72176e+08
2.23523e+08
2.14281e+08
2.74636e+08
2.55662e+08
2.12214e+08
3.24817e+08
2.72603e+08
1.20701e+08
3.95001e+08
3.17545e+08
2.71078e+08
3.63927e+08
2.42565e+08
1.65385e+08
1.68496e+08
1.79192e+08
2.11689e+08
1.81791e+08
2.0133e+08
3.30717e+08
4.75941e+08
2.35843e+08
-1.16661e+08
6.07521e+08
-2.91313e+08
-5.40916e+08
1.5605e+09
1.36693e+08
1.7745e+08
8.87814e+07
1.97078e+08
1.40701e+08
1.67169e+08
1.56517e+08
1.15955e+08
1.1009e+08
1.40667e+08
1.33567e+08
1.1834e+08
1.46489e+08
9.81847e+07
1.40891e+08
1.73346e+08
1.81575e+08
1.5404e+08
1.42448e+08
1.55892e+08
1.50223e+08
1.25466e+08
1.22542e+08
7.03941e+07
1.22665e+08
1.11304e+08
1.22785e+08
1.19993e+08
7.71078e+07
2.12516e+07
2.867e+07
6.68764e+07
7.75603e+07
2.27659e+07
6.47319e+07
8.54749e+07
6.05537e+07
4.55999e+07
7.49783e+07
8.63951e+07
5.15284e+07
7.76024e+07
-8.56941e+07
6.93207e+07
-6.6849e+07
-8.43167e+07
7.2428e+07
1.06646e+07
-1.33883e+06
6.0883e+07
-4.68794e+07
-3.88128e+07
-5.31707e+07
6.21251e+07
5.00808e+07
1.20526e+08
9.93012e+07
6.79192e+07
2.97928e+07
7.34591e+07
1.83249e+07
1.00903e+08
1.56405e+07
1.68613e+07
8.18539e+07
1.53768e+08
1.85468e+07
1.28728e+08
1.90363e+07
4.96639e+07
2.35369e+07
4.06725e+07
4.69044e+07
3.44388e+07
8.77185e+07
3.57757e+07
7.84099e+07
6.35863e+07
-5.45708e+06
8.3713e+06
9.93708e+06
7.46228e+07
1.0951e+08
9.91449e+07
1.13409e+08
1.09319e+08
1.13054e+08
1.0562e+08
1.05848e+08
1.07507e+08
1.10604e+08
1.04597e+08
1.12366e+08
1.0751e+08
1.07689e+08
1.11184e+08
1.02064e+08
9.49964e+07
9.9181e+07
9.92599e+07
1.02011e+08
1.01887e+08
9.74265e+07
1.12867e+08
1.16971e+08
1.17578e+08
1.14459e+08
1.14918e+08
1.1085e+08
1.15786e+08
1.40257e+08
1.22116e+08
1.39039e+08
1.30584e+08
1.37244e+08
1.50594e+08
1.32633e+08
2.02587e+08
2.12409e+08
1.92958e+08
2.38454e+08
1.82493e+08
1.88018e+08
2.26805e+08
1.58939e+08
1.27362e+08
1.78802e+08
1.47549e+08
1.47584e+08
1.63403e+08
1.45322e+08
1.79376e+08
1.43485e+08
1.61843e+08
1.88023e+08
1.65529e+08
1.61167e+08
1.93431e+08
1.03062e+08
9.25674e+07
1.04112e+08
1.0832e+08
8.65976e+07
1.03356e+08
1.0609e+08
9.09694e+07
1.09022e+08
9.60493e+07
1.19694e+08
9.94192e+07
9.2891e+07
9.84032e+07
9.04959e+07
8.96178e+07
8.51419e+07
9.51615e+07
9.59488e+07
8.74951e+07
9.17248e+07
1.08126e+08
1.06771e+08
7.70468e+07
1.02957e+08
1.07949e+08
8.28509e+07
1.09291e+08
1.13878e+08
1.17187e+08
7.74956e+07
6.65026e+07
5.14064e+07
6.2503e+07
6.88649e+07
5.80748e+07
5.59078e+07
8.17846e+07
7.76465e+07
6.84483e+07
6.8327e+07
6.36019e+07
8.54266e+07
6.67103e+07
1.23607e+08
1.27266e+08
1.31909e+08
1.18533e+08
1.17626e+08
9.85756e+07
1.20289e+08
9.31565e+07
1.24841e+08
1.36317e+08
1.34804e+08
1.26963e+08
1.1279e+08
8.21976e+07
1.06886e+08
8.92658e+07
1.13626e+08
1.12882e+08
1.03783e+08
9.49446e+07
9.41596e+07
1.09448e+08
9.07426e+07
1.03735e+08
1.07672e+08
9.73973e+07
8.87109e+07
7.83652e+07
8.90264e+07
8.53796e+07
9.23306e+07
9.6895e+07
1.04307e+08
1.21004e+08
1.11963e+08
1.14672e+08
8.02455e+07
7.13634e+07
7.22511e+07
7.31645e+07
9.75868e+07
8.94613e+07
8.74831e+07
9.74295e+07
9.09878e+07
7.769e+07
1.0049e+08
7.37364e+07
1.54622e+08
8.21223e+07
1.43574e+08
2.00227e+08
1.50318e+08
1.60699e+08
8.12208e+07
1.31243e+08
1.41483e+08
1.71024e+08
1.47919e+08
1.39898e+08
1.21058e+08
8.8672e+07
1.25427e+08
1.31926e+08
8.7134e+07
1.25262e+08
1.52599e+08
1.54022e+08
1.26289e+08
1.24101e+08
1.59479e+08
1.24076e+08
1.48037e+08
1.46031e+08
1.20494e+08
1.38757e+08
1.22209e+08
1.40983e+08
1.21153e+08
1.42815e+08
1.11169e+08
1.20728e+08
1.19651e+08
1.17245e+08
1.14869e+08
1.20868e+08
1.15876e+08
1.30097e+08
1.17725e+08
1.20318e+08
1.10609e+08
1.07679e+08
1.13622e+08
1.06241e+08
1.11792e+08
1.00178e+08
1.10805e+08
8.73904e+07
8.48577e+07
9.8652e+07
1.03271e+08
7.53615e+07
1.01202e+08
9.05965e+07
1.40768e+08
1.16228e+08
1.14415e+08
8.80018e+07
1.04975e+08
1.05208e+08
1.01001e+08
1.0176e+08
9.93684e+07
9.62265e+07
1.23261e+08
1.11541e+08
1.22251e+08
1.29082e+08
1.24238e+08
1.233e+08
1.09017e+08
1.21076e+08
1.20717e+08
1.23475e+08
9.9507e+07
1.21448e+08
1.40623e+08
1.24963e+08
1.27802e+08
1.01642e+08
1.20102e+08
1.222e+08
1.3479e+08
1.33896e+08
1.31485e+08
1.18248e+08
1.30071e+08
1.23512e+08
1.18803e+08
1.25891e+08
1.29004e+08
1.34578e+08
1.28678e+08
1.21273e+08
1.31808e+08
1.19043e+08
1.35241e+08
1.27234e+08
1.3904e+08
1.31288e+08
1.32114e+08
1.3789e+08
1.31147e+08
1.05658e+08
1.31708e+08
1.05174e+08
1.39495e+08
1.32346e+08
1.32586e+08
1.39554e+08
1.30532e+08
1.03582e+08
1.29846e+08
1.04417e+08
1.36853e+08
1.36685e+08
1.38876e+08
1.22936e+08
1.35697e+08
1.30772e+08
1.21031e+08
1.31108e+08
1.36813e+08
1.37345e+08
1.29829e+08
1.22111e+08
1.35413e+08
1.22669e+08
1.37026e+08
1.30839e+08
1.34784e+08
1.30155e+08
1.28855e+08
1.37219e+08
1.24842e+08
9.88192e+07
1.2368e+08
1.00408e+08
1.34182e+08
1.2492e+08
1.26996e+08
1.31231e+08
1.27388e+08
1.02665e+08
1.28535e+08
1.01361e+08
1.25113e+08
1.23377e+08
1.03798e+08
9.58349e+07
1.10742e+08
1.03e+08
1.12443e+08
1.1317e+08
1.03729e+08
9.66459e+07
1.05072e+08
1.12572e+08
1.12181e+07
-1.45884e+07
8.80378e+06
-1.17818e+07
1.33992e+07
-2.17064e+06
1.90528e+07
-7.6169e+06
1.25036e+08
1.25346e+08
1.01716e+08
9.41993e+07
1.07687e+08
1.03693e+08
1.08914e+08
1.11836e+08
1.05017e+08
9.42928e+07
1.03277e+08
1.115e+08
3.33032e+07
2.29832e+07
3.87346e+07
1.8682e+07
2.95039e+07
5.13691e+06
2.28975e+07
1.0973e+07
1.01135e+08
1.09715e+08
9.42098e+07
1.01485e+08
1.07266e+08
4.60829e+07
2.94534e+07
4.16167e+07
3.26683e+07
1.24773e+08
1.14376e+08
1.21255e+08
1.22625e+08
1.27154e+08
1.12341e+08
1.1892e+08
1.19819e+08
9.7581e+07
1.21402e+08
9.55561e+07
1.26176e+08
1.23183e+08
1.2982e+08
1.20833e+08
1.16135e+08
9.43216e+07
9.08038e+08
1.17871e+09
4.87683e+08
5.30667e+08
-1.07667e+08
-3.43398e+08
1.63094e+09
1.29662e+08
1.19411e+08
1.04819e+08
1.09122e+08
2.45406e+07
2.04313e+08
1.39975e+08
7.38426e+07
7.7403e+08
-3.39502e+08
4.14457e+08
4.65002e+08
2.23446e+08
-2.19868e+07
-1.89259e+07
302294
-8.62612e+06
6.46735e+07
4.69957e+07
1.60819e+07
2.91861e+07
1.38323e+08
1.36461e+08
1.34788e+08
1.4219e+08
8.59472e+07
1.04332e+08
1.29673e+08
1.16707e+08
1.14092e+08
1.25871e+08
1.17084e+08
1.18684e+08
1.13756e+08
1.17647e+08
1.23975e+08
1.16491e+08
1.24933e+08
1.17234e+08
1.19586e+08
1.14625e+08
1.18293e+08
1.24775e+08
9.51899e+07
1.1146e+08
8.07125e+07
1.14858e+08
9.21953e+07
1.19954e+08
8.43123e+07
1.18974e+08
1.18861e+08
1.23369e+08
1.20805e+08
1.19007e+08
1.20615e+08
1.20752e+08
1.16433e+08
1.13142e+08
1.12885e+08
1.17045e+08
1.13815e+08
1.17383e+08
1.15627e+08
1.13989e+08
1.1497e+08
1.09991e+08
1.1217e+08
1.13316e+08
1.10772e+08
1.17311e+08
1.20505e+08
1.22772e+08
1.19554e+08
1.21068e+08
1.20251e+08
1.22016e+08
1.19375e+08
1.21744e+08
1.24392e+08
1.24746e+08
1.23264e+08
1.23704e+08
1.23135e+08
1.22418e+08
1.21899e+08
1.1852e+08
1.23061e+08
1.1398e+08
1.21861e+08
1.16959e+08
1.19735e+08
1.22561e+08
1.23941e+08
1.22721e+08
1.21307e+08
1.22235e+08
1.21793e+08
1.23063e+08
1.21431e+08
1.23899e+08
1.18989e+08
1.21764e+08
1.20081e+08
1.2273e+08
1.20222e+08
9.8196e+07
1.03382e+08
9.74623e+07
9.55088e+07
9.46107e+07
9.51756e+07
9.45877e+07
1.01312e+08
9.93075e+07
1.06044e+08
1.01387e+08
1.0015e+08
1.04979e+08
9.66945e+07
9.71183e+07
1.01408e+08
9.71455e+07
1.05041e+08
9.69491e+07
9.68722e+07
1.02505e+08
1.03021e+08
1.08179e+08
8.79814e+07
8.15852e+07
1.07351e+08
1.19582e+08
1.11645e+08
1.10921e+08
1.07227e+08
1.10388e+08
1.15891e+08
1.03205e+08
1.11145e+08
1.10151e+08
1.09266e+08
1.03835e+08
1.07349e+08
1.03708e+08
1.10167e+08
1.03711e+08
1.06041e+08
1.10781e+08
1.06533e+08
1.06714e+08
1.14648e+08
1.17366e+08
1.22748e+08
1.06813e+08
1.1842e+08
1.14114e+08
1.14585e+08
1.08256e+08
1.11867e+08
1.08031e+08
1.1176e+08
1.08752e+08
1.05969e+08
1.10721e+08
1.10019e+08
1.03794e+08
1.06799e+08
1.07219e+08
1.08012e+08
1.07647e+08
1.1925e+08
1.03689e+08
1.25415e+08
1.18967e+08
1.17398e+08
1.06829e+08
1.20929e+08
1.14074e+08
1.14503e+08
1.15528e+08
1.15224e+08
1.13827e+08
1.16119e+08
1.15059e+08
1.1484e+08
1.13452e+08
1.16859e+08
1.17276e+08
1.14905e+08
1.16164e+08
1.11694e+08
1.18788e+08
1.2469e+08
1.17125e+08
1.21541e+08
1.20016e+08
1.1485e+08
1.2104e+08
1.23952e+08
1.24477e+08
1.21989e+08
1.21127e+08
1.21415e+08
1.18803e+08
1.23531e+08
1.17003e+08
8.44306e+07
1.04653e+08
1.26092e+08
9.53328e+07
1.1593e+08
1.22951e+08
1.18685e+08
1.23353e+08
1.10108e+08
1.15065e+08
1.14266e+08
1.17706e+08
1.18241e+08
1.25596e+08
1.27677e+08
1.31239e+08
1.2841e+08
1.24578e+08
1.22351e+08
1.34333e+08
1.18243e+08
1.15911e+08
1.14347e+08
1.09291e+08
1.18248e+08
1.1476e+08
1.15864e+08
1.22238e+08
1.26463e+08
1.2021e+08
1.22794e+08
1.20579e+08
1.21826e+08
1.24588e+08
1.19354e+08
1.22727e+08
1.08989e+08
1.17508e+08
1.1523e+08
1.17129e+08
1.20471e+08
3.27183e+08
4.25255e+08
3.74871e+08
4.52804e+08
5.08993e+08
4.11382e+08
3.30571e+08
4.02317e+08
5.21699e+08
5.20049e+08
4.0114e+08
6.43512e+08
3.49739e+08
4.409e+08
2.56116e+08
3.8783e+08
5.17108e+08
2.90493e+06
4.97427e+08
6.02907e+08
5.47102e+08
4.02239e+08
4.85713e+08
4.8734e+08
4.12488e+08
5.4148e+08
3.72075e+08
4.30681e+08
3.93932e+08
3.64796e+08
3.41982e+08
4.17023e+08
3.29445e+08
4.10656e+08
3.58434e+08
2.96406e+08
7.00386e+07
4.15403e+08
2.8951e+08
1.56514e+08
3.35918e+08
1.17312e+08
3.519e+08
2.64329e+08
2.87989e+08
3.24103e+08
3.35682e+08
2.982e+08
2.64301e+08
3.10129e+08
2.971e+08
2.79099e+08
2.78545e+08
2.84201e+08
3.24241e+08
2.5111e+08
3.59957e+08
4.49075e+08
3.55966e+08
3.71373e+08
3.73818e+08
3.80618e+08
2.75901e+08
1.54203e+08
7.85454e+07
1.70934e+08
2.57904e+08
2.24203e+08
2.05296e+08
8.35584e+07
1.96154e+08
1.76771e+08
3.20787e+08
2.30649e+08
2.50135e+08
2.08303e+08
1.04608e+08
2.11849e+08
1.99744e+08
1.0539e+08
2.17225e+08
2.41125e+08
3.56669e+07
1.92716e+08
2.17636e+08
1.78205e+08
2.22842e+08
2.09688e+08
1.83108e+08
2.05909e+08
1.86041e+08
1.9778e+08
1.91572e+08
1.97021e+08
1.69841e+08
1.77287e+08
1.61165e+08
1.60435e+08
1.71033e+08
1.79941e+08
1.67714e+08
1.61322e+08
1.77941e+08
1.62027e+08
1.58022e+08
1.69348e+08
1.74932e+08
1.77312e+08
1.68497e+08
1.8513e+08
2.01727e+08
1.82397e+08
1.74374e+08
1.93613e+08
1.84871e+08
1.57186e+08
1.84278e+08
1.65354e+08
1.97233e+08
1.87069e+08
1.90888e+08
1.90497e+08
1.70173e+08
2.22657e+08
2.45207e+08
2.64303e+08
2.35489e+08
2.59509e+08
2.3228e+08
2.22606e+08
1.68576e+08
1.52704e+08
1.82033e+08
1.99689e+08
1.96872e+08
2.38008e+08
2.50091e+08
2.29556e+08
2.12551e+08
2.16724e+08
2.05659e+08
1.9923e+08
2.11605e+08
1.85927e+08
2.08663e+08
1.93903e+08
2.03591e+08
1.33176e+08
1.17632e+08
1.47344e+08
1.38007e+08
1.36202e+08
1.55006e+08
1.26412e+08
1.33476e+08
9.06256e+07
1.40218e+08
7.87277e+07
1.31843e+08
8.84856e+07
1.41076e+08
1.47427e+08
1.40297e+08
1.45667e+08
1.35527e+08
1.39232e+08
1.50975e+08
1.46209e+08
1.49591e+08
1.5794e+08
1.50088e+08
1.4455e+08
1.44915e+08
1.60771e+08
1.40889e+08
1.54918e+08
1.43689e+08
1.48451e+08
1.64205e+08
1.43501e+08
1.62493e+08
1.57395e+08
1.35324e+08
1.35898e+08
1.39255e+08
1.33979e+08
1.41726e+08
1.37536e+08
1.21136e+08
1.33869e+08
1.29292e+08
1.46196e+08
1.32856e+08
1.35791e+08
1.26708e+08
1.44014e+08
1.17759e+08
1.18387e+08
9.48849e+07
8.53084e+07
8.98983e+07
1.25303e+08
1.14998e+08
1.04496e+08
1.15807e+08
1.0841e+08
1.10521e+08
1.06371e+08
1.0894e+08
1.10499e+08
1.04117e+08
1.01907e+08
1.02633e+08
1.05742e+08
1.01244e+08
1.00229e+08
1.0497e+08
1.243e+08
1.22478e+08
1.22595e+08
1.09898e+08
1.22025e+08
1.19146e+08
1.10815e+08
1.20583e+08
1.20612e+08
1.25812e+08
1.24477e+08
1.12605e+08
1.2382e+08
1.11024e+08
1.27507e+08
1.216e+08
1.38786e+08
1.29043e+08
1.30287e+08
1.36179e+08
1.31755e+08
1.06356e+08
1.31579e+08
1.06365e+08
1.38264e+08
1.32127e+08
1.39788e+08
1.31334e+08
1.30089e+08
1.06867e+08
1.3003e+08
1.07188e+08
1.25507e+08
1.31374e+08
1.34394e+08
1.19628e+08
1.32725e+08
1.3027e+08
1.1961e+08
1.3744e+08
1.28914e+08
1.32975e+08
1.25769e+08
1.17243e+08
1.31091e+08
1.16627e+08
1.28692e+08
1.28065e+08
1.32352e+08
1.27755e+08
1.2553e+08
1.36193e+08
1.25317e+08
1.07081e+08
1.25122e+08
1.07866e+08
1.32845e+08
1.20862e+08
1.23376e+08
1.28951e+08
1.28201e+08
1.07486e+08
1.28581e+08
1.06848e+08
1.10694e+08
1.11273e+08
1.07014e+08
9.6374e+07
1.04933e+08
1.03394e+08
1.00143e+08
9.31088e+07
9.81571e+07
9.4334e+07
1.01738e+08
9.69131e+07
1.59081e+07
-1.22176e+07
1.08102e+07
-8.26907e+06
2.40393e+07
1.22621e+07
2.27915e+06
3.54129e+07
1.11895e+08
1.17539e+08
1.01393e+08
9.03195e+07
1.03587e+08
9.97274e+07
1.01473e+08
9.45358e+07
9.78898e+07
9.01525e+07
9.81602e+07
9.71238e+07
6.42312e+07
6.91281e+07
5.56255e+07
7.60114e+07
5.73612e+07
2.789e+07
3.9233e+07
4.62783e+07
1.07941e+08
1.13889e+08
1.07654e+08
1.0573e+08
1.09081e+08
1.10519e+08
1.13011e+08
1.13968e+08
1.06728e+08
1.03404e+08
1.07184e+08
1.15448e+08
9.45811e+07
1.22079e+08
8.2076e+07
1.29356e+08
1.0259e+08
1.30641e+08
1.3171e+08
1.07271e+08
1.03849e+08
9.38245e+07
6.97213e+07
9.49785e+07
7.61165e+07
7.83652e+07
1.05856e+08
1.13634e+08
9.74422e+07
9.22427e+07
9.37857e+07
1.08653e+08
9.90017e+07
8.97247e+07
1.03723e+08
8.78543e+07
1.04303e+08
1.24116e+08
1.16552e+08
1.07088e+08
1.20232e+08
1.22088e+08
1.23115e+08
1.10443e+08
1.1163e+08
1.20687e+08
1.1166e+08
1.22602e+08
1.20899e+08
1.21297e+08
1.2112e+08
1.11999e+08
1.08846e+08
1.12264e+08
1.20081e+08
1.21405e+08
1.24569e+08
1.3021e+08
1.31395e+08
1.25867e+08
1.22104e+08
1.01509e+08
1.21025e+08
1.05306e+08
1.26065e+08
1.34136e+08
1.25796e+08
1.33223e+08
1.23548e+08
1.0751e+08
1.2337e+08
1.057e+08
1.20798e+08
1.18307e+08
1.14026e+08
1.01761e+08
1.13584e+08
9.98486e+07
1.10305e+08
1.05232e+08
1.16878e+08
1.1871e+08
1.21065e+08
1.09036e+08
1.02647e+08
1.0761e+08
1.20827e+08
1.1898e+08
1.26846e+08
1.25885e+08
1.23392e+08
1.2475e+08
1.24333e+08
1.07824e+08
1.24108e+08
1.07123e+08
1.25789e+08
1.19433e+08
1.29262e+08
1.20892e+08
1.22478e+08
1.07304e+08
1.22896e+08
1.08381e+08
1.34005e+08
1.2388e+08
1.26229e+08
1.37588e+08
1.6543e+08
1.62146e+08
1.57196e+08
1.58897e+08
1.53435e+08
1.56624e+08
1.54946e+08
1.51253e+08
1.5695e+08
1.51339e+08
1.53317e+08
1.50052e+08
1.43924e+08
1.46617e+08
1.47666e+08
1.46619e+08
1.47776e+08
1.49959e+08
1.3145e+08
1.26148e+08
1.24304e+08
1.30234e+08
1.29457e+08
1.23069e+08
1.30812e+08
1.37378e+08
1.406e+08
1.37419e+08
1.33184e+08
1.38074e+08
1.34518e+08
1.39202e+08
1.3346e+08
1.3974e+08
1.3535e+08
1.49108e+08
1.51599e+08
1.5346e+08
1.49808e+08
1.52786e+08
1.49855e+08
1.49302e+08
1.4304e+08
1.43377e+08
1.46004e+08
1.46987e+08
1.42074e+08
1.46277e+08
1.43026e+08
1.46277e+08
1.41826e+08
1.46263e+08
1.46421e+08
1.42972e+08
1.38366e+08
1.33222e+08
1.39252e+08
1.3355e+08
1.39724e+08
1.2573e+08
1.20728e+08
1.27466e+08
1.34093e+08
1.3295e+08
1.31178e+08
1.23048e+08
1.31032e+08
1.29515e+08
1.39499e+08
1.34811e+08
1.36589e+08
1.37238e+08
1.30201e+08
1.35937e+08
1.32835e+08
1.28771e+08
1.34367e+08
-2.39876e+07
-2.03341e+07
-8.6984e+06
-1.55207e+07
2.04732e+07
1.44574e+07
-916157
6.72266e+06
2.66675e+07
3.14743e+07
3.61153e+07
2.37306e+08
2.03982e+08
1.51763e+08
1.76291e+08
2.44914e+08
1.81387e+08
1.99168e+08
2.7555e+08
1.72574e+08
2.16334e+08
1.86134e+08
2.53982e+08
1.92596e+08
2.36284e+08
1.42817e+08
1.39344e+08
1.41943e+08
1.38517e+08
1.40597e+08
1.4179e+08
1.37969e+08
1.44014e+08
1.45736e+08
1.42741e+08
1.39855e+08
1.42627e+08
1.45579e+08
1.42088e+08
1.48392e+08
1.3458e+08
8.83941e+07
2.02941e+08
2.62081e+08
1.50479e+08
1.33119e+08
1.95001e+08
1.46325e+08
1.59579e+08
1.60943e+08
1.63931e+08
1.81569e+08
1.6853e+08
1.03388e+08
8.15538e+07
9.30458e+07
6.17065e+07
1.00677e+08
8.46682e+07
9.55672e+07
1.04031e+08
9.69579e+07
6.58921e+07
8.73355e+07
8.71795e+07
9.68875e+07
1.04119e+08
4.50668e+07
5.25279e+08
2.97463e+08
3.22346e+08
4.25843e+08
4.11573e+08
5.48123e+08
4.43463e+08
9.42314e+07
8.00304e+07
9.05319e+07
5.58537e+07
9.84882e+07
7.49674e+07
8.78292e+07
9.13192e+07
8.80337e+07
7.11506e+07
5.95115e+07
7.57221e+07
8.75665e+07
8.64743e+07
1.65962e+08
1.68438e+08
1.64704e+08
1.62574e+08
1.67399e+08
1.63345e+08
1.65082e+08
4.68408e+07
5.23314e+07
6.08438e+07
5.71698e+07
1.16153e+08
1.35245e+08
1.17963e+08
1.05388e+08
1.00279e+08
1.39886e+08
1.1027e+08
1.22406e+08
1.04531e+08
1.61064e+08
1.25419e+08
1.20209e+08
9.861e+07
1.69718e+08
1.65782e+08
1.40484e+08
1.53023e+08
1.5446e+08
1.73189e+08
1.51956e+08
1.50415e+08
9.55525e+07
8.86696e+07
1.02604e+08
1.21548e+08
1.35722e+08
1.10342e+08
1.25248e+08
1.07397e+08
1.27878e+08
1.26081e+08
3.01146e+08
7.80087e+07
4.38294e+08
3.36033e+08
4.84105e+08
8.68039e+08
2.376e+08
1.392e+08
1.47843e+08
1.10319e+08
1.42106e+08
1.3522e+08
1.09135e+08
1.54366e+08
9.41007e+07
1.12823e+08
1.07478e+08
1.05152e+08
1.04989e+08
1.02829e+08
1.06844e+08
8.97995e+07
9.46291e+07
7.75642e+07
9.56133e+07
8.46262e+07
8.47906e+07
1.0211e+08
1.57008e+08
1.60011e+08
1.61773e+08
1.5958e+08
1.60283e+08
1.58468e+08
1.56389e+08
6.47263e+07
2.34553e+08
1.5206e+08
1.83017e+08
1.91329e+08
1.77932e+08
2.26391e+08
1.94401e+08
7.88738e+07
6.04077e+07
8.5016e+07
4.52965e+07
5.54064e+07
8.46199e+07
6.03039e+07
3.06966e+08
2.03668e+08
2.70858e+08
3.18735e+08
2.28113e+08
3.59436e+08
2.7254e+08
1.45063e+08
1.38943e+08
1.42637e+08
1.40379e+08
1.42383e+08
1.48895e+08
1.38942e+08
1.46009e+08
1.48398e+08
1.50367e+08
1.47268e+08
1.47323e+08
1.48311e+08
1.44468e+08
2.0788e+08
1.51269e+08
1.77947e+08
1.85357e+08
2.21291e+08
1.75737e+08
1.7844e+08
4.99542e+08
3.13183e+08
3.47557e+08
3.79051e+08
4.26031e+08
3.86022e+08
4.22573e+08
1.67789e+08
1.70305e+08
1.70394e+08
1.67917e+08
1.68729e+08
1.6925e+08
1.66904e+08
-9.3003e+07
5.4227e+07
4.39557e+07
1.62217e+08
5.49367e+07
1.67671e+08
-2.54113e+07
4.45846e+08
1.7294e+08
1.60547e+08
1.71666e+08
2.07819e+08
1.60746e+08
7.33405e+08
619414
8.50843e+07
5.83331e+07
9.90012e+07
8.67608e+07
9.8064e+07
2.49349e+07
-2.51108e+07
9.86598e+07
6.94867e+07
4.32677e+07
6.90989e+07
-5.67183e+07
9.70262e+07
-1.10667e+08
5.54921e+07
1.50548e+08
2.1179e+06
-1.24533e+08
5.0442e+07
1.34804e+08
-1.08069e+08
9.93018e+07
3.4045e+06
5.08004e+07
4.81687e+07
1.17358e+08
-8.01098e+07
1.59284e+08
1.39393e+08
1.45799e+08
1.43078e+08
1.53112e+08
1.47024e+08
1.46095e+08
3.28034e+07
5.28105e+07
8.52555e+07
7.11542e+07
5.39522e+07
7.12516e+07
3.34038e+07
3.46653e+07
7.24431e+07
8.68835e+07
5.74757e+07
5.56599e+07
7.15361e+07
3.57461e+07
4.40304e+07
6.51345e+07
9.13687e+07
7.44931e+07
6.39418e+07
7.39783e+07
4.55184e+07
4.06854e+07
7.29316e+07
9.06749e+07
5.99714e+07
6.17686e+07
7.38896e+07
3.90198e+07
4.9558e+07
6.66088e+07
7.4264e+07
9.05199e+07
4.83166e+07
6.7229e+07
7.44601e+07
5.15365e+07
8.94124e+07
6.76689e+07
1.38628e+08
1.4422e+08
1.07561e+08
1.52991e+08
1.12614e+08
1.33536e+08
1.55732e+08
1.30212e+08
1.29342e+08
9.48247e+07
9.23449e+07
9.54641e+07
1.33447e+08
1.22361e+08
1.25503e+08
1.26887e+08
1.00689e+08
1.45688e+08
1.07894e+08
1.25664e+08
1.34143e+08
3.8359e+07
5.32887e+07
8.03428e+07
7.14982e+07
5.4246e+07
3.46541e+07
7.27397e+07
4.46427e+07
7.73703e+07
7.90226e+07
6.10448e+07
5.69753e+07
7.44035e+07
5.3732e+07
7.81516e+07
8.82158e+07
8.75797e+07
9.80883e+07
7.93717e+07
9.25338e+07
8.42393e+07
7.14099e+07
8.17921e+07
8.40286e+07
6.58932e+07
7.38925e+07
8.73427e+07
6.32778e+07
6.54556e+07
1.01115e+08
1.05107e+08
8.49593e+07
4.75819e+07
9.88684e+07
1.08978e+08
7.92889e+07
1.12914e+08
9.44045e+07
1.04922e+08
1.09042e+08
1.11176e+08
8.86895e+07
9.53186e+07
9.32757e+07
1.00277e+08
1.04112e+08
1.01232e+08
9.12292e+07
1.09006e+08
9.70755e+07
1.13217e+08
1.0058e+08
1.0891e+08
1.02921e+08
1.12509e+08
9.44736e+07
1.54001e+08
1.57016e+08
1.52726e+08
1.50181e+08
1.51092e+08
1.55808e+08
1.5327e+08
)
;

boundaryField
{
    left
    {
        type            calculated;
        value           nonuniform List<scalar> 
703
(
1.0778e+08
1.76352e+08
6.72198e+07
1.10755e+08
9.05065e+07
1.86759e+08
6.38583e+07
5.10179e+08
1.41485e+08
5.43379e+07
1.41512e+08
1.51072e+08
1.41533e+08
1.59553e+08
6.07751e+08
1.40027e+08
6.42899e+07
1.31283e+08
1.43542e+08
2.29726e+08
1.09486e+08
6.41377e+07
1.48145e+08
1.75989e+08
2.87506e+08
2.98304e+08
2.69485e+08
1.76752e+08
9.83429e+07
2.73651e+08
3.98116e+08
3.14022e+08
8.38194e+07
1.2463e+08
8.26259e+07
1.47242e+08
1.65829e+08
3.20076e+08
1.32644e+08
3.73922e+08
1.12456e+08
1.12849e+08
2.33556e+08
3.98828e+07
9.64358e+07
1.09056e+08
1.32542e+08
1.86171e+08
1.44927e+08
1.51141e+08
1.26496e+08
2.20027e+08
1.45675e+08
2.3572e+08
3.76075e+08
1.70897e+08
1.11495e+08
3.26143e+08
2.09604e+08
2.96374e+08
2.20648e+08
2.67109e+08
2.04812e+08
3.17613e+08
1.76405e+08
1.16172e+08
1.23048e+08
8.22003e+07
1.54163e+08
1.20171e+08
1.16951e+08
8.49014e+07
1.20704e+08
1.44346e+08
1.30606e+08
1.42928e+08
1.63062e+08
1.4569e+08
1.37447e+08
1.67842e+08
1.66289e+08
1.94323e+08
9.27399e+07
8.22633e+07
1.7334e+08
9.0429e+07
2.11771e+08
3.26014e+08
2.84747e+08
5.02031e+07
1.04354e+08
8.67679e+07
4.3655e+08
3.23095e+08
4.03566e+08
1.29957e+08
1.35312e+08
1.53649e+08
4.369e+07
7.32818e+07
8.72484e+07
1.2739e+08
1.22446e+08
1.39709e+08
4.86726e+08
1.58646e+08
1.32732e+08
1.71243e+08
2.04932e+08
1.79e+08
1.55096e+08
1.4385e+08
1.326e+08
9.945e+07
1.07884e+08
7.08709e+07
1.27205e+08
1.22424e+08
1.25086e+08
1.5154e+08
1.41554e+08
1.30627e+08
8.6036e+07
1.11337e+08
1.40512e+08
1.32782e+08
1.5759e+08
1.6529e+08
2.32276e+08
1.1512e+08
1.02166e+08
1.42607e+08
1.2268e+08
2.21449e+08
8.47915e+07
2.72145e+08
1.80359e+08
9.66397e+07
3.65129e+08
2.44795e+08
1.58942e+08
4.1883e+08
2.90164e+08
3.46957e+08
3.3497e+08
3.75935e+08
5.09026e+08
1.17091e+08
1.18627e+08
8.48774e+07
1.21768e+08
1.208e+08
1.24397e+08
1.09348e+08
1.11717e+08
1.56528e+08
1.71122e+08
1.58477e+08
2.44308e+08
3.00516e+08
4.2303e+08
1.77406e+08
2.19768e+08
1.65735e+08
3.84163e+08
3.03723e+08
2.71705e+08
1.06508e+08
1.16929e+08
1.18942e+08
1.32473e+08
1.19641e+08
1.04512e+08
1.91604e+08
1.51942e+08
1.82168e+08
6.08566e+07
6.33745e+07
3.88691e+07
9.67617e+07
8.25743e+07
7.84156e+07
1.02741e+08
9.18919e+07
1.01631e+08
1.47533e+08
1.10706e+08
1.22295e+08
1.02327e+08
1.08212e+08
1.43127e+08
1.40237e+08
1.22576e+08
1.28189e+08
1.28823e+08
9.01676e+07
8.14005e+07
1.07961e+08
9.86657e+07
1.31215e+08
1.73054e+08
4.09685e+07
4.16618e+07
6.46855e+07
5.92859e+07
1.79957e+08
3.63808e+08
4.468e+08
1.65177e+08
1.2224e+08
2.68702e+08
2.5716e+07
3.28901e+07
1.2513e+07
2.9274e+07
2.8453e+08
2.84728e+08
2.16269e+08
2.15793e+08
5.14726e+07
1.98273e+08
2.67283e+08
1.71611e+08
1.92825e+08
4.82514e+08
4.73979e+08
4.09244e+08
2.89716e+08
4.31581e+08
4.07005e+08
1.48144e+08
1.65682e+08
1.78905e+08
1.5551e+08
1.3822e+08
1.40807e+08
1.86988e+08
1.21543e+08
1.19629e+08
1.12613e+08
1.23952e+08
1.22924e+08
1.23287e+08
7.50102e+07
1.12845e+08
1.15311e+08
1.19135e+08
1.23434e+08
1.28561e+08
1.23642e+08
1.24651e+08
1.19603e+08
1.19031e+08
1.2075e+08
1.21391e+08
1.1266e+08
1.14058e+08
1.18524e+08
1.15894e+08
1.30287e+08
1.34977e+08
1.22008e+08
1.14325e+08
1.28986e+08
1.24835e+08
1.37624e+08
1.55665e+08
1.45234e+08
1.54238e+08
1.41128e+08
1.43601e+08
1.54077e+08
1.26642e+08
1.39826e+08
1.3818e+08
1.00767e+08
1.00452e+08
7.32452e+07
6.16161e+07
9.25609e+07
9.53697e+07
6.81649e+08
5.80532e+08
4.84188e+08
1.90387e+08
1.59831e+08
2.24146e+08
2.08228e+08
8.94571e+07
9.78753e+07
5.30562e+07
8.56357e+07
2.46287e+08
2.67625e+08
3.2296e+08
3.04886e+07
7.14238e+07
-4.3495e+07
7.33192e+06
3.89714e+08
9.50684e+07
9.74375e+07
1.51752e+08
1.53037e+08
1.4875e+08
1.39043e+08
1.20823e+08
1.29038e+08
1.00467e+08
1.0805e+08
1.58384e+08
1.36608e+08
1.2265e+08
1.28909e+08
1.24051e+08
1.23611e+08
1.28341e+08
1.90164e+08
1.47316e+08
1.68554e+08
1.22889e+08
1.32802e+08
1.63608e+08
3.06478e+08
2.21331e+08
2.40462e+08
1.60278e+08
1.87997e+08
2.47967e+08
1.868e+08
1.56574e+08
1.71986e+08
1.52481e+08
9.14586e+07
-9.42729e+06
3.93764e+08
4.62971e+08
3.46605e+08
9.94584e+07
8.86555e+07
1.46721e+08
1.45593e+08
1.41926e+08
1.40743e+08
1.30668e+08
1.28458e+08
1.27133e+08
1.39493e+08
1.37851e+08
1.41234e+08
1.44313e+08
1.4943e+08
1.51851e+08
1.30064e+08
1.37272e+08
1.34952e+08
1.74281e+08
2.07513e+08
1.98615e+08
2.27217e+08
2.15866e+08
1.84184e+08
9.91781e+07
1.02927e+08
7.22416e+07
1.03639e+08
1.10383e+08
2.36316e+08
2.72957e+08
2.44207e+08
3.68661e+08
3.14762e+08
2.757e+08
9.26773e+07
9.41967e+07
9.86514e+07
9.93599e+07
9.88016e+07
8.27649e+07
1.24802e+08
1.33906e+08
1.34572e+08
1.36018e+08
1.34461e+08
1.23426e+08
1.37792e+08
1.41597e+08
1.44675e+08
1.36413e+08
1.38839e+08
1.34287e+08
1.3942e+08
1.68892e+08
1.59441e+08
1.90413e+08
1.79943e+08
1.49297e+08
8.1911e+07
9.20476e+07
1.96918e+08
1.10835e+08
7.78245e+07
6.94872e+07
8.29842e+07
7.43731e+07
1.03534e+08
1.36906e+08
7.53085e+07
5.45193e+07
7.71931e+07
6.29445e+07
1.27021e+08
2.59229e+08
7.13329e+07
9.18056e+07
7.85304e+07
1.98702e+07
5.25027e+07
3.05165e+08
2.08049e+08
9.5418e+07
9.42175e+07
7.58217e+07
6.12094e+07
1.76101e+08
3.89334e+08
1.90296e+08
1.76015e+08
1.38586e+08
1.40755e+08
3.39399e+08
4.2408e+08
3.41688e+06
4.21799e+07
4.33887e+08
4.93199e+08
4.25747e+08
5.65676e+08
5.38291e+08
4.79083e+08
9.01005e+07
9.30211e+07
1.13527e+08
1.02363e+08
8.86157e+07
1.58321e+08
1.5541e+08
1.5404e+08
1.55556e+08
1.5936e+08
1.49308e+08
1.52375e+08
1.62059e+08
1.64816e+08
1.65686e+08
1.60812e+08
1.63181e+08
1.60647e+08
1.13679e+08
1.21229e+08
1.34366e+08
1.14588e+08
1.14074e+08
1.06389e+08
1.23322e+08
1.15763e+08
1.17685e+08
1.04412e+08
9.51183e+07
8.63848e+07
1.04789e+08
9.67384e+07
1.0522e+08
1.64765e+08
1.07978e+08
1.1479e+08
1.23319e+08
1.42141e+08
1.38505e+08
1.52367e+08
1.46979e+08
1.25775e+08
1.21248e+08
1.25788e+08
1.39527e+08
8.90608e+07
1.1937e+08
1.15914e+08
1.19579e+08
1.15773e+08
8.42242e+07
1.05508e+08
1.21138e+08
1.2158e+08
1.19376e+08
1.1839e+08
1.0149e+08
1.25069e+08
1.21215e+08
1.23157e+08
1.34991e+08
1.53295e+08
1.9819e+08
4.53976e+07
1.32443e+08
1.17419e+08
1.44321e+08
1.28552e+08
4.16668e+07
6.50588e+07
1.1951e+08
1.11917e+08
1.24938e+08
1.1473e+08
6.00226e+07
1.58561e+08
1.27113e+08
1.41539e+08
2.02687e+08
2.35945e+08
3.27471e+08
3.46799e+07
2.01161e+08
1.75046e+08
1.9063e+08
1.85512e+08
3.07861e+07
2.41916e+07
1.57206e+08
1.33314e+08
1.81278e+08
1.54917e+08
2.31609e+07
2.37718e+08
1.82434e+08
2.14043e+08
-1.20282e+07
1.38708e+08
1.46536e+08
2.12824e+08
2.03403e+08
1.75795e+08
2.59263e+08
2.27941e+08
2.40436e+08
1.76889e+08
1.52079e+08
1.75344e+08
1.59004e+08
1.60462e+08
1.88724e+08
3.78505e+08
4.04254e+08
5.41972e+08
5.12298e+08
4.31823e+08
4.07846e+08
3.26388e+08
3.31911e+08
2.82326e+08
3.89298e+08
3.86734e+08
3.76694e+08
2.22189e+08
2.52235e+08
3.35128e+08
1.45431e+08
1.15865e+08
1.57179e+08
1.80681e+08
1.54004e+08
1.55399e+08
1.08739e+08
9.8837e+07
1.058e+08
9.72118e+07
1.06309e+08
1.14311e+08
1.04889e+08
1.2256e+08
1.31155e+08
1.16385e+08
1.42414e+08
1.46096e+08
1.31078e+08
1.38491e+08
1.37301e+08
1.3813e+08
1.30859e+08
1.32391e+08
1.30927e+08
1.34002e+08
1.20168e+08
1.28905e+08
1.30137e+08
1.2506e+08
1.26498e+08
1.17345e+08
1.27933e+08
1.35096e+08
1.36239e+08
1.32165e+08
1.33527e+08
1.26481e+08
1.391e+08
1.36072e+08
1.34424e+08
1.52341e+08
1.54611e+08
1.57896e+08
1.47978e+08
1.51323e+08
1.48912e+08
1.44763e+08
1.48616e+08
1.41876e+08
1.47527e+08
1.47565e+08
1.43266e+08
1.52854e+08
1.49792e+08
1.50848e+08
1.31526e+08
1.32957e+08
1.26205e+08
1.40806e+08
1.35417e+08
1.35442e+08
1.38824e+08
1.38312e+08
1.43702e+08
1.72145e+08
2.20102e+08
2.30264e+08
2.43634e+08
2.69773e+08
2.05839e+08
1.41091e+08
1.41139e+08
1.40075e+08
1.46174e+08
1.44178e+08
1.42364e+08
1.69048e+08
1.79458e+08
1.53528e+08
3.69175e+08
4.95712e+08
5.06601e+08
1.68299e+08
1.66154e+08
1.63736e+08
1.43045e+08
1.56408e+08
1.62142e+08
4.63635e+08
3.0994e+08
3.33405e+08
1.51541e+08
1.57594e+08
1.82215e+08
1.27347e+08
1.24653e+08
1.3597e+08
1.60884e+08
1.57775e+08
1.5997e+08
2.0675e+08
2.14807e+08
1.69623e+08
2.39085e+08
3.04912e+08
3.56976e+08
7.5614e+07
8.39661e+07
5.62846e+07
1.39711e+08
1.4224e+08
1.44527e+08
1.48989e+08
1.46451e+08
1.48659e+08
1.60076e+08
1.89843e+08
2.00731e+08
4.12538e+08
4.71724e+08
3.66364e+08
1.68758e+08
1.67849e+08
1.70013e+08
1.47391e+08
1.51607e+08
1.41305e+08
1.57072e+08
1.38631e+08
1.55628e+08
1.88874e+08
1.60581e+08
1.59688e+08
1.57205e+08
1.54782e+08
1.51828e+08
)
;
    }
    bottom
    {
        type            calculated;
        value           nonuniform List<scalar> 
141
(
1.24612e+08
1.29759e+08
6.66167e+07
6.63754e+07
1.27755e+08
5.33621e+07
1.21341e+08
6.51623e+07
7.61814e+07
6.43906e+07
8.45714e+07
1.82597e+08
1.6387e+08
1.57709e+08
1.26613e+08
8.06458e+07
1.1801e+08
1.48601e+08
1.60916e+08
6.28263e+07
3.93027e+07
1.05028e+08
6.63063e+07
1.65284e+08
8.58499e+07
7.74542e+07
1.40879e+08
1.50882e+08
1.35921e+08
1.1963e+08
1.45622e+08
8.01626e+07
9.53784e+07
1.26947e+08
9.56233e+07
1.38559e+08
1.16514e+08
1.51328e+08
1.4172e+08
8.52871e+07
5.97299e+07
8.29538e+07
3.32063e+07
4.04839e+07
7.25516e+07
1.17592e+08
9.69488e+07
9.50292e+07
7.45278e+07
1.41764e+08
7.4794e+07
3.43794e+07
5.56115e+07
5.64224e+07
8.56631e+07
6.74687e+07
1.45932e+08
1.49037e+08
1.37954e+08
1.16659e+08
7.73356e+07
1.31891e+08
1.2698e+08
1.49106e+08
1.47081e+08
6.84592e+07
1.15389e+08
1.15408e+08
1.13155e+08
1.10787e+08
6.55063e+07
1.19805e+08
1.13846e+08
6.92898e+07
1.14081e+08
9.86289e+07
1.31313e+08
6.56928e+07
5.66801e+07
6.71122e+07
4.13649e+07
4.85064e+07
4.81696e+07
1.17781e+08
8.64815e+07
8.89459e+07
7.458e+07
8.21202e+07
1.08921e+08
8.23579e+07
1.35122e+08
1.17335e+08
1.39719e+08
7.40254e+07
6.89004e+07
7.71224e+07
7.5415e+07
5.70284e+07
4.8414e+07
4.41704e+07
1.00697e+08
9.23089e+07
1.1098e+08
1.05959e+08
7.63153e+07
7.46929e+07
8.51658e+07
7.76467e+07
1.09779e+08
1.11223e+08
1.06879e+08
1.08616e+08
1.14319e+08
1.14878e+08
1.12419e+08
1.13354e+08
1.0332e+08
1.05563e+08
1.01836e+08
9.23971e+07
1.00867e+08
1.35768e+08
1.20206e+08
1.19835e+08
1.18978e+08
1.18758e+08
1.17924e+08
1.14833e+08
1.19743e+08
1.18818e+08
1.17126e+08
1.16899e+08
1.15921e+08
1.15936e+08
1.18736e+08
1.18194e+08
1.17862e+08
1.17317e+08
6.35962e+07
8.3006e+07
6.45608e+07
)
;
    }
    interface
    {
        type            calculated;
        value           nonuniform List<scalar> 
1726
(
2.92386e+07
3.16831e+08
1.81567e+08
1.22178e+08
1.23779e+08
8.31645e+07
2.83793e+08
4.42533e+08
1.15144e+08
1.22898e+08
1.47088e+08
7.2987e+06
7.51946e+07
2.30125e+08
1.48002e+08
1.32171e+08
2.01763e+08
1.26034e+08
1.55208e+08
1.19879e+08
8.24249e+07
1.70623e+08
2.14803e+08
3.48168e+08
2.20697e+08
1.15273e+08
8.65598e+07
1.39495e+08
1.45345e+08
1.44507e+08
1.30717e+08
1.43057e+08
8.3882e+07
1.04681e+08
7.78662e+07
7.91338e+07
7.83187e+07
9.66517e+07
3.37846e+07
1.95396e+08
5.19187e+08
4.66951e+08
3.95786e+08
1.20669e+08
1.33635e+08
1.21576e+08
1.61633e+08
6.85687e+08
6.15542e+08
1.1926e+08
9.22229e+07
1.04536e+08
1.1169e+08
1.04795e+08
1.32727e+08
1.22266e+08
1.20116e+08
3.01822e+08
1.31535e+08
1.26738e+08
1.03409e+08
1.17926e+08
1.40737e+08
1.36621e+08
1.40532e+08
1.12548e+08
8.85575e+07
8.7043e+07
2.3143e+08
2.55215e+08
1.25519e+08
1.26631e+08
1.25933e+08
1.38611e+08
1.14683e+08
1.17515e+08
1.10997e+08
9.16706e+07
1.05269e+08
1.17069e+08
1.2483e+08
1.19023e+08
1.08217e+08
4.00133e+08
3.56137e+08
1.09128e+08
1.12225e+08
7.70477e+07
4.59803e+07
8.60287e+07
1.09018e+08
9.6152e+07
1.02397e+08
4.93072e+08
6.13814e+08
2.23771e+08
3.82984e+07
1.42823e+08
6.02712e+08
3.0285e+07
4.70873e+07
1.09343e+08
1.09656e+08
9.26976e+07
1.1806e+08
1.20378e+08
1.93161e+08
1.33059e+08
1.58974e+08
1.04648e+08
1.06833e+08
8.66344e+07
1.08207e+08
6.4584e+07
1.77431e+08
1.87239e+08
7.6732e+07
7.41146e+07
1.54044e+08
1.44521e+08
1.10255e+08
1.3214e+08
1.02531e+08
1.28978e+08
5.65336e+08
3.05725e+08
1.22227e+08
1.38309e+08
1.16831e+08
1.09495e+08
1.21196e+08
1.13687e+08
1.08928e+08
1.21992e+08
1.23041e+08
1.18931e+08
1.22708e+08
1.24191e+08
9.53265e+07
1.04031e+08
1.10113e+08
1.09604e+08
1.19022e+08
1.07311e+08
1.19962e+08
1.13426e+08
1.22326e+08
1.21411e+08
1.25628e+08
1.12975e+08
1.32347e+08
1.39084e+08
1.05663e+08
1.22964e+08
1.09545e+08
4.14458e+08
4.03818e+08
3.68322e+08
2.68999e+08
2.98872e+08
2.75582e+08
1.98378e+08
4.24103e+08
2.56992e+07
2.86029e+08
1.81825e+08
1.5392e+08
1.53213e+08
2.22496e+08
1.04378e+08
1.59938e+08
1.30593e+08
1.52541e+08
1.27034e+08
8.53633e+07
1.11018e+08
1.06748e+08
1.37574e+08
1.41332e+08
1.30661e+08
1.34811e+08
1.37656e+08
9.1109e+07
9.49337e+07
9.67321e+07
9.24103e+07
1.04814e+08
9.75932e+07
9.68774e+07
6.69352e+08
5.47234e+08
3.55269e+08
8.91627e+08
2.89113e+07
-2.0488e+07
2.56938e+08
2.27805e+08
6.90869e+07
1.23291e+08
1.26057e+08
9.94508e+07
9.326e+07
-1.77657e+06
3.55137e+08
-1.41513e+08
4.06925e+08
1.12611e+08
1.18997e+08
1.51762e+08
1.48732e+08
1.78175e+07
6.686e+07
1.74843e+08
1.95036e+08
1.69239e+08
1.24517e+08
1.28325e+08
1.42819e+08
7.29841e+07
1.61881e+08
1.23828e+08
1.2857e+08
1.31443e+08
1.37777e+08
1.22077e+08
1.27542e+08
1.14562e+08
1.16582e+08
1.18109e+08
1.13258e+08
9.87155e+07
9.03383e+07
9.24662e+07
1.1912e+08
4.87334e+08
2.41137e+08
2.88055e+08
3.31564e+08
-8.74198e+07
9.20789e+07
1.64164e+08
2.59797e+08
3.21931e+08
2.5318e+08
1.49879e+08
1.92982e+08
1.15457e+08
9.50092e+07
1.18388e+08
1.27236e+08
1.13161e+08
1.15251e+08
1.19274e+08
1.06185e+08
1.2716e+08
1.34458e+08
1.52984e+08
1.44241e+08
1.45822e+08
1.4083e+08
1.27028e+08
1.30349e+08
1.41309e+08
1.39546e+08
8.9254e+07
8.90217e+07
8.49036e+07
8.89311e+07
2.31437e+08
2.05941e+08
2.43185e+08
1.96592e+08
1.35995e+08
1.17719e+08
1.60022e+08
9.17325e+07
9.81736e+07
8.76999e+07
2.90035e+08
2.25286e+08
2.58457e+08
2.4702e+08
8.07548e+07
5.52018e+07
6.51871e+07
8.09164e+07
6.19304e+07
6.60769e+07
8.85362e+07
8.9289e+07
7.78885e+07
3.62804e+07
4.38896e+07
4.88215e+07
4.01859e+08
1.06775e+08
3.1221e+08
1.21018e+08
1.36581e+08
1.32523e+08
1.33174e+08
1.40044e+08
1.38081e+08
1.22584e+08
1.27708e+08
1.31283e+08
1.47083e+08
1.48941e+08
1.43572e+08
1.3215e+08
1.25065e+08
1.32353e+08
1.22365e+08
1.16232e+08
1.18847e+08
1.1431e+08
9.32882e+07
1.03501e+08
1.02904e+08
1.11032e+08
9.94342e+07
1.07654e+08
1.10838e+08
1.12975e+08
1.10985e+08
1.07373e+08
1.19912e+08
1.21665e+08
1.29581e+08
1.22169e+08
1.2266e+08
1.2033e+08
1.25704e+08
1.21665e+08
1.25674e+08
1.10816e+08
1.21519e+08
1.28305e+08
1.32419e+08
1.46059e+08
1.3532e+08
1.49651e+08
1.94298e+08
1.88414e+08
8.36287e+07
1.72347e+08
1.05231e+08
1.33607e+08
1.19664e+08
1.12317e+08
1.39796e+08
1.11131e+08
1.28584e+08
8.39378e+07
8.3809e+07
1.35285e+08
1.35189e+08
1.34513e+08
1.47171e+08
1.51729e+08
1.36539e+08
1.28378e+08
1.34197e+08
1.32243e+08
6.52603e+07
1.43308e+08
1.37162e+08
2.85969e+08
4.26086e+07
1.19312e+08
1.24437e+08
1.75436e+08
1.32687e+08
1.39743e+08
1.64682e+08
2.04485e+08
2.37382e+07
6.25853e+07
9.57159e+07
9.56313e+07
1.10247e+08
5.63718e+07
1.06474e+08
1.25269e+08
1.25843e+08
4.29494e+08
2.3588e+08
4.54813e+08
1.24763e+08
1.1776e+08
1.32838e+08
9.51861e+07
1.28534e+08
1.32561e+08
9.07117e+07
1.0107e+08
1.08648e+08
1.06166e+08
1.0298e+08
9.86062e+07
9.33303e+07
9.61587e+07
9.71934e+07
1.02589e+08
9.9074e+07
1.08123e+08
9.91063e+07
1.02973e+08
1.20747e+08
1.13148e+08
1.16415e+08
1.16878e+08
1.22234e+08
1.19967e+08
1.08852e+08
1.17118e+08
1.15481e+08
6.21347e+08
5.91055e+08
5.15303e+08
7.13926e+08
1.60465e+08
1.80147e+08
5.94833e+07
3.12941e+08
-6.35003e+07
2.52755e+08
2.07944e+08
4.49725e+07
4.96191e+08
4.27753e+08
4.70327e+08
-3.73367e+07
2.96131e+08
3.66426e+08
1.10105e+08
1.17199e+08
1.69178e+08
1.75133e+08
1.73697e+08
1.6237e+08
1.57341e+08
1.59834e+08
1.5969e+08
1.5508e+08
1.55931e+08
1.58021e+08
1.53593e+08
1.49329e+08
1.59352e+08
3.57718e+07
3.27732e+07
6.94806e+07
5.82194e+07
3.81086e+07
8.84284e+07
8.99911e+07
9.45558e+07
1.043e+08
1.07748e+08
1.02431e+08
9.0266e+07
9.98649e+07
9.76046e+07
9.56629e+07
1.05665e+08
1.00092e+08
8.87046e+07
9.71429e+07
9.14634e+07
8.01163e+07
5.82358e+07
7.69626e+07
5.4499e+07
-2.3265e+08
5.44256e+07
1.9567e+08
2.21382e+08
1.12662e+08
9.60076e+07
6.51042e+08
7.33907e+08
6.3949e+08
1.70547e+08
2.31391e+08
2.68722e+08
8.03905e+07
4.19936e+08
3.10742e+08
1.72217e+08
1.80891e+08
1.85442e+08
2.83058e+08
2.12352e+08
1.14155e+08
7.03815e+07
1.96293e+08
1.38879e+08
6.09708e+07
9.68936e+07
2.28616e+07
5.84754e+07
-2.48632e+08
3.23714e+07
-7.47295e+06
3.95321e+07
-1.04689e+08
4.94943e+07
2.08626e+07
-9.90764e+06
2.62351e+07
8.18867e+07
7.21742e+07
4.97479e+07
-6.88321e+07
1.00072e+08
1.12954e+08
1.06103e+08
1.04823e+08
1.12116e+08
1.07825e+08
9.44999e+07
9.884e+07
1.01336e+08
1.16961e+08
1.14549e+08
1.11476e+08
1.23327e+08
1.39548e+08
1.5028e+08
1.94748e+08
2.62281e+08
1.96164e+08
1.30497e+08
1.83794e+08
1.61648e+08
1.47619e+08
1.75731e+08
1.59916e+08
9.37018e+07
1.01899e+08
8.78077e+07
8.94485e+07
1.10225e+08
9.24783e+07
8.80471e+07
8.01625e+07
8.32719e+07
1.0562e+08
8.01689e+07
8.43915e+07
9.25227e+07
7.24197e+07
3.64031e+07
4.09682e+07
1.21336e+08
1.25308e+08
1.29051e+08
1.00873e+08
1.23176e+08
1.33853e+08
1.32906e+08
9.86249e+07
1.02314e+08
1.05159e+08
1.00811e+08
1.06344e+08
1.07774e+08
7.12401e+07
9.74111e+07
8.05389e+07
1.68557e+08
2.06817e+08
1.37804e+08
6.50452e+07
1.32997e+08
1.62182e+08
1.46056e+08
1.20995e+08
1.40737e+08
1.50375e+08
1.26836e+08
1.56414e+08
1.25111e+08
1.17983e+08
1.13447e+08
1.34561e+08
1.03103e+08
1.06251e+08
1.10187e+08
9.74556e+07
7.71248e+07
9.99617e+07
1.75647e+08
1.06223e+08
1.03193e+08
1.00148e+08
1.23198e+08
1.0807e+08
1.24657e+08
1.23639e+08
1.23363e+08
1.28664e+08
1.41731e+08
1.21709e+08
9.53753e+07
1.20284e+08
1.25814e+08
1.2182e+08
1.23469e+08
1.25135e+08
1.24829e+08
1.2571e+08
1.28865e+08
1.24122e+08
1.2907e+08
1.29173e+08
1.223e+08
1.19587e+08
1.20671e+08
1.21378e+08
9.3851e+07
1.01358e+08
1.03307e+08
9.61202e+07
9.6364e+06
1.20557e+07
1.18304e+08
9.34132e+07
9.9088e+07
1.0213e+08
9.40803e+07
1.0197e+08
3.20286e+07
9.46324e+07
1.0071e+08
4.45439e+07
4.04155e+07
1.19542e+08
1.21597e+08
1.17578e+08
1.14495e+08
1.15298e+08
1.12031e+08
4.8629e+08
1.23899e+08
1.20223e+08
1.24098e+08
1.24549e+08
1.17329e+08
1.25797e+08
1.10065e+08
1.30257e+08
1.23155e+08
1.1858e+08
1.22419e+08
1.19994e+08
1.12979e+08
1.16599e+08
1.16931e+08
1.14322e+08
1.11563e+08
1.16195e+08
1.22317e+08
1.19607e+08
1.20163e+08
1.23618e+08
1.24404e+08
1.23258e+08
1.24694e+08
1.11635e+08
1.14379e+08
1.2366e+08
1.22038e+08
1.21179e+08
1.24555e+08
1.18268e+08
1.18917e+08
9.80528e+07
9.78797e+07
9.67946e+07
9.54044e+07
9.27882e+07
9.45927e+07
9.33748e+07
1.02079e+08
9.71955e+07
1.02167e+08
9.55277e+07
9.57984e+07
1.0215e+08
1.05835e+08
1.07339e+08
1.10119e+08
1.08747e+08
1.10931e+08
1.04496e+08
1.03742e+08
1.06777e+08
1.09953e+08
1.257e+08
1.04678e+08
1.14555e+08
1.11796e+08
1.08109e+08
1.06719e+08
9.82024e+07
1.30921e+08
1.01441e+08
1.16197e+08
1.14544e+08
1.14991e+08
1.12702e+08
1.1943e+08
1.10208e+08
1.25913e+08
1.16948e+08
1.14624e+08
1.25044e+08
1.21151e+08
1.16632e+08
1.10532e+08
1.3135e+08
1.13981e+08
1.24631e+08
1.0983e+08
1.17244e+08
1.29143e+08
1.25032e+08
1.21213e+08
1.14595e+08
1.09612e+08
1.15993e+08
1.2695e+08
1.20719e+08
1.21613e+08
1.24583e+08
1.08086e+08
1.17003e+08
4.83666e+08
4.19742e+08
4.0374e+08
3.91927e+08
3.69953e+08
3.70758e+08
3.88042e+08
5.08554e+08
5.50894e+08
7.16119e+08
3.3679e+08
4.32103e+08
2.12776e+08
4.61939e+08
4.00378e+08
3.59879e+08
3.67582e+08
3.43882e+08
3.13304e+08
3.52056e+08
4.2915e+08
5.91423e+07
4.77958e+08
1.25267e+08
2.52913e+08
2.74094e+08
2.85141e+08
2.87212e+08
2.6569e+08
2.72697e+08
2.9382e+08
2.69284e+08
1.58149e+08
2.43682e+08
2.22497e+08
5.45349e+07
2.17115e+08
3.47628e+08
2.07203e+08
2.30985e+08
2.06694e+08
3.94598e+06
2.18309e+08
2.03313e+08
1.87272e+08
2.07106e+08
2.0857e+08
1.84633e+08
1.99063e+08
1.95169e+08
1.63777e+08
1.77379e+08
1.64527e+08
1.67244e+08
1.60675e+08
1.79245e+08
1.519e+08
1.6862e+08
1.69949e+08
1.79502e+08
1.74579e+08
1.68274e+08
1.78602e+08
1.49727e+08
1.95814e+08
2.04579e+08
1.91347e+08
1.92892e+08
1.59575e+08
1.80283e+08
1.9599e+08
1.9604e+08
2.43445e+08
2.36518e+08
2.23114e+08
2.13156e+08
2.12519e+08
1.09699e+08
1.54661e+08
1.70554e+08
1.51974e+08
1.53148e+08
1.45387e+08
1.37886e+08
1.45067e+08
1.46252e+08
1.50613e+08
1.49297e+08
1.4414e+08
1.44425e+08
1.53926e+08
1.59636e+08
1.30574e+08
1.54207e+08
1.40624e+08
1.64146e+08
1.63593e+08
1.62703e+08
1.56228e+08
1.57295e+08
1.26201e+08
1.39644e+08
1.34099e+08
1.06198e+08
1.34194e+08
1.24757e+08
1.45475e+08
1.47579e+08
1.3531e+08
1.35751e+08
1.44375e+08
1.16124e+08
1.21172e+08
9.99165e+07
8.84349e+07
1.23769e+08
1.25686e+08
1.13712e+08
1.01454e+08
1.16408e+08
1.20902e+08
1.21152e+08
1.24658e+08
1.24835e+08
1.25297e+08
1.24441e+08
1.18851e+08
1.28045e+08
1.28849e+08
1.28096e+08
1.20597e+08
1.20207e+08
1.19036e+08
1.21542e+08
1.03316e+08
1.03847e+08
9.10438e+07
9.5907e+07
9.54596e+07
1.40979e+07
9.48538e+06
9.11242e+07
9.6349e+07
8.97865e+07
9.28947e+07
6.34967e+07
7.46869e+07
5.5587e+07
1.07563e+08
1.05464e+08
1.07931e+08
1.13089e+08
9.94154e+07
1.13817e+08
9.17758e+07
1.01535e+08
4.67941e+07
9.24708e+07
1.11407e+08
9.35957e+07
1.07372e+08
9.78628e+07
1.21098e+08
1.20495e+08
1.22146e+08
1.16729e+08
1.2874e+08
1.30292e+08
1.07386e+08
1.19153e+08
1.31459e+08
1.11054e+08
1.13301e+08
1.12692e+08
1.14344e+08
1.13871e+08
1.16848e+08
1.14947e+08
1.15218e+08
1.57973e+08
1.52794e+08
1.54206e+08
1.56465e+08
1.50523e+08
1.23085e+08
1.28161e+08
1.23243e+08
1.39789e+08
1.45275e+08
1.3321e+08
1.36918e+08
1.32287e+08
1.48925e+08
1.52837e+08
1.52507e+08
1.49068e+08
1.41316e+08
1.44964e+08
1.41111e+08
1.45373e+08
1.41737e+08
1.46319e+08
1.37696e+08
1.31293e+08
1.26419e+08
1.34032e+08
1.32208e+08
1.30651e+08
1.3907e+08
1.34283e+08
1.36655e+08
1.2832e+08
1.32612e+08
1.07917e+08
3.47191e+07
-2.51557e+07
5.3517e+07
9.33165e+07
1.00879e+08
7.85516e+07
1.19356e+08
1.25098e+08
1.23541e+08
1.25164e+08
1.17768e+08
1.08248e+08
1.22047e+08
1.13418e+08
7.11285e+07
1.06245e+08
2.24226e+08
1.96878e+08
8.46619e+07
9.41936e+07
6.01209e+07
4.01645e+07
6.21222e+07
1.40395e+08
1.15606e+08
1.22712e+08
9.2348e+07
5.64273e+08
7.47843e+07
9.13989e+07
9.27851e+07
1.02527e+08
9.65225e+07
6.72474e+07
6.61137e+07
5.81795e+07
9.92666e+07
1.25872e+08
1.09051e+08
2.50667e+08
7.63035e+08
1.13883e+08
7.97158e+07
1.20294e+08
9.72233e+07
8.92715e+06
9.94304e+07
8.36029e+07
9.53749e+07
7.19591e+07
8.07125e+07
8.97047e+07
9.59627e+07
1.26661e+08
1.27839e+08
1.25739e+08
1.24224e+08
1.28458e+08
1.18777e+08
1.2207e+08
1.22799e+08
1.18115e+08
-1.55685e+07
-4.61901e+06
2.07317e+07
1.51721e+06
2.55702e+07
1.16529e+08
1.20065e+08
1.65546e+08
5.76061e+08
1.29526e+08
7.43664e+07
9.58827e+06
1.06982e+08
6.05502e+08
-2.42492e+07
-696686
6.23456e+07
1.39361e+07
1.27117e+08
1.36755e+08
8.55219e+07
1.23839e+08
7.58933e+07
8.78159e+07
1.03551e+08
1.06087e+08
1.06106e+08
7.07904e+07
6.15577e+07
7.61958e+07
8.4552e+07
1.30265e+08
9.89387e+07
1.22034e+08
1.44818e+08
1.25864e+08
1.2607e+08
1.28501e+08
1.25127e+08
1.21903e+08
1.24499e+08
1.06642e+08
-1.36574e+07
1.4797e+07
1.06662e+08
6.83632e+07
2.79227e+07
1.17864e+08
1.28527e+08
8.64708e+07
1.20303e+08
1.18194e+08
1.06582e+08
1.3303e+08
1.14649e+08
1.16739e+08
1.25104e+08
1.20373e+08
1.17489e+08
1.65293e+08
1.2942e+08
1.25257e+08
-2.3998e+07
-8.36465e+06
2.14637e+07
257525
2.77114e+07
8.14792e+07
2.22265e+07
6.43813e+07
3.14201e+07
4.69125e+07
7.39104e+07
9.40743e+07
-4.75068e+07
2.52309e+07
-7.06538e+07
1.24136e+08
6.11034e+07
1.53364e+08
7.10645e+07
6.58147e+07
2.96673e+07
-3.49774e+06
3.94808e+07
9.92407e+07
6.60142e+07
9.81181e+07
8.89939e+07
1.50525e+08
1.36361e+08
1.14612e+08
1.11614e+08
1.20912e+08
9.14883e+07
8.85279e+07
1.23598e+08
1.23683e+08
1.23473e+08
1.24098e+08
1.29146e+08
1.3155e+08
1.30627e+08
1.16247e+08
1.17818e+08
1.11102e+08
1.17391e+08
1.1947e+08
1.00604e+08
1.03537e+08
1.15565e+08
-2.86848e+07
2.11525e+08
2.80522e+08
1.95339e+08
2.28367e+08
1.3447e+08
2.34052e+08
2.68301e+08
1.04134e+08
1.32616e+08
1.06608e+08
1.3277e+08
9.61664e+07
1.3522e+08
1.16021e+08
1.18521e+08
1.1892e+08
1.24058e+08
1.30247e+08
1.1066e+08
1.12578e+08
1.13715e+08
8.40101e+07
1.20452e+08
1.21076e+08
1.09646e+08
1.0989e+08
1.3824e+08
1.31329e+08
1.49916e+08
1.42109e+08
1.28223e+08
1.37799e+08
9.06597e+07
8.54288e+07
2.23035e+08
1.7387e+08
1.82993e+08
2.11342e+08
2.83564e+08
1.14956e+08
9.38944e+07
2.95634e+08
8.05668e+07
2.85563e+08
9.78327e+07
1.10651e+08
1.11321e+08
2.70022e+08
1.33608e+08
1.41416e+08
8.85389e+07
8.99323e+07
1.05486e+08
9.26149e+07
1.05353e+08
1.06635e+08
1.01959e+08
1.01206e+08
1.60441e+08
3.35284e+08
3.57967e+08
3.95213e+08
2.91462e+08
3.22819e+08
6.59155e+07
2.98639e+08
9.06049e+07
3.40308e+08
1.59696e+08
8.76365e+07
3.99444e+08
9.4842e+07
6.31186e+07
1.33472e+08
1.2031e+08
1.35808e+08
1.21499e+08
1.47492e+08
1.34872e+08
1.36207e+08
1.37559e+08
1.44462e+08
1.51614e+08
1.35121e+08
1.31401e+08
1.58445e+08
1.04738e+08
5.33841e+07
1.42365e+08
1.28457e+08
1.43991e+08
1.52442e+08
1.39207e+08
1.39484e+08
1.42343e+08
1.35565e+08
1.4466e+08
1.42728e+08
1.44398e+08
1.43529e+08
1.46075e+08
1.50006e+08
1.48487e+08
1.47704e+08
1.1835e+08
1.20934e+08
205937
4.69127e+07
6.74921e+07
1.89534e+08
1.6253e+08
2.02828e+08
1.53889e+08
2.28872e+08
1.03239e+08
1.13854e+08
1.22671e+08
1.26393e+08
2.07297e+08
2.4483e+08
1.29153e+08
1.28408e+08
2.67527e+08
9.85329e+07
1.11619e+08
5.17451e+07
6.84097e+07
9.53952e+07
1.10852e+08
9.88046e+07
1.00765e+08
5.52676e+08
3.99094e+08
4.47233e+08
4.67936e+08
5.8692e+08
1.55772e+07
8.41544e+07
6.34906e+08
5.84863e+08
1.8632e+08
4.65474e+08
2.49531e+08
-2.30062e+07
6.74505e+07
-8.5206e+07
7.32488e+07
9.86548e+07
1.71726e+08
1.64233e+08
1.62231e+08
1.65246e+08
1.61414e+08
1.64998e+08
1.65542e+08
1.68046e+08
1.62232e+08
1.66853e+08
1.71314e+08
1.67643e+08
1.69926e+08
1.51746e+08
1.55055e+08
8.76761e+07
8.09177e+07
8.69148e+07
8.70616e+07
7.69753e+07
7.6153e+07
9.22959e+07
8.65768e+07
7.93236e+07
1.00618e+08
8.99503e+07
1.04719e+08
8.98293e+07
7.01801e+07
5.95876e+07
6.75287e+07
7.4266e+07
8.9336e+07
4.8276e+07
7.1453e+07
-1.72244e+08
5.58405e+07
4.9805e+07
1.40167e+08
7.71637e+07
-1.93223e+07
2.7021e+08
4.32711e+08
-9.93357e+06
7.96039e+07
2.53145e+08
6.51666e+08
2.3139e+08
-3.01875e+08
2.67723e+08
2.45145e+08
-2.93884e+08
7.50541e+08
4.15249e+08
-1.90514e+08
3.56354e+07
-1.13437e+07
-1.51784e+08
3.51953e+07
-1.26547e+08
1.15084e+08
-1.64929e+08
9.34481e+07
1.00282e+08
6.2369e+07
1.33512e+07
8.72713e+07
-7.00064e+07
8.47095e+07
9.76402e+07
-3.85407e+07
2.04797e+06
-2.65516e+08
1.14911e+08
1.59631e+08
-2.27759e+08
5.87724e+07
9.3212e+07
-3.35699e+08
2.40507e+08
-3.45521e+08
1.82348e+08
-2.71531e+06
9.27233e+07
2.43569e+07
-2.08146e+06
-2.82751e+07
6.24608e+07
6.62401e+07
1.17499e+08
8.33665e+07
5.70977e+07
9.74441e+07
7.80585e+07
8.78182e+07
9.50285e+07
1.18829e+08
1.03017e+08
9.4952e+07
1.23116e+08
9.38239e+07
8.62527e+07
9.66371e+07
8.31277e+07
8.95801e+07
9.41728e+07
9.10406e+07
1.09109e+08
1.13799e+08
6.42976e+07
7.46517e+07
9.04252e+07
8.78277e+07
7.85723e+07
9.19568e+07
1.46621e+08
1.58678e+08
1.52593e+08
7.7578e+07
7.39513e+07
1.2916e+08
1.32366e+08
1.25835e+08
1.43713e+08
1.20856e+08
1.39072e+08
1.21215e+08
1.84849e+08
1.32099e+08
1.27488e+08
1.96501e+08
1.21952e+08
1.75147e+08
1.21647e+08
1.26559e+08
1.65007e+08
1.31683e+08
1.17599e+08
1.10873e+08
1.00953e+08
9.06949e+07
8.92724e+07
1.00024e+08
9.17049e+07
1.23635e+08
1.21102e+08
1.20814e+08
1.21759e+08
1.27213e+08
1.25943e+08
1.26539e+08
1.26757e+08
1.25398e+08
1.28031e+08
1.25968e+08
1.29028e+08
1.28517e+08
1.24548e+08
1.24953e+08
1.25583e+08
1.28931e+08
1.2573e+08
1.23608e+08
1.24803e+08
1.27895e+08
1.28512e+08
1.28233e+08
1.30828e+08
1.30591e+08
1.25477e+08
1.2338e+08
1.18291e+08
1.20053e+08
1.23856e+08
1.19169e+08
1.22289e+08
1.21928e+08
1.17239e+08
9.58661e+07
1.02808e+08
9.46214e+07
1.02734e+08
1.75466e+07
5.09495e+07
5.06465e+07
2.13026e+07
7.32704e+06
-1.3987e+07
1.64096e+07
5.37007e+07
5.22491e+07
1.61721e+07
1.73107e+07
-1.03375e+07
1.18319e+08
9.28614e+07
1.00026e+08
9.51361e+07
2.77482e+07
2.90293e+07
5.02261e+07
5.14893e+07
2.43002e+07
3.70595e+07
1.48265e+07
3.2169e+07
5.24053e+07
5.09114e+07
3.64368e+07
2.16034e+07
8.69994e+06
9.22073e+07
9.87414e+07
4.42284e+07
3.05427e+07
4.26157e+07
5.24891e+07
3.89975e+07
5.42052e+07
1.17899e+08
1.16125e+08
1.14932e+08
1.17165e+08
1.12389e+08
1.39584e+08
2.84072e+08
1.09299e+08
9.68159e+07
5.42944e+07
5.91579e+07
4.90299e+08
9.07729e+08
-1.98719e+07
-1.17485e+07
4.56248e+07
2.84878e+07
1.37607e+08
1.35358e+08
1.02074e+08
1.17113e+08
9.67233e+07
1.03551e+08
9.58584e+07
1.07802e+08
1.06886e+08
1.09687e+08
1.08468e+08
1.08997e+08
1.06544e+08
8.29753e+07
9.80888e+07
7.21581e+07
1.03879e+08
1.06934e+08
1.07406e+08
1.05376e+08
1.08754e+08
3.54631e+08
3.24449e+08
-9.71189e+06
6.03704e+07
6.04524e+08
834565
-2.12135e+08
6.07898e+08
1.8797e+08
1.86805e+08
1.82538e+08
6.98621e+07
7.23543e+07
2.45942e+08
2.19808e+08
2.41008e+08
1.91575e+08
1.44554e+08
4.2368e+07
1.72271e+08
1.42566e+08
1.27476e+08
2.15931e+08
2.09887e+08
9.05112e+07
8.3239e+07
9.1687e+07
1.34163e+08
1.05048e+08
1.09779e+08
9.47335e+07
9.76271e+07
1.15623e+08
9.77329e+07
1.07291e+08
9.41573e+07
8.72231e+07
9.20086e+07
1.25081e+08
1.24391e+08
1.21676e+08
1.23354e+08
1.15661e+08
1.20184e+08
1.18544e+08
1.20443e+08
1.26832e+08
1.23591e+08
1.25122e+08
1.258e+08
1.27753e+08
1.25686e+08
1.23658e+08
1.25615e+08
1.26509e+08
1.26587e+08
1.27249e+08
1.22534e+08
1.2376e+08
1.22447e+08
1.22137e+08
1.19206e+08
1.22702e+08
1.17574e+08
1.22604e+08
1.23743e+08
1.09226e+08
1.00763e+08
9.90813e+07
9.98094e+07
2.28746e+07
3.48537e+07
7.10248e+07
6.41004e+07
4.59351e+07
-7.31563e+06
2.57781e+07
5.66089e+07
1.943e+07
6.01527e+07
3.32045e+07
1.80674e+06
1.1065e+08
9.14739e+07
9.47141e+07
9.0507e+07
9.18657e+07
6.63096e+07
7.83538e+07
8.49793e+07
4.51858e+07
5.72981e+07
5.3218e+07
4.1876e+07
7.19015e+07
9.69915e+07
9.08307e+07
7.86446e+07
1.11767e+08
1.06437e+08
1.11986e+08
1.05474e+08
1.02748e+08
5.50014e+07
1.1149e+08
1.10225e+08
6.90308e+07
8.24984e+07
1.26587e+08
2.85027e+07
9.80786e+07
4.28094e+06
1.03451e+08
1.05597e+08
1.27262e+08
9.35835e+07
6.85188e+07
1.02159e+08
8.102e+07
1.03246e+08
8.70324e+07
1.13471e+08
1.1169e+08
1.06692e+08
8.18886e+07
1.01962e+08
8.71608e+07
1.13621e+08
8.88937e+07
1.03125e+08
8.5065e+07
1.08794e+08
1.21859e+08
1.21009e+08
1.18625e+08
1.19986e+08
1.19329e+08
1.18414e+08
1.14471e+08
1.04801e+08
1.0948e+08
1.21407e+08
1.1192e+08
1.13532e+08
1.20065e+08
1.19132e+08
1.19139e+08
1.14876e+08
1.17122e+08
1.22295e+08
1.13067e+08
1.1748e+08
1.19814e+08
1.19983e+08
1.15968e+08
1.14588e+08
1.18194e+08
1.16724e+08
1.36593e+08
1.62849e+08
1.58734e+08
1.49409e+08
1.43222e+08
1.45896e+08
1.47066e+08
1.55827e+08
1.62301e+08
1.59162e+08
1.59283e+08
1.52988e+08
1.54019e+08
1.50291e+08
1.56096e+08
1.37427e+08
1.39559e+08
1.50193e+08
1.46751e+08
1.31566e+08
1.42607e+08
1.38613e+08
1.38997e+08
1.27255e+08
1.30771e+08
1.29702e+08
1.26871e+08
1.35964e+08
1.35499e+08
1.33851e+08
-2.11407e+07
-1.46534e+07
1.576e+07
7.54691e+06
3.23647e+07
3.72193e+07
)
;
    }
    procBoundary1to0
    {
        type            processor;
        value           nonuniform List<scalar> 
224
(
1.62887e+08
1.62887e+08
1.62887e+08
-1.782e+07
5.84184e+07
5.95167e+07
7.93412e+06
4.10708e+07
3.17134e+07
5.05643e+08
1.91384e+08
5.05643e+08
5.05643e+08
6.20542e+08
1.13064e+08
1.4782e+08
1.09193e+08
1.48381e+08
1.60244e+08
1.58876e+08
1.29275e+08
2.41769e+08
1.77015e+08
1.46841e+08
3.10611e+08
4.77789e+07
2.10413e+08
3.14667e+08
5.03534e+07
6.70271e+07
3.88496e+07
7.21051e+07
1.88573e+08
1.79703e+08
1.74403e+08
1.24098e+08
2.60325e+08
1.28172e+08
1.49943e+08
1.24994e+08
1.91829e+08
6.9057e+08
3.04886e+08
1.24098e+08
1.24098e+08
1.24994e+08
1.24994e+08
1.91829e+08
1.91829e+08
-3.44015e+07
1.77514e+09
3.644e+08
6.55156e+07
1.19917e+08
6.97376e+07
4.91067e+07
4.91067e+07
4.91067e+07
1.27342e+08
1.27342e+08
1.27342e+08
7.84241e+07
7.84241e+07
7.84241e+07
8.95727e+07
9.68561e+07
5.42979e+07
1.82951e+08
1.66439e+08
1.74396e+08
-2.51626e+07
9.39459e+07
9.94296e+07
3.29552e+07
2.2677e+07
4.33791e+07
3.13826e+08
4.06815e+08
6.70943e+08
3.59649e+08
6.6541e+08
3.80461e+08
3.69827e+08
2.21488e+08
8.57259e+08
1.33448e+08
1.35076e+08
8.86431e+07
1.69557e+08
1.45694e+08
1.65049e+08
-7.04478e+06
1.85561e+08
1.50501e+08
5.209e+07
5.46709e+07
3.04052e+07
1.92266e+08
1.80575e+08
1.82826e+08
6.9057e+08
1.17827e+09
1.27049e+08
1.2257e+08
3.02966e+08
4.81297e+08
8.57259e+08
6.9057e+08
6.9057e+08
2.21488e+08
1.17827e+09
1.17827e+09
1.27049e+08
1.27049e+08
1.2257e+08
1.2257e+08
1.67807e+08
6.05709e+08
5.38434e+08
4.9987e+08
6.94728e+08
2.72466e+08
1.1955e+08
1.1955e+08
1.1955e+08
1.02892e+08
1.02892e+08
1.02892e+08
1.13467e+08
6.96944e+07
1.17614e+08
1.76918e+08
1.69734e+08
1.57341e+08
6.05709e+08
6.70943e+08
6.94728e+08
6.94728e+08
1.46841e+08
3.19307e+08
2.99108e+08
1.46841e+08
3.34303e+08
5.84184e+07
5.95167e+07
9.39459e+07
9.94296e+07
4.10708e+07
3.17134e+07
2.2677e+07
4.33791e+07
1.09193e+08
1.48381e+08
1.35076e+08
8.86431e+07
1.58876e+08
1.29275e+08
1.45694e+08
1.65049e+08
2.10413e+08
3.14667e+08
1.85561e+08
1.50501e+08
3.88496e+07
7.21051e+07
5.46709e+07
3.04052e+07
1.79703e+08
1.74403e+08
1.80575e+08
1.82826e+08
4.81297e+08
8.57259e+08
1.01806e+09
6.29432e+08
6.22849e+08
6.43625e+08
-6.63295e+08
1.53564e+08
1.63937e+08
1.61349e+08
1.56463e+08
3.68044e+08
3.55346e+08
2.48542e+08
2.53186e+08
1.77514e+09
3.644e+08
5.38434e+08
4.9987e+08
1.8069e+07
5.61319e+07
1.56583e+08
1.50591e+08
1.50089e+08
1.47811e+08
1.05567e+08
8.2271e+07
1.22545e+08
1.32659e+08
9.68561e+07
5.42979e+07
6.96944e+07
1.17614e+08
1.66439e+08
1.74396e+08
1.69734e+08
1.57341e+08
9.92293e+07
2.92134e+08
3.34303e+08
4.44001e+07
1.82881e+08
1.32428e+08
2.12322e+08
2.5417e+08
1.32182e+08
2.50896e+08
1.45632e+08
1.07026e+08
1.14271e+08
6.10451e+07
8.85592e+07
8.43941e+07
)
;
    }
    procBoundary1to3
    {
        type            processor;
        value           nonuniform List<scalar> 
23
(
1.77846e+08
1.71636e+08
1.62117e+08
1.62117e+08
1.62117e+08
1.49905e+08
1.58861e+08
1.46665e+08
1.33514e+08
1.75189e+08
1.62774e+08
1.64904e+08
1.6561e+08
1.59993e+08
1.52861e+08
1.56408e+08
1.59993e+08
1.55191e+08
1.4318e+08
1.39861e+08
1.70694e+08
1.6815e+08
1.68821e+08
)
;
    }
    procBoundary1to4
    {
        type            processor;
        value           nonuniform List<scalar> 
78
(
5.81278e+07
5.82875e+07
5.82875e+07
5.81278e+07
5.81278e+07
2.24388e+07
6.3457e+07
4.63694e+07
6.41257e+07
1.87611e+07
1.87611e+07
2.24388e+07
6.3457e+07
6.3457e+07
4.63694e+07
4.63694e+07
-1.81788e+07
1.55687e+07
6.82377e+07
2.59833e+07
-1.69101e+07
-1.69101e+07
-1.69101e+07
-1.81788e+07
-1.81788e+07
1.55687e+07
1.55687e+07
6.82377e+07
2.59833e+07
3.00027e+07
2.59833e+07
2.59833e+07
-9.67033e+06
2.90256e+06
-3.80357e+06
-3.80357e+06
-3.80357e+06
1.9865e+07
1.9865e+07
1.9865e+07
-9.67033e+06
-9.67033e+06
2.90256e+06
2.90256e+06
3.35306e+07
-4.16804e+07
-4.67349e+07
-3.46226e+07
-2.30638e+07
3.13051e+07
1.00391e+07
-9.16637e+06
-4.3444e+07
-4.63047e+07
-3.73074e+07
-3.05028e+07
-5.25939e+06
2.39727e+06
-1.34719e+07
-2.23382e+07
1.56564e+07
8.74004e+06
2.099e+07
3.00551e+07
3.84031e+07
4.04578e+07
2.54868e+07
1.92833e+07
4.04578e+07
3.03413e+07
4.41133e+07
3.40761e+07
2.81004e+07
3.00551e+07
4.20269e+07
3.84031e+07
4.63463e+07
5.2965e+07
)
;
    }
    procBoundary1to5
    {
        type            processor;
        value           nonuniform List<scalar> 
55
(
9.50985e+07
9.99972e+07
8.58873e+07
1.16629e+08
7.2144e+07
1.14163e+08
1.23327e+08
1.27016e+08
1.04559e+08
4.54838e+07
1.27016e+08
5.57124e+07
1.14163e+08
1.04368e+08
1.23327e+08
4.54838e+07
4.54838e+07
8.81501e+07
1.04559e+08
1.27016e+08
1.27016e+08
1.20555e+08
1.2132e+08
1.06603e+08
1.14683e+08
1.14564e+08
1.20514e+08
9.19972e+07
9.80424e+07
1.05441e+08
9.19972e+07
4.80035e+07
3.77705e+07
3.77705e+07
1.21206e+08
1.20141e+08
1.10595e+08
1.16858e+08
1.25298e+08
1.25298e+08
1.18128e+08
1.14569e+08
9.21277e+07
3.91732e+07
9.99972e+07
9.28051e+07
8.58873e+07
9.28051e+07
9.28051e+07
6.51048e+07
7.38564e+07
7.38564e+07
5.201e+07
7.38564e+07
6.76509e+07
)
;
    }
}


// ************************************************************************* //
