/*--------------------------------*- C++ -*----------------------------------*\
| =========                 |                                                 |
| \\      /  F ield         | OpenFOAM: The Open Source CFD Toolbox           |
|  \\    /   O peration     | Version:  2012                                  |
|   \\  /    A nd           | Website:  www.openfoam.com                      |
|    \\/     M anipulation  |                                                 |
\*---------------------------------------------------------------------------*/
FoamFile
{
    version     2.0;
    format      ascii;
    class       volScalarField;
    location    "0.104/solid";
    object      sigmaEq;
}
// * * * * * * * * * * * * * * * * * * * * * * * * * * * * * * * * * * * * * //

dimensions      [1 -1 -2 0 0 0 0];


internalField   nonuniform List<scalar> 
3125
(
156.372
767.669
168.335
156.695
167.742
557.59
565.14
959.127
160.787
184302
247298
167412
172.176
175.022
161.824
56365.9
85449.3
175329
237301
76315.6
84852.1
74996.7
31.1588
155.962
31.3951
99.7547
8644.03
1813.64
31.0548
167.442
220.255
190.787
70.8819
21.4221
24.4831
24.7025
156.227
29.1787
31.243
23.0934
24.5968
411414
460623
67.3421
1238.58
14398.8
291580
278505
413715
2673.94
367067
278936
409108
327629
466881
2044.21
249785
267723
144914
229852
298768
255753
137843
224594
24.2725
167.991
198.205
183.21
28.4895
22.387
47.7174
16.5524
22.5256
17.5056
296212
313074
78284.9
218396
293137
275287
82712.6
292643
255480
313606
404402
356872
200365
273275
313073
360884
209179
318898
305077
350266
292878
267355
80261.6
218175
243749
271968
81546.3
247364
236105
263523
200357
214502
71042.4
188821
232140
204326
69705.7
185166
125.857
156.251
125.223
448.074
2055.11
1232.36
169.23
158.623
126.129
127.38
167.421
359.288
282.8
339.419
193.988
158.698
129.342
127.178
479331
498919
186092
279680
193347
270978
72096.1
258709
257614
272920
518856
576357
276630
186603
159704
175163
360163
338882
124364
142817
170.287
179.433
167.78
130.322
134.339
465651
482307
78104.1
88629.4
125101
154482
85519.3
158462
496995
527166
472691
452344
183454
190469
202342
254050
227625
240338
367292
388738
459720
441015
77631.8
127807
132818
152869
83906.1
147970
359776
380435
272051
126089
73683.2
121025
352897
332348
66982.8
105425
91.1481
31.7997
90.4064
156.196
125.388
125.174
31.7249
90.721
90.3942
334.52
294.337
945.363
3050.42
6049.18
1766.94
428.877
4938.33
1342.94
127.901
91.3454
30.5132
92.2848
30.2609
92.6913
167.3
264.902
244.179
149.205
175.466
252.643
29.2778
142.386
109.462
24.2581
128.829
92.9747
24.8166
93.1148
24.8322
93.0237
93.4301
158.107
125.616
126.638
94.0094
30.562
92.0465
90.9124
30.9609
91.5828
91.7247
24.0315
93.0277
93.4823
24.3204
92.811
465740
432784
486436
525795
505436
439955
514752
493397
54.8017
189.337
37.1274
279.293
103.704
37.7808
72374.8
8439.29
46655.9
280984
294910
290384
243579
410389
25297.3
302826
60415
323655
417975
322302
6435.28
22077.1
45096.9
285575
385760
300926
268362
291434
277563
391911
320324
305915
533469
561443
447474
473456
27265.3
554457
10417.5
522426
474540
544437
225.305
19445.2
2453.98
303945
283399
226403
264927
291475
232172
271498
206536
251274
193849
152204
160419
171437
245863
177439
189699
310868
331835
346393
280080
325557
298217
273933
318670
203982
157770
130991
156833
146253
209069
173434
161622
92.5872
23.7473
92.0108
23.4564
91.6139
168.946
186.445
170.347
144.806
136.25
94.8196
26.8205
97.8604
106.192
25.8744
99.3399
62.2049
20.5043
76.486
17.5139
83.7008
76.4681
91.7265
21.0976
89.6365
20.3013
85.3973
90.121
416007
305282
430444
502008
487468
307847
447401
434928
85252.4
158692
138642
114791
280071
163418
191086
288177
174266
183769
284504
189136
84467.1
159734
159453
287158
191945
190525
506836
523495
424470
302507
463311
451403
310060
463345
458828
383723
437958
424379
445429
376941
409823
430952
191796
218727
206358
210826
290129
223941
241977
295813
228378
280518
342611
265617
218258
222925
235911
336617
246589
260783
417289
395890
353389
324223
374487
402757
330678
381547
410881
282302
394733
414593
434534
278636
371913
389140
78953
139524
134529
149417
229176
155915
164573
232833
158091
181724
261629
175393
82776.8
141241
146248
258100
166749
173223
407826
387314
324312
247948
342299
366057
251871
348274
298545
278622
184541
247316
270676
188485
253119
147233
203482
140700
72361.8
114157
119291
199812
131932
138504
305250
325536
318311
220222
300347
276574
216246
294380
170618
120904
68356.3
112404
107194
174243
129725
123116
534183
540373
726574
657617
406505
398599
557308
564026
736040
677392
527729
521028
414419
422335
550292
543008
428477
436895
420072
411686
34.4207
31.806
35.4395
31.9853
34.6951
35.6312
131.134
141.037
196.002
1010.67
2701.95
1389.75
34.3442
31.3533
34.9258
88.0881
51.1288
56.7349
17.629
21.681
15.193
55.2157
24.1647
54.2751
24.3611
55.4197
54.5283
31.8812
30.1268
33.3438
34.5348
31.6857
35.2226
53.4269
23.0256
52.8837
55.3213
24.1631
54.2818
430328
418488
448184
456579
437458
572069
567162
507841
454047
480632
499712
473702
17.1143
93.2685
31.5022
692.838
712.91
384.026
431207
244419
341626
317722
451533
301264
235728
477636
495247
379994
417347
470215
501146
383654
3171.43
5862
8406.72
415708
337347
373288
429938
438182
343142
407734
456151
488277
403698
376222
480221
464325
371153
577159
583098
354137
419132
334923
496409
454515
303348
515729
487590
471547
521065
493037
1284.05
4381.89
2793.27
343814
336103
264279
263704
243865
257715
257512
280406
245668
304173
262206
297380
286888
240620
248890
257861
235149
211061
264293
242775
215897
351560
359337
314776
318979
292499
311941
308256
270906
269942
261768
277596
276225
230736
251491
219376
206264
245187
236722
201504
54.8875
23.6839
53.7081
31.1443
28.5777
31.1471
20.343
23.8926
23.6942
12.8459
35.1649
17.0817
15.9157
41.9666
38.9074
52.6695
21.868
51.3973
18.1421
44.7582
45.7103
333957
299414
251986
337684
253833
597021
592279
257045
311849
354947
352970
257916
137013
187074
237754
199705
201632
178776
159254
171178
215093
261335
292742
260248
175850
211574
183499
246634
278508
216851
249515
218130
182770
181596
217647
291344
261408
260526
219222
179269
601703
606918
305600
263989
235954
313458
220742
255291
356443
313382
357329
252710
423251
439912
397450
431756
416223
477176
484802
384830
363517
374849
392449
381666
300030
250749
311025
278859
293431
317932
255865
333947
360633
287290
307284
340927
353358
281960
392153
331590
421819
354744
399885
413817
325874
355113
367977
324762
292660
375395
347982
298074
469476
461706
321331
326075
311422
333223
327916
377280
368061
343699
369791
361299
330087
249936
289435
326095
247719
495566
503778
232139
271155
300439
304863
234932
159700
196158
221846
182814
199373
185295
157786
168796
199536
218598
240121
215405
170503
197256
180762
243662
215376
268574
181846
240625
213741
173778
201769
250963
221785
224964
203951
172166
487282
478948
264066
240062
208282
268666
211368
229293
295976
259661
291479
226395
353820
345707
179768
222673
196394
218103
176541
153890
192943
210828
180309
189728
155850
177784
143749
162231
192480
170453
173659
164867
141656
361974
370174
259460
228170
205174
254851
202045
182987
227250
208296
231837
186193
137419
159579
181519
167249
164050
156917
139546
153.866
151.918
126.498
125.521
154.21
126.111
151.674
153.824
125.8
125.274
151.573
125.823
153.843
151.542
794.091
558.663
488.74
612.622
601.618
653.497
759.171
1111.73
1264.59
856.886
1512.84
890.323
1522.97
1072.47
156.071
156.263
157.824
156.28
154.949
152.262
126.701
126.4
154.414
127.022
152.649
155.471
128.028
153.879
126.866
156.224
127.431
153.282
156.191
155.099
155.435
155.145
635.812
664.795
393.715
400.952
367.203
419.535
377.789
268.657
457.117
302.938
331.027
302.396
217.24
235.554
222.81
260.815
251.809
272.25
1278.82
1096.77
1993.9
2698.6
157.402
155.812
130.435
128.456
158.421
129.241
154.977
156.807
127.773
153.799
127.715
156.127
128.597
154.308
500536
485903
506864
551879
546273
492428
519078
513042
439642
833863
688913
445625
289962
40337.5
91198.2
98657.7
113001
313484
121915
333923
303025
308875
327550
341830
322298
316282
347916
612448
636327
587360
577369
615472
592164
580010
605992
313188
305632
291606
269904
284564
215154
202227
220507
197484
209321
187161
191775
204119
382829
390708
378784
353049
371382
356626
345954
363996
153793
144292
140411
158143
161.465
159.198
157.989
158.572
162.727
164.358
170.615
166.636
160.921
156.83
131.439
131.308
159.49
132.775
158.003
162.766
136.563
161.605
132.668
165.298
134.217
159.642
1.78538e+06
1.02652e+06
979848
277993
284100
296416
290231
157194
167156
218089
208403
162138
164844
169314
166814
190335
195185
205449
200418
272108
266099
254555
260424
114140
117050
123291
120273
159858
156953
151283
154341
520224
471399
526790
576427
570405
476955
539120
533095
106951
127235
140760
97371.4
137874
188534
178320
151698
116920
142239
141264
117649
119764
145110
146215
118830
632386
656041
584391
514757
590595
591315
534484
601994
494054
465980
487424
507006
514114
459196
473768
480658
231987
208100
226483
212966
238097
223986
219005
243745
313731
295834
320192
290098
306725
277564
283152
300365
438148
430247
386199
374433
393619
408463
381583
401043
513424
453626
506415
527786
535495
447385
491879
499224
89635.2
101567
101615
89455.9
93181.9
106734
106711
93364.7
114986
137081
137833
114508
111583
133009
132474
111847
453748
445319
398569
366661
406433
422190
373549
414308
185195
180532
171017
175486
123974
131703
128233
110956
108168
102384
105041
79022.7
77128.1
321650
313729
299062
265518
291700
85841.5
96641.4
86009
96584.3
82535.2
91793.3
91849.1
82385.8
394986
403321
390721
346031
382896
367323
339181
375095
67638.7
71236.5
71264.7
67686.8
42.7653
39.3185
106.11
90.6648
105.639
43.0317
39.4191
32.2184
35.3647
35.9484
42.5154
105.372
90.3612
39.2886
105.281
42.7298
39.4552
153.555
151.465
126.015
125.177
125.755
153.701
151.308
153.628
125.72
151.496
125.11
153.778
125.7
151.363
32.2098
35.2751
35.9038
42.5786
39.2249
105.651
90.3708
105.282
42.8254
39.3715
42.5385
105.287
39.2723
90.2535
42.6794
105.23
39.3978
356.245
198.859
387.258
462.143
519.095
252.775
287.356
200.244
436.615
284.593
490.042
1006.35
645.879
619.046
697.788
736.804
407.73
4653.62
7075.56
6138.43
3787.86
3574.89
7039.8
4737.33
3170.39
1756.1
2212.34
2655.03
2233.29
2681.11
3201.9
677.427
622.025
1026.22
2039.59
3641.25
5135.48
2900.26
2771.65
4267.71
1867.58
1656.08
1367.15
866.54
2079.51
994.586
2153.8
1424.44
43.0018
39.3634
106.307
91.3942
106.424
43.0977
39.5435
31.2094
33.8561
34.8098
43.1564
107.435
91.7432
39.5783
106.833
43.5438
39.6322
33.6094
107.78
39.6589
43.6693
155.804
154.932
155.526
154.878
215.356
224.576
283.668
270.868
198.184
178.736
157.013
154.988
165.766
188.102
185.933
212.048
194.008
211.743
163.345
231.818
177.238
196.395
140.119
142.409
303.032
198.285
243.96
188.335
102.658
37.7119
22.7584
36.0102
108.726
178.086
163.782
62.2325
204.82
88.3878
77.5193
59.0876
42.7159
131.477
113.584
138.32
55.2512
44.1826
22.1006
14.6918
12.8559
65.2141
160.484
119.775
52.9432
147.291
75.6104
47.2551
8753.86
16223.1
6306.14
4073.68
89.5701
90.7598
87.7293
24.4024
55.7311
54.7499
91.3683
89.9862
88.2627
24.5316
55.7823
54.8895
89.6275
90.9464
87.9264
90.1144
91.518
88.3402
154.355
151.737
126.23
125.774
154.009
126.439
152.06
154.877
127.399
153.224
126.122
155.663
126.666
152.587
43.6367
39.6053
109.574
93.0922
108.355
44.3574
39.645
30.8142
33.8692
34.1051
43.4248
107.077
92.4069
39.437
107.802
43.292
39.5802
42.7979
39.248
105.838
90.8443
42.8882
105.897
39.3907
31.6399
34.2816
35.2511
42.7395
106.793
91.0535
39.3685
106.007
43.2435
39.4746
87.7593
90.2476
86.529
23.5715
54.7889
53.7385
90.7893
89.2225
87.2834
89.6912
90.77
87.6144
24.0614
55.1553
54.2992
91.2682
89.433
87.8665
446293
472634
453279
425617
473716
451881
465093
444647
479532
467364
460305
557197
562268
542976
518789
536833
525012
512006
530889
447064
482406
459168
491094
466425
495988
507565
488899
474496
500391
481633
41.1924
45.0711
31.4828
131.205
85.0527
53.0994
41.681
28.2937
26.8217
440.591
136.067
228.011
306.564
51.2982
152.718
43.0212
34.5285
80.5652
17320
10342.6
7294.01
15021.6
9662.28
15313.5
17038.7
21427.5
53378
51373.4
20447
50189.9
13933.3
26519.7
379500
359562
391670
362816
389850
327894
421044
329041
473864
385957
502046
369325
460578
458993
339973
244428
43659.9
148460
442281
44260.8
94982.6
67356.1
371534
40111.7
132338
476786
419526
502703
382341
483108
504957
383774
13449.6
3996.43
5482.56
13530
4094.34
15043.1
10941.8
7895.12
32844.7
7190.63
10031.2
60343.6
15819.9
42827.8
10757.6
56836.2
8538.88
423768
379523
454998
354734
446531
431967
348936
372290
349601
374181
343355
361427
330521
357297
336284
448402
397964
463470
360403
471990
440107
366007
600278
590078
549639
541593
557139
577409
551565
566268
382470
528828
351182
481927
331071
452716
532641
501332
486260
482978
216934
24551.3
124728
545402
525069
510038
14120.3
16781.2
35434.8
503368
529761
509778
476224
521509
499048
527719
499106
538485
519987
517106
605.323
496.937
1333.61
7169.67
13228.3
5210.74
1264.82
6556.89
2897.83
320788
328426
320172
297058
312976
298691
290209
305815
220687
238422
239226
232128
233231
258404
251468
245237
276858
284773
270443
237993
244785
245271
251216
251367
278114
257747
264073
273981
256721
283965
230624
267617
290641
235604
187862
167452
182982
171792
193393
181626
198433
177147
255070
240486
277348
225680
261314
270788
220770
374975
367142
327405
317826
334668
349281
324815
341961
329566
339421
322859
286269
298027
295326
304956
301773
332475
309538
316183
283316
304999
289815
267826
291158
288917
284345
282549
311817
302926
296352
207477
198938
226681
187470
220651
213188
182875
172908
162285
177614
158092
167705
149074
163172
153114
224818
214201
232780
192107
238949
218968
196785
89.2524
90.1037
87.1787
23.5535
54.4718
53.6439
90.408
88.9343
87.257
53.9923
88.444
155.961
155.876
157.585
156.121
195.604
188.227
174.983
179.098
175.277
173.388
150.977
141.341
180.893
145.767
169.396
171.235
138.751
163.793
138.465
167.857
142.034
166.246
44.8565
39.7183
110.392
95.4341
111.444
44.62
39.8293
27.9145
28.684
30.3983
45.1471
114.696
96.4566
40.0527
112.585
46.4313
39.9756
49.7445
41.683
126.716
103.344
52.6995
122.297
40.9499
25.5432
27.4047
26.2775
47.9741
116.45
100.986
40.2699
119.161
47.0509
40.4947
49.7615
67.7635
55.9199
25.4485
29.4878
23.969
71.4471
67.6788
61.7132
16.3628
33.5897
35.6056
77.6887
78.8835
73.7308
70.1845
77.2923
71.3468
87.2633
88.4595
84.9626
21.2424
50.9435
50.6518
88.735
85.5481
84.63
19.373
49.8149
48.0618
79.9308
85.7242
80.3347
84.9168
87.3472
82.3364
51940.2
28501.4
330287
227828
330845
336032
245812
298673
321689
315775
303404
309401
180941
187577
220337
209144
178759
175787
170826
173403
226740
221351
210759
215973
232187
237742
248969
243254
135972
132819
126513
129620
139106
142279
148440
145298
377193
420982
381617
302452
344597
256726
341243
255432
425800
389983
385889
582069
587341
560633
497276
555552
544862
492432
550322
310067
347712
257638
350513
258070
404179
443403
401035
393894
439225
397569
129711
158450
161889
125977
144503
195632
155723
184800
140001
267932
243850
192408
229024
148333
184242
165064
291068
252677
200886
257711
157637
206651
183973
281594
254834
219882
252261
219160
184134
123258
154008
154050
123305
120371
149600
121235
148691
183084
289488
257132
220208
259098
220034
183875
621641
612780
565730
511846
571202
584954
517254
577220
363804
439878
374931
293505
351856
236862
346428
230485
466809
410303
409353
407096
455317
409635
311975
357274
244557
357403
248735
459207
413692
411654
439331
451897
432388
390558
415762
402296
423708
409240
444939
418538
425459
499737
492327
445265
431438
452506
466770
438458
459677
370206
407910
395387
400140
388512
390929
416880
397821
411625
423925
404720
262155
246841
241626
268095
255782
230183
249990
235280
306689
284478
331922
266198
313409
324898
261014
327036
301531
339005
271415
320191
346150
276669
384539
348653
398154
314599
405932
377033
320211
280686
253338
258671
274601
287329
270770
293560
265313
362327
330668
390478
309041
382894
369632
303533
446033
453889
437975
410172
430638
415875
403037
423269
336301
360405
343061
317803
347682
341181
340424
334532
367439
356650
349844
384047
395686
377176
337170
354994
347859
362364
354565
388615
363476
370319
372628
405618
367941
285906
317819
242891
322001
245363
400231
358252
363144
519912
511900
461419
421310
469156
484404
427961
476824
274918
313561
240318
309239
237661
337960
377719
343121
353276
383466
348229
100852
117210
117310
100962
97164.6
111976
97005.4
111955
161583
225513
205796
190176
202586
163436
187749
167048
236481
209003
192571
212206
165259
194933
179548
265124
234427
210093
237542
211973
178226
104701
122649
122444
104673
108368
127564
108275
127914
175330
254543
231288
208121
228133
206071
176817
462167
470570
453630
401017
445802
430073
394177
437946
295625
330313
300968
244011
277840
217473
273258
214432
336310
311633
306305
332755
360161
327514
255776
282407
220482
286954
223457
354231
316947
322243
152909
156982
166076
161805
148214
144341
136114
139783
91507.4
93860.8
99335.5
96827.5
88645.1
86443.5
81644.1
83696.8
329620
337640
328984
291870
321435
306474
285229
313932
180605
204467
166816
199947
163558
241542
226823
221641
247751
264800
242492
192437
209000
170066
213544
173307
258949
232026
237250
151905
207154
183296
172671
186511
149896
175237
76065.7
82864.9
82890.6
75969.8
79084.3
87257.2
79209.7
87214.2
145819
196144
180082
170086
176871
147868
167484
386679
378407
336575
311986
344207
359582
318748
351877
290280
312316
284936
224197
245635
195747
250242
198903
306327
274263
279597
253027
282493
258319
212270
241030
192575
236430
189388
288429
268937
263623
128721
167002
154482
148839
151304
146122
130921
73017.4
78759.6
78752
73090.5
70307.5
74886.2
70251.5
74877.4
135271
177878
157665
151544
160855
154239
133104
172.626
163.349
155.999
176.626
173.099
176.433
163.077
940.539
674.235
1043.4
857.321
736.043
977.398
909.13
173.896
157.013
163.726
177.107
173.275
177.361
164.098
442.89
432.398
500.082
583.311
545.933
495.928
391.374
176.781
159.649
181.729
167.64
180.601
177.877
166.714
180.686
163.177
183.112
168.739
179.107
184.714
170.007
172.38
155.649
176.335
162.914
176.058
172.539
162.707
6264.47
6439.18
5108.66
7889.91
8654.37
7175.44
5820.8
227.154
201.982
222.315
194.916
235.948
214.544
204.137
173.277
156.508
176.642
163.217
172.95
177.012
163.549
15500.1
16785.1
26014.4
12905.5
14660.9
13678.7
17654.7
198.213
177.351
211.292
188.229
205.149
203.822
183.297
172.829
155.963
176.613
163.212
176.305
172.949
163.023
1375.81
1486.2
1714.34
1788.51
1658.83
1751.23
1301.61
174.548
157.752
178.861
165.608
178.195
175.569
164.874
358.651
341.844
333.252
269.197
382.998
308.421
316.33
176.17
159.092
179.316
165.664
179.781
175.644
166.078
303501
255523
339876
143812
511434
186302
205332
433229
386925
228176
234359
175307
405281
446525
337450
227093
263437
347244
230441
330608
354309
344576
368951
268131
238751
235275
361626
351679
220676
164062
239431
182746
226179
161212
233821
215272
222644
178949
154679
157511
228126
209895
160252
175640
139398
126655
123958
170844
164952
183.066
165.043
190.305
174.307
187.179
186.144
171.932
58432.1
75164
92698.2
54118
80472.6
42628.8
44148.1
74360.9
47298
110338
107290
85386.3
81655.3
40543.2
87215.3
139330
155913
94735.2
138103
90270.4
94058.4
89321
91611
157305
140465
142070
92883.4
85694.6
237346
167870
245254
194398
231729
170744
250988
243041
262806
177562
198337
174663
248783
256944
317018
222288
340094
249410
323694
218993
333236
310330
319654
244858
211094
214292
326301
303858
81661.4
115487
129459
91695.6
115285
82622.5
92323.4
84077.7
93373.1
118118
131173
118409
82980.9
92795.5
90400.3
135397
95380.7
151294
87852.6
136335
95631.7
87804.4
95913.7
149598
133282
132508
95935.5
89976.8
81144.6
112449
124426
91165.9
112558
80303.1
90498.6
78938.5
89209.9
122700
109616
109596
89920.5
79655.2
72049.6
82403.4
103683
95021
94608.6
81501.8
71860.6
172.579
155.829
176.478
163.133
172.931
176.201
162.864
3482.13
4100.93
3602.71
2688.38
2830.17
2984.72
3688.25
245.435
218.476
284.631
238.011
270.22
258.099
217.748
174.07
157.107
178.618
165.032
175.024
177.673
164.202
23826.1
21733.2
262269
63005.5
53453.3
96125.1
25847.1
394710
259703
405169
298093
415118
388942
260327
391646
426580
248996
295332
422568
406514
257988
510365
400294
270139
335500
513837
425163
303036
458071
351684
426855
327539
437233
448801
355599
452046
450817
324700
352470
428977
468730
353796
395960
311547
290694
367907
375361
317017
388207
403785
390592
295779
327956
382897
411772
322475
373204
255685
399488
286482
381523
390679
251321
366086
376400
243545
282300
359169
383909
246906
435183
348365
421810
315377
443692
413087
343372
427809
398195
333287
310951
419656
406097
338607
265068
226051
255438
202268
249487
271294
221392
258898
237747
198047
212182
243574
252793
216771
194276
141998
201080
164062
206300
189155
144786
199382
217082
151086
167720
204638
211728
148276
234851
194189
215047
181493
220613
229002
198634
240768
231964
207631
185573
246747
226267
203113
195335
188208
153949
172551
183068
200769
168343
179216
138613
195797
153262
184206
190711
135852
174424
180631
129836
149749
169582
185570
132568
217501
189784
209531
169454
223215
204103
185415
211851
193439
176798
165523
206276
198725
181087
193.264
173.436
193.951
176.858
189.384
197.998
179.622
72544.9
145865
155365
75118.4
139293
68532.2
78897.2
77634.5
55396.2
121389
150928
79012.7
141169
61942.4
94828.8
149870
117993
81689.8
59338.2
157671
118210
94379.7
64242.4
139258
203381
55795.8
182216
102368
129021
225403
188351
100090
223508
93113.2
134995
121593
75516.7
184175
212642
220134
84900
112680
147951
214707
185691
117623
117203
217108
147857
147776
115452
187511
221469
116482
219377
147278
83697.8
142546
160116
80250.1
145652
78695.2
83952.3
82658.4
89651.8
144379
160004
87265.4
141977
87255.2
142527
226017
191997
105128
225645
139351
108911
144804
113940
223280
191528
224748
146330
111819
266474
191666
287252
214548
281115
272470
188689
260484
268893
181596
210446
254623
274887
184531
283936
230741
261475
215165
267552
277588
235469
290350
279919
219527
245029
273716
296824
240230
316648
264611
305458
237394
298979
323393
259652
309971
286212
232873
249863
292548
303367
254739
373064
306120
360545
275485
353317
380577
300734
365665
339165
270532
290135
346173
358380
295407
284753
195954
293629
227207
278617
299919
198991
291066
312924
206528
231514
297365
306463
203416
337122
269613
312038
251272
330220
318673
274665
344114
332230
284924
255989
351195
325420
279766
86854.8
123807
137884
95078.6
124272
94635
85431.1
84255.8
93782.7
121332
136171
85500.1
120955
94304.6
133753
172395
151578
109836
110707
175078
132422
135054
112345
153758
180444
111532
177764
136328
139920
191146
162421
115185
188477
114524
141040
138763
113102
160244
183125
185800
113844
137562
147087
212210
117845
179655
117863
147559
209656
146488
117529
177519
204436
117769
207057
145772
86475
127237
142883
95313.2
126681
88099.1
95661.1
89166.8
95977.6
129588
144606
87298.2
130240
95765
143123
193817
168900
115770
196480
142106
116326
144077
117216
201792
171076
199142
144967
116792
129671
169705
145064
108952
108023
167017
131062
128260
106108
142874
161634
107086
164324
126820
76158.7
103679
115859
86381.5
103835
87167.4
76658.3
78159.2
88583.3
106727
117603
77550
106657
87837.7
122352
150857
134120
101971
153550
103047
120816
123865
105117
158939
136321
156246
125357
104087
111108
96254.7
118697
137393
95029.5
134705
112786
75140.9
100923
110688
85660.9
100676
74742
84839.8
73319.5
83212
97651.5
108925
73606.2
97982.8
84077
117669
148161
127528
100879
145467
119255
99750.9
116064
97438.8
140082
125317
142773
114435
98612.6
)
;

boundaryField
{
    left
    {
        type            calculated;
        value           nonuniform List<scalar> 
670
(
151.945
881.886
181.347
646.808
180.836
1178.11
152.17
621.366
156.037
188402
186.652
184.457
156.882
89381.1
151.486
16.925
16.9762
9848.3
2396.19
146.686
222.979
180.492
17.1118
106.237
28.129
182.627
17.0601
16.9018
151.734
33.5065
32.6702
33.5754
33.7432
261140
4562.45
14634.1
3145.95
310462
67.1357
1568.97
203.765
180.994
33.2072
24.8552
42.1186
31.5688
27.1599
175.737
23.7563
17.4785
280606
238610
151.702
128.921
129.431
2414.74
1336.03
451.849
182.208
387.294
180.44
129.645
130.9
154.106
329.331
176.786
288.173
132.354
130.54
154.011
195314
67676
260101
379212
189.827
182.895
162.24
136.128
133.034
537965
112956
128.984
128.847
151.679
17.2423
131.623
131.628
131.988
131.711
17.3184
6499.85
2005.16
3493.99
616.281
1570.43
5068.5
332.104
1016.44
410.168
270.413
180.348
17.5067
133.175
132.179
133.494
17.6628
131.305
52.3695
148.039
241.893
138.593
142.634
41.7858
239.494
161.878
144.506
17.2218
132.751
133.894
131.754
132.551
17.1671
153.491
130.21
129.175
33.5325
92.6116
94.0646
92.0376
93.3346
32.9022
33.7
92.6875
93.1295
92.9261
93.3706
33.6919
91809
54774.5
241600
9752.85
38087.3
25744.9
110690
51621.8
10782.2
22482.2
1778.59
108.291
440929
8881.91
82659.9
221.179
43.2101
60.605
52.2242
52.8226
347.693
194.831
181.758
32.3876
91.1203
92.4818
91.7009
32.9051
21.5145
77.2966
85.4494
67.3878
80.4086
21.9852
30.9158
89.6867
92.7157
86.6135
91.5169
29.4568
142.326
137.223
164.225
20.059
136.67
138.316
134.292
136.17
18.7238
469821
134060
898585
840254
17.7141
85.4667
83.9273
83.6455
85.2776
17.7862
1532.02
2114.42
3187.14
144.526
223.005
200.099
17.954
85.0272
83.7212
82.9252
62.229
91.0587
67.5924
65.7454
30.6937
17.8523
83.4142
81.5445
83.6392
85.179
17.6608
32.7611
73.1192
74.8308
73.4353
71.6746
31.504
32.5329
72.9153
74.9139
74.9531
73.2145
32.7326
298526
300290
230212
6030.7
9105.11
7250.82
5343.02
3319.24
1766.6
350230
232805
316009
96.7582
24.4839
21.7721
849.706
475.056
947.275
74.3717
72.6219
32.2287
23.5607
59.9341
62.4389
31.174
37.1454
32.3838
31.1223
70.8895
72.2812
65.9868
65.2294
26.8129
23.2427
74.3707
70.8311
80.6317
81.706
18.1514
325087
341013
205526
209848
261630
128.937
152.161
152.195
152.519
152.22
129.135
924.628
1156.45
1674.95
572.09
807.693
637.832
129.959
153.211
152.758
154.414
153.745
130.371
251.245
317.215
418.031
217.52
255.033
204.259
131.564
155.099
155.847
154.15
154.639
131.096
106979
180649
173260
600824
165375
134.773
158.799
160.392
156.616
157.566
133.869
617718
112381
134308
128.807
151.897
152.035
152.126
151.975
128.794
84.4121
86.1699
17.8147
131.722
121.31
121.045
120.831
121.176
131.669
131.941
121.324
121.019
121.136
121.41
131.852
17.9579
86.358
84.6049
4524.96
5398.56
7696.83
2455.1
3578.04
2891.76
841.149
1263.13
931.672
2244.33
1749.97
1211.1
4147.32
2992.88
3707.51
472.164
333.308
225.931
762.992
512.296
699.289
284.255
349.606
531.355
83.3421
85.2687
18.0801
132.926
121.756
121.608
121.116
121.533
132.556
121.733
83.2265
51.7337
53.0622
62.6253
161.302
109.8
107.763
158.023
122.563
188.92
139.259
114.958
116.819
109.611
112.119
140.026
37.3674
60.4292
55.0832
152.872
183.422
196.186
171.193
176.079
147.959
83.143
84.6889
17.7174
133.284
121.599
121.211
121.195
121.47
133.524
132.054
121.249
120.845
121.238
121.377
132.273
17.8253
85.5235
83.6787
129.642
153.069
153.732
152.298
152.596
129.377
74.9768
73.2591
32.5542
90.3357
100.411
102.852
103.361
99.7915
89.122
89.2663
98.9662
101.408
102.713
99.9187
89.8128
32.6313
73.1485
74.3356
75.2695
73.8475
32.9916
90.2096
100.797
103.255
103.191
99.8707
89.0348
89.3508
100.143
103.038
103.543
100.793
90.3278
33.1696
73.9333
75.3495
50932.4
191504
169260
188462
196948
32375.1
12663.5
10914.8
8263.79
30751.7
25517.3
27089.1
16622.4
19816.1
29636.8
30695.2
31305.9
55856.1
12290.7
19658.5
16141
16612.5
8086.36
13491.4
735.532
2953.12
8358.3
610.571
1359.03
244.893
162226
245750
387319
16788
100913
57701
156483
137881
49876.8
82.5832
46.2585
147.493
48.7318
42.776
38.9335
58.198
46.7975
48.2795
42.1962
144.698
291.01
47.7376
72.3946
40.4367
549.764
256.621
147.396
73.5876
101.718
88.3584
99.4315
102.702
102.465
99.6746
89.0919
32.1365
72.6584
74.4091
55.6468
56.001
22.1686
77.787
84.9809
84.7168
92.0443
87.0352
78.3986
72.5268
71.7741
66.5816
83.4866
76.7866
74.1941
22.4566
45.8622
51.0055
71.455
69.932
30.0006
88.332
97.4497
99.2198
101.036
97.4274
87.0051
85.9532
93.4758
94.2438
98.9454
95.6997
87.5103
29.0657
68.519
69.8862
140.236
165.373
167.966
161.821
163.504
138.717
77.4481
77.8898
20.6552
137.429
120.731
120.918
118.484
119.77
137.828
134.941
121.459
121.123
121.232
121.437
135.482
18.9893
81.0763
78.8535
402520
151.454
167.646
168.062
1196.14
1005.21
717.097
168.292
168.813
152.518
525.253
398.098
473.079
171.968
171.106
154.851
158.136
173.999
172.899
167.518
167.35
151.134
8950.71
6135.19
7033.8
193.784
201.345
193.644
151.947
168.15
167.864
18640.3
18414.8
13306.6
188.48
184.583
170.172
167.846
167.738
151.445
2052.12
1417.05
1739.57
153.139
169.464
170.353
354.083
315.393
264.146
154.387
170.609
170.193
292516
216340
181124
177.74
175.658
159.623
100993
72578
88555.6
151.278
167.513
167.81
4907.24
4317.53
2918.04
232.481
213.152
211.778
169.646
168.825
152.481
85202.5
38048.1
47748.8
167.058
181.928
179.722
121797
162475
161921
)
;
    }
    bottom
    {
        type            calculated;
        value           nonuniform List<scalar> 0();
    }
    interface
    {
        type            calculated;
        value           nonuniform List<scalar> 
2110
(
10.8794
10.4586
117.225
1483
11.1443
88.0265
29.5994
10.9346
11.2435
12.6967
10.9274
9.23049
10.7889
75.6167
990.603
1916.6
1490.49
10.3901
14.8319
23.6333
52.29
6.87486
7.18559
1.5776
496727
517590
330988
594274
282778
370121
347781
453050
468855
497532
512559
489618
467834
377621
400231
447423
429648
351885
371735
267183
345266
325470
10.6655
10.865
269.799
368.524
12.2802
12.9281
50.7904
40.7107
11.0321
91.8276
10.9356
12.4897
11.2394
9.42143
92.6604
10.5932
91.6189
477247
498853
545340
524453
527977
506084
174.463
37.5611
243.799
69.1598
3854.8
18776.3
552949
579279
11340.6
568322
535749
556921
16367
1697.94
311239
289822
268965
296273
275719
318467
340396
352955
331418
303218
324308
9.57005
90.8331
8.73795
16.4235
19.574
63.5125
24.2704
15.7705
83.5257
75.8498
5.86
3.01661
89.7015
407211
421009
487715
473765
437228
425296
492407
508689
427242
452379
441071
452210
470012
448176
438005
460443
418805
440852
430469
407791
360195
382062
411444
389391
402304
386821
404451
423477
364862
381447
397981
378335
318831
336255
359215
342037
292830
273549
243936
266707
249597
299312
318900
313012
295571
272451
289772
727437
547856
731765
537438
420416
541080
422749
108.523
10.93
10.6457
108.889
75.7876
146.756
792.55
2140.43
108.856
11.4576
59.6773
74.1991
93.5646
29.8807
56.8083
9.95875
10.297
56.8903
106.329
13.1782
108.468
10.607
55.1087
7.93459
56.6745
10.3233
437199
451155
511493
488738
14.6634
95.2669
549.101
549.176
449996
481435
481268
497341
473364
503360
2041.92
4824.43
418204
431484
439778
410145
459128
490291
482132
467515
588111
531550
519493
495897
524934
930.658
3502.43
348077
265532
266494
258919
281720
305107
298284
288251
249974
258594
265053
243816
355997
318631
320682
272212
272855
278954
231692
252198
245867
237720
56.1652
9.47318
105.366
13.9424
96.2234
23.4275
13.0853
43.2941
7.71007
42.261
53.6249
7.26206
1.96557
46.5465
327849
250618
252436
586487
255373
347994
256309
129285
193237
174060
149247
169542
214407
174371
210792
182308
216405
217670
181601
180256
217030
218651
177864
308922
228209
253513
349428
429916
442793
434550
485044
387141
380165
394836
301494
311989
294845
318927
335684
361825
342723
354516
394408
423320
402218
415274
357030
369203
376658
349837
477091
325334
327840
335050
379517
373198
324126
248597
230992
295519
233757
158861
182539
185010
156971
167844
199190
169529
196920
179635
214943
180699
213319
172759
201413
203584
171169
260230
207356
228173
291199
225304
179082
219883
175880
153121
180044
155058
177529
143093
162034
164661
141023
255750
204275
201174
182275
224354
136830
159392
156738
138935
146.117
122.577
146.615
122.179
767.41
476.192
591.015
631.787
147.272
122.712
146.654
123.077
669.67
366.632
371.713
451.84
299.86
149.694
126.617
150.976
125.213
519389
503752
562525
510706
539213
489333
336640
344911
623805
608678
612082
596509
298724
275783
216673
388012
390019
362646
366731
355197
154717
164.462
172.358
153.615
127.516
152.072
129.061
499689
458502
463774
517083
109197
102226
144789
119630
120353
122864
621636
584204
502489
569214
520889
512439
482430
515920
475166
490715
233559
316368
322724
397825
385141
421315
392679
493435
441637
435707
473565
90645.1
90462.4
94330
117366
386305
358505
408554
365123
291748
260849
86716.6
390033
378894
338656
356748
332057
115.907
115.451
10.158
110.02
13.2232
115.161
115.103
145.831
122.091
121.808
146.027
10.0292
109.667
115.414
115.054
115.017
14.7017
115.088
354.801
399.561
526.993
251.448
196.649
298.095
484.222
992.063
691.062
731.06
4258.19
5838.08
3226.72
6576.89
572.3
427.253
5070.6
2537.29
1303.68
2101.42
116.11
116.297
15.8809
11.6813
108.707
14.8197
117.38
116.786
108.792
117.677
16.6608
218.372
226.404
285.052
194.721
154.093
163.702
183.472
319.383
261.562
55.8056
75.6393
194.818
222.711
144.327
152.344
39.0685
38.09
81.1476
53.428
176.514
162.088
99.2625
88.8379
10.6934
57.1828
89.7942
99.3746
10.9318
57.2338
99.051
89.0995
99.6135
89.9049
146.628
122.275
146.344
122.543
16.5271
119.723
118.331
18.8981
11.2279
108.269
116.877
117.943
16.2364
14.468
115.597
15.6138
115.773
11.0322
108.907
14.0252
116.756
115.826
16.0309
97.2088
88.6855
9.84135
55.9901
98.5456
99.2539
88.8631
9.86062
56.8367
98.894
457246
484456
476965
459354
491662
479200
568018
564142
538272
545505
531297
485752
466839
494538
508687
520683
486606
513306
51.1095
129.876
69.4545
43.6511
27.6982
371.575
108.162
197.773
29.6833
30.6234
16137.1
6371.66
8489.66
14670.5
383824
387831
493154
508700
467605
462145
48629.5
19810.5
479987
505250
488865
507426
13550
4624.42
15148.6
4982.17
25927.1
6815.44
54605.2
8395.68
55065.6
426350
456706
448179
434650
375938
377563
364644
451306
465237
473834
442881
610421
570821
560755
597765
570319
559093
537444
511767
494259
56928.8
15854.6
557020
539135
9173.31
13432.1
516238
542927
525702
506548
551703
532114
389.805
4731.12
10492
4316.36
328544
304055
306111
296914
239482
241556
262264
255329
281445
289375
245891
247713
252370
282522
261783
275247
284810
268837
291515
189008
184185
256197
278165
262488
271576
379963
336107
325738
359024
333048
335828
345744
299553
298758
306538
338564
315135
288095
310207
292627
292215
317237
308310
208277
227286
221231
214025
174013
225734
233409
239604
219844
98.7459
88.2082
9.19336
56.1465
98.6884
55.1718
97.8024
177.065
180.93
169.241
148.174
175.7
142.378
120.496
121.851
19.5382
16.2219
104.138
125.493
123.021
22.9974
139.088
133.988
18.1597
102.872
127.285
130.647
59.7615
28.4886
29.864
77.6434
14.7744
35.266
87.0036
77.662
79.7358
96.601
86.6653
5.05486
52.7114
87.5316
94.9638
3.53756
50.6487
89.4846
84.7588
94.2042
86.3605
368821
411968
338074
255262
416573
380994
537437
483151
522410
478503
341069
256135
256522
394438
433408
384713
429403
134027
136634
191024
145924
181984
163244
199817
155674
205656
182759
219389
218684
182895
127467
127473
181784
219694
219495
182609
542509
497282
562399
502564
365493
431149
345130
233959
226698
456573
399965
397186
444761
349928
242318
448428
402954
449974
462758
418388
408362
426417
455478
428262
460322
445519
483237
453001
410454
401260
399482
426162
421047
433514
264163
270035
257594
308206
332980
314980
325924
328716
340095
321815
347274
386722
399530
407348
379147
282761
364308
391815
384193
371678
452925
452573
422916
429150
415355
342795
367461
349639
345647
342315
374752
363871
392321
404086
357019
352488
396733
370952
364467
397263
312308
241634
392098
350724
445282
410865
466645
417212
308200
239089
331251
370458
345956
375990
102323
160722
189870
162552
187454
166118
192256
164352
194607
178443
209695
211563
177142
106363
106330
174289
207734
205693
175754
438014
391465
415958
384914
290413
324649
273615
216465
330458
305883
326245
353523
278047
219446
347795
311012
320310
286373
298832
279946
202085
166228
238300
223617
243983
260984
206519
169453
255281
228685
151159
172435
149172
174992
76608.9
76511.2
79727.4
145142
169861
147168
167269
327539
305820
349406
312350
285240
307194
242287
194930
198059
301380
269723
249111
278211
237799
191784
188624
283986
264557
128217
148687
145978
130396
73465.7
73540.9
134704
151383
154069
132558
544148
412292
414544
583103
591191
488076
480030
349743
357731
157.648
159.391
157.044
630.72
398.445
1922.38
91.9666
90.7454
92.0812
56.4429
603157
303172
321257
622467
9336.1
316793
202333
187236
144390
91.4533
163.061
77.4071
91.1006
88.5643
282932
634012
280729
297615
169320
220781
165766
172713
191646
206631
273806
256726
115956
125058
162711
154316
566328
135561
186695
140600
143197
208150
224084
295664
277553
444810
519317
100725
105929
135634
131612
447393
186199
172104
132261
112449
103888
79826.7
318201
95968.8
91100.7
70888.5
91.8604
92.323
41.5221
368475
332224
342881
331834
156.058
324550
167548
181734
162389
149187
90.3392
157.517
159.202
197.488
84.8813
102007
345909
238018
316751
307985
186404
224627
183121
175247
228112
212314
234017
250539
138044
128678
141667
150864
571797
156630
192313
151496
147701
611445
508385
246918
230202
253329
270790
511692
116248
110970
121461
126401
455595
153794
166919
148907
136817
92726.8
100579
89657.9
82608.4
326021
82309.8
86702.4
381910
78312.8
74455.6
550583
668459
404180
554344
665036
530475
428549
534042
430964
406354
111.552
14.3369
15.8361
111.772
13.8909
15.4471
115.438
964.304
1928.51
4283.71
111.557
14.6712
62.168
137.764
187.143
93.3446
44.6512
54.8259
55.2118
109.518
111.471
53.3098
55.1251
459641
444532
578191
503257
481729
26.4029
291.412
7006.39
3561.72
593870
481361
65252.8
501133
2177.37
340194
260182
363954
313583
311967
279262
54.5195
107.882
19.3862
100.66
29.4445
34.8029
16.2779
40.1371
52.511
45.6327
331431
581777
346120
596504
313156
215011
350170
250843
422687
492926
387162
469077
332069
371955
366262
320283
246407
496049
299796
471925
264702
210415
286843
341794
215419
365758
251263
228830
185455
146.039
121.825
121.837
146.019
196.982
157.731
151.415
197.858
156.722
149.714
197.825
150.619
156.716
150.178
197.734
1068.5
1203.67
849.286
1439.36
915.056
1281.79
824.595
741.824
897.261
1343.25
1533.89
2695
1604.97
1631.5
157.823
157.966
147.6
124.043
148.463
123.412
198.838
150.863
197.63
151.219
199.296
153.581
151.319
200.844
400.719
302.378
215.647
260.542
250.439
466.021
539.469
556.95
470.492
383.96
308.316
350.584
337.215
1076.98
149.154
123.645
148.224
124.761
201.73
156.034
153.806
202.754
201.301
159.6
153.355
160.251
153.417
200.692
89.2637
526169
556712
532776
45.2028
66783.1
439583
391069
17675.8
56156
397413
44835
466436
448014
120036
57838.8
76415.8
344120
371704
364313
350829
351185
308423
330395
316768
337018
349784
330171
356908
647861
635251
119795
626880
309081
291385
210672
215018
223976
229501
209609
221967
197547
220376
240913
225915
235258
205529
191883
396086
382232
374468
160029
176541
171713
159015
164741
140531
88.7652
160.882
166.045
168.548
155.431
132.982
158.308
130.289
205.644
157.116
204.001
158.28
208.503
164.589
160.269
211.85
69.0238
71.6885
285703
293570
170620
205528
167962
170803
196276
201847
268500
262075
118677
122257
160263
156968
505724
560506
511525
68015.6
50607.7
158035
78922.7
41502.5
137192
172918
42372.8
23625.1
19497.3
25311.5
88032.2
91479.4
92704.1
121936
84431.8
139629
144431
86147.6
94473.9
89175.1
93834.5
643688
574153
581011
505333
523294
498086
239849
242714
264508
245435
248498
258598
228117
213070
237073
246798
231416
252578
219040
309094
309968
321916
328619
303453
290128
316595
342549
323303
335635
302824
283105
436682
405646
413477
486982
526778
480352
83609.8
92884
94517.2
82529.6
92303.1
100879
105790
81254.3
91201.9
82200.8
91830.2
113694
87005.7
95535.2
95581.4
113951
89151.2
136318
116896
131186
89456.2
95084.7
86935.6
95305
439180
393722
401140
181728
176407
124472
128852
109823
106406
77974.1
310429
284704
83292.6
78606.7
88728.8
89435.5
79312.7
86888
95818.8
80764.4
90674.3
79935.6
90009
83140.5
91237.2
398183
371495
364113
67929.2
71849.1
82004.1
81112.7
71664.4
67977.9
70892.2
113.366
14.7049
145.848
121.709
145.953
121.762
196.998
157.363
150.589
156.515
149.728
196.949
197.34
157.074
150.997
197.802
149.817
112.955
13.4953
179.37
2961.31
1635.28
2102.36
2540.01
5928.85
8475.63
3038.23
8381.67
6236.9
3140.4
6309.22
3487.92
2703.61
2455.69
762.203
1646.62
968.307
112.165
16.4414
156.532
274.848
209.513
192.798
230.669
175.153
255.283
195.793
208.631
242.133
274.393
257.106
298.86
231.808
71.6597
104.33
81.7726
87.9928
66.5782
16317.2
3865.99
95.7362
55.9234
96.8058
56.0341
96.0538
96.7426
147.019
123.518
147.941
122.597
197.913
151.046
197.626
157.485
150.506
199.09
152.806
200.115
151.105
111.347
15.7072
112.252
89.7898
94.5796
55.0881
95.7522
95.6216
55.1967
96.266
464532
468248
451925
471858
573221
557857
551684
474265
501472
493975
39.7534
45.0295
34.5693
36.0249
180.01
89.8929
45.5317
19840.8
48080.1
43830.8
10047.4
14119.8
53131.7
25166.4
13652.3
32093.9
4927.16
20075.2
58418.9
46211.6
89885.7
388522
436446
427013
429855
409256
395878
340798
394734
407853
419462
388129
358926
97795
519770
403516
32160.9
67606.4
526918
429123
33813.7
47821.2
454544
460329
431135
476562
461900
430011
441576
451644
3572.82
406275
393476
385668
414358
398373
370497
378043
390540
365474
379224
360714
358687
386853
347131
372611
402667
380907
393592
333445
430606
401163
422315
409230
437998
425316
446780
416217
600524
578207
587012
355.364
960.102
516068
52990.3
490171
47470.1
522837
14279.7
522489
531739
507666
530047
911.67
3618.63
2010.35
332351
321022
313544
233142
235453
248930
274843
253921
268288
260128
239052
244929
253977
266345
256900
250895
272620
194697
199109
218356
199680
204393
212960
171899
194040
202216
207475
188895
177233
241861
233218
247885
227471
235900
216156
221768
230008
371943
343710
351349
328896
305342
321996
294791
285757
285715
301531
196102
189095
183913
201573
168665
174206
181584
164186
169347
186558
178666
158197
178968
196876
183979
191754
153215
212733
194368
207119
199696
218423
210593
224179
205119
95.3971
54.5008
95.6104
157.737
190.734
164.849
134.929
160.878
138.718
224.568
185.481
231.838
176.815
219.528
167.533
215.352
171.462
107.574
19.9429
104.897
25.7395
24.3389
64.7421
25.4195
70.4662
76.6516
35.3907
82.2524
79.9188
93.1676
51.2183
93.0082
49.6023
88.4235
90.9703
220228
311055
336676
323508
308937
193026
209776
180492
177214
223040
217247
239214
245241
135174
131534
144519
148083
373037
334852
254003
377104
576933
532501
527525
343755
391487
388196
151281
74241.3
56790.5
76989.3
62358.6
159737
130823
163023
179160
70193.3
75382.7
68895.1
76514.5
91139.5
64500.7
53839.7
100493
84383.6
62495.5
43488.6
104921
120134
75215.5
84289.9
111148
127654
99441.5
92473.7
133762
146677
114704
115715
146169
146862
116831
116423
146778
123894
81133.9
89577.9
85710.6
87233.9
151820
124788
146525
81781.4
80396.2
76872.5
84000.8
143670
113210
145210
111112
141377
104474
138160
108229
602502
548084
554328
368208
342904
400727
399469
350186
246610
401261
442725
415503
435486
500712
468026
475668
402605
394194
406658
413848
260189
270660
251868
254281
276705
241631
235370
266117
289189
283000
272162
291827
281605
275344
298353
285362
262991
269123
278963
311607
287957
294353
304949
318339
307388
300846
325142
367784
341437
348521
360432
375251
363052
355741
382836
289625
290676
315111
297024
308596
258727
276749
295777
265297
284430
295637
278244
301979
346040
334431
353184
327550
338987
314032
332026
320735
461018
444788
436977
349792
338840
356819
385179
364458
359359
378055
359992
316339
244079
355406
503927
452487
459613
304025
236459
336212
341117
98471.4
83754.8
93297.4
84980
93826.1
116216
102438
98307.9
111075
86275.4
94617.7
94163.9
84872.7
134199
111595
110794
135453
132918
109125
109982
131607
137850
112341
113073
136668
138988
114395
113744
140090
145444
116719
116960
144742
146031
117046
117058
146491
110234
88438.3
95577.8
86594.6
95346.2
121390
110147
126626
85850.4
94863.7
87451.1
95226.2
143076
116408
143951
115987
142139
114974
141139
115524
463777
430697
423342
295580
269165
213452
300738
321200
282458
222393
316120
157748
162788
145133
140407
94986.6
98184.4
87532
84601.9
333886
313114
305955
197660
162993
218569
238869
210963
172671
233770
127508
105456
106419
126089
128899
108255
107341
130268
77850.8
88109.2
79855.6
77250.6
87369.5
82391.4
86591.9
75888.6
85929.3
86708
76380.9
123177
104482
124647
103468
121685
101386
102446
120170
373818
334800
342089
280067
246775
274894
254252
233312
259401
110588
95758.2
94550.8
112245
70673.5
73100.9
82799.9
73382.9
83655.5
78261
70616.6
74480.9
74891.6
85219
74498.9
84406.6
115482
96924.7
113874
98080.9
117066
100312
118630
99201.6
)
;
    }
    procBoundary3to0
    {
        type            processor;
        value           nonuniform List<scalar> 
43
(
231.944
188.949
189.79
231.336
189.193
188.408
231.018
188.333
188.642
231.677
189.33
188.974
232.954
190.89
189.596
231.01
188.088
189.068
234.201
191.298
230.884
188.683
188.025
232.784
189.899
190.729
188.949
189.79
190.89
189.596
189.193
188.408
188.088
189.068
191.298
188.333
188.642
188.683
188.025
189.33
188.974
189.899
190.729
)
;
    }
    procBoundary3to1
    {
        type            processor;
        value           nonuniform List<scalar> 
23
(
170.343
159.157
128.441
154.481
128.434
30.4558
93.0662
22.8902
89.5274
157.688
128.441
154.481
156.659
128.441
33.8649
43.6884
108.336
39.8601
52.8398
86.518
179.64
166.237
175.943
)
;
    }
    procBoundary3to2
    {
        type            processor;
        value           nonuniform List<scalar> 
328
(
720.465
702.672
986.885
1260
1774.13
1977.88
1411.47
128713
164419
112998
236.198
193.257
194.544
239.309
198.668
196.339
164419
164419
99082.4
99082.4
99082.4
93146.1
93146.1
93146.1
117906
117906
117906
157767
157767
157767
75724.8
75724.8
75724.8
91410.5
91410.5
91410.5
112998
112998
83370.3
73556.8
73556.8
73556.8
6865.29
289.383
281.227
245.45
6865.29
6865.29
6865.29
6865.29
6865.29
12358.4
198597
187230
99292.7
95062.2
264.464
221.184
238.333
12358.4
12358.4
12358.4
12358.4
12358.4
198597
198597
187230
187230
93855.9
93855.9
93855.9
94600.6
94600.6
94600.6
133713
133713
133713
139375
139375
139375
82547.3
82547.3
82547.3
84868
84868
84868
99292.7
99292.7
95062.2
95062.2
67462.1
67462.1
67462.1
65570.6
65570.6
65570.6
1774.13
459.77
562.899
414.636
1774.13
1774.13
1774.13
1774.13
1774.13
251077
200724
171455
108260
87100.5
192.242
244.103
200.927
205.676
251077
251077
251077
251077
251077
200724
200724
171455
171455
117209
117209
117209
94347.7
94347.7
94347.7
122989
122989
122989
151382
151382
151382
77954.6
77954.6
77954.6
89370.3
89370.3
89370.3
108260
108260
87100.5
87100.5
71455.6
71455.6
71455.6
61976.8
61976.8
61976.8
3325.78
342.313
295.962
370.693
3325.78
3325.78
3325.78
3325.78
3325.78
137469
161929
178990
103692
90998.3
251.625
217.268
208.427
137469
137469
137469
137469
137469
161929
161929
178990
178990
113237
113237
113237
94637.6
94637.6
94637.6
128255
128255
128255
145260
145260
145260
80235.3
80235.3
80235.3
87160.8
87160.8
87160.8
103692
103692
90998.3
90998.3
69423.6
69423.6
69423.6
63743.3
63743.3
63743.3
702.672
986.885
562.899
414.636
1977.88
1411.47
3157.77
4363.71
193.257
194.544
192.242
198.668
196.339
200.927
205.676
677834
680443
813880
256206
251194
262494
267546
207109
192352
249084
261589
202547
201400
207661
208493
174409
170107
179430
183858
240243
245220
234504
229603
142115
139911
147702
149924
194554
196010
188912
187189
161061
165229
156339
152312
109869
113529
116740
132287
134458
126991
124871
91744
93454.1
281.227
245.45
295.962
370.693
20203.9
26632.4
10650.6
7744.66
221.184
238.333
217.268
208.427
69482.8
57827.4
191194
475011
305066
303890
280187
223738
287027
291277
279581
274885
231489
225408
252439
264127
219327
220694
214038
213133
198847
203493
193558
189019
213639
208898
219152
223980
163613
165766
157827
155624
173662
171598
179494
181419
139488
135768
143876
147753
128001
131554
123969
120588
112749
110775
117689
119749
104135
106024
99588.2
97789.8
)
;
    }
    procBoundary3to7
    {
        type            processor;
        value           nonuniform List<scalar> 
49
(
117970
65571.4
298120
305863
215020
225900
227287
201836
193938
214689
178321
176676
195442
160294
126499
163393
148130
143390
263219
277563
148950
135834
135834
120724
74606.6
259024
284390
65206.1
67817.5
251925
239054
235797
216482
155787
136035
120876
166004
70356
101893
92023.2
80625.9
189971
150174
177983
164176
109407
116473
93780
132015
)
;
    }
}


// ************************************************************************* //
