/*--------------------------------*- C++ -*----------------------------------*\
| =========                 |                                                 |
| \\      /  F ield         | OpenFOAM: The Open Source CFD Toolbox           |
|  \\    /   O peration     | Version:  2012                                  |
|   \\  /    A nd           | Website:  www.openfoam.com                      |
|    \\/     M anipulation  |                                                 |
\*---------------------------------------------------------------------------*/
FoamFile
{
    version     2.0;
    format      ascii;
    class       volScalarField;
    location    "0.104/solid";
    object      sigmaMid;
}
// * * * * * * * * * * * * * * * * * * * * * * * * * * * * * * * * * * * * * //

dimensions      [1 -1 -2 0 0 0 0];


internalField   nonuniform List<scalar> 
3125
(
-131.153
-88.2895
-143.558
-131.479
-143.097
-153.842
-120.063
-168.027
-133.511
54828.3
8876.17
-348.371
-145.364
-146.483
-134.199
-18856.6
16120.3
373.303
7054.1
10027.8
15434.8
9341.12
15.1609
-130.849
15.3978
-4.68392
91.7895
569.302
15.0501
-142.796
-152.667
-139.857
-3.82526
6.56248
12.7657
13.0033
-131.056
13.5564
15.2815
11.3071
12.8915
33909
44246.4
-12.0832
343.388
1322.28
24085.7
113245
26791.5
249.516
14271.6
21493.8
23131.3
140966
47815.1
269.429
13077.1
7039.58
-2413.55
4385.26
18908.5
13759.8
-3062.9
4027.42
12.5646
-143.136
-151.142
-139.022
13.0071
7.78862
-9.46206
3.21223
10.6941
4.98511
1430.57
1992.4
6112.56
98289.6
7648.24
6607.38
15077.9
7662.29
100525
2212.16
32925.6
26460.5
2685.65
7437.99
10312.5
13760.5
3549.15
10730
19697.4
25574.3
1367.75
1009.71
12231.3
3692.12
4864.65
6406.96
13010.9
5046.72
675.371
963.782
352.925
3539.08
7411.7
2559.2
636.469
385.091
6817.29
2431.82
-86.3853
-130.873
-85.9386
-71.3152
-16.8663
25.7499
-144.23
-132.483
-86.6135
-87.5217
-142.774
-154.527
-137.054
-83.0217
-93.9772
-132.39
-88.5995
-87.2616
87033.7
92793
86362.9
51570.4
68342.3
49038
11378
3686.95
11549.1
5981.7
202809
104463
31699.6
-1246.08
-1053.86
-1926.76
51165.4
45814.8
-4239.98
-2372.61
-144.412
-147.84
-136.055
-89.1473
-90.9723
-51986.9
-55791.2
-11284.1
30613.7
32857.5
6449.86
16731.8
7123.66
66293.3
-50424
84893
78210.1
1114.01
-914.925
-245.613
3100.79
5638.66
2133.71
53023.3
58833.8
-50610.7
-46406.1
10741.8
3910.35
4338.95
6295.48
14614.9
5705.91
-31272.7
-34710.2
-18822
3796.39
8675.31
3402.46
-30177.3
-27033.3
5695.01
2388.65
-57.9433
15.5494
-57.4362
-130.808
-86.0527
-85.8914
15.507
-57.6305
-57.4065
-51.5458
33.9678
41.1527
238.798
871.537
66.1962
40.797
945.468
51.3026
-87.9299
-58.1327
14.3788
-58.8991
14.1328
-59.2505
-142.686
-153.83
-139.804
-93.8881
-94.8569
-58.6172
1.04026
-66.07
-65.3526
2.81919
-66.3646
64.5851
13.0427
64.6675
13.04
64.607
64.896
-131.914
-86.2028
-86.9033
-60.0195
14.5757
-58.6596
-57.7692
14.8867
-58.3271
63.7026
12.1856
64.621
64.9492
12.5074
64.4554
59669.6
37183.6
63910.3
97434.8
94366.6
38520.6
68801.8
65208.6
40.6667
9.29639
36.3446
19.2512
43.6266
44.5439
21288.9
469.849
10036.7
65468.7
16471.9
49228.3
75100.3
62981.8
2697.97
52056
-15536
20236.5
46179.8
50746.1
-16.0393
12005
11200.4
5929.64
16344.7
8426.18
14789.4
14224.3
7223.69
17384.8
17211.9
9730.77
97951.1
99065.1
170872
82318.7
1112.63
88893.9
5044.81
70334.4
63481
77554.3
63.2431
8783.16
59.3822
37622.6
33127.9
10481.2
21033.4
25191
11109.8
22036.4
539.22
5871.82
-248.506
-1744.96
-2766.58
-2247.26
5492.12
-1318.64
-546.004
39190.1
44104.7
34673.7
16623.1
30929.9
26289.8
15887.5
29732.1
2658.18
-2411.52
-3676.86
-2743.84
-2429.11
2990.94
-1602.99
-2313.6
64.3118
11.8917
63.9075
11.5736
63.6249
-143.662
-149.418
-137.02
-93.4492
-91.642
-60.5465
11.4251
-62.2834
-64.9978
10.6723
-62.956
44.7508
-2.82252
53.6128
-0.93901
58.266
53.3664
63.7381
9.08023
62.2489
8.1796
59.369
62.6267
-35486.7
1650.97
-38216.3
-58716.3
-56841.5
1748.47
-40700.3
-39005
321.785
7775.91
18376.1
47139.9
17065.8
31183
7423.37
8335.66
15641.6
5892.26
7196.98
6504.38
16004.9
7638.45
7227.39
7373.18
7135.82
6658.71
-58692.2
-55842.3
88924.3
6812.62
-23863.9
-40873.7
2479.26
-39073.1
58159.3
30094
53503.3
69298.9
75959.8
29173.4
47318.4
51941.7
1880.43
738.543
89.5775
844.319
8654.61
1635.34
2731.76
9066.28
1945.24
5360.99
12410.4
4230.26
4512.9
1079.47
1750.55
11986.4
3047.72
3871.6
67132.1
60849.3
35973
22140.5
40030.3
45812.3
22980.8
41436.5
-34527.1
1202.07
-31634.3
-40961.9
-45016.3
1151.51
-27937.6
-30687.3
11476.8
4925.22
4458.29
3522.23
4173.02
3912.9
4458.46
4340.42
4036.05
5725.94
5809.03
5201.59
13811.6
5051.73
5568.44
5614.29
4591.18
5056.01
-39658.1
-35906.2
-21393.6
794.286
-23714.5
-27056.2
834.69
-24522.1
-22252.7
-19646.8
226.747
-12967.9
-15293.2
256.244
-13527.4
3407.57
3100.04
3047.05
8034.95
2929.31
3292.68
2959.78
2604.1
2939.07
-23163.2
-26031.2
-20653.8
526.334
-18528.5
-15910.3
489.031
-17851.4
1958.42
2098.51
6246.56
2823.94
2490.09
2071.6
2502.67
2194.74
60632.7
62088.2
121788
94962.3
35764.2
34518
-24227.5
-24892.9
61831.6
15970.4
59117.1
57571.9
37038.9
38340.4
-23548.4
-22850.5
-14025.7
-14570
-13498.3
-12981
28.1769
15.5058
28.9765
15.7069
28.4017
29.1342
23.1861
1.63867
36.9746
120.568
882.49
201.266
28.1411
15.0694
28.6243
19.5424
-2.87581
17.5305
24.5496
5.89647
26.2038
40.2307
12.5998
39.6045
12.8221
40.3843
39.7998
26.6311
14.1714
27.6551
28.2766
15.4507
28.8616
38.9208
11.3935
38.5764
40.3082
12.6064
39.6142
53339.8
34928.8
58282.9
60076.7
54774.2
67837.2
67442.2
73822.2
42007.4
64477.6
70848.6
62561.7
16.1365
-9.66275
12.9056
91.0246
196.664
73.4444
192020
100460
75735.3
138027
160033
73082.8
124852
72041
66140.5
23361.4
31391.5
64830.2
71731.3
29269.5
240.653
2307.83
3334.54
43934.2
10108.6
14848.3
45372.2
46995.3
10674.5
42222
56308.2
61799.6
20619.7
19885.3
58199.9
60590.7
16883.9
67874.4
67601.4
158651
105007
166946
205450
140769
166484
77700.6
67381
51219.5
81895.1
70137
229.213
1460.39
822.496
26487.7
25438.3
23135.5
21740.2
12408.5
22060
20750.8
21326.9
4148.06
24649.9
6646.76
23650.6
22262.1
3825.19
16891.6
18028.3
4748.81
1943.17
18921.4
16050.1
2247.21
27559
28658.7
30436.1
32579.4
18134.5
31313.1
29271.5
24235
22750.5
14455.9
25354.5
23782.9
14416.2
17150.2
3676.37
1641.55
16291.8
15225.1
1346.26
39.9903
12.1146
39.1948
26.2206
12.8867
26.5293
23.9556
8.99311
24.5797
24.1896
-7.91652
24.14
1.90486
31.3057
29.6876
38.3546
10.1787
37.5108
5.88584
33.04
33.5798
-20311.7
1497.87
-7488.86
-20880.6
-7724.69
-27196
-27195.3
-9053.08
1969.74
-23756.7
-23356.4
-8889.57
-18.584
80143.2
63940.6
48978.8
52165.6
6066.47
38405.3
-10017.5
-3982.98
7603.76
7327.42
7656.66
-9375.04
-4240.51
-7185.67
6472.4
6808.75
-2595.02
6671.89
-2709.43
-6950.49
-8601.64
-3702.37
7644.58
7609.05
7517.8
-3477.81
-9017.41
-26946.1
-26257.3
89776.5
54782.7
47276.4
37091.9
3904.87
-9293.87
-23891.8
1975.26
-24195.1
-9224.25
51902.1
56537.1
31966.9
54826.9
50464.1
48243.2
49761.2
45178.4
27356.5
41959
46717.9
43346.3
24192.2
4475.89
25670.1
7840.3
23218.1
26710.2
4803.25
29366.7
33397.9
6792.15
9895.9
30470.3
32227.1
6461.78
39177.9
9632.12
43847.6
13289.2
40650.2
42395.8
9213.55
32763.6
34593.4
11148.2
7125.18
35814.9
31602.7
7455.65
46740.3
45273.1
31623.9
33869.4
20498.2
35184.8
32834.6
43666.2
40589.5
24697.8
42181.1
39240.2
-19743.3
-7259.05
1309.79
-19176.1
-7028.71
-18755.1
-19410.3
-5780.99
1056.11
-15966.7
-16473.8
-5974.5
-4306.74
3781.75
3849.41
-1430.79
3925.32
-1487.39
-4165.41
-5064.31
-1853.88
4848.95
4686.27
4686.33
-5227.8
-1788.11
-6513.55
6279.74
-2492.15
6206.25
-6728.36
6088.28
-2395.07
-5566.42
-1920.94
5233.21
5014.65
5185.4
-1991.89
-5395.38
-18114.3
-17490.8
-12303.5
713.919
-4392.3
-12725.9
-4548.03
-5592.86
-15470.8
920.113
-14986.2
-5403.86
-9719.35
-9299.47
-3113
-8901.77
319.104
-8565.48
-2986.38
-3888.64
3642.39
3390.08
-1375.44
3505.73
-4025.99
-1322.01
-3248.96
-1025.45
2689.62
2742.94
2864.02
-1071.94
-3129.47
-10143.9
-10590.9
-11890.8
599.683
-4235.16
-11487
-4080.17
-3242.53
-9245.6
419.131
-9598.56
-3370.4
-2897.5
-979.828
2308.53
2624.72
2509.42
-937.124
-3012.11
-106.013
-106.779
-86.6488
-86.1925
-106.337
-86.3042
-106.627
-105.935
-86.1211
-86.037
-106.424
-86.0809
-105.925
-106.502
-12.5528
-79.2162
-36.5943
-53.7141
-31.4489
-8.03226
-64.9509
90.8821
125.942
-27.3998
19.3625
43.7592
128.952
-14.747
-121.982
-121.652
-123.118
-121.8
-106.806
-107.045
-86.7768
-86.8647
-106.465
-86.9628
-107.347
-107.165
-87.7288
-108.106
-87.1841
-107.678
-87.2616
-107.741
-122.015
-120.876
-121.168
-120.747
-168.746
-13.5928
-85.1457
-142.674
-81.7701
-98.4915
-61.1012
-88.7177
-72.1137
-71.6906
-104.459
-97.2705
-85.2997
-112.943
-92.6222
-101.185
-81.5884
-111.148
177.195
-267.762
-525.372
673.386
-107.69
-109.088
-88.5202
-88.1167
-108.142
-87.8886
-108.654
-107.476
-87.1861
-107.85
-87.6527
-107.105
-87.6236
-108.228
118657
89087.2
121613
64730.5
63466.6
91022
126966
124406
360988
272507
242662
140542
106158
149.441
12343.7
6797.54
9100.7
171305
22982.4
42269.2
33055.5
34338.4
39766.5
45754.4
39348.3
38728.1
48885.7
68006.4
78698.4
172852
155688
130575
120587
109610
122465
22440.5
21486.6
42809
30305.3
40947.8
14774.9
12278
15774.8
11409.2
13993.5
9904.34
10756.6
13029.7
32100
33292.4
68986.4
49344.8
66521.9
61754.7
47561
64110
5105.39
3862.19
3012.15
6041.11
-124.58
-122.598
-122.492
-122.515
-124.423
-124.916
-127.287
-124.541
-108.707
-109.618
-88.8612
-89.6944
-108.45
-89.1948
-110.185
-109.039
-90.1512
-111.449
-90.332
-109.509
-89.4635
-110.84
942767
151699
125517
32554.6
33559.3
38327.8
38380.5
-69705.4
-75470.2
-99248.8
-86954.9
-24483
-27389.3
-34707.2
-31132.3
11688.5
12610.5
14358.5
13416.8
29447.1
28168.4
24719.4
25959.4
-7631.22
-7445.55
-8023.23
-8177.57
-21617
-19271.9
-15229.4
-17119.4
-43553.8
-53327.3
-44672.9
-26089.2
-25511.1
-54601.9
-46702.5
-45729.3
-55836.9
-52732.9
-51967
-40585.4
-77705.3
-81382.1
-69852.8
-86785.1
-21551.4
-12256.4
-16623
-17051.9
-24906.4
-23848.6
-18796.8
-30262.2
-19856.1
-9504.15
63988.5
5446.57
8367.42
-36004.7
-22793.6
-19088.8
115592
82694
112464
54432.6
56001
80460
106138
109301
17640
12978.1
16609.2
13870.9
18541.7
15553.6
14623.2
19626.1
35041.1
30221.2
37127.3
28784.7
33000
25447.9
26791.6
31245.8
41028.4
39669.5
71501.9
54920.6
74078.5
79401.3
56857.4
76709.7
-42402.6
-49211.4
-41227.8
-21452.7
-22149.9
-47806.8
-38871.7
-40047.6
-5362.17
2796.38
2209.23
-5316.86
-5672.49
2237
2881.81
-5717.72
-10922.3
-10830.9
-7117.12
-14504.1
-8993.47
-3045.6
-6226.18
-8010.18
-15698.3
-15121.4
-26220.4
-32392.4
-27152.7
-29086.6
-33537.4
-28107.4
10947.4
10033.2
8438.95
9357.07
1431.52
2111.44
1713.69
-6946.31
-7122.27
-6646.46
-6493.57
-4657.12
-4607.57
-8115.67
-7740.98
-15875.1
-18017.3
-15207.7
-4970
2142.03
-5024.48
2682.85
-4693.11
2554.55
2058.3
-4642.76
-11986.7
-12473
-25307.6
-29104.8
-24415.2
-22689.3
-28056
-23540.6
-3195.01
1574.96
1849.24
-3236.14
-13.5892
0.128682
-77.7519
-57.6756
-77.3097
-14.8129
0.795625
15.8427
28.8958
29.4161
-12.6685
-77.2116
-57.4825
0.815187
-77.002
-14.0352
1.15234
-105.746
-106.445
-86.2311
-85.953
-86.0236
-105.87
-106.367
-105.782
-86.0434
-106.363
-85.8979
-105.852
-85.9897
-106.354
15.8789
28.8206
29.377
-13.2026
0.383537
-77.3378
-57.4619
-77.0066
-14.4534
0.966635
-12.8949
-77.138
0.780171
-57.3745
-14.02
-76.9643
1.15489
26.8564
3.46512
-50.688
-33.6338
-19.5498
2.2992
19.6468
5.30398
94.1444
45.8577
45.4682
109.685
-19.0877
85.7106
8.96967
123.953
27.5916
1004.96
805.715
1559.81
228.386
494.484
1491.06
436.809
470.926
207.794
133.082
247.417
375.477
493.414
225.406
151.152
102.347
277.504
287.961
1031.42
1619.8
154.849
290.576
1352.17
143.952
421.038
129.903
81.6827
263.216
140.045
485.982
299.439
-13.8087
0.0494738
-77.8843
-58.2831
-77.9103
-14.8085
0.372308
14.9283
27.7865
28.5668
-13.9334
-78.817
-58.5429
-0.401239
-78.2376
-15.3524
0.240543
27.6146
-79.074
-0.632335
-15.4851
-121.664
-120.544
-121.307
-120.535
-122.864
-132.288
-135.977
-112.297
-109.656
-114.007
-91.1357
-94.3637
-91.2284
-109.649
-114.523
-108.029
-89.3697
-114.643
-94.7115
-106.93
-90.1545
-114.654
-13.727
-0.613915
-66.1311
-63.4416
-76.0408
-7.90707
-3.49899
-0.0893134
20.9172
18.8735
-15.772
-84.7019
-65.263
-3.52091
-81.8958
-18.112
-3.16288
-18.574
-5.89374
-86.2599
-65.6469
-86.9477
-19.2323
-5.20848
4.34734
24.6644
27.8602
-18.9143
-87.0503
-66.0709
-4.26452
-87.027
-20.101
-4.74423
-3308.59
6282.41
2163.98
-1069.84
63.1917
63.0334
61.9225
12.8732
40.5806
39.9733
63.4976
63.4516
62.304
12.9893
40.6085
40.0732
63.2417
63.1769
62.0732
63.5384
63.5938
62.3602
-106.191
-106.608
-86.3876
-86.3734
-106.074
-86.431
-106.849
-106.456
-87.0542
-107.478
-86.618
-106.928
-86.5312
-107.158
-14.801
-1.66707
-79.7619
-59.4702
-78.9467
-16.53
-0.75207
14.7203
27.8895
28.212
-14.3109
-78.2775
-58.9961
-0.292992
-78.6322
-14.9487
-0.225409
-13.604
0.249837
-77.4907
-57.8341
-14.5959
-77.4218
0.645531
15.4029
28.1657
28.9326
-13.1875
-78.159
-58.0122
-0.00193501
-77.4668
-14.9141
0.63655
61.9085
62.6992
61.0664
11.9545
39.8622
39.2049
63.0784
62.8963
61.5983
63.285
63.0377
61.8516
12.5085
40.1513
39.6354
63.4333
63.0596
62.0225
57714.3
61139
59172.7
36013.4
63883.8
57664.3
61934.8
56216.7
62559.3
62017.7
60610.9
65845
66766.2
132845
96736.8
132295
129208
95680.5
131022
40036
65966.9
59176.9
68238.7
60729.9
67979.2
67653.7
66402.4
63437
66418.8
64837.1
37.68
35.2461
35.3587
-7.23223
19.9217
12.7814
35.559
36.5971
36.3759
81.1435
26.9033
55.0923
88.5214
42.437
49.1634
35.5153
44.5887
38.7837
3445.86
590.897
942.686
2548.49
1885.01
4536.71
1662.82
4173.31
17755.4
4357.35
355.236
-1450.61
699.235
2372.07
80081.6
81971.3
81258.4
45803.1
75459.5
105288
106941
120559
157861
73805.2
107312
56002
96763.6
105404
62261.5
114480
-7721.13
90804.4
296563
-8071.97
-55463
-33989.1
133445
-2844.45
-59143
76860.8
38961.7
86880.5
46546.5
91867.2
78930.2
35183.6
4271.28
-62.023
-145.796
3316
326.247
5069.45
3919.69
412.115
15225.4
-435.908
214.354
19031.2
-2202.45
16185.6
-4186.87
14804.2
-2636.57
45804.4
15519.9
50668.1
12248.1
48739.6
47931.1
11359
64160.3
49719.6
69098.5
58999.3
57548.1
47042.8
54038.7
44408.1
53167.8
18765.6
52809.4
13360
55318.3
50293.9
14939.2
66813.3
66841.7
132524
98053.4
131043
124222
98700.7
128244
166714
139517
219127
146599
178168
88385.8
111439
94720.6
119955
100739
120475
5709.94
73908.5
92003.7
93708.5
99287.6
728.387
7080.98
7491.05
70256.3
71751.8
72473.5
59007.1
94014.3
80543.8
88990.1
76157.3
75016.9
80832.1
77179.8
131.942
79.6596
302.343
569.585
4440.11
788.083
252.326
1121.87
626.373
23414.3
24415.3
50733.9
36089.5
48678.2
44715.7
34591.4
46673.5
9865.62
18973.2
17912.4
17986.5
17007.4
20052.3
20201.4
19238.5
24273.7
24115.2
23221.5
11752.2
19979.3
18837.2
21008.3
19782.8
23063.2
21186
22192.5
20407
6256.6
21705.1
3184.15
19503.1
22667.5
3502.23
10648.5
7031.86
9719.62
7867.68
11340.2
9289.09
12292.9
8447.2
17746.7
5117.96
20759.8
2867.77
18617.7
19830.6
2556.72
30925.4
29780.2
52834.9
40792.8
54989
59446.7
42430.5
57192.1
33523.6
33399.8
32284.3
17371.8
28859.7
27010
30072.5
28128.8
32152.1
29878.5
31069.5
25348.2
27412.1
26445.6
15164.9
27667.3
25911.7
26497.5
24836
28559.1
28710.4
27566.3
11321
2333.04
13813.8
488.792
13020.4
12072.1
216.229
8134.85
6488.77
9063.81
5652.72
7525.07
4311.9
6607.09
5153.47
13620.3
3330.69
14622.4
769.065
15449.4
12838.1
1054.46
62.9629
62.5854
61.5304
11.9662
39.6439
39.1577
62.8227
62.6851
61.5747
39.2774
62.3223
-121.621
-121.189
-122.389
-121.112
-131.345
-125.476
-126.176
-128.207
-109.707
-113.545
-91.4331
-92.9265
-110.009
-90.8945
-113.089
-109.721
-90.2211
-112.07
-92.2881
-109.512
-90.6755
-112.598
-16.1964
-2.12255
-80.117
-61.0042
-80.4767
-16.751
-2.0948
12.3241
25.3729
26.2749
-16.1207
-82.1447
-61.5951
-3.40111
-80.9824
-17.9934
-2.4878
-18.3902
-5.96089
-85.8537
-64.3807
-19.8752
-84.5823
-5.07408
10.3643
25.091
25.3023
-17.4093
-82.5937
-63.6218
-3.89875
-83.5539
-17.8931
-4.17454
40.3093
48.0755
42.4405
-4.7374
26.814
25.6742
50.2486
48.7617
45.3294
0.0175465
27.853
28.0495
54.9365
54.9203
52.3031
50.1233
53.9275
50.7624
61.5448
61.4315
59.9599
9.50581
37.1197
36.9925
61.69
60.2994
59.7147
7.4534
36.3074
35.1971
56.4582
59.5914
56.7114
59.8367
60.7011
58.0947
21876.1
-15623.1
-195498
95846.7
85724.3
34557.5
60107.8
146145
44963.6
59756.8
46936.1
42631.9
-65043.8
-77388.2
-99758.7
-85938.1
-57458.2
-50609.9
-39484.9
-44386.8
18243.5
17234.9
15257.2
16219.6
19409.1
20482.6
23020.6
21860.5
-9742.96
-9554.19
-8803.26
-8738.44
-10599.7
-11290.1
-13698
-12345.4
-33319.4
-36433.5
-34241.6
1573.3
-21986.8
-8202.86
-21437.5
-7960.71
-37344.8
-36014
-35140
-26585.7
-26966.6
-48658.6
-58352.3
-48606.6
-47544.2
-57723.4
-48200.3
1828
-22491.6
-8438.85
-22982.4
-8664.02
-38746.9
-40257.4
-38184.6
-36821.1
-39714.8
-37579.5
-72811
-52021.7
-64173.9
-62053.8
-84561.7
-83626.1
-92171.8
-72370.8
-12679.6
38752.1
21011.6
-4788.62
35128
-11394.7
-6353.06
-10455.9
7504.54
11319.5
-4374.54
8752.06
-10224
-4865.43
-7430.79
7005.06
7067.12
-2968.5
6865.96
-2830.25
-7697.24
-47298.7
-45717.9
-37932.9
-55243.3
-41299.5
-26962.3
-34488.4
-33340.7
-8287.46
7528.49
7242.59
-3116.55
7420.44
-3289.75
-7972.21
-22802.7
-25087.9
-48296.2
-58345.9
-47233.8
-41559.5
-57439.6
-45413.9
90917.4
27449.8
32129.1
25042.2
-14908.3
-10013.6
7580.86
-9521.81
1279.07
-20843.7
5303.48
-39029.9
-41015.4
-39368.1
2524.88
-22674.6
-9027.9
-23792.7
-9693.98
-40698.2
-37015.3
-39167.4
56233.6
56621
54738.3
31024.3
51500.8
47593.1
53149
49026.3
55066
51726.9
53234
52862.4
51306.5
93743.4
71496.1
96778.7
102986
73718.5
99863.9
28260.8
49879.6
46166.1
48285.6
44749.3
45767.9
48844.6
47238.6
50222
50386.4
48724.3
22835
19302.5
18259.6
24073.2
21752.1
16373.8
20607.3
17348.1
25184
8245.9
28851.7
5463.98
26196.7
27769.8
5134.32
28288
9480.62
29954
5797
27230.6
31079
6128.17
37787.5
12842.7
39651
8472.48
41000.5
36460.3
8829.95
26648.8
20341.7
21467
25293.2
28053.3
23928.1
29579.9
22694.7
33956.1
11566.5
38340.1
8126.17
37063.1
35186.7
7790.88
42412.5
43827.6
90755.1
64999.8
87828.7
82149
62905.4
84958.5
34786.9
37298.4
36074.4
21312.7
37901.2
35327.3
36527.6
34068.4
38650.5
38724.8
37386.9
44315.4
44327.8
42882.7
23833.9
39299.3
36608.5
40725.4
37913.1
42869.2
40086.9
41473.1
-32393.3
-33559.1
-31466.5
1254.34
-18064.8
-6592.38
-18616.4
-6808.1
-32593.8
-29637.6
-30547.5
-20763.6
-20077.7
-34307.1
-42289.7
-35419.2
-37706.6
-43641.7
-36552.5
1103.1
-17523.5
-6381.65
-16992.3
-6173.73
-26157.2
-28837.5
-27002.1
-28742.8
-29754
-27863.9
-6445.04
1668.78
2723.02
-6470.67
-6083.25
2898.24
-6050.22
2147.38
-4451.24
4009.07
4219.55
-1602.45
4070.27
-4599.93
-1543.24
-4906.45
4511.7
4371.85
-1662.22
4527.54
-4751.29
-1723.77
-6311.04
6006.83
5716.1
-2219.99
5901.14
-2305.75
-6114.84
-6876.6
1974.84
156.033
-6873.4
-7346.25
-2568.02
-7351.67
41.2294
-5742.17
5422.32
5535.85
-2140.11
5358.74
-2063.49
-5926.04
-16277.9
-16875.9
-33217.4
-38380.5
-32151.4
-30084.4
-37129.7
-31105.9
-20032.6
-22151.1
-20740.5
752.805
-13598.8
-4881.47
-13157.2
-4709.56
-22924.3
-22202.2
-21463.4
-25331
-26193.3
-24522.7
876.792
-14050.5
-5051.43
-14513.1
-5224.17
-25349.4
-22958
-23732.3
5390.5
6320
7818.3
6896.07
4857.23
3923.14
2495.56
3438.42
-5771.23
-5696.56
-6085.3
-6191.67
-5329.93
-5365.46
-4979.76
-4980.71
-8498.79
-8893.3
-18717
-21361.7
-17979.3
-16558.9
-20493
-17259.3
196.162
-7602.78
-2635.1
-7297.34
-2523.06
-12422.7
-12150.9
-11639.9
-14327.6
-14690.9
-13763.9
286.969
-7915.51
-2749.43
-8235.8
-2865.09
-14103.1
-12674.8
-13213.7
-3756.03
3243.1
3240.83
-1217.76
3372.17
-3625.22
-1268.9
-4072.26
2273.77
1868.48
-4025.31
-4324.43
1967.77
-4378.54
2416.87
-3371.11
2823.28
3112.34
-1167.21
2986.38
-3496.99
-1117.6
-11507.3
-11037.9
-19473.3
-24096.4
-20249.8
-21857
-25051.4
-21042.9
-19340.6
-19930.1
-18664
561.321
-10705.7
-3790.79
-11092.3
-3930.65
-19221.6
-17353.3
-18001.7
-14905.3
-16542.9
-15497.1
453.576
-10328.5
-3646.45
-9959.15
-3504.56
-17189.9
-16720.4
-16101.9
-2468.27
1847.89
2180.67
-814.318
2075.66
-777.038
-2570.65
-3731.78
1770.99
2132.85
-3783.79
-3501.72
1993.31
-3457.93
1675.13
-2786
2187.94
2287.87
-853.167
2397.04
-894.509
-2676.89
-136.754
-117.674
-130.991
-116.686
-137.111
-116.3
-117.53
-75.3704
-86.4052
-90.8411
41.1079
-57.3872
-48.8999
-85.5398
-137.713
-131.609
-117.958
-116.997
-137.258
-116.913
-118.259
-115.932
-123.958
-111.91
-81.7715
-116.451
-58.2771
-114.746
-139
-133.108
-118.03
-119.965
-117.662
-139.463
-119.568
-140.481
-134.56
-118.231
-120.48
-139.953
-117.789
-120.998
-136.513
-130.704
-116.309
-117.346
-115.915
-136.604
-117.265
1567.17
915.024
-1770.98
-1.15331
3358.7
-79.776
632.776
-146.552
-140.119
-113.765
-125.7
-114.223
-145.936
-126.347
-137.077
-131.176
-116.475
-117.514
-136.888
-116.365
-117.768
1916.3
-1625.5
10754.9
989.052
4228.62
-14565.3
70.0972
-144.802
-138.421
-115.607
-124.923
-145.697
-115.677
-124.213
-136.872
-130.806
-116.543
-117.367
-116.177
-136.94
-117.413
96.2258
11.7045
-10.2509
-35.1392
310.153
-10.7325
-10.1197
-138.218
-132.142
-118.245
-119.075
-117.646
-138.935
-118.694
-137.113
-135.166
-95.8058
-124.555
-102.472
-138.255
-123.334
-138.754
-132.577
-117.732
-118.822
-117.498
-138.514
-119.168
72569.6
119090
-124606
30597
7686.95
84127.9
64986
137028
69842.8
89798.2
54790.8
86722.5
74316.5
146176
32582.1
5800.65
4211.39
30468.2
4555.77
31120.7
32198.5
35451.4
36514.4
5078.16
6724.59
7532.19
34239.5
37553.2
12319.1
2.59459
13789.2
-1421.29
12659
956.318
13088.2
11225.2
11676.4
-1748.68
727.445
-122.828
12355.2
10877.1
4291.06
5801.76
-2249.95
-434.484
7.11574
5219.22
4653.71
-141.467
-135.428
-117.984
-122.234
-117.978
-142.589
-121.658
-29236.6
15643.4
36210.6
-495.914
28561.7
-19756.3
-19818.4
-36075.2
-11761.9
38920.7
38132.5
40926.1
-38111.3
-18388.3
-1445.84
396.302
6704.11
-7810.95
1061.96
-1881.59
-8030.07
-2687.9
-8555.29
6855.51
1094.5
344.804
-8307.81
-2279.03
14162.8
1227.21
14546.7
-743.863
13805.7
157.761
15277
15361.4
16820.9
355.859
-410.561
1534.18
15728.3
16060.8
27761.1
3230.42
28890.5
2795.63
28805.8
4654.09
27532
25799.3
25090
2341.83
3842.96
2334.92
26232.9
25011.1
-340.372
410.456
4063.02
-4823.11
665.292
-464.787
-4982.94
-514.918
-5308.27
721.556
4179.1
433.144
-367.111
-5143.44
-1417.41
1037.32
-7567.42
6063.36
-1015.54
412.931
-7359.7
-780.042
-6942.59
5918.52
434.145
983.65
-7142.21
-1116.25
-427.8
605.001
3651.77
-4666.6
387.697
-315.112
-4514.28
-298.661
-4214.55
3540.51
358.181
548.08
-4361.4
-393.427
-325.211
-3006.88
2281.7
263.214
193.813
-2896.41
-262.275
-136.67
-130.709
-116.495
-117.298
-136.904
-116.099
-117.274
19.9182
-23.1998
1062.66
165.913
467.207
-270.617
22.2272
-145.067
-140.17
-111.58
-126.659
-145.135
-109.105
-126.517
-137.594
-131.552
-117.382
-118.446
-138.182
-116.735
-118.101
6367.07
-6468.74
-69623.4
-6375.15
12985.1
36814.8
-5581.9
66615.3
20559.4
52461.9
25215.6
64189.4
57581.3
24508.3
61924.5
93220.3
66610.3
33239
91506.3
68555
45162.1
146920
71904.9
59421.5
49723.1
151477
75336.6
51322.2
68982.9
20517.8
59462.7
28109.6
69400.3
59450
27938.5
71241.8
95820.6
33192.2
47339.4
69083.6
92591.2
32783.7
38293.1
6998.68
6546.79
34924.4
36784.9
7563.89
36584.8
40180.8
41295.3
7393.46
9206.91
38848.5
42380.6
8272.33
48934.5
16154.8
50507
11166.7
53770
45978.6
14574.9
44361.3
39113.1
10106.2
9032.33
41168
42526.1
9864.63
51086.1
17324
56056.5
13728.5
55731.9
50851.4
14068.6
47921.2
43975.6
10371.1
11605.7
44818.6
47450.2
12098.4
17561.2
1855.93
16660.3
296.488
15857.5
18392.5
1583.46
16747.5
14304.6
-6.08582
1030.67
15076.1
15946.2
1300.86
8489.05
365.905
8979.85
-2713.25
9619.34
8134.23
-295.742
9490.77
10965.9
-219.111
-2423.08
9831.1
10308.4
529.622
13624.1
-54.0473
11350.6
-1079.02
12071.7
12875.9
209.099
14385
13548.7
751.172
-787.625
15159.6
12802.1
483.857
8638.88
7913.58
-2342.97
-1347.81
7255.88
9315.75
-1586.85
6823.94
-352.133
8309.13
-2615.48
7173.64
7689.94
224.394
5902.35
6435.1
108.911
-2557.91
5536.49
7036.94
-398.784
11415.6
-323.535
10641.7
-1837.68
12139.4
9941.12
-581.034
10704.8
8577.7
-1094.21
-2108.4
10003.9
9254.3
-843.541
-144.204
-137.468
-117.623
-122.923
-143.451
-116.468
-123.486
-23927.9
184.256
8565.52
-11347.6
2060.21
-12571.5
-16762.4
-31349.4
-12234.1
24092.5
13011
-37748.1
6713
-12997.2
-5905.05
61304.3
43294
13145.3
-13260.4
45866.4
27433.1
-13429.3
-12640.3
36195.2
27209.5
-14050.2
36879.1
-12067.9
-10422.8
8124.28
8205.98
-10649.2
8638.24
-11687.4
-9601.78
-10375.6
-11312.6
11739.5
13842
11021
-11543.7
-10177.6
-7550.81
6549.69
6102.53
-7903.08
-8166.61
6771.6
-7324.74
-7784.14
-8728.54
6275.69
7222.33
-8436.21
6986.73
-8037.7
-8092.93
909.198
7411.54
-10295.6
-299.858
-10437.2
-9702.97
-4572.78
-8920.25
238.665
7438.04
-4270.32
671.959
-9237.14
-8869.29
7969.32
6927.94
-10283.2
7792.41
-9317.62
-9742.87
-8592.62
-9028.06
7427.86
6858.88
7659
-8292.36
-9389.91
18734.3
892.484
20145.2
584.964
19300.1
19172.5
2272.05
17393.8
17640.3
1883.13
248.317
16994
18438.5
595.917
20099.4
2141.15
17469.8
1086.51
18303.4
19237.6
2414.35
20978
20020.1
1394.97
2972.57
19148.1
21876.3
2700.13
24687.6
4078.77
23719.3
2495.07
22748.2
25673.2
3810.99
23729.8
20902.3
2182.96
3257.76
21817.7
22791.6
3527.91
33642.3
6531.72
33289.6
4958.82
31788.8
35054.8
6147.77
32332.6
29146.5
4530.34
5490.5
30425.9
31096.5
5795.88
21120.7
2714.26
21063.9
1232.4
20607.6
21975.1
1253.75
22674.3
23974.8
1717.81
1585.58
23291.5
22972.2
3222.91
27727.4
4360.81
24709.1
3287.65
26684
25749
4627.94
28805.2
27958.3
5188.13
3615.93
29926.6
26820.8
4913.35
-660.715
833.719
4748.59
-5998.46
457.962
-5820.1
-458.806
-407.997
-5474.85
448.711
4625.99
-576.736
779.682
-5647.72
-4642.01
3821.16
3655.66
-4753.67
-4917.85
3963.89
-4494.85
-4794.07
-5251.36
3774.43
4255.32
-5079.1
4106.47
-4950.35
-5431.53
4880.52
4307.3
-5966.15
4716.76
-5775.96
-5601.28
-5268.38
-5419.28
4180.9
4404.76
4560.56
-5599.74
-5107.72
-6898.17
6344.14
-7658.59
5533.8
-7416.01
-7108.71
6139.29
-6697.98
-6966.02
5379.35
5753.99
-7191.61
5946.05
-6502.34
-531.05
457.736
5238.55
-6177.94
887.682
-767.793
-6363.74
-913.561
-6742.36
937.545
5370.04
-629.05
450.1
-6550.85
-5947.37
5044.89
4750.17
-6150.88
5217.28
-5772.6
-6350.46
-6127.16
-6757.22
5571.45
4888.96
5390.12
-6312.61
-6545.72
-4202.11
3684.52
3280.65
-4598.31
-4439.85
3548.45
-4347.65
-4062.91
-4140.55
3169.61
3286.59
-4291.25
3417.2
-3925.75
-276.881
295.464
3054.5
-3652.46
433.501
-3785.73
-351.905
-371.595
-4067.02
488.944
3161.4
-283.513
329.019
-3928.15
-3524.83
2794.28
2716.9
-3578.28
2914.2
-3714.88
-3399.76
-3655.44
-3996.54
3160.37
2822.44
3035.29
-3789.23
-3852.24
-2691.17
-2943.57
2000.72
2236.11
-2824.22
2130.61
-2802.59
-340.268
375.007
2705.56
-3514.21
264.68
-267.951
-3388.66
-265.826
-3135.17
229.508
2602.05
-327.289
319.919
-3254.89
-3150.51
2678.44
2395.75
-3445.76
2563.39
-3273.54
-3313.41
-3032.8
-3063.31
2342.59
2297.65
2451.73
-2917.29
-3187.41
)
;

boundaryField
{
    left
    {
        type            calculated;
        value           nonuniform List<scalar> 
670
(
-129.709
-15.9603
-146.286
-90.7395
-145.811
-18.3221
-129.981
-81.745
-131.983
33986.8
-149.335
-148.218
-132.589
-11001.4
-129.37
-3.59103
-3.90629
696.342
703.232
-18.0467
-149.71
-145.464
-4.08486
-17.4515
-13.6154
-134.69
-5.29173
-3.86618
-129.577
13.9013
12.7394
13.9428
14.171
95857.1
745.335
3595.83
611.707
119682
-6.91136
459.995
-151.882
-145.832
13.6038
3.87494
-3.228
11.505
6.9456
-135.511
-10.929
-6.47168
92350.1
94277.4
-129.346
-83.3096
-83.7784
145.06
154.02
-27.6915
-147.099
-126.726
-145.455
-83.9659
-84.9008
-131.007
-51.1911
-79.501
-119.703
-85.9053
-84.5234
-130.838
71850.9
12064.7
27814.7
79754.7
-150.609
-147.236
-134.178
-87.9617
-86.337
73357.9
28394.5
-83.4313
-83.2461
-129.3
-3.83109
-63.1555
-63.372
-63.6979
-63.2249
-3.72854
1460.57
256
595.556
66.6769
209.145
1393.21
-19.7027
136.777
41.2274
-143.152
-145.39
-4.97003
-64.7244
-63.8819
-65.0366
-5.38885
-85.2333
-18.9674
-53.2003
-35.6883
-68.4406
-58.6237
-16.3015
-129.491
-83.1793
-87.4542
-4.93367
-64.3556
-65.7755
-63.4955
-64.1552
-4.22225
-130.383
-84.2863
-83.5648
13.725
63.6069
64.5117
63.1566
64.0829
13.0124
14.0716
63.6806
63.9076
63.7695
64.1143
14.0194
12738.7
18491.6
85113
1050.64
10970.3
12820.9
-863.495
12794.6
1530.08
9638.19
791.284
151.329
188365
3708.62
8075.97
27.9817
38.8651
43.8251
96.064
51.3161
50.6415
-151.614
-146.414
12.4734
62.6671
63.502
63.0376
13.0173
1.83722
53.6473
58.9218
47.6829
55.8107
-0.887297
10.585
61.6709
63.626
59.5829
62.8711
8.87471
-88.5209
-88.2729
-134.733
-9.23766
-68.2942
-69.2926
-66.1853
-67.9023
-7.62941
96668.6
43024.7
215255
55429.9
-3.64951
56.8054
55.5046
55.2558
56.6342
-3.88775
239.352
517.147
1106.06
79.4106
97.0686
-5.66949
-4.3055
56.468
55.3454
-20.6404
78.1163
75.343
51.4833
54.5048
-13.1107
-5.41541
55.2962
53.7993
55.2723
56.572
-3.71483
13.5746
46.2003
47.2486
46.1096
45.0087
12.0272
13.3694
46.0402
47.2992
47.3685
46.2892
13.6133
139915
173669
88009.3
1182.65
3624.3
2724.65
1863.15
1091.65
421.756
160611
112910
168793
-0.272934
35.1758
33.4082
275.712
132.036
182.775
46.8985
45.792
13.0046
3.92532
36.9771
38.1971
31.7525
28.8906
-5.01956
11.4623
44.3746
45.1953
40.689
40.1032
6.3854
-11.0074
51.7968
50.8596
53.2489
54.3454
-6.09642
89454
88897.1
76915.1
48650.8
65116.9
-83.3679
-103.241
-103.147
-103.583
-103.348
-83.541
60.8342
93.0532
183.761
-25.0371
14.1841
8.40224
-84.2195
-104.112
-103.767
-104.857
-104.417
-84.4979
-65.171
-75.2796
-58.1847
-95.5905
-88.723
-74.4807
-85.3365
-105.243
-105.72
-104.471
-104.897
-84.9869
12878.7
54859.5
63217.8
156762
-63330
-87.3058
-107.114
-107.614
-106.157
-106.655
-86.8733
46282.3
-21681.9
-41900.1
-83.2947
-103.11
-103.202
-103.094
-103.082
-83.2482
55.8741
57.3842
-3.25888
-63.1272
-8.83565
-9.4882
-9.85684
-9.07821
-63.1817
-63.4297
-9.35987
-10.1465
-9.50603
-8.7374
-63.203
-3.35298
57.5431
56.0239
662.211
934.177
1628.3
357.948
586.963
521.949
237.434
412.819
193.812
471.991
453.362
225.914
1324.37
539.16
544.691
11.0525
56.5947
34.6153
158.172
86.798
49.0238
2.42455
121.366
177.598
55.0152
56.6698
-4.46265
-64.3143
-9.8253
-10.767
-10.219
-9.70359
-64.0407
-10.971
54.9374
68.2286
77.6784
-17.2754
-50.0864
17.6223
2.38314
25.3042
23.1271
-45.3647
-66.9177
-13.2919
-14.827
-7.02152
-11.0205
-63.6091
-16.3083
56.7602
61.0124
-84.7814
-103.142
-100.768
-105.993
-104.981
-86.3863
54.9262
56.2661
-4.24697
-64.7929
-10.2562
-10.4981
-11.9466
-10.7458
-65.1373
-63.5974
-9.44882
-9.98478
-10.3499
-9.25174
-63.6998
-3.93627
56.8931
55.2988
-83.893
-103.823
-104.186
-103.364
-103.569
-83.7295
47.2824
46.2684
13.3406
62.3498
68.992
70.5387
70.8906
68.5921
61.4702
61.5774
67.9468
69.5069
70.3954
68.6235
61.9671
13.2126
46.1155
46.7596
47.5577
46.7371
13.8767
62.2697
69.2821
70.8443
70.788
68.6434
61.4308
61.6519
68.844
70.7044
71.0212
69.2823
62.3327
14.0302
46.8119
47.5942
35381.8
61445.1
15230.5
50243.1
120869
35573.2
4110.27
4199.87
1202.76
15962.2
3310.82
1472.05
2543.1
3387.01
14198.4
3336.51
5637.86
8430.2
1825.3
3628.66
3830.55
5303.51
1641.28
2123.18
471.652
939.508
1679.98
218.632
449.41
215.605
-103519
93689.1
173304
6549.64
11239.3
11169.1
8846.95
10035.7
8208.11
39.7957
32.268
4.87182
39.1556
48.3669
54.4518
46.3514
44.0728
36.7382
76.6368
80.8875
131.534
65.6646
59.9167
55.0953
124.032
87.1938
54.1275
46.1794
69.7202
61.0058
68.3342
70.4527
70.2527
68.4799
61.5377
12.8535
45.793
46.8023
35.0277
34.5176
0.781193
54.1519
58.4037
58.3163
62.9174
59.7349
54.4297
50.9963
51.0327
49.1378
57.5922
53.6324
51.8717
-0.185713
31.6081
32.7913
44.4914
43.6136
10.1853
61.0164
66.8357
67.9255
69.1896
66.8774
60.0582
59.3677
63.9835
64.4514
67.6246
65.5265
60.3957
9.16196
42.5013
43.2521
-88.6954
-107.664
-107.109
-107.837
-107.99
-88.7087
52.1229
53.3624
-8.40628
-68.8628
-13.8301
-13.8732
-15.5035
-14.6167
-69.1341
-66.6964
-12.1529
-12.2831
-13.6314
-12.307
-67.121
-7.32767
54.1457
52.5905
94755.1
-129.47
-121.575
-121.829
-11.9714
-1.07092
-30.3615
-122.006
-122.428
-130.132
-74.1945
-89.7336
-89.3419
-123.959
-123.578
-131.527
-132.921
-124.846
-124.392
-121.414
-121.363
-129.2
997.691
1222.84
1731.62
-134.305
-125.966
-126.594
-129.657
-121.849
-121.62
-1711.91
2927.67
2339.53
-126.878
-126.723
-135.194
-121.448
-121.565
-129.298
151.543
111.626
166.914
-130.602
-122.768
-123.271
-115.643
-107.459
-114.619
-131.022
-123.254
-122.878
69463
40147.6
12662
-125.838
-125.385
-133.584
15800.2
-13823.4
2145.23
-129.176
-121.371
-121.41
338.323
455.612
427.667
-121.255
-123.906
-131.016
-122.55
-122.204
-130.007
-5568.15
-242.529
7379.34
-135.029
-126.547
-126.226
17977.3
34594.7
55568.6
)
;
    }
    bottom
    {
        type            calculated;
        value           nonuniform List<scalar> 0();
    }
    interface
    {
        type            calculated;
        value           nonuniform List<scalar> 
2110
(
-16.0316
-15.688
-39.187
400.515
-16.2343
-34.3042
-26.0541
7.60814
7.83757
-17.2253
-16.0511
6.44429
7.5005
-21.7081
260.528
162.274
190.281
7.21532
-18.7715
-22.7039
-15.1106
-3.54945
4.95846
0.398865
63590.7
67726.5
32630.4
79871.3
23001.4
37355.7
33414.1
31.5602
30.7149
58319.2
45.6655
62046.1
57197.4
38724
42999.7
29.2995
29.3897
14.1978
17.8385
-17.7674
13.0919
8.03276
-15.9407
-16.0957
-5.77189
-0.402497
-17.1856
-17.6882
-32.4048
-28.4984
7.64793
63.6691
7.56642
-17.2733
-16.3273
6.47421
64.29
7.35051
63.5272
43875.5
46943.5
71220.6
68857.8
50845.7
47897.7
-3.01794
38.1238
3.83458
63.24
-231.286
8078.41
71799.7
74735.7
-168.859
70528.4
52290.7
60825.5
5655.35
199.879
27373.8
24056.6
15217.8
18334.2
15970
28530.8
32154.3
25425
22627.4
19156.7
21732.6
6.59188
62.9955
5.96635
-19.5593
-21.6039
45.7432
-10.7565
-6.6332
58.1288
52.9055
4.18791
2.22198
62.2887
-20.1803
-20.1653
32.4168
32.1912
-19.2602
-19.0964
34.9352
42.6019
73555
-9.06441
-24.6102
-17.5402
42784.2
39390.9
50686.3
55557.3
34835.4
38246.3
49097.3
44482
26394.2
29420.3
33719.7
30466.9
-21.5355
-21.6546
26.0065
28.699
-24.4176
-22.0661
23.7138
19.3166
-34.6145
-31.0492
-26.1662
-29.814
-4.86877
-14.67
-65.0476
-52.6681
-62.0522
-1.89802
6.0568
-35.5981
-40.7153
-49.8612
-42.3156
101903
117.679
60623.2
43370.7
27451
113.175
92.1425
84.8227
-16.1342
-15.8907
85.1023
130.697
-30.7626
64.2512
718.257
85.0884
-16.5402
136.328
-36.6424
82.7049
-24.8658
42.8375
6.89876
7.1594
42.8824
83.6533
-17.7109
84.7897
-15.8457
41.7285
5.46489
42.7185
7.18471
41918.6
54436.3
69173.3
51799.7
16.5279
-17.505
60.6984
170.313
131657
105784
67401.3
63427.8
60710.1
68891.3
385.446
1638.33
40429.4
43280.6
44843.4
38819.3
52299.5
59162.6
55679
56361.2
49674
133754
72946.7
54671.1
77036
197.499
1080.34
19729.1
21427.1
17033.9
20416.4
19387.7
23328.5
22367.7
20254.4
15273.2
16967.3
17824.6
14492.3
20517.9
23938.9
30301.7
22460.1
17838.7
23512.5
12976.1
16124.5
15300.2
13726.8
42.3776
6.56444
83.0791
-18.0296
82.0699
-23.4182
30.0681
-16.4668
-3.29965
34.2803
40.6716
5.11556
-0.599374
36.8493
-50.3449
-65.7804
-66.3531
131.292
-74.4286
-53.2105
-69.601
3366.84
41933.4
8475.95
32281.9
-153.451
-135.481
-153.279
-136.446
-133.402
-113.987
-116.665
-130.466
-140.876
-127.815
-122.747
-145.659
64116.8
47244.1
-85.5244
-67.1957
40790.4
52799.8
51196.6
35582.5
42142.9
33017.7
43589
22045.2
24309.6
21141
25309.8
26846.6
31747.1
27870.1
30619.7
35969.8
41811.6
37345
40413.8
29999.4
32898.8
34074.8
28921.5
34497.2
24877.3
31514.4
32751.2
40722.4
31943.4
-51.8401
-66.877
-63.7933
-50.7524
-62.7866
-120.457
-108.78
-108.342
-121
-120.952
-108.733
-122.807
-107.537
-127.337
-114.402
-130.856
-111.495
-123.464
-108.473
-109.089
-122.665
-57.4845
-67.6481
-64.8443
-52.5182
-63.157
-80.1858
-72.4815
-80.9858
-120.504
-109.352
-121.378
-109.066
-124.836
-116.232
-114.4
-126.762
-58.3266
-68.3585
-67.7376
-77.9983
-70.1738
-129.107
-118.034
-119.378
-128.202
-105.212
-84.1907
-105.626
-83.8455
-46.6764
-49.8391
-57.6212
-29.6053
-106.075
-84.2673
-105.638
-84.4954
-23.2215
-95.0803
-69.669
-89.5079
-76.6473
-106.89
-86.1218
-107.48
-85.3448
62849.2
65068.3
47324.2
66456.9
67338.3
127490
38608.8
41781.6
109806
110751
75979.1
86182.3
21936.5
21971.8
12661.1
23843.5
36090.8
36015
32180
34701.5
3758.74
-128.072
-130.696
-108.145
-86.3751
-107.779
-86.8619
60.2503
30.4269
33.0947
59.7566
-51935.4
-35376
-71062.2
-17898.4
-13293.7
-20965.5
151.566
55836.8
20829.8
82.0892
42.0777
61206.4
60454.9
40032.6
58833.9
56138.2
15343.8
31553.3
33663.4
37452.6
40120.9
41722.1
41546
57.7795
30.7265
29.45
57.9785
-189.335
-188.592
-189.233
-7137.74
40.0636
15.8877
43.6465
17.2064
8.12149
-20.7437
-185.574
87.889
38.9017
12.2391
34.3916
10.4865
-92.2197
-91.9345
-15.5062
85.8641
-15.3131
-91.7519
-91.7215
-104.968
-83.7718
-83.5533
-105.102
-15.3945
85.5981
-91.7927
-91.6129
-91.6289
-16.4295
-91.6801
20.9043
-75.4179
-50.8139
-3.25572
-30.9466
142.149
38.0488
55.3136
-26.1398
115.075
761.834
1145.27
389.887
994.519
86.3147
159.499
1269.53
229.54
77.5741
364.686
-92.3753
-92.5985
-17.2312
-16.7016
84.9648
-16.5331
-93.4276
-92.9923
85.0461
-93.6547
-17.9167
-126.869
-135.325
-138.327
-113.334
-89.4016
-90.2112
-112.433
-88.1631
-95.6722
-30.6437
96.3366
-101.705
-100.345
-101.293
-102.566
-24.1525
-29.0798
90.0212
-24.6446
-103.454
-102.767
70.5115
61.5781
7.48792
43.0686
62.3049
70.5413
7.66014
43.0963
70.3603
61.7775
70.7116
62.3708
-105.425
-83.9051
-105.322
-84.0002
-17.3026
-94.2957
-93.5379
-18.8398
-16.2388
84.7397
-92.7312
-93.4311
-17.3326
-16.1477
-91.919
-16.9776
-92.0777
-16.1595
85.1715
-15.7943
-92.7406
-92.1141
-17.2712
69.0498
61.5145
6.89222
42.2356
69.9402
70.5091
61.5923
6.87903
42.8625
70.2053
42415.4
44937.5
59697.9
45424.2
45961.4
45602
48103
71134.6
70618.2
68590.6
69816.3
61666.1
46715.5
63821.2
50631.8
49811.1
46689.3
48823.6
45.1675
-18.6351
19.973
37.5075
53.672
55.1303
26.8358
98.2114
71.5267
56.277
2131.96
811.329
1505.51
3085.75
74855.6
77779.2
128402
99185.8
88245.2
100443
-217.219
6886.88
72830.5
83648.9
84741.7
75837.3
4075.37
-56.1441
3616.47
238.771
8487.08
-306.572
8008.28
-461.615
13420.4
42199.5
48382.3
46525.4
44212.2
59654.3
64916.4
53429.7
49216
50453.8
52872.4
46479.9
50254
71513.3
72271.3
72902.5
73393.8
97293
105700
80896.7
110468
-160.224
814.176
76495.3
75453.3
224.148
4371.16
52779.7
53974
88887.7
69724
57250.6
64805.8
153.495
304.273
3074.67
1019.93
26219.1
26242.9
22967.6
25137.5
17514
13979.1
14481.2
14572
17631.9
17528
18460.2
14718
19427.7
16740.2
15312.2
18533.9
20498.6
17695.4
21423.2
8899.01
8012.66
16067
19590.2
16873.9
18698.5
22984.9
27357.2
29713.1
30932.8
30920.8
24558.2
24472.9
26805.6
21223.9
27946.3
23541.5
21832.1
18437.6
19997.4
25685.9
20352.9
20855.3
20958.9
10100.2
12921.4
12159.6
10798.6
6554.22
12236.7
13697.8
14491.4
11510.4
70.1341
61.1528
6.39773
42.3951
70.049
41.6854
69.3905
-129.827
-131.605
-111.208
-89.7614
-112.284
-88.7705
-94.5783
-95.2415
-19.0754
-19.5975
83.1469
-96.8626
-95.6684
-20.4236
-100.809
-99.403
-20.0921
82.8269
-97.257
-98.5831
47.8145
-10.3423
30.4666
56.2884
-7.47435
32.3472
61.9904
54.0078
57.334
68.6048
60.0758
3.5443
40.2734
60.7804
67.4159
3.05409
38.9044
63.6851
58.8632
66.862
59.9552
-132.562
-21.3058
-51.5762
-68.9038
-19.0564
-131.882
66.8906
36.1929
61.0312
30.4403
-51.4933
-68.266
-70.3735
-123.196
-16.07
-131.91
-21.1822
-68175.8
-144.63
-134.6
-152.082
-126.039
-156.757
-140.875
-157.609
-140.927
-132.126
-119.233
-115.125
-136.687
-42828.1
-50903.8
-140.469
-118.215
-122.6
-135.738
74.0139
30.7553
84.1228
46.3052
72093.3
35943.3
-66.9442
-86.5215
-81.6552
14048.3
-123.941
-133.537
-28.0576
-54.9645
-82.1491
-18.3294
-130.862
41337.9
41666.7
48077.6
37422
49623.4
40534.4
38048.6
49468.9
52295.8
54445.5
53921.2
46556.8
36309.2
33665.4
35964.5
36947.9
37101.3
20100.4
21309
19149.5
22965.4
27370.4
23904.4
26329.5
25845
28431.6
24863.9
29514.5
34671.5
37770.5
39069.6
33435.9
23718.2
31107.8
36507.4
35277.5
32250.7
31360.1
47857.5
47532.1
43208.4
45993.7
25500.6
27383.8
35304.2
27802.5
34014
28391.4
28439.1
32591.9
32617.4
36618.5
28811.9
31533.7
29451.9
-132.16
-20.8656
-50.2876
-64.3569
-21.93
-132.281
53.5249
27.4149
57.0218
29.046
-50.1658
-64.3102
-135.955
-23.6608
-132.547
-22.1771
-195.566
-119.906
-107.997
-120.996
-107.461
-121.062
-107.742
-120.803
-107.852
-127.564
-110.284
-111.844
-125.79
-203.043
-200.787
-123.276
-110.245
-108.402
-125.572
50.7448
23.2596
45.3967
21.1541
-145.575
-33.3353
-54.7225
-65.9274
-32.0784
-140.917
-137.283
-26.5462
-53.9415
-65.3626
-28.7149
-139.961
20.8862
-7.24728
11.3811
-10.7639
-83.312
-89.3488
-68.3002
-174.475
-163.01
-55.4139
-80.7101
-87.0677
-58.5632
-171.752
-121.166
-110.801
-122.261
-109.774
-183.989
-184.861
-183.211
-123.324
-111.848
-123.048
-112.658
24.119
1.38292
32.2832
4.07237
-146.449
-36.8134
-62.0003
-71.1728
-68.643
-38.177
-150.599
-160.662
-46.9897
-63.4273
-72.4596
-72.8474
-44.5095
-152.035
-136.937
-125.622
-127.465
-135.361
-184.115
-185.326
-131.045
-123.638
-121.239
-133.413
44444.7
26520.8
90.4994
49564.8
148.296
109.91
103.605
72.1438
76.8882
-125.673
-126.747
-124.855
-163.733
-91.0632
-414.103
63.789
62.9311
63.877
41.923
191278
32819.5
40485.9
52029.4
3618.49
16749.3
11874
9729.61
3302.41
63.4253
-128.113
54.3069
63.2345
61.4218
-168641
131622
28779.4
36635.7
-56551.8
-96316.9
-18921.2
-29484.7
9781.33
12616.5
27049
21671.7
-304.454
-309.511
-16538.2
-9669.89
115.106
-43697.9
-82641.7
-13968.5
-25768.9
12851.7
15175.2
30228.6
25421.5
30352.9
116.115
-272.011
-276.297
-12303.7
-4330.39
94.1363
9439.44
6833.65
1075.88
-302.817
-297.083
-292.866
58.5975
-270.825
-265.705
-264.38
63.6943
64.0298
50.673
70665.1
75957
57667.6
45303.7
82.8374
17468.5
6804.49
8859.12
6019.31
4015.82
62.6438
-125.294
-126.028
-134.599
58.9648
-580.745
65547.4
65299.1
50786.5
40771.9
-58560.5
-95289.8
-51536.9
-33501
16250.4
13021.6
16806.6
20772.9
-2526.52
-310.843
-3472.79
-8213.53
114.042
-53638.7
-86672.4
-47986.8
-28861
173.394
38907.2
18963.9
16297.3
20309.6
23677.3
113.415
-285.901
-277.089
-287.473
-3519.59
96.7009
4056.77
6521
3748.12
1389.4
-295.126
-296.107
-294.495
-292.797
63.4214
-265.007
-265.23
84.5003
-264.713
-263.785
45470.6
80089.8
25611
113.394
24678.8
42272.6
28397.8
116.094
91.4634
90.3723
87.0415
-16.1348
-17.1997
87.2156
-15.7687
-16.8571
127.622
266.86
252.469
1287.95
87.0857
-16.3986
119.29
-19.0016
-13.0508
86.381
-24.162
41.3914
41.6523
85.8714
87.0401
40.368
41.6147
56118.7
43059
49240
66317.4
49823.3
13.3307
67.8958
2240.97
66.5856
49686.7
104001
-77.2762
57959.1
658.628
18958.4
16246.3
21322.3
29112.3
23017.4
18661.9
41.2032
85.206
-18.6788
83.4693
-21.9143
-23.8995
27.3626
33.5381
39.9547
35.754
-48.7791
121.29
-49.3255
152.969
30417.5
8683.11
-67.6049
-86.1264
39663.4
36678.2
34105.8
33433.1
25835.7
39327.4
30884.5
-47.8681
-63.6948
110.733
-47.901
101.24
-53.6723
-65.7398
-49.7777
69.2037
-72.3389
78.4023
-56.6973
-64.9096
-74.6096
-105.161
-83.6309
-83.5869
-105.144
-155.094
-125.664
-98.8408
-155.759
-124.625
-97.3456
-155.696
-98.1418
-124.434
-97.6772
-155.614
36.0935
72.3488
13.1653
55.6243
-123.837
155.556
13.4649
-109.664
-0.0639575
1.43823
120.558
615.722
195.103
-78.2913
-125.329
-125.569
-106.325
-85.2283
-106.94
-84.7391
-156.494
-98.3848
-155.602
-98.4025
-156.858
-100.386
-98.5933
-157.979
-143.195
-106.885
-86.2013
-108.504
-84.479
-150.932
-56.5825
-152.21
-55.9111
-165.886
-83.0203
-82.1601
-165.556
-248.822
-106.771
-84.575
-106.255
-85.2319
-157.779
-99.8557
-98.6759
-158.19
-157.675
-126.142
-99.3652
-126.201
-98.8435
-157.384
61.9219
64435.8
46440.4
65943.2
35.4676
-468.269
106733
64710.9
-450.347
-486.191
82628
-435.777
92049.2
127044
-572.761
-571.663
17722.7
35456
32553.9
30367
45034.6
37621.8
34720
36045.1
38051
32631
26785
31169.6
28430
61640.7
100234
11159.2
86466.5
16046
20932.3
11982.3
11406.2
9665.34
10280.1
11094.6
13623.4
11258.1
12533.6
11567.8
12831.9
10933.1
11056.1
10339.4
24716.8
34759
33455.2
4499.37
4369.39
3831.08
4619.81
4857.17
2658.63
61.5817
-126.285
-128.475
-128.204
-108.567
-87.8962
-109.482
-86.961
-159.255
-99.8201
-158.689
-99.0953
-160.597
-99.9159
-98.9641
-161.926
49.0181
50.4307
31308.8
33829.4
-68125.8
-88100.6
-22254.9
-25387.2
10988.2
11351.8
24822.6
23611
-305.833
-306.302
-13807.7
-11947.7
58.4311
118.29
61.5153
-36007.8
-7228.24
-80582.2
-36836.2
-8193.87
-52462
-73447.9
-29322.2
-252.416
-4829.18
-10934.7
-169.32
-288.833
-285.665
-26407.8
-174.866
-18288.2
-20639.4
-169.841
-280.589
-166.186
-285.318
134.142
13379.7
74.944
59530.7
41153.5
57835.6
16129.5
15563.2
14292.6
17178.9
15876.5
13605.1
14348.2
13478.4
14323.1
12244.5
14014.3
12904.9
14521.8
29719.1
25862.3
21784
22841.2
25129.8
28704.6
27849.3
25310.5
28855.6
24037.3
27964.1
26633.6
29366.1
38844.9
40268
59.1642
112.974
57.6476
-142.118
-260.794
-192.374
-144.863
-261.072
-273.267
-273.133
-142.072
-260.138
-141.585
-261.693
-5414.06
-161.258
-270.95
-274.394
-2081
-158.316
-8661.59
-11011.4
-7472.46
-161.365
-278.609
-166.155
-275.976
94.1912
41.3273
42.783
8281.27
7957.68
-228.293
92.6029
-300.241
-298.518
-292.689
56.7796
5.17083
-185.155
-139.335
-258.147
-259.547
-139.444
-188.246
-268.293
-139.315
-259.856
-141.527
-260.131
-184.631
-267.019
87.8978
38.0124
36.2507
-187.138
-144.748
-266.16
-269.283
-144.607
-187.132
-264.455
88.428
-16.4491
-105.006
-83.5254
-105.068
-83.5296
-155.05
-125.33
-98.0661
-124.251
-97.2517
-154.991
-155.319
-124.949
-98.4726
-155.645
-97.4063
88.1214
-15.4977
117.657
291.975
145.214
256.419
349.088
1048.78
-500.641
151.642
2042.87
-193.097
-78.053
1954.31
670.322
262.516
219.431
289.446
400.905
126.259
87.5724
-17.7565
-124.283
-116.894
-112.426
-89.6215
-112.71
-89.2776
-168.432
-95.8329
-95.7446
-167.024
-168.336
-93.4454
-169.551
-92.2043
108.232
-21.524
-24.044
87.6447
-25.789
5580.77
-448.696
67.9736
42.2055
68.7576
42.278
68.2144
68.7085
-105.638
-84.6326
-106.223
-83.9744
-155.627
-98.3424
-155.474
-124.912
-97.5836
-156.436
-99.1378
-157.086
-97.9187
87.1814
-16.844
87.6676
62.3124
67.153
41.6563
67.9999
67.9045
41.6931
68.369
43487.4
57863.9
44222.5
44544.6
48751.5
70520
69660.7
48117.9
49143.7
47826.9
42.313
12.6677
46.429
71.4994
51.1606
62.6967
56.728
2573.87
5386.79
-497.954
598.426
1139.29
18093.2
5772.46
2939.22
-11265.9
-2242.15
6728.6
-490.97
5020.29
14970.6
64696.8
80117
95774.1
80153.9
65035
76155
68947.9
65997.3
48784.2
58438.3
58039.3
79003.5
-313.155
98076.9
67857.7
-405.325
-389.477
89129.5
70497.1
-318.011
-268.205
68064.4
83552.8
66292.9
82676.6
64044.1
55272
63774.1
55675.4
184.563
36640.2
37220.5
34909.4
38730.7
34842
31204.8
32947.8
33231.9
44512.9
35087.5
49714.5
41150.2
38352.2
54173
48929.1
46078.2
53830.9
41886.6
47809.8
44049.6
39819.3
41096.3
43105.6
47230.5
51326.4
51575.6
46556.9
49507.8
71716.3
71881.6
106.806
271.465
99927
-27.4932
90104
-84.7514
82878.4
-15.818
55339.1
84034.4
63750.7
59905.2
309.567
586.331
604.836
18204.2
25108.7
24025.3
16586
13255.5
13845
16840.4
15474.5
16068.5
14898.8
12345.4
13043.2
14163.5
15646.8
14479
13753.2
16408.8
9503.3
9709.71
9031.68
10415.4
10020.2
8434.53
7420.18
8683.74
7238.39
7820.01
8353.37
8246.51
12730.7
11658.4
13441.2
10982.4
12031.4
9664.78
10318.3
11344
22145.7
28522.2
29714.2
23630.2
22112.2
22723.4
19260.7
24587.1
19499.3
20100.2
7446.21
6537.5
5938.4
8069.73
6006.11
6104.25
4938.24
5145.56
5750.2
5490.15
7434.1
5393.75
7040.47
6639.58
7372.87
6074
4649.32
9347.88
7143.26
8703.26
7758.52
10002.2
9019.78
10667.4
8383.91
67.7405
41.231
67.8855
-124.824
-129.274
-110.726
-87.7801
-109.778
-88.6127
-164.676
-97.9044
-165.909
-96.965
-163.976
-99.0828
-162.99
-97.9691
85.2928
-18.6717
85.3805
-20.5932
-20.6171
49.0818
30.2681
51.9466
53.4485
31.0009
58.7549
57.239
66.1657
39.084
66.0482
38.4232
62.8353
64.6322
68573.9
59400.8
74006.1
49490.1
43104.2
-69082.8
-84128.2
-44589.4
-38820.7
14821.6
14355.8
18360.5
19051.3
-1084.65
-318.217
-5125.73
-6287.3
-136.358
-47.9012
-64.9431
-135.134
113.761
68.1978
60.7583
-50.5977
-126.095
-131.887
-78221.1
-26700.6
-289.306
-36502.9
-294.967
-65018.5
-57339.7
-85368.3
-77120.8
-18779.7
-296.397
-287.844
-8519.88
-153.092
-195.929
-199.199
-159.79
-155.235
10430.3
-200.608
22577.9
-163.323
-207.07
-206.339
-166.199
-161.475
-206.617
-202.943
-162.64
-141.913
-194.665
-190.497
-146.747
-143.037
-187.096
-191.003
-139.715
-37261.8
-179.72
-288.955
-172.572
-294.505
-40061.2
-30346.5
-35362.2
-172.61
-297.531
-3203.5
-296.697
-150.6
-194.186
-145.763
-198.861
-150.741
-201.631
-154.928
-199.208
175.098
69.1229
86.2629
36631.6
10694.2
15943
-137.981
-59.8635
-83.8809
-136.257
40246.1
38540.7
39151.5
37789.5
51105.7
52766.9
45060.8
35202.9
34751.5
35844.9
17527.3
15026.3
18036.7
17186
15748.2
18206.9
16987
18914
17287.6
16521.3
19290
18783.3
17524.8
16736.3
19607.5
17976.1
15215
15968.5
17184.9
21310.8
18327.8
19155.8
20449.1
22192.5
20883.2
20003.6
23098.2
29252.3
25844.3
27018.7
28105.7
30474.3
29673
28282.9
31793.3
24965
22818.7
20766.4
23372.4
19847.1
21162.4
22385.7
26477.2
22675
21220.4
18114.9
20771.9
18943.9
25986
24750.4
27021.4
23713.1
24990.6
21787.1
24029.6
22731.1
32385.6
46277
44726.8
26462.4
26809.7
27439.9
31528.1
37959.4
29840.6
30482.8
-134.697
-48.0527
-64.0811
-135.064
114.602
54.9401
56.8981
-47.5748
-62.1387
-138.184
-136.537
-195.007
-146.615
-261.267
-145.101
-263.87
-281.516
-199.927
-192.723
-280.335
-147.062
-265.967
-265.083
-150.715
-125.543
-170.449
-169.694
-126.772
-125.763
-169.193
-169.9
-125.792
-127.592
-170.892
-172.41
-126.828
-127.572
-174.26
-172.82
-129.472
-136.429
-179.936
-182.66
-134.281
-136.359
-186.391
-183.272
-139.992
-203.341
-153.916
-270.048
-157.895
-269.444
-291.212
-802.041
-768.846
-153.396
-266.894
-151.344
-269.308
-131.265
-179.166
-133.825
-177.287
-131.092
-175.088
-129.773
-176.945
97.7656
49.2344
47.103
-147.217
-53.0645
-64.9542
-145.703
-141.084
-50.821
-63.8994
-142.086
5120.95
5431.14
2713.57
2403.64
-294.915
-294.725
-293.319
-292.921
65.1984
18.4254
14.8776
-84.2812
-90.783
-181.728
-169.112
-75.1546
-83.2097
-171.361
-125.746
-168.623
-168.77
-126.429
-125.282
-169.063
-168.807
-125.991
-138.372
-258.333
-184.704
-139.68
-260.026
-264.592
-263.938
-139.195
-261.432
-261.549
-140.267
-127.237
-168.986
-127.054
-169.619
-128.341
-171.337
-170.613
-129.816
83.3117
27.0584
30.0497
-150.971
-57.7861
-151.59
-160.486
-63.1259
-157.99
-139.385
-177.771
-179.84
-137.863
-184.947
-141.557
-264.762
-143.113
-264.695
-263.626
-185.91
-263.671
-140.312
-262.296
-141.085
-264.06
-133.763
-176.288
-136.069
-174.88
-132.045
-172.351
-131.111
-173.572
)
;
    }
    procBoundary3to0
    {
        type            processor;
        value           nonuniform List<scalar> 
43
(
-176.727
-177.131
-178.262
-176.241
-177.413
-177.097
-175.949
-176.474
-177.231
-176.351
-177.281
-177.274
-177.499
-178.756
-177.955
-175.982
-176.41
-177.219
-177.882
-178.344
-175.885
-176.768
-176.586
-177.045
-177.403
-178.099
-177.131
-178.262
-178.756
-177.955
-177.413
-177.097
-176.41
-177.219
-178.344
-176.474
-177.231
-176.768
-176.586
-177.281
-177.274
-177.403
-178.099
)
;
    }
    procBoundary3to1
    {
        type            processor;
        value           nonuniform List<scalar> 
23
(
-145.065
-133.041
-88.022
-108.561
-88.3632
14.1909
-59.6189
11.2141
62.2092
-122.972
-88.022
-108.561
-108.002
-88.022
27.8927
-14.66
-79.392
-0.569896
38.5396
61.0303
-118.75
-119.555
-139.25
)
;
    }
    procBoundary3to2
    {
        type            processor;
        value           nonuniform List<scalar> 
328
(
-213.309
121.259
-529.979
-261.247
-185.534
-1113.91
648.471
62816.8
1955.98
-6324.5
-178.926
-178.897
-180.223
-180.322
-181.352
-180.071
1955.98
1955.98
-42179
-42179
-42179
8050.53
8050.53
8050.53
-5595.76
-5595.76
-5595.76
549.815
549.815
549.815
7490.73
7490.73
7490.73
8813.56
8813.56
8813.56
-6324.5
-6324.5
-5038.86
7082.21
7082.21
7082.21
-814.932
-189.478
-206.421
-167.136
-814.932
-814.932
-814.932
-814.932
-814.932
-7695.27
12535.2
10753.2
-6748.15
-6310.63
-186.628
-176.768
-193.376
-7695.27
-7695.27
-7695.27
-7695.27
-7695.27
12535.2
12535.2
10753.2
10753.2
-11483.1
-11483.1
-11483.1
-898.902
-898.902
-898.902
-3295.19
-3295.19
-3295.19
-2478.82
-2478.82
-2478.82
8594.32
8594.32
8594.32
8866.05
8866.05
8866.05
-6748.15
-6748.15
-6310.63
-6310.63
5835.68
5835.68
5835.68
5427.57
5427.57
5427.57
-185.534
-199.926
-319.559
-68.0965
-185.534
-185.534
-185.534
-185.534
-185.534
-196219
47278
3943.78
-6964.37
-5447.88
-178.665
-182.159
-180.127
-183.749
-196219
-196219
-196219
-196219
-196219
47278
47278
3943.78
3943.78
-22113.2
-22113.2
-22113.2
6632.29
6632.29
6632.29
-4844.46
-4844.46
-4844.46
-624.088
-624.088
-624.088
7888.21
7888.21
7888.21
9048.62
9048.62
9048.62
-6964.37
-6964.37
-5447.88
-5447.88
6667.32
6667.32
6667.32
4631.71
4631.71
4631.71
-543.275
-193.234
-139.758
-238.663
-543.275
-543.275
-543.275
-543.275
-543.275
-34037.8
73885.8
6041.99
-7110.09
-5872.85
-184.27
-186.786
-179.941
-34037.8
-34037.8
-34037.8
-34037.8
-34037.8
73885.8
73885.8
6041.99
6041.99
-13983.7
-13983.7
-13983.7
3311.48
3311.48
3311.48
-4079.59
-4079.59
-4079.59
-1601.04
-1601.04
-1601.04
8261.52
8261.52
8261.52
9042.77
9042.77
9042.77
-7110.09
-7110.09
-5872.85
-5872.85
6251.41
6251.41
6251.41
5026.95
5026.95
5026.95
121.259
-529.979
-319.559
-68.0965
-1113.91
648.471
2123.19
-2716.16
-178.897
-180.223
-178.665
-181.352
-180.071
-180.127
-183.749
54359
-51237.2
190816
29912.8
29119.5
34572.4
34481.9
-72367.1
-81946.4
-80421.1
-89292.3
-20432.9
-17109.9
-23156.8
-27257.9
10466.9
9729.89
11313.1
12027.6
24988.4
25996.4
22701.6
21737.5
-1284.47
-784.499
-1214.12
-1856.4
-12507.9
-15195.9
-11179.6
-8966.78
8225.34
8998.21
7612.37
6776.18
2597.52
2606.15
2959.88
-493.15
-886.014
-602.802
-279.035
186.08
88.1069
-206.421
-167.136
-139.758
-238.663
17124.3
-21023.4
-7651.65
6127.5
-176.768
-193.376
-186.786
-179.941
-59478.2
49573.4
154280
-208671
32564.5
73668.3
116332
109209
53701.1
41249.2
38697.3
42288.3
-67883.7
-56555.1
-75303.6
-88356.6
-41824.7
-49235.1
-36493
-31076.3
14794.9
15542.9
13711.3
12984.3
17596.7
16795
19069.8
19945.6
-2831.37
-3962.8
-2713.66
-1853.84
-5719.81
-4266.82
-6276.45
-8077.98
5139.26
4139.59
5395
6309.74
3282.69
4167.61
3458.14
2871.2
-227.582
-12.0263
-130.139
-388.015
75.6033
-98.0948
5.18716
145.285
)
;
    }
    procBoundary3to7
    {
        type            processor;
        value           nonuniform List<scalar> 
49
(
-4715.18
5170.1
20557.2
-7377.14
9261.91
17021.4
16123.7
10583.4
2012.54
12242.6
-52.8704
167.85
-6998.76
-2413.71
-2367.75
1740.69
1974.07
-740.025
28945.3
39134.6
4597.23
2640.85
2640.85
1447.82
-4343.35
-17231.9
-14556.3
-2983.05
1476.72
19097.5
18300.4
-11889.9
-11141.5
3443.18
-2197.04
-465.754
4602.78
-266.741
2183
212.972
-2772.81
7974.55
-2276.53
6608.43
-1823.99
-2583.05
1908.87
-2709
2029.09
)
;
    }
}


// ************************************************************************* //
