/*--------------------------------*- C++ -*----------------------------------*\
| =========                 |                                                 |
| \\      /  F ield         | OpenFOAM: The Open Source CFD Toolbox           |
|  \\    /   O peration     | Version:  2012                                  |
|   \\  /    A nd           | Website:  www.openfoam.com                      |
|    \\/     M anipulation  |                                                 |
\*---------------------------------------------------------------------------*/
FoamFile
{
    version     2.0;
    format      ascii;
    class       volScalarField;
    location    "0.107/solid";
    object      epsilonEq;
}
// * * * * * * * * * * * * * * * * * * * * * * * * * * * * * * * * * * * * * //

dimensions      [0 0 0 0 0 0 0];


internalField   nonuniform List<scalar> 
3124
(
6.45745e-09
3.06932e-10
5.18303e-09
1.75976e-08
5.07613e-09
5.38889e-10
5.38991e-09
1.80635e-08
5.12063e-09
4.45246e-09
1.14453e-08
1.76463e-08
5.16121e-09
3.34974e-09
3.85633e-09
4.7876e-09
8.51074e-09
3.68873e-09
4.00383e-09
1.79076e-08
3.54098e-09
3.49105e-09
3.31495e-09
7.32301e-09
6.01913e-09
1.2424e-08
1.14226e-08
1.39532e-08
7.57267e-09
1.0265e-08
1.04238e-09
4.46188e-09
8.02968e-10
5.08811e-09
1.02171e-08
1.85537e-08
1.74117e-08
5.46165e-09
1.85866e-08
1.00228e-08
1.3133e-08
6.81506e-09
1.56542e-09
1.80191e-09
2.07609e-09
7.51811e-09
1.39178e-09
4.11874e-09
5.88099e-09
1.84109e-08
1.03949e-08
1.90025e-08
5.447e-09
1.99602e-08
1.06234e-08
4.74039e-09
3.27297e-09
3.06394e-09
9.92264e-10
3.56399e-09
1.25216e-08
9.13353e-09
9.82681e-09
1.01999e-08
1.08287e-08
1.76425e-08
1.0731e-08
8.28197e-09
1.61015e-08
1.77228e-08
1.17353e-08
1.62286e-08
6.87014e-09
1.21917e-08
1.24243e-08
1.2172e-08
1.27674e-08
9.83277e-09
1.25639e-08
9.23102e-09
9.97282e-09
1.06853e-09
9.15675e-10
4.24763e-09
7.9572e-10
6.11129e-10
5.59014e-10
7.36728e-10
7.65064e-09
7.36001e-09
1.26076e-08
1.25385e-08
5.08106e-09
1.73592e-08
1.87015e-08
9.86363e-09
1.25492e-08
7.25274e-09
1.12698e-08
1.43649e-08
1.26191e-09
1.05053e-08
3.08779e-09
1.79105e-09
2.44952e-09
1.08393e-08
4.37948e-09
3.68225e-09
7.95662e-09
6.8911e-09
4.50625e-09
1.39328e-09
4.10716e-09
5.81014e-09
4.1215e-09
5.11814e-09
5.96808e-09
1.8226e-08
1.75203e-08
1.13852e-08
6.94933e-09
1.93955e-08
1.10121e-08
7.6501e-09
7.92705e-09
1.28818e-08
1.36327e-08
1.24028e-08
1.3418e-08
9.1997e-09
8.21969e-09
4.16814e-09
3.32088e-09
3.08768e-09
8.26479e-10
9.73542e-10
8.04184e-10
6.06565e-10
7.82154e-10
2.10073e-08
1.26911e-09
6.2453e-10
4.30665e-09
4.96131e-09
4.3962e-09
5.20693e-09
1.9409e-09
8.0506e-10
5.77854e-10
1.98987e-09
6.12608e-09
4.32808e-09
4.87596e-09
5.15966e-09
7.28686e-09
3.7724e-09
8.02989e-09
6.91348e-09
8.75105e-09
7.28839e-09
5.81731e-09
1.80556e-08
1.66849e-08
1.47946e-08
1.11784e-08
1.38557e-08
1.23675e-08
1.39498e-08
1.22716e-08
3.9534e-09
8.15005e-09
6.50854e-09
8.30446e-09
5.69794e-09
1.02959e-08
3.50647e-09
2.6947e-09
2.82813e-09
1.67026e-08
1.49669e-08
1.35873e-08
3.86105e-09
2.67473e-09
6.73983e-09
6.40287e-09
7.6161e-09
4.66021e-09
3.11797e-09
6.37026e-09
3.86311e-09
6.81482e-09
4.90486e-09
7.34784e-09
4.14863e-09
6.2285e-09
2.52782e-09
3.53128e-09
4.24273e-09
3.02919e-09
4.98282e-09
2.83839e-09
3.01241e-09
2.92078e-09
3.49591e-09
4.3943e-09
3.44585e-09
4.26007e-09
2.60941e-09
4.0003e-09
3.60349e-09
3.43576e-09
3.21852e-09
2.6608e-09
2.56651e-09
1.20775e-08
1.17938e-08
2.30793e-08
9.98314e-09
1.27194e-08
1.38991e-08
1.2074e-08
8.86213e-09
1.99891e-08
6.50433e-09
7.90857e-09
9.04964e-09
1.08267e-08
8.1346e-09
3.20695e-09
3.62442e-09
6.86068e-10
3.5747e-09
4.90192e-09
3.8107e-09
4.31696e-09
7.34629e-10
3.02856e-09
3.50154e-09
1.0853e-08
5.29297e-09
9.00653e-09
6.51934e-09
6.56891e-09
8.9276e-09
1.0887e-08
1.09056e-08
5.30408e-09
6.75837e-09
9.03497e-09
1.105e-08
6.67568e-09
8.91256e-09
5.58707e-09
2.666e-09
1.33383e-09
2.28969e-09
2.32716e-09
1.70893e-09
2.30998e-09
5.45673e-09
2.66908e-09
2.21132e-09
1.75848e-09
1.44335e-09
2.12989e-09
2.3008e-09
1.47048e-09
2.1115e-09
1.75087e-09
1.09564e-09
1.97232e-09
2.24991e-09
6.31992e-09
5.95899e-09
5.10793e-09
3.63604e-09
2.8016e-09
3.90525e-09
5.02095e-09
3.04481e-09
4.05745e-09
1.1927e-08
5.57216e-09
1.02574e-08
7.32193e-09
1.19908e-08
7.19135e-09
1.01526e-08
1.16625e-08
5.56558e-09
6.91012e-09
9.35074e-09
1.13448e-08
7.02508e-09
9.75982e-09
5.09657e-09
3.23174e-09
3.00972e-09
2.43459e-09
1.71352e-09
8.28459e-09
1.34878e-08
2.36176e-08
2.88357e-09
4.61e-09
5.27026e-09
1.01699e-08
4.71157e-09
6.20644e-09
1.02394e-08
1.08418e-08
1.22486e-08
1.34898e-08
1.48678e-08
9.80259e-09
1.08948e-08
2.33659e-08
2.47052e-08
5.71124e-09
1.20559e-08
9.56052e-09
1.52657e-08
8.20816e-09
7.8926e-09
6.70274e-09
1.87979e-08
9.26723e-09
1.61826e-08
2.38102e-08
1.64233e-08
2.25916e-08
8.22975e-09
1.55685e-08
8.71871e-08
1.23353e-08
1.76944e-08
1.10092e-08
1.06239e-08
1.47626e-08
1.57258e-08
1.20708e-08
1.43506e-08
9.99466e-09
3.31885e-08
1.82764e-08
2.00326e-08
2.81784e-08
9.38251e-09
1.40313e-08
1.44341e-08
1.64569e-08
1.28568e-08
1.20419e-08
1.11632e-08
7.07571e-09
9.41461e-09
1.20652e-08
1.03882e-08
8.57016e-09
1.1858e-08
7.30488e-09
9.85836e-09
8.06678e-09
1.01385e-08
8.25029e-09
1.16465e-08
9.96088e-09
9.01796e-09
1.24133e-08
1.00889e-08
1.0257e-08
1.06785e-08
1.21067e-08
1.01378e-08
9.00891e-09
9.16666e-09
1.38323e-08
1.11967e-08
1.23822e-08
1.43948e-08
1.50192e-08
9.79464e-09
1.33807e-08
1.33243e-08
8.07135e-09
1.00042e-08
1.40221e-08
1.54355e-08
6.52297e-09
1.23404e-08
1.46008e-08
2.41558e-08
1.44224e-08
1.47721e-08
1.54679e-08
1.59088e-08
1.46921e-08
9.50998e-09
7.82106e-09
7.30734e-09
9.32468e-09
7.76294e-09
7.56966e-09
7.84723e-09
9.20584e-09
9.56649e-09
7.33956e-09
8.72724e-10
7.89748e-10
1.30722e-09
7.97887e-10
1.36264e-09
1.27111e-09
3.60115e-09
3.56833e-09
2.9338e-09
1.93078e-09
6.78412e-10
2.03722e-09
2.7833e-09
5.96365e-10
2.1343e-09
2.0819e-09
4.16351e-10
1.86787e-09
1.44544e-09
4.06411e-10
1.79562e-09
5.85844e-09
6.00267e-09
6.18399e-09
7.60319e-09
6.1782e-09
6.17352e-09
6.08691e-09
6.07382e-09
7.50337e-09
6.04514e-09
8.23513e-09
8.14935e-09
9.83083e-09
1.25e-08
9.69465e-09
8.3532e-09
8.26809e-09
9.81769e-09
1.24852e-08
9.66055e-09
9.04306e-09
6.46132e-09
1.09028e-08
8.17378e-09
9.79925e-09
5.78379e-09
5.93522e-09
1.67297e-08
8.86539e-08
1.34124e-08
4.86272e-09
2.74871e-09
1.5847e-09
1.96787e-09
1.44517e-09
1.21248e-09
2.77291e-09
1.86269e-09
4.56582e-09
8.96886e-09
1.13002e-08
8.03495e-09
8.62182e-09
7.27808e-09
6.45802e-09
3.41507e-09
2.20172e-09
2.39244e-09
5.31963e-09
8.76823e-10
5.83128e-09
4.05087e-09
2.41637e-09
2.12578e-09
2.15546e-09
3.1669e-09
4.89543e-09
1.98963e-09
1.95267e-09
2.47569e-09
1.84286e-09
3.4901e-09
8.11966e-09
9.38005e-09
1.14607e-08
8.71277e-09
8.73612e-09
7.76228e-09
7.99351e-09
5.34961e-09
4.52516e-09
6.41634e-09
4.07755e-09
4.59565e-09
3.95352e-09
4.93172e-09
5.42232e-09
2.4073e-09
5.95617e-09
3.7063e-09
6.31744e-09
3.66295e-09
5.59956e-09
5.0505e-09
1.06336e-08
6.09293e-09
6.51083e-09
6.41519e-09
4.59813e-09
5.31119e-09
4.29735e-09
3.31902e-09
5.92687e-09
7.04026e-10
3.08273e-09
2.02097e-09
3.40138e-09
3.29172e-09
3.28157e-09
2.99043e-09
4.91576e-09
5.84765e-09
4.38252e-09
5.67791e-09
3.79095e-09
3.54627e-09
1.61655e-09
2.92421e-09
2.11913e-09
2.41618e-09
1.899e-09
3.89589e-09
2.27552e-09
3.05669e-09
2.61385e-09
3.03712e-09
4.51436e-09
6.21805e-09
6.50289e-09
3.75722e-09
5.06291e-09
4.62102e-09
2.77535e-09
3.19003e-09
2.18605e-09
4.31328e-09
3.18283e-09
7.04001e-09
6.62199e-09
4.83727e-09
1.16886e-08
6.49623e-09
1.00945e-08
7.49211e-09
1.1889e-08
9.7838e-09
7.67e-09
1.15408e-08
6.57223e-09
9.63528e-09
7.97747e-09
1.15369e-08
9.59304e-09
7.85722e-09
6.37686e-09
6.1301e-09
6.31007e-09
7.65871e-09
6.32723e-09
6.1857e-09
6.12655e-09
6.54583e-09
7.7194e-09
6.54079e-09
9.15975e-09
9.00367e-09
9.96517e-09
1.32307e-08
1.06184e-08
8.48437e-09
8.93896e-09
1.09443e-08
1.35253e-08
1.0776e-08
9.26861e-09
9.0117e-09
1.00441e-08
1.25706e-08
1.00933e-08
9.00356e-09
8.98069e-09
1.09188e-08
1.2967e-08
1.02126e-08
6.58402e-09
7.10861e-09
7.22674e-09
8.95555e-09
7.1274e-09
7.55506e-09
7.29872e-09
6.85084e-09
8.62654e-09
6.87121e-09
3.76698e-09
3.37697e-09
3.18814e-09
2.4578e-09
2.53777e-09
1.90268e-09
8.95256e-10
1.82055e-09
1.73193e-09
9.14636e-10
1.79739e-09
2.34795e-09
2.13566e-09
6.97092e-10
2.23319e-09
7.21466e-10
2.32149e-09
2.25707e-09
5.19341e-10
1.51952e-10
2.05776e-10
8.59543e-10
5.32916e-10
2.70171e-10
5.39552e-10
9.72116e-10
7.09554e-10
5.84673e-10
1.33582e-09
8.13121e-10
8.33516e-10
1.16324e-09
6.41552e-09
8.29892e-09
7.59979e-09
8.37659e-09
8.06287e-09
7.44161e-09
7.52805e-09
1.17146e-08
8.21582e-09
1.00954e-08
7.86596e-09
9.08798e-09
9.67561e-09
1.02893e-08
9.88128e-09
1.0176e-08
1.40778e-08
9.6885e-09
1.21278e-08
1.20049e-08
9.30804e-09
1.13744e-09
8.64752e-10
9.35914e-10
8.13531e-10
6.65013e-10
8.06732e-10
7.34013e-09
5.17886e-09
6.14192e-09
5.8409e-09
5.84025e-09
6.12954e-09
7.3459e-09
7.42908e-09
5.3621e-09
6.08579e-09
6.38171e-09
7.56152e-09
6.07826e-09
6.35005e-09
1.06756e-08
1.30119e-08
1.89397e-09
1.70733e-09
2.21945e-09
1.69604e-09
2.15066e-09
1.39618e-09
1.87291e-09
1.67024e-09
3.62171e-09
3.6283e-09
2.75013e-09
8.36893e-09
5.67684e-09
6.9854e-09
6.58589e-09
8.44378e-09
6.51499e-09
6.9513e-09
7.8087e-09
5.51745e-09
6.20184e-09
6.47989e-09
7.66632e-09
6.17684e-09
6.5168e-09
1.09661e-09
1.0182e-09
1.13277e-09
6.16455e-09
9.01762e-09
7.81252e-09
1.13944e-08
9.47491e-09
8.90913e-09
7.29678e-09
8.76669e-09
1.03469e-08
8.59543e-09
8.24763e-09
8.73012e-09
7.0633e-09
7.79732e-09
7.59493e-09
7.86053e-09
7.58813e-09
8.5889e-09
1.0179e-08
8.40513e-09
8.15115e-09
8.27915e-09
7.84289e-09
7.14372e-09
6.52492e-09
6.70503e-09
3.54804e-10
9.44903e-10
3.47995e-10
8.89726e-10
3.80604e-10
3.55467e-10
9.10803e-10
7.7837e-10
9.03371e-10
3.9867e-10
5.06927e-10
2.46632e-10
1.25232e-09
5.04828e-10
1.17552e-09
4.8578e-10
6.22486e-10
5.77022e-10
4.70417e-09
4.76403e-09
5.03719e-09
4.96465e-09
6.38744e-09
6.48376e-09
6.7355e-09
6.63899e-09
7.32198e-09
6.06309e-09
4.98513e-09
5.75007e-09
7.35259e-09
6.05028e-09
5.73535e-09
6.38886e-09
6.29486e-09
4.66599e-09
4.58946e-09
1.51761e-09
1.5666e-09
2.11484e-09
1.51086e-09
1.80523e-09
3.5269e-09
3.85323e-09
5.48627e-09
7.6886e-09
6.84623e-09
5.48596e-09
7.63614e-09
4.68087e-09
6.58311e-09
4.58248e-09
4.42449e-09
4.76706e-09
5.34682e-10
1.88885e-09
8.90419e-10
3.93628e-09
3.06626e-09
2.87887e-09
4.07856e-09
3.30591e-09
3.44734e-09
8.44428e-09
6.20361e-09
7.18187e-09
6.78529e-09
8.41516e-09
7.18108e-09
6.86098e-09
8.45421e-09
6.75387e-09
7.70137e-09
7.45236e-09
8.56061e-09
7.64555e-09
7.44221e-09
5.38989e-09
5.21125e-09
5.01708e-09
5.07055e-09
7.41244e-09
7.16787e-09
6.80588e-09
6.83199e-09
7.40015e-09
7.68581e-09
8.1069e-09
7.97321e-09
5.51762e-09
5.71656e-09
6.56014e-09
6.38245e-09
9.3391e-10
8.58065e-10
9.72969e-10
1.0799e-09
9.63043e-10
1.07546e-09
8.11148e-10
1.53118e-09
1.52553e-09
1.31261e-09
6.29307e-10
1.32664e-09
7.5336e-10
1.50561e-09
1.465e-09
3.03528e-10
1.36971e-09
1.64078e-09
6.26759e-10
4.69235e-10
2.49851e-10
3.31967e-10
7.23503e-10
4.88303e-09
5.06095e-09
4.28822e-09
4.36136e-09
5.06071e-09
4.40149e-09
4.90871e-09
4.87565e-09
4.47553e-09
4.4103e-09
4.81796e-09
4.48965e-09
4.83295e-09
4.85545e-09
4.7088e-09
4.70957e-09
5.10809e-09
4.77329e-09
3.56888e-09
5.84079e-09
5.17313e-09
7.05683e-10
2.78256e-10
6.28894e-10
3.82856e-10
1.53332e-09
5.071e-10
2.2086e-09
2.0531e-09
3.1678e-09
1.6935e-09
1.39796e-09
2.27735e-09
2.91966e-09
1.19638e-09
1.94615e-09
3.50962e-09
1.89448e-09
5.82101e-09
5.34167e-09
4.24779e-09
4.46016e-09
5.40502e-09
4.37162e-09
5.68155e-09
6.17018e-09
4.82377e-09
6.27694e-09
4.65616e-09
6.47412e-09
4.58062e-09
5.99718e-09
4.75953e-09
4.84111e-09
4.95079e-09
5.04054e-09
7.51487e-09
1.00564e-08
7.85849e-09
6.38677e-09
6.34124e-09
8.94796e-09
7.83196e-09
5.69253e-09
6.69121e-09
6.11692e-09
7.00216e-09
5.56955e-09
6.22717e-09
6.722e-09
7.70076e-09
8.97287e-09
8.57921e-09
7.33259e-09
7.49443e-09
8.98719e-09
7.44655e-09
5.38407e-09
6.57189e-09
5.13259e-09
6.4964e-09
4.82776e-09
6.04165e-09
6.24069e-09
1.78438e-08
1.62987e-08
1.83998e-08
1.64788e-08
1.54294e-08
2.26488e-08
1.59813e-08
8.98571e-09
1.09304e-08
9.84347e-09
1.2004e-08
8.62719e-09
1.08561e-08
1.00958e-08
5.61763e-09
4.29537e-09
5.17934e-09
4.29193e-09
5.10568e-09
4.56365e-09
5.83456e-09
7.78871e-09
9.62886e-09
6.55526e-09
8.33089e-09
6.91678e-09
7.56138e-09
9.42171e-09
6.55101e-09
7.51635e-09
4.84241e-09
6.08846e-09
5.25694e-09
6.58684e-09
7.43263e-09
3.34751e-09
3.26622e-09
2.70194e-09
2.72643e-09
3.30561e-09
2.74119e-09
3.30071e-09
3.38205e-09
2.83558e-09
3.41798e-09
2.76851e-09
3.45468e-09
2.77155e-09
3.3503e-09
4.64572e-09
5.22316e-09
4.04883e-09
3.04272e-09
3.5459e-09
5.14073e-09
4.27567e-09
4.33612e-09
6.22257e-09
5.58084e-09
5.51355e-09
5.01373e-09
4.7984e-09
5.42115e-09
5.81828e-09
6.47249e-09
7.59975e-09
6.43462e-09
6.75368e-09
6.55371e-09
5.41879e-09
3.38892e-09
2.75873e-09
3.33173e-09
4.37246e-09
2.62198e-09
3.83608e-09
4.42141e-09
5.73551e-09
6.6968e-09
5.31439e-09
6.46316e-09
5.4706e-09
6.81674e-09
5.62924e-09
4.79369e-09
4.15106e-09
4.81208e-09
3.9892e-09
4.72429e-09
4.42641e-09
4.67033e-09
5.9718e-09
6.75395e-09
5.88126e-09
7.34583e-09
6.16016e-09
5.48198e-09
7.03409e-09
4.78191e-09
4.71008e-09
4.24559e-09
4.43187e-09
4.5034e-09
4.79376e-09
4.76101e-09
3.26599e-09
3.45654e-09
3.66862e-09
3.21153e-09
3.51593e-09
3.25274e-09
3.08807e-09
3.4263e-09
4.2307e-09
4.10247e-09
4.64302e-09
3.95176e-09
3.35943e-09
4.15176e-09
2.7967e-09
1.81335e-09
3.10519e-09
2.51662e-09
2.7803e-09
2.43494e-09
2.2985e-09
3.44374e-09
3.2812e-09
2.72633e-09
3.16543e-09
3.14412e-09
3.42534e-09
2.98648e-09
3.6531e-09
3.52152e-09
3.75721e-09
3.02197e-09
3.88981e-09
3.37971e-09
3.23212e-09
3.86959e-09
3.78129e-09
4.1861e-09
4.05962e-09
4.07112e-09
3.69224e-09
3.8616e-09
3.1419e-09
2.46693e-09
2.771e-09
2.66173e-09
2.99311e-09
2.7523e-09
2.70132e-09
3.26618e-09
3.30785e-09
3.38063e-09
3.30908e-09
3.2692e-09
3.20248e-09
3.15541e-09
3.20636e-09
3.24255e-09
3.22998e-09
2.67712e-09
2.62816e-09
3.28355e-09
2.63638e-09
3.19875e-09
3.22107e-09
2.57353e-09
3.13779e-09
2.5944e-09
3.18583e-09
2.60925e-09
3.16474e-09
1.21451e-08
7.46151e-09
1.45323e-08
1.44715e-08
1.71622e-08
8.77836e-09
8.58258e-09
9.60079e-09
6.77519e-09
1.14546e-08
1.21093e-08
1.44017e-08
7.70529e-09
6.7573e-09
3.6387e-09
2.35182e-09
2.15681e-09
3.99163e-09
3.62951e-09
4.04997e-09
2.37402e-09
2.03266e-09
7.27606e-10
7.98912e-10
8.16407e-10
2.1609e-09
3.98953e-09
3.61813e-09
1.90859e-09
4.03682e-09
2.16129e-09
1.94461e-09
4.58056e-09
4.36876e-09
3.8411e-09
4.01747e-09
4.0721e-09
4.40466e-09
4.54286e-09
4.7078e-09
4.39537e-09
4.75728e-09
4.1905e-09
4.79335e-09
4.254e-09
4.67359e-09
8.09249e-10
8.79965e-10
8.80351e-10
1.90042e-09
1.55328e-09
3.36469e-09
3.22399e-09
3.57856e-09
1.87567e-09
1.73471e-09
2.11649e-09
3.88061e-09
1.90688e-09
3.3807e-09
2.15703e-09
3.7376e-09
1.84502e-09
7.31541e-09
5.17325e-09
5.91773e-09
6.19316e-09
7.34989e-09
5.89109e-09
6.18923e-09
7.39796e-09
5.38934e-09
6.0184e-09
6.2908e-09
7.35961e-09
6.01941e-09
6.27694e-09
1.09261e-08
5.00643e-09
5.04554e-09
5.93313e-09
2.59337e-09
2.1412e-09
1.97977e-09
2.09783e-09
2.45979e-09
2.58375e-09
2.3309e-09
2.74948e-09
5.16076e-09
2.60044e-09
3.96118e-09
3.79735e-09
3.38532e-09
3.18918e-09
2.31484e-09
3.45931e-09
1.98299e-09
2.62604e-09
3.02764e-09
2.35008e-09
2.03491e-09
2.45956e-09
2.09845e-09
2.57308e-09
2.15645e-09
2.06482e-09
1.84332e-09
2.72717e-09
1.75383e-09
2.41599e-09
2.75763e-09
1.86574e-09
1.49942e-09
1.51721e-09
1.47e-09
2.00599e-09
1.56345e-09
1.61375e-09
2.44071e-09
2.5949e-09
2.14433e-09
2.24043e-09
2.82315e-09
2.31387e-09
2.52757e-09
1.83098e-09
1.83611e-09
1.63742e-09
2.47542e-09
1.45246e-09
2.17369e-09
1.95049e-09
1.69977e-09
1.55023e-09
1.06999e-09
1.56771e-09
1.6024e-09
1.87998e-09
1.35332e-09
1.71968e-09
1.48057e-09
2.66978e-09
1.8789e-09
2.16422e-09
1.67738e-09
1.7794e-09
7.31158e-09
7.39773e-09
6.47435e-09
5.73463e-09
5.71705e-09
8.11619e-09
7.14197e-09
7.08482e-09
5.05832e-09
6.53178e-09
5.40909e-09
6.71518e-09
5.47398e-09
6.81333e-09
2.5773e-09
2.28648e-09
3.98659e-09
3.68807e-09
4.00383e-09
2.61814e-09
2.36781e-09
2.38127e-09
1.98734e-09
1.86079e-09
2.59594e-09
4.30104e-09
3.78114e-09
2.41064e-09
4.13075e-09
2.63302e-09
2.39786e-09
3.14044e-09
3.85607e-09
5.8636e-09
4.66926e-09
5.04528e-09
4.43435e-09
3.12475e-09
3.36966e-09
2.11172e-09
2.37182e-09
2.97704e-09
4.43056e-09
4.32878e-09
2.47915e-09
4.82294e-09
2.58208e-09
2.70952e-09
8.35463e-09
5.66561e-09
6.41083e-09
6.77137e-09
8.23243e-09
6.41435e-09
6.8461e-09
7.91205e-09
5.46648e-09
6.25808e-09
6.67864e-09
8.10744e-09
6.26097e-09
6.58094e-09
4.28205e-09
4.64553e-09
4.96403e-09
4.80147e-09
3.04889e-09
2.99584e-09
2.96911e-09
2.99413e-09
3.02411e-09
2.99253e-09
2.44437e-09
2.41245e-09
2.41905e-09
3.04984e-09
2.972e-09
3.01016e-09
2.3796e-09
2.93805e-09
2.3918e-09
2.99235e-09
2.39907e-09
2.95266e-09
8.90387e-10
9.08389e-10
2.0236e-09
1.69158e-09
1.99777e-09
8.83671e-10
9.23348e-10
1.03987e-09
1.15614e-09
8.94255e-10
1.67277e-09
1.97855e-09
9.32028e-10
2.35698e-08
7.87538e-09
9.8637e-09
6.70059e-09
1.03384e-08
5.77418e-09
7.74226e-09
9.77077e-09
6.80309e-09
8.68081e-09
1.46543e-08
1.41831e-08
1.26496e-08
8.92898e-09
2.59477e-08
1.15989e-08
4.50141e-09
2.76083e-08
6.64954e-09
1.66869e-08
4.55867e-09
5.64441e-09
1.50974e-08
4.81692e-09
8.10607e-09
3.75191e-09
5.34481e-09
3.21102e-09
7.30154e-09
3.34275e-09
1.21836e-08
1.30596e-08
1.14974e-08
1.04979e-08
1.11351e-08
1.2597e-08
1.23501e-08
1.29645e-08
1.24711e-08
1.32692e-08
1.16079e-08
1.25779e-08
1.33305e-08
1.208e-08
1.36241e-08
1.41234e-08
1.41017e-08
1.4591e-08
1.32053e-08
1.39658e-08
1.4151e-08
1.17739e-08
1.03179e-08
1.02018e-08
1.09155e-08
1.08648e-08
1.17572e-08
1.09888e-08
1.0343e-08
2.57998e-08
1.34899e-08
1.04603e-08
2.16022e-08
7.41675e-09
1.20871e-08
9.14799e-09
9.19149e-09
1.90614e-08
2.26979e-08
5.7522e-09
2.36128e-08
1.42646e-08
6.80102e-09
1.54319e-08
1.10125e-08
7.9352e-09
5.74619e-09
2.01717e-08
5.87294e-09
1.32593e-08
1.3865e-08
1.66501e-08
1.45071e-08
1.9822e-08
1.38826e-08
1.51831e-08
1.20366e-08
3.95276e-08
1.03338e-08
1.39604e-08
6.86785e-09
6.86912e-09
5.66142e-09
6.81047e-09
1.09707e-08
2.46162e-09
1.34341e-08
5.16764e-09
5.95569e-09
7.35491e-09
9.07679e-09
7.28089e-09
8.61433e-09
1.08295e-08
7.77881e-09
1.03952e-08
1.18237e-08
3.4701e-08
7.14387e-09
3.1987e-08
1.17018e-08
2.00181e-08
1.09056e-08
9.92046e-09
1.04636e-08
3.00012e-08
4.92744e-08
1.89182e-08
1.68663e-08
4.65814e-08
1.13413e-08
6.44224e-09
1.67418e-08
2.03685e-08
1.09122e-08
1.51785e-08
2.68469e-08
6.76812e-09
1.56816e-08
7.58764e-08
2.73938e-08
6.89649e-08
2.087e-08
7.32686e-08
2.30763e-08
1.55098e-08
1.70299e-08
1.70748e-08
1.69104e-08
1.63978e-08
1.60577e-08
1.64366e-08
1.30583e-08
9.88714e-09
1.32098e-08
8.96561e-09
1.26616e-08
1.22718e-08
9.53922e-09
1.52104e-08
1.62411e-08
1.53663e-08
1.59477e-08
1.57413e-08
1.64042e-08
1.47954e-08
3.24221e-08
1.05836e-08
3.90246e-09
3.96722e-08
2.0388e-08
8.48557e-08
1.0833e-07
5.68474e-08
1.61704e-08
3.17614e-08
1.70611e-08
1.84177e-08
2.53754e-08
1.43372e-08
1.63894e-08
1.3102e-08
9.95865e-09
2.7683e-08
2.52018e-08
6.77027e-09
2.98863e-08
1.54758e-08
1.01559e-08
2.5906e-08
1.9208e-08
7.38406e-09
7.14626e-09
2.89943e-08
7.87985e-09
1.64256e-08
1.69994e-08
1.56073e-08
1.59529e-08
1.75129e-08
1.65792e-08
1.59559e-08
9.26154e-09
7.50069e-09
8.12694e-09
7.85076e-09
8.9406e-09
8.19891e-09
7.96893e-09
8.78219e-09
7.01773e-09
8.02663e-09
7.79404e-09
8.98788e-09
7.98147e-09
7.7409e-09
9.5248e-09
9.48701e-09
9.33143e-09
9.17233e-09
8.766e-09
8.23918e-09
8.94799e-09
8.63916e-09
9.19936e-09
8.75672e-09
8.96235e-09
8.93211e-09
1.14812e-08
1.28643e-08
1.28991e-08
1.1374e-08
1.09519e-08
1.25406e-08
1.11233e-08
1.24956e-08
8.67771e-09
1.36781e-08
1.18224e-08
1.13224e-08
1.14106e-08
1.14871e-08
9.81228e-09
1.23193e-08
8.60859e-09
8.24931e-09
8.62649e-09
9.07135e-09
8.67885e-09
8.68625e-09
8.69814e-09
8.77679e-09
8.81239e-09
9.06956e-09
8.73097e-09
8.68958e-09
1.37756e-08
1.46597e-08
1.26248e-08
1.38671e-08
1.27879e-08
1.37586e-08
1.46422e-08
1.33403e-08
1.2685e-08
1.34505e-08
1.19787e-08
1.35998e-08
1.31886e-08
1.23154e-08
1.44444e-08
1.48873e-08
1.43606e-08
1.51443e-08
1.46038e-08
1.418e-08
1.51205e-08
1.2452e-08
1.1272e-08
1.01682e-08
1.11575e-08
1.13984e-08
1.25666e-08
1.13301e-08
1.22831e-08
1.42617e-08
1.09343e-08
1.31883e-08
1.12379e-08
1.20918e-08
1.40569e-08
1.06763e-08
9.81493e-09
1.1977e-08
8.25342e-09
1.20111e-08
1.04217e-08
8.32064e-09
1.3296e-08
1.49324e-08
1.43969e-08
1.55736e-08
1.44587e-08
1.32106e-08
1.48814e-08
9.46409e-09
8.36523e-09
6.74161e-09
7.15864e-09
8.48974e-09
9.29994e-09
7.41351e-09
1.5631e-08
1.506e-08
1.5161e-08
1.47161e-08
1.5182e-08
1.53014e-08
1.52936e-08
1.51761e-08
1.45684e-08
1.75214e-08
1.81179e-08
1.59148e-08
1.61526e-08
1.61987e-08
1.55055e-08
1.52416e-08
1.59898e-08
1.53489e-08
1.54395e-08
1.55869e-08
1.53157e-08
1.57418e-08
1.54582e-08
1.57231e-08
1.59633e-08
1.5905e-08
1.53007e-08
1.55134e-08
6.82569e-09
7.1828e-09
8.46287e-09
8.19247e-09
8.44087e-09
8.70956e-09
8.83055e-09
7.73751e-09
8.52788e-09
8.24683e-09
7.765e-09
7.2826e-09
8.09602e-09
7.42859e-09
7.97196e-09
8.19676e-09
6.81761e-09
7.72893e-09
7.76238e-09
6.88313e-09
5.63835e-09
6.48011e-09
5.70549e-09
6.45639e-09
6.65375e-09
7.46429e-09
7.59924e-09
6.66856e-09
5.6104e-09
6.59597e-09
5.71807e-09
6.42542e-09
6.91193e-09
6.6888e-09
7.86428e-09
7.16167e-09
7.50509e-09
7.71788e-09
7.12071e-09
7.8028e-09
7.72657e-09
7.90495e-09
8.02877e-09
7.41941e-09
7.54974e-09
7.28196e-09
8.05476e-09
7.96413e-09
6.95879e-09
7.25767e-09
8.02297e-09
6.47123e-09
5.63218e-09
7.16521e-09
5.92481e-09
6.91743e-09
7.11243e-09
7.61513e-09
7.16711e-09
8.03174e-09
5.91654e-09
6.65308e-09
5.63725e-09
6.83688e-09
8.43062e-10
9.8252e-10
8.89206e-10
8.23566e-10
3.58131e-10
3.6905e-10
1.23502e-09
9.88203e-10
9.91073e-10
8.84011e-10
3.64411e-10
3.41003e-10
1.06725e-09
1.23361e-09
9.5899e-10
9.92212e-10
1.27378e-09
9.23029e-10
3.93545e-09
4.14741e-09
3.60144e-09
3.31624e-09
4.18126e-09
3.31896e-09
3.90963e-09
3.7182e-09
2.92921e-09
3.52879e-09
3.0945e-09
3.55148e-09
3.10476e-09
3.69127e-09
9.52417e-10
8.88585e-10
2.26062e-09
1.95309e-09
2.29488e-09
9.35738e-10
8.95709e-10
7.41992e-10
7.95818e-10
8.76598e-10
9.59625e-10
2.38389e-09
1.98656e-09
8.92104e-10
2.3226e-09
9.84068e-10
8.9953e-10
1.25096e-09
1.31355e-09
3.15405e-09
2.5149e-09
1.4928e-09
2.85091e-09
1.06784e-09
5.33582e-10
6.80045e-10
4.93575e-10
1.10086e-09
2.46731e-09
2.29246e-09
9.02683e-10
2.65535e-09
9.99511e-10
9.45544e-10
2.02687e-09
1.96583e-09
1.92964e-09
4.50653e-10
1.02426e-09
1.09672e-09
1.91592e-09
1.80726e-09
1.86341e-09
1.23329e-09
1.54792e-09
1.36191e-09
4.80495e-10
8.97789e-10
7.47912e-10
1.63602e-09
1.69912e-09
1.51996e-09
4.86136e-09
4.77043e-09
6.02997e-09
5.51193e-09
5.82756e-09
6.13688e-09
5.48192e-09
6.15556e-09
6.01469e-09
6.04311e-09
6.2038e-09
5.57951e-09
5.84384e-09
5.49675e-09
6.10695e-09
6.14251e-09
5.60135e-09
6.29619e-09
6.34929e-09
5.54612e-09
4.73509e-09
5.2679e-09
4.73475e-09
5.26031e-09
5.59748e-09
6.3717e-09
6.35145e-09
5.59214e-09
4.72763e-09
5.18042e-09
4.67946e-09
5.21827e-09
4.91747e-09
4.97795e-09
6.22025e-09
5.72798e-09
6.0597e-09
6.36669e-09
5.6711e-09
6.3102e-09
6.28946e-09
6.20285e-09
6.27156e-09
5.66529e-09
6.05e-09
5.64222e-09
6.18267e-09
6.29972e-09
5.45312e-09
6.22958e-09
6.21474e-09
5.49037e-09
4.58383e-09
5.01213e-09
4.52759e-09
5.05746e-09
5.47979e-09
6.19593e-09
6.23755e-09
5.40551e-09
4.61782e-09
5.13875e-09
4.63688e-09
5.11739e-09
6.57251e-09
6.45293e-09
7.2092e-09
8.17292e-09
7.60286e-09
7.19088e-09
7.66464e-09
7.71718e-09
7.23968e-09
8.22649e-09
7.25447e-09
7.63454e-09
1.19012e-08
1.3657e-08
1.20029e-08
1.35449e-08
1.18654e-08
1.35002e-08
1.18323e-08
1.35121e-08
6.56046e-09
6.64697e-09
7.45486e-09
8.31346e-09
7.88932e-09
7.41941e-09
7.78931e-09
7.69406e-09
7.35736e-09
8.20337e-09
7.32736e-09
7.79052e-09
1.17172e-08
1.33798e-08
1.17154e-08
1.33628e-08
1.17542e-08
1.33903e-08
1.17596e-08
1.34231e-08
7.13378e-09
7.60937e-09
8.18742e-09
7.12366e-09
7.5624e-09
1.16564e-08
1.33316e-08
1.16805e-08
1.331e-08
5.8858e-09
5.42252e-09
6.06851e-09
5.65208e-09
5.95307e-09
5.35749e-09
6.01212e-09
4.49483e-09
4.97839e-09
4.48297e-09
4.98001e-09
5.33189e-09
6.12292e-09
5.34407e-09
6.10342e-09
4.47029e-09
4.94522e-09
2.83191e-08
7.11555e-08
2.38494e-08
1.21082e-08
3.9085e-08
8.81191e-08
5.88719e-08
1.32801e-08
1.32983e-08
1.29233e-08
1.29663e-08
1.36684e-08
1.20184e-08
1.19061e-08
1.247e-08
1.2102e-08
3.00034e-08
6.49883e-09
1.42286e-08
2.06115e-08
1.42815e-08
1.44283e-08
1.46644e-08
1.45078e-08
1.49449e-08
1.50067e-08
1.47725e-08
1.49034e-08
1.3622e-08
1.36765e-08
1.41624e-08
1.39701e-08
1.49213e-08
1.47638e-08
1.43273e-08
1.46232e-08
1.66406e-09
1.54128e-09
2.70464e-09
2.00631e-09
2.4368e-09
1.95464e-09
1.1014e-09
1.40305e-09
9.25276e-10
1.54527e-09
1.53251e-09
1.87318e-09
1.27841e-09
8.43703e-10
1.50584e-09
1.78998e-09
2.29364e-09
9.93683e-10
1.76688e-09
1.12719e-09
1.67071e-09
7.02837e-09
6.01772e-09
5.5297e-09
5.11535e-09
6.37836e-09
7.06534e-09
5.81172e-09
9.70861e-09
1.12492e-08
1.06009e-08
1.00164e-08
1.08611e-08
9.21496e-09
1.02717e-08
8.6319e-09
7.34231e-09
9.0818e-09
9.80721e-09
7.88066e-09
9.78233e-09
8.42229e-09
8.16828e-09
6.33986e-09
8.8464e-09
7.58142e-09
7.91374e-09
6.865e-09
8.76895e-09
3.1604e-09
2.09199e-09
4.29976e-09
3.66465e-09
2.82897e-09
2.61414e-09
4.17851e-09
2.5132e-09
2.5831e-09
1.55394e-09
2.84431e-09
2.05861e-09
2.24658e-09
2.90246e-09
1.83015e-09
1.20194e-09
1.05825e-09
1.29432e-09
1.53046e-09
1.7545e-09
1.57691e-09
3.93747e-09
4.98434e-09
4.09843e-09
5.79241e-09
3.37938e-09
5.19913e-09
4.52295e-09
2.34024e-09
1.84778e-09
1.70409e-09
1.90121e-09
1.81412e-09
1.45994e-09
1.50259e-09
1.65635e-09
2.14227e-09
1.73004e-09
2.08596e-09
1.70075e-09
1.63302e-09
1.96768e-09
1.65627e-09
2.27608e-09
1.48754e-09
1.76106e-09
1.58461e-09
1.5171e-09
1.64708e-09
1.92874e-09
1.60973e-09
7.29284e-09
7.05031e-09
3.10409e-09
3.1748e-09
3.66622e-09
2.33229e-09
3.22236e-09
4.19939e-09
2.97523e-09
5.14264e-09
4.80503e-09
6.08979e-09
4.26041e-09
5.32845e-09
4.34659e-09
5.17465e-09
2.7289e-09
2.87548e-09
3.60916e-09
2.74715e-09
2.48776e-09
3.71048e-09
2.00997e-09
2.39076e-09
1.82894e-09
2.15918e-09
2.36368e-09
1.86256e-09
2.31827e-09
2.12506e-09
3.37177e-09
2.58173e-09
3.32901e-09
2.33549e-09
3.21493e-09
2.65202e-09
2.37149e-09
1.89503e-09
1.96541e-09
2.31851e-09
2.79966e-09
2.0451e-09
8.84535e-09
8.19074e-09
8.54048e-09
7.66256e-09
8.08594e-09
9.09403e-09
8.24016e-09
1.04371e-08
1.14757e-08
1.1041e-08
1.03169e-08
1.11227e-08
1.06008e-08
1.01011e-08
9.60849e-09
8.13427e-09
9.03555e-09
1.01322e-08
8.5805e-09
1.01479e-08
9.39256e-09
9.31158e-09
7.92804e-09
9.30184e-09
8.02337e-09
9.22356e-09
9.34499e-09
8.33866e-09
4.6012e-09
4.09562e-09
4.80546e-09
5.76665e-09
4.96656e-09
4.21674e-09
4.33352e-09
4.5267e-09
6.64028e-09
6.1872e-09
4.81931e-09
5.66255e-09
4.56207e-09
4.93724e-09
4.59845e-09
3.80733e-09
5.86047e-09
4.32365e-09
5.45008e-09
4.46693e-09
4.00845e-09
4.29548e-09
4.41588e-09
4.03601e-09
3.88974e-09
4.31775e-09
4.12357e-09
4.26665e-09
3.4069e-09
2.82303e-09
3.16655e-09
2.72779e-09
3.37156e-09
2.92273e-09
3.3185e-09
4.71429e-09
6.46713e-09
4.47654e-09
6.22362e-09
4.86795e-09
4.19481e-09
6.76785e-09
3.26718e-09
3.12596e-09
3.00289e-09
3.58482e-09
3.06873e-09
2.70215e-09
3.62712e-09
8.36906e-09
6.00611e-09
5.78408e-09
5.73166e-09
6.45659e-09
6.78031e-09
7.45188e-09
9.50324e-09
7.62782e-09
6.09504e-09
5.91617e-09
7.6176e-09
7.84481e-09
7.39099e-09
7.53107e-09
6.9547e-09
7.04189e-09
1.04692e-08
7.35922e-09
1.64125e-08
8.73562e-09
8.61146e-09
5.77141e-09
6.8188e-09
5.99214e-09
6.22672e-09
7.11629e-09
6.97257e-09
5.53967e-09
5.10394e-09
4.12237e-09
5.25617e-09
4.58664e-09
6.61976e-09
4.58782e-09
6.93702e-09
4.75733e-09
5.26233e-09
5.40249e-09
4.29813e-09
6.92874e-09
5.55126e-09
4.73441e-09
3.87214e-09
3.90729e-09
4.76699e-09
4.33448e-09
3.7812e-09
4.53201e-09
4.19595e-09
3.78781e-09
3.58387e-09
3.59638e-09
3.94409e-09
4.15054e-09
3.17569e-09
5.90559e-09
5.33626e-09
5.50564e-09
5.32032e-09
6.55577e-09
4.75503e-09
5.14728e-09
4.18541e-10
8.89131e-10
2.07207e-10
2.5148e-09
1.96476e-09
1.43955e-09
1.62398e-09
9.07024e-10
4.52163e-10
3.75417e-09
2.34414e-09
2.68629e-09
2.28691e-09
3.66048e-09
2.0761e-09
1.46149e-09
3.73395e-09
1.84281e-09
3.64702e-09
4.49346e-09
4.801e-09
5.27348e-09
4.0801e-09
5.26424e-09
2.96428e-09
1.02169e-09
1.30941e-09
1.26863e-09
1.56892e-09
1.22555e-09
9.80199e-10
1.16116e-09
1.74209e-09
2.98521e-09
2.29371e-09
2.62371e-09
2.01791e-09
2.06794e-09
2.40706e-09
1.28121e-09
1.4049e-09
2.02976e-09
1.68245e-09
1.65349e-09
1.05142e-09
1.50617e-09
1.43173e-09
1.88734e-09
2.39669e-09
1.9058e-09
1.7233e-09
1.35068e-09
2.04316e-09
1.81887e-09
2.39181e-09
1.81074e-09
1.69253e-09
2.29337e-09
2.15727e-09
1.46606e-09
2.66673e-09
3.59791e-09
3.44889e-09
3.41808e-09
3.35102e-09
2.84972e-09
3.12495e-09
2.78399e-09
2.12885e-09
2.95315e-09
2.25458e-09
2.61442e-09
3.08728e-09
3.13266e-09
2.74062e-09
2.6412e-09
2.51507e-09
1.98657e-09
1.98324e-09
3.02148e-09
2.09391e-09
2.41582e-09
1.52756e-09
2.65161e-09
4.07859e-09
3.27946e-09
3.80013e-09
3.09309e-09
3.19527e-09
4.00902e-09
3.87837e-09
4.8062e-09
7.0872e-09
5.08442e-09
5.91415e-09
5.29094e-09
6.02227e-09
4.59748e-09
2.08095e-09
2.41277e-09
3.03235e-09
2.90284e-09
2.52482e-09
2.45226e-09
2.61112e-09
2.3052e-09
3.31076e-09
2.44629e-09
3.4871e-09
2.62848e-09
2.13117e-09
3.49e-09
1.67183e-09
2.15784e-09
2.05994e-09
1.76025e-09
2.14735e-09
1.46763e-09
2.11315e-09
2.72527e-09
3.50807e-09
3.89568e-09
3.90673e-09
3.08445e-09
3.32865e-09
3.69212e-09
4.31483e-09
3.98633e-09
3.58957e-09
3.23975e-09
4.49815e-09
4.1405e-09
3.23826e-09
5.32433e-09
5.41233e-09
6.12346e-09
5.5051e-09
6.44607e-09
5.55654e-09
5.09489e-09
8.37589e-09
6.27214e-09
7.37869e-09
7.08773e-09
8.4084e-09
7.3238e-09
6.98807e-09
8.44784e-09
6.76107e-09
7.48941e-09
7.25579e-09
8.39431e-09
7.54666e-09
7.30909e-09
5.08588e-09
5.19713e-09
6.49933e-09
6.15885e-09
6.13003e-09
6.80568e-09
6.03836e-09
6.67128e-09
6.66405e-09
6.46512e-09
6.62462e-09
6.03134e-09
6.09022e-09
5.97203e-09
6.39012e-09
6.65243e-09
5.68496e-09
6.5565e-09
6.5057e-09
5.70856e-09
4.81414e-09
5.30714e-09
4.74485e-09
5.36648e-09
5.68865e-09
6.44066e-09
5.6467e-09
6.49154e-09
4.80904e-09
5.48011e-09
4.84871e-09
5.4327e-09
5.11777e-09
5.0118e-09
6.33374e-09
5.82246e-09
6.09141e-09
6.42853e-09
5.75716e-09
6.31139e-09
6.43948e-09
6.30326e-09
6.51888e-09
5.84501e-09
6.0567e-09
5.83211e-09
6.40766e-09
6.46249e-09
5.88623e-09
6.66986e-09
6.72912e-09
5.79576e-09
5.01804e-09
5.72971e-09
5.03938e-09
5.69274e-09
5.86465e-09
6.81006e-09
6.72141e-09
5.95371e-09
4.9601e-09
5.54221e-09
4.8785e-09
5.61959e-09
7.08215e-09
7.14996e-09
8.09046e-09
9.23322e-09
8.61991e-09
8.10342e-09
8.52206e-09
8.39814e-09
7.88285e-09
9.12738e-09
7.99e-09
8.48905e-09
1.2204e-08
1.36964e-08
1.20575e-08
1.38683e-08
1.22263e-08
1.40653e-08
1.38631e-08
1.24025e-08
6.9612e-09
6.9047e-09
7.55088e-09
8.60852e-09
7.96268e-09
7.62564e-09
8.06336e-09
8.25871e-09
7.84721e-09
8.71415e-09
7.68378e-09
8.17118e-09
1.25621e-08
1.42287e-08
1.42898e-08
1.25635e-08
1.25216e-08
1.40965e-08
1.41584e-08
1.23963e-08
7.84554e-09
7.64341e-09
8.28535e-09
9.0786e-09
8.56536e-09
8.21551e-09
8.65819e-09
8.67438e-09
8.40219e-09
9.12254e-09
8.37026e-09
8.59031e-09
1.17968e-08
1.3228e-08
1.17383e-08
1.3293e-08
1.20064e-08
1.37685e-08
1.35123e-08
1.21745e-08
7.80466e-09
7.94499e-09
8.57329e-09
8.71522e-09
8.98001e-09
8.54574e-09
8.70782e-09
8.69211e-09
8.42577e-09
8.99125e-09
8.50784e-09
8.70734e-09
1.24453e-08
1.42602e-08
1.40833e-08
1.2573e-08
1.24404e-08
1.37477e-08
1.40824e-08
1.22038e-08
6.03715e-09
5.79754e-09
6.94954e-09
6.3641e-09
6.7048e-09
6.97774e-09
6.4017e-09
6.8246e-09
7.07115e-09
7.02516e-09
7.22593e-09
6.62241e-09
6.80707e-09
6.47709e-09
7.19962e-09
7.09172e-09
6.60839e-09
7.23682e-09
7.34728e-09
6.43202e-09
5.6818e-09
6.53104e-09
5.70413e-09
6.47255e-09
6.58614e-09
7.40872e-09
6.63385e-09
7.3673e-09
5.65255e-09
6.20741e-09
5.50403e-09
6.3774e-09
6.16759e-09
6.37168e-09
7.50465e-09
7.04089e-09
7.63877e-09
7.3638e-09
7.66628e-09
6.95619e-09
7.53351e-09
7.46625e-09
7.38535e-09
6.82357e-09
7.33116e-09
6.83943e-09
7.34645e-09
7.47423e-09
6.22203e-09
7.11785e-09
7.04943e-09
6.36263e-09
5.22841e-09
5.78117e-09
5.15578e-09
5.8676e-09
6.24123e-09
6.96876e-09
6.08739e-09
7.06971e-09
5.34768e-09
6.09207e-09
5.42647e-09
5.96877e-09
4.03808e-09
3.72295e-09
3.42468e-09
3.56173e-09
3.04907e-09
3.0887e-09
3.15883e-09
3.09106e-09
3.09855e-09
3.01767e-09
2.46549e-09
2.48068e-09
3.06899e-09
2.4917e-09
3.04221e-09
3.12521e-09
2.55154e-09
3.10576e-09
2.50943e-09
3.16369e-09
2.51755e-09
3.07532e-09
9.19006e-10
8.87939e-10
2.23651e-09
1.87158e-09
2.19681e-09
9.28459e-10
8.94316e-10
8.86102e-10
1.00344e-09
9.9795e-10
9.13002e-10
2.13943e-09
1.84232e-09
8.92112e-10
2.1699e-09
9.0219e-10
8.96289e-10
8.9423e-10
9.04492e-10
2.04147e-09
1.74841e-09
8.85832e-10
2.06312e-09
9.0765e-10
9.42337e-10
1.02149e-09
1.05633e-09
8.97709e-10
2.11881e-09
1.77168e-09
8.94244e-10
2.08732e-09
8.98192e-10
9.04279e-10
8.30845e-10
1.55021e-09
2.29205e-09
2.31481e-09
2.26734e-09
2.33803e-09
2.29147e-09
2.08196e-09
2.12636e-09
2.07865e-09
6.66335e-10
1.41747e-09
1.37412e-09
2.16873e-09
2.18374e-09
2.12387e-09
7.31578e-10
1.44748e-09
1.44359e-09
2.26733e-09
2.2446e-09
2.20662e-09
2.21161e-09
2.2359e-09
2.19067e-09
1.42052e-08
1.40985e-08
1.4041e-08
1.40703e-08
1.3997e-08
1.39918e-08
1.39965e-08
1.401e-08
1.39652e-08
1.39424e-08
1.39134e-08
5.39298e-09
5.42914e-09
5.05648e-09
5.75306e-09
5.73972e-09
5.47866e-09
5.20927e-09
6.66538e-09
5.64293e-09
5.76046e-09
6.11872e-09
6.21493e-09
6.52391e-09
6.11801e-09
3.76635e-09
3.38748e-09
3.78734e-09
3.5135e-09
3.81172e-09
3.71812e-09
3.54941e-09
3.64955e-09
3.27833e-09
3.74612e-09
3.47443e-09
3.69524e-09
3.72281e-09
3.44212e-09
1.29345e-08
1.29215e-08
1.4285e-08
1.64505e-08
1.60095e-08
1.39935e-08
1.39302e-08
4.98789e-09
4.68735e-09
4.83751e-09
4.62535e-09
5.03015e-09
4.83173e-09
4.79707e-09
1.52097e-08
1.94034e-08
1.40307e-08
1.8367e-08
1.53966e-08
1.92218e-08
1.38807e-08
1.51657e-08
1.41525e-08
1.84287e-08
1.92247e-08
1.91596e-08
1.39668e-08
1.52168e-08
2.23859e-08
8.23889e-09
6.99681e-09
9.24004e-09
7.81628e-09
7.87899e-09
9.0604e-09
7.59898e-09
1.61042e-08
1.97567e-08
1.4485e-08
1.95617e-08
1.57177e-08
2.01164e-08
1.50735e-08
1.6354e-08
1.55946e-08
2.03044e-08
1.99887e-08
2.03653e-08
1.63654e-08
1.55719e-08
3.41263e-09
3.03897e-09
3.50828e-09
3.22382e-09
3.49109e-09
3.44323e-09
3.20257e-09
2.20512e-08
2.18657e-08
2.18559e-08
2.17966e-08
1.52752e-08
1.88274e-08
1.77318e-08
1.35816e-08
1.37104e-08
1.85989e-08
1.5287e-08
1.50499e-08
1.3202e-08
1.68894e-08
1.72894e-08
1.43516e-08
1.35457e-08
1.80593e-08
4.38298e-09
3.96915e-09
4.63139e-09
4.40477e-09
4.62835e-09
4.38316e-09
4.1655e-09
1.42648e-08
1.92561e-08
1.52542e-08
4.56828e-09
4.83632e-09
5.47151e-09
3.77302e-09
4.66233e-09
4.91487e-09
4.47703e-09
8.63121e-09
8.74853e-09
1.22563e-08
8.16944e-09
8.95484e-09
1.5809e-08
8.30124e-09
5.24235e-09
5.67249e-09
5.89262e-09
5.688e-09
5.46059e-09
5.44868e-09
6.48534e-09
1.5421e-08
1.89122e-08
1.33655e-08
1.77198e-08
1.52898e-08
1.90792e-08
1.35185e-08
1.57264e-08
1.50859e-08
1.99919e-08
1.84827e-08
1.61352e-08
1.94741e-08
1.42211e-08
3.4952e-09
3.11468e-09
3.53869e-09
3.25038e-09
3.45951e-09
3.55814e-09
3.27542e-09
2.18822e-08
5.27298e-09
5.01159e-09
5.27637e-09
5.04979e-09
5.33092e-09
5.18303e-09
5.11085e-09
1.33013e-09
7.34279e-10
1.29255e-09
6.35954e-10
7.86765e-10
1.0479e-09
9.4871e-10
7.0225e-09
5.87647e-09
7.09934e-09
6.70432e-09
6.76847e-09
7.34648e-09
6.42835e-09
3.80813e-09
3.43402e-09
3.92689e-09
3.67404e-09
3.86635e-09
3.88956e-09
3.6037e-09
3.6296e-09
3.24632e-09
3.66688e-09
3.38096e-09
3.68368e-09
3.5918e-09
3.40658e-09
5.07627e-09
4.81192e-09
5.20316e-09
4.98602e-09
5.13538e-09
5.13962e-09
4.91602e-09
8.00408e-09
6.54773e-09
7.25615e-09
6.94009e-09
7.56217e-09
7.63647e-09
7.2168e-09
3.4034e-09
3.02175e-09
3.46036e-09
3.17149e-09
3.38504e-09
3.46825e-09
3.18333e-09
1.68208e-08
1.10367e-08
1.16666e-08
7.76928e-09
1.19204e-08
1.17417e-08
6.80731e-09
2.01062e-08
2.11059e-08
1.44294e-08
2.04918e-08
1.56805e-08
1.28216e-08
2.433e-08
1.04904e-08
1.21014e-08
1.02192e-08
1.0203e-08
1.23695e-08
1.02443e-08
1.03988e-08
1.03006e-08
1.00663e-08
1.23491e-08
1.02473e-08
1.23838e-08
1.02269e-08
1.01767e-08
9.54413e-09
1.14385e-08
9.73027e-09
1.02186e-08
9.68269e-09
1.18923e-08
9.67869e-09
1.01698e-08
9.70234e-09
1.0162e-08
1.21988e-08
1.21023e-08
9.8874e-09
9.70318e-09
4.16496e-09
3.77166e-09
4.0304e-09
3.78564e-09
3.99178e-09
4.18442e-09
3.94685e-09
1.05067e-08
1.24202e-08
9.7239e-09
1.02178e-08
1.22241e-08
1.01033e-08
1.06078e-08
1.04555e-08
1.00257e-08
9.65609e-09
1.22145e-08
1.21894e-08
1.00692e-08
1.04546e-08
1.04952e-08
1.25278e-08
9.75061e-09
1.01714e-08
1.24277e-08
1.01708e-08
1.0519e-08
1.04849e-08
1.00936e-08
9.75137e-09
1.22575e-08
1.23744e-08
1.00989e-08
1.04382e-08
1.05023e-08
1.25465e-08
1.01939e-08
9.81088e-09
1.05103e-08
1.25604e-08
1.01814e-08
1.0484e-08
9.79212e-09
1.25579e-08
5.28925e-09
6.15177e-09
4.99656e-09
7.08955e-09
5.14186e-09
5.01505e-09
6.96896e-09
4.80183e-09
5.17476e-09
4.96668e-09
5.71146e-09
5.6069e-09
5.018e-09
4.78564e-09
6.09447e-09
7.9255e-09
4.74628e-09
7.36179e-09
6.99343e-09
5.33579e-09
7.75289e-09
1.09107e-08
1.2543e-08
1.01785e-08
1.0362e-08
1.28902e-08
1.07258e-08
1.05479e-08
1.10547e-08
1.09851e-08
1.03246e-08
1.3498e-08
1.30578e-08
1.07712e-08
1.13002e-08
1.16567e-08
1.38819e-08
1.10148e-08
1.14258e-08
1.39914e-08
1.14324e-08
1.16359e-08
1.16096e-08
1.12441e-08
1.09468e-08
1.36967e-08
1.39638e-08
1.13953e-08
1.14473e-08
1.04802e-08
1.19956e-08
1.01711e-08
9.9528e-09
1.05063e-08
1.18431e-08
1.0168e-08
1.05868e-08
1.03036e-08
9.95778e-09
1.21539e-08
1.18552e-08
1.02064e-08
1.0732e-08
1.13815e-08
1.37593e-08
1.066e-08
1.12865e-08
1.33061e-08
1.15634e-08
1.11235e-08
1.11968e-08
1.05739e-08
1.05343e-08
1.24135e-08
1.3037e-08
1.08239e-08
1.09076e-08
3.52394e-09
3.14983e-09
3.62696e-09
3.34651e-09
3.56979e-09
3.59901e-09
3.31296e-09
)
;

boundaryField
{
    left
    {
        type            calculated;
        value           nonuniform List<scalar> 
703
(
6.367e-09
5.08004e-09
4.36229e-10
5.35913e-09
5.31072e-09
5.30396e-09
7.04022e-10
1.11668e-08
5.91095e-09
5.10785e-09
3.25146e-09
3.75963e-09
3.79998e-09
4.1618e-09
8.35881e-09
4.34381e-09
4.51329e-09
5.21605e-09
3.22242e-09
1.17042e-08
7.06862e-09
5.76149e-09
4.37632e-09
1.50262e-09
1.49346e-09
7.1361e-09
1.25659e-08
3.56304e-09
4.97315e-09
1.88734e-09
4.70837e-09
7.3334e-09
1.72769e-09
3.52667e-09
2.32227e-09
5.09032e-10
2.97003e-09
1.07253e-08
1.26099e-08
9.71345e-09
1.23259e-08
1.4981e-08
1.02226e-08
3.58298e-09
1.08025e-08
1.21275e-08
4.80543e-10
1.05818e-09
4.18376e-09
7.8798e-10
7.33731e-10
1.07317e-09
1.06323e-09
7.96395e-09
1.12626e-08
3.60669e-09
4.41205e-09
3.81504e-09
1.4196e-09
6.37111e-09
3.83324e-09
8.55797e-09
5.08816e-09
7.10699e-09
7.84785e-09
1.05965e-08
4.89445e-09
1.73412e-09
6.27507e-09
4.86977e-09
1.07036e-08
1.65798e-09
3.85251e-09
9.80141e-10
7.97108e-10
9.50481e-10
2.99002e-09
4.94196e-10
4.61515e-10
4.87039e-09
4.32838e-09
4.21932e-09
1.10892e-09
2.41562e-09
5.52308e-09
5.2952e-09
4.23821e-09
4.77156e-09
6.13103e-09
5.92232e-10
2.02373e-09
9.24961e-10
1.09749e-08
1.53112e-08
1.65489e-08
8.81585e-09
1.07416e-08
7.37172e-09
4.58879e-09
8.36259e-09
8.46554e-09
2.77726e-09
2.90644e-09
3.4237e-09
1.57071e-08
3.7092e-09
3.85079e-09
4.87072e-09
3.44204e-09
3.42158e-09
3.88938e-09
4.58745e-09
4.82602e-09
7.45201e-09
5.93936e-09
3.4001e-09
5.15116e-09
6.40742e-09
7.23565e-09
3.11782e-09
2.66386e-09
2.7522e-09
6.62965e-09
7.60183e-09
7.90498e-09
3.79806e-09
4.26484e-09
4.81746e-09
1.09425e-09
3.97431e-09
3.55487e-09
4.01506e-09
4.07438e-09
1.13364e-09
3.6064e-09
5.6133e-09
3.52286e-09
5.27424e-09
3.8877e-09
4.25939e-09
3.99122e-09
5.20029e-09
4.39556e-09
4.02181e-09
6.33193e-09
4.98157e-09
5.81344e-09
2.70384e-09
2.23582e-09
1.69258e-09
2.35364e-09
2.58264e-09
3.04847e-09
2.08268e-09
2.4379e-09
2.73011e-09
2.91169e-09
2.54865e-09
1.40055e-08
1.44399e-08
1.08401e-08
8.51357e-09
1.59785e-08
1.54693e-08
8.11072e-09
1.33897e-08
7.75582e-09
1.36603e-08
1.29157e-08
1.12092e-08
1.45509e-08
1.39154e-08
1.44066e-08
8.77874e-09
1.22089e-08
1.33216e-08
5.50075e-09
5.94732e-09
3.34301e-09
1.39106e-08
1.05436e-08
6.40425e-09
1.07489e-08
1.13989e-08
1.31259e-08
6.70132e-10
2.9837e-09
2.89311e-09
3.42306e-09
3.03814e-09
8.09141e-10
3.51584e-09
2.997e-09
3.58694e-09
5.97397e-10
1.80865e-09
1.52373e-09
2.06686e-09
1.84192e-09
6.17531e-10
8.63971e-10
1.48152e-09
1.00676e-09
1.5058e-09
1.42533e-09
8.25724e-10
1.22916e-08
7.40952e-09
3.65795e-09
3.99929e-09
3.26883e-09
5.10373e-09
4.45254e-09
1.57067e-09
2.97111e-09
3.13529e-09
4.6794e-09
3.83527e-09
5.46475e-09
1.94003e-09
3.04418e-09
4.09231e-09
3.54199e-09
2.88375e-09
6.0239e-09
6.55137e-09
9.00161e-09
4.50473e-09
6.05207e-09
5.25413e-09
4.9152e-09
3.86865e-09
1.20496e-08
5.47583e-09
4.62634e-09
4.7899e-09
1.13107e-08
8.80309e-09
7.61091e-09
9.38935e-09
4.19576e-09
5.77723e-09
6.76957e-09
2.31908e-09
4.43852e-09
3.33544e-09
4.00748e-09
5.0907e-09
4.55577e-09
6.90178e-09
6.16971e-09
4.12788e-09
9.46599e-09
8.21046e-09
9.06807e-09
2.18402e-09
3.45914e-09
2.62135e-09
3.008e-09
2.34724e-09
8.69e-10
2.21343e-09
2.12543e-09
2.31366e-09
2.24078e-09
9.03631e-10
2.56783e-09
2.64233e-09
3.09348e-09
4.65086e-10
2.793e-09
2.74233e-09
2.87329e-09
2.80894e-09
4.55601e-10
1.41955e-10
5.44071e-10
4.74387e-10
7.16268e-10
7.9852e-10
6.10503e-10
8.17003e-09
7.23663e-09
8.08408e-09
9.2765e-09
8.28327e-09
9.14144e-09
1.1437e-09
7.64891e-10
7.0484e-10
8.97126e-10
9.04396e-10
1.39137e-09
9.91942e-09
2.51104e-09
1.04246e-09
9.22219e-10
2.91669e-09
1.60099e-09
4.66018e-09
3.05263e-09
2.69434e-09
2.17553e-09
2.22684e-09
5.2708e-10
5.3236e-10
2.02629e-09
2.03593e-09
1.17232e-09
1.29711e-09
1.19481e-09
7.84483e-10
1.08818e-09
1.07172e-09
1.68535e-09
1.61651e-09
6.8507e-10
1.02005e-09
7.91125e-10
8.38209e-10
8.61955e-10
8.59455e-10
8.77113e-10
3.8608e-09
2.57467e-09
2.68135e-09
7.54392e-10
9.15742e-10
1.88731e-09
3.04092e-09
3.28158e-09
3.88003e-09
4.69171e-09
4.75249e-09
3.89351e-09
7.66377e-09
6.35709e-09
5.58819e-09
2.06633e-09
2.25847e-09
6.14969e-09
9.6545e-10
1.92082e-09
1.95368e-09
7.89898e-10
1.7331e-09
1.7574e-09
1.92011e-09
1.87291e-09
9.19998e-10
4.97292e-10
2.17578e-09
2.16636e-09
2.03979e-09
2.09403e-09
4.65821e-10
4.3404e-09
4.77727e-09
4.72799e-09
4.96158e-09
4.80766e-09
4.2796e-09
1.251e-09
4.5825e-10
1.14617e-09
1.25796e-09
2.53685e-09
4.37355e-09
5.56774e-09
5.23769e-09
6.11604e-09
5.86377e-09
4.56753e-09
1.62169e-09
1.2647e-09
1.66245e-09
4.1057e-10
6.46067e-10
6.90053e-10
2.81223e-09
3.31757e-09
3.27625e-09
3.43077e-09
3.35926e-09
2.84625e-09
2.6935e-09
3.18824e-09
3.15652e-09
3.24919e-09
3.21313e-09
2.71864e-09
3.99214e-09
4.47946e-09
4.31849e-09
4.68011e-09
4.5988e-09
4.14837e-09
8.66989e-10
7.94438e-10
1.30152e-09
3.84952e-09
2.95328e-09
3.0449e-09
2.78834e-09
2.80495e-09
3.71037e-09
4.08894e-09
3.23492e-09
3.16544e-09
3.14842e-09
3.18712e-09
4.10947e-09
1.16895e-09
9.38123e-10
9.39073e-10
3.68182e-09
1.05652e-09
9.58567e-10
3.14573e-09
4.12042e-09
3.03083e-09
3.0504e-09
3.17413e-09
3.05924e-09
4.00926e-09
4.86348e-09
3.48493e-09
4.22907e-09
3.0528e-09
3.31811e-09
4.65925e-09
4.5689e-09
1.44603e-09
1.03226e-09
5.27164e-09
6.59808e-09
6.34388e-09
7.16535e-09
6.83581e-09
5.51045e-09
3.39834e-09
4.6326e-09
2.43556e-09
2.60012e-09
1.86895e-09
2.72203e-09
2.71367e-09
2.70351e-09
2.71806e-09
2.71376e-09
5.49718e-10
2.25863e-09
2.51319e-09
2.98974e-09
2.97448e-09
3.02559e-09
3.00446e-09
2.52892e-09
1.91557e-09
2.06544e-09
5.9948e-10
2.94929e-09
2.75666e-09
2.74411e-09
2.73544e-09
2.75126e-09
2.92335e-09
3.25101e-09
2.70722e-09
2.73405e-09
2.73033e-09
2.72431e-09
3.13795e-09
9.0287e-10
1.69262e-09
1.88089e-09
3.15243e-09
3.69107e-09
3.53155e-09
4.11703e-09
3.89399e-09
3.34648e-09
1.39235e-09
1.28695e-09
6.48715e-10
1.62266e-09
1.83003e-09
2.02092e-09
1.60817e-09
1.69122e-09
1.59884e-09
1.9027e-09
2.20183e-09
2.32312e-09
2.11138e-09
2.14499e-09
1.87645e-09
6.24689e-10
1.54104e-09
1.51372e-09
8.0511e-10
8.98019e-10
8.56441e-10
1.38637e-09
1.34292e-09
1.31944e-09
1.22961e-09
1.14104e-09
9.32704e-10
1.33122e-09
1.32849e-09
1.43965e-09
1.36669e-09
1.27755e-09
1.4607e-09
9.77674e-10
7.53493e-10
8.8033e-10
2.04735e-09
2.39653e-09
3.72444e-09
5.59863e-09
2.00368e-09
1.64947e-09
2.20363e-09
2.18793e-09
5.26398e-09
1.4936e-09
4.3512e-10
5.15953e-10
8.63906e-10
5.31362e-10
2.7247e-09
2.48392e-09
1.32322e-09
1.76652e-09
2.45088e-09
2.56514e-09
2.53154e-09
3.21309e-09
2.23276e-09
2.62577e-09
2.95586e-09
2.57377e-09
3.60867e-09
3.0029e-09
2.69179e-09
4.05234e-09
2.31956e-09
2.35392e-09
2.78576e-09
5.54552e-09
6.94032e-09
7.49482e-09
7.01334e-09
7.0517e-09
5.88674e-09
4.95764e-09
3.96023e-09
3.313e-09
5.25128e-09
4.46379e-09
5.42601e-09
4.45004e-09
4.42296e-09
4.79009e-09
4.33217e-09
4.39936e-09
4.87533e-09
4.56604e-09
4.50746e-09
4.05046e-09
2.17157e-09
2.05607e-09
2.06319e-09
2.83309e-09
2.64342e-09
2.51788e-09
2.8981e-09
3.90214e-09
5.15636e-09
2.8764e-09
1.9585e-09
9.95273e-10
2.30495e-09
2.56398e-09
2.58884e-09
2.53122e-09
2.2726e-09
1.83793e-09
1.79994e-09
8.45414e-10
2.13061e-09
2.40168e-09
2.47219e-09
2.38398e-09
2.34488e-09
2.07704e-09
2.19364e-09
2.47263e-09
2.55876e-09
2.50628e-09
2.45924e-09
2.19548e-09
8.93562e-10
1.84869e-09
1.8796e-09
2.59018e-09
3.07237e-09
3.04564e-09
3.13248e-09
3.09942e-09
2.61423e-09
2.11198e-09
2.16573e-09
4.85001e-10
2.77764e-09
2.716e-09
2.71123e-09
2.70355e-09
2.71259e-09
2.76073e-09
2.85214e-09
2.73139e-09
2.73082e-09
2.7147e-09
2.72776e-09
2.83337e-09
4.71068e-10
2.11842e-09
2.09918e-09
4.95477e-09
5.30482e-09
5.60179e-09
6.00522e-09
6.39611e-09
5.58021e-09
3.61363e-09
3.66207e-09
3.29744e-09
3.17831e-09
3.54116e-09
3.58384e-09
4.7232e-09
4.87304e-09
4.60724e-09
7.14905e-09
7.78462e-09
7.97519e-09
2.94091e-09
3.30489e-09
3.33175e-09
3.89268e-09
4.29369e-09
4.52661e-09
8.15589e-09
6.88068e-09
9.63799e-09
5.8285e-09
7.00112e-09
9.35707e-09
4.08272e-09
4.13273e-09
4.72311e-09
3.35116e-09
3.38334e-09
3.02016e-09
5.08738e-09
5.18208e-09
4.92782e-09
5.85874e-09
6.73319e-09
7.00995e-09
9.54395e-10
8.75852e-10
6.07732e-10
3.34048e-09
3.71113e-09
3.79492e-09
3.48004e-09
3.51522e-09
3.15177e-09
4.72349e-09
4.96771e-09
5.03169e-09
7.2361e-09
7.48766e-09
6.51626e-09
3.27532e-09
3.29149e-09
2.92651e-09
3.9056e-09
4.07846e-09
3.70365e-09
7.97218e-09
7.98464e-09
1.30336e-08
9.88882e-09
7.25944e-09
7.68154e-09
3.05045e-09
3.41339e-09
3.45449e-09
)
;
    }
    bottom
    {
        type            calculated;
        value           nonuniform List<scalar> 
141
(
7.63034e-09
1.70295e-08
5.31266e-10
8.29581e-10
1.74302e-08
4.20903e-09
1.73107e-08
3.6919e-09
1.74743e-08
6.88628e-09
1.373e-08
1.49265e-08
1.00795e-08
9.882e-09
1.68228e-08
1.67816e-09
1.77318e-08
1.05273e-08
1.0291e-08
9.38216e-09
3.12808e-09
7.31645e-09
8.33432e-09
1.6582e-08
1.21693e-08
1.15779e-08
5.76161e-09
6.0238e-09
5.70327e-09
1.67276e-08
9.73195e-09
1.47166e-09
1.122e-08
1.0869e-08
1.76729e-08
6.54342e-09
7.28437e-09
6.07e-09
6.4079e-09
2.60561e-09
7.52683e-10
1.15326e-08
1.06693e-08
3.69784e-09
2.68454e-09
4.73224e-09
1.06025e-08
4.61916e-09
1.22324e-09
4.65486e-09
9.82575e-09
2.71872e-09
6.56172e-09
6.78166e-09
7.43313e-09
7.72798e-09
5.88024e-09
5.95021e-09
2.70329e-09
2.59979e-09
1.7609e-09
6.83396e-09
7.04934e-09
6.15438e-09
6.23166e-09
5.29586e-10
1.32759e-09
1.94918e-09
3.74142e-09
2.79068e-09
8.63469e-10
3.08842e-09
1.04318e-09
1.1061e-09
4.68332e-09
3.0922e-09
3.92272e-09
1.18092e-08
6.81493e-09
6.70185e-09
5.32342e-09
6.63164e-09
1.10872e-08
7.00545e-09
4.53126e-09
3.15222e-09
6.3274e-09
5.27706e-09
8.98397e-09
3.77254e-09
6.92634e-09
3.8758e-09
4.71055e-09
5.90818e-09
6.63417e-09
9.53654e-09
8.72478e-09
6.23794e-09
4.03395e-09
3.41548e-09
8.72235e-09
8.86106e-09
8.85222e-09
8.78728e-09
9.33234e-09
9.87762e-09
9.21866e-09
9.19322e-09
6.84454e-09
6.86247e-09
6.6708e-09
6.71448e-09
7.0546e-09
7.05839e-09
6.91151e-09
6.94666e-09
6.64625e-09
6.64703e-09
6.57746e-09
2.45707e-09
1.94916e-09
9.70282e-10
8.1311e-09
8.26214e-09
7.85896e-09
7.95305e-09
8.90222e-09
8.93501e-09
8.48255e-09
8.63328e-09
7.39347e-09
7.45162e-09
7.13959e-09
7.20267e-09
7.81495e-09
7.85826e-09
7.5691e-09
7.65221e-09
7.52539e-10
1.98796e-09
1.82019e-09
)
;
    }
    interface
    {
        type            calculated;
        value           nonuniform List<scalar> 
1726
(
6.87438e-09
1.66394e-09
1.82952e-09
5.27361e-09
5.62074e-09
1.47788e-09
2.02045e-09
4.98272e-09
6.01739e-09
5.62735e-09
1.34036e-10
7.99789e-09
7.02737e-09
9.95256e-10
1.13866e-09
2.14264e-10
1.1178e-09
2.4018e-10
6.16851e-10
5.24098e-09
1.38219e-09
6.1881e-09
1.37826e-09
4.04753e-09
4.26934e-09
6.15166e-09
7.06787e-09
1.47685e-10
1.10635e-10
5.66067e-10
3.36188e-10
5.2836e-10
6.39452e-10
2.16683e-09
6.213e-10
6.83795e-09
5.79038e-09
8.61283e-09
6.02993e-09
1.85415e-08
1.54069e-08
1.13632e-08
1.05839e-08
1.19972e-08
3.99393e-09
8.10726e-09
5.62184e-09
1.57707e-08
1.0378e-08
3.66504e-09
5.30999e-09
7.26552e-09
2.3292e-09
6.35977e-09
3.84943e-09
7.08976e-09
4.0767e-09
2.76672e-09
3.45894e-09
4.89664e-09
3.02989e-09
2.71587e-09
3.39885e-09
4.35201e-09
2.65855e-09
1.75897e-08
2.18551e-09
4.50962e-09
1.3612e-09
1.31249e-09
5.44926e-09
5.49065e-09
3.26687e-09
3.28274e-09
1.55511e-09
3.5306e-09
2.71108e-09
2.23964e-09
1.28493e-09
2.33844e-09
9.41836e-10
9.27543e-10
1.70409e-09
4.13482e-09
4.11921e-09
5.74427e-09
5.72445e-09
1.58333e-08
4.02911e-09
1.0403e-08
1.21712e-08
1.48656e-08
9.85368e-09
2.20134e-08
8.20739e-08
1.78951e-08
1.03914e-08
1.54576e-08
1.09593e-08
7.21099e-09
7.37799e-09
1.38755e-08
1.2342e-08
1.50206e-08
9.74034e-09
1.32184e-08
9.32022e-09
1.5328e-08
6.66945e-09
1.46758e-08
2.08184e-08
1.54475e-08
1.57283e-08
9.32158e-10
8.22959e-10
7.17581e-10
1.40263e-09
1.31207e-09
4.70198e-10
7.01845e-10
2.0487e-09
3.58671e-11
1.83332e-09
2.42424e-10
8.32292e-08
3.53522e-09
2.37543e-09
1.60896e-09
8.20492e-10
1.22297e-09
4.52002e-09
1.11494e-08
8.47216e-09
7.19008e-09
3.19559e-09
1.85768e-09
3.35911e-10
5.50734e-09
2.44216e-09
2.23901e-09
4.88365e-09
1.48095e-09
1.52669e-09
3.44599e-09
8.66626e-09
1.13536e-08
8.55151e-09
7.76331e-09
5.21828e-09
4.49403e-09
3.85458e-09
4.87296e-09
2.15021e-09
6.18313e-09
3.627e-09
4.67043e-09
6.08132e-09
4.38275e-09
3.26385e-09
3.37038e-09
3.45877e-09
3.08353e-09
5.18862e-09
5.95501e-09
3.8621e-09
1.73295e-09
2.02871e-09
1.95122e-09
3.11152e-09
2.98916e-09
3.30145e-09
2.41716e-09
2.11628e-09
2.95228e-09
6.59345e-09
6.62035e-09
6.7317e-09
9.14176e-11
8.33736e-11
2.31585e-09
4.20352e-10
4.65792e-10
4.21558e-10
1.16591e-09
2.78972e-10
8.12788e-10
1.00552e-09
2.58384e-09
7.72943e-10
6.11359e-09
6.72603e-09
7.70155e-09
7.3315e-09
9.55499e-09
4.62425e-10
1.63169e-09
1.34542e-09
4.74289e-10
5.34162e-09
5.54566e-09
1.9028e-09
1.67685e-09
2.09769e-10
2.68651e-09
2.04407e-09
4.90847e-09
5.85441e-09
5.68208e-09
2.75291e-09
1.41449e-10
7.36524e-09
7.17919e-09
1.24383e-10
1.00563e-09
8.13009e-10
8.38723e-11
2.68905e-09
2.63894e-10
1.63859e-09
1.33413e-09
1.2776e-09
1.8116e-10
4.64465e-10
7.36932e-10
4.90279e-09
5.20909e-09
6.42535e-09
6.75104e-09
5.16515e-09
6.39387e-09
1.37265e-09
1.44814e-09
1.51438e-09
3.13634e-09
5.07514e-09
6.16943e-09
7.49169e-09
4.43296e-09
4.14929e-09
5.44342e-09
3.05175e-10
1.88894e-09
4.13867e-09
2.84395e-09
4.30307e-09
3.47636e-09
6.32989e-09
6.912e-09
5.57328e-09
5.20669e-09
7.34055e-09
6.83218e-09
5.73168e-09
6.68608e-09
2.65841e-09
1.34302e-10
2.7547e-09
1.02151e-10
5.55067e-10
1.57718e-09
1.36332e-09
3.29392e-10
4.99812e-10
1.53907e-09
1.33159e-09
1.52658e-09
6.40467e-10
3.98713e-10
4.65986e-09
4.10504e-09
4.72548e-09
4.29187e-09
4.71937e-09
3.18796e-09
5.5256e-09
3.35405e-09
6.62144e-10
1.41992e-09
5.35092e-09
3.97275e-09
4.95916e-09
4.08942e-09
1.04315e-08
6.19595e-09
8.14803e-09
5.97666e-09
6.00383e-09
6.01009e-09
8.66902e-09
7.45638e-09
7.42329e-09
6.35188e-09
5.62602e-09
5.88241e-09
1.40706e-08
1.87932e-08
2.41768e-08
1.0697e-08
9.61069e-09
8.51865e-09
5.09475e-09
4.27508e-09
5.63647e-09
9.31168e-09
6.55345e-09
7.43235e-09
7.15028e-09
4.8251e-09
6.36661e-09
3.16722e-09
2.60758e-09
3.11543e-09
2.65337e-09
4.8708e-09
2.91715e-09
4.07827e-09
5.41442e-09
4.50846e-09
4.75188e-09
6.2741e-09
6.37426e-09
5.41148e-09
2.64842e-09
3.44e-09
3.68209e-09
6.43187e-09
5.36813e-09
5.37911e-09
4.69728e-09
3.92119e-09
4.54857e-09
6.55116e-09
5.84036e-09
5.45568e-09
4.68014e-09
4.18188e-09
4.64434e-09
3.58478e-09
3.29892e-09
3.16701e-09
4.18413e-09
3.99335e-09
3.22572e-09
1.32885e-09
3.26797e-09
1.94994e-09
3.23417e-09
2.50324e-09
2.883e-09
3.58391e-09
3.00124e-09
3.06872e-09
3.90394e-09
4.11995e-09
3.58899e-09
2.35159e-09
2.71618e-09
2.52167e-09
3.29841e-09
3.19064e-09
3.0545e-09
2.59163e-09
3.10783e-09
2.54358e-09
6.80884e-09
4.30713e-09
4.37119e-09
1.37619e-09
9.15763e-10
4.26616e-09
4.33842e-09
4.47152e-09
3.75091e-09
4.01152e-09
4.27135e-09
1.57518e-09
5.15514e-10
1.72041e-09
3.5623e-09
3.82044e-09
4.11558e-09
1.97751e-09
3.9465e-09
5.35536e-09
5.55256e-09
4.83991e-09
5.11897e-09
6.03831e-09
2.07716e-09
2.1162e-09
2.63665e-09
3.17313e-09
3.9087e-09
3.80526e-09
4.40391e-09
3.29373e-09
2.00053e-09
2.47685e-09
2.35349e-09
2.1053e-09
2.00913e-09
1.92775e-09
2.72652e-09
2.41417e-09
2.74305e-09
1.41876e-09
1.49638e-09
2.09262e-09
1.73878e-09
1.44161e-09
1.22587e-09
1.31724e-09
1.11436e-09
1.71059e-09
1.01357e-09
3.21078e-09
2.27051e-09
6.88698e-09
6.49469e-09
5.45341e-09
8.09136e-09
4.28415e-09
4.27722e-09
2.49111e-09
3.33192e-09
1.53008e-10
4.63865e-09
4.43713e-09
2.52381e-09
6.3688e-09
5.35685e-09
4.74728e-09
2.04525e-10
4.7536e-09
5.19207e-09
5.82035e-09
5.64392e-09
3.07594e-09
2.99967e-09
3.02157e-09
2.83863e-09
2.35856e-09
2.3312e-09
2.86976e-09
6.37157e-11
2.22388e-09
2.19477e-09
4.69053e-11
1.75e-10
2.17629e-09
4.87592e-09
9.44573e-09
6.16613e-09
9.75708e-09
4.4094e-09
1.32511e-08
1.19348e-08
1.24424e-08
1.30945e-08
1.15835e-08
1.25044e-08
1.45321e-08
1.38976e-08
1.30489e-08
1.02247e-08
1.07856e-08
1.15228e-08
1.36335e-08
1.58325e-08
1.81032e-08
6.32436e-09
5.5255e-09
8.36134e-09
5.96012e-09
8.5404e-09
7.62634e-09
2.58024e-08
1.51135e-08
9.5799e-09
1.4854e-08
3.8313e-08
2.33785e-08
6.65809e-08
1.71955e-08
1.69143e-08
1.5618e-08
1.32874e-08
7.50306e-09
1.13098e-08
1.62293e-08
1.54917e-08
1.57509e-08
2.84578e-08
2.63833e-09
2.266e-08
1.64209e-08
2.19301e-08
1.6767e-08
1.5228e-08
1.67864e-08
7.51517e-09
7.1634e-09
1.01218e-08
9.39981e-09
8.17642e-09
8.68929e-09
8.77263e-09
1.14298e-08
1.09022e-08
8.67297e-09
8.47687e-09
8.77264e-09
8.77249e-09
8.83288e-09
8.86671e-09
1.45686e-08
1.26998e-08
1.37156e-08
1.3317e-08
1.19464e-08
1.30808e-08
1.47429e-08
1.42854e-08
1.41194e-08
1.11904e-08
1.10018e-08
1.23868e-08
1.41672e-08
1.07874e-08
1.18722e-08
1.14759e-08
7.76889e-09
9.80368e-09
1.48867e-08
1.43581e-08
1.31038e-08
8.00578e-09
7.1194e-09
8.73739e-09
1.49235e-08
1.5134e-08
1.50159e-08
1.70984e-08
1.73903e-08
1.57874e-08
1.49671e-08
1.60661e-08
1.546e-08
1.52672e-08
1.55757e-08
1.50956e-08
6.94248e-09
8.28698e-09
8.22787e-09
8.51673e-09
5.86865e-09
7.53689e-09
7.55193e-09
4.83146e-09
5.7911e-09
7.22416e-09
7.3656e-09
4.86637e-09
7.69259e-09
7.85788e-09
7.9486e-09
7.59905e-09
6.14252e-09
5.18024e-09
6.1256e-09
5.22221e-09
1.15409e-09
7.56507e-10
1.29951e-10
1.2857e-09
1.09692e-09
1.01382e-09
2.57036e-10
1.23048e-09
1.17424e-09
3.74598e-09
3.51088e-09
4.01347e-09
3.20072e-09
2.48022e-09
2.52308e-09
3.55915e-10
2.64085e-09
2.62108e-09
2.55616e-09
3.42871e-09
1.20281e-09
3.07922e-09
7.97281e-10
2.69426e-09
2.70366e-09
2.91957e-09
2.24201e-09
1.91149e-09
6.60035e-11
1.07412e-09
2.03121e-09
1.46028e-09
3.3551e-10
9.11535e-10
1.60923e-09
1.92487e-09
5.90245e-09
6.31274e-09
6.32369e-09
4.79016e-09
4.00428e-09
4.80103e-09
6.14686e-09
3.96512e-09
6.53751e-09
6.46458e-09
4.67859e-09
3.8506e-09
4.67959e-09
3.88543e-09
6.84813e-09
7.65407e-09
7.76885e-09
6.96777e-09
1.18633e-08
1.1822e-08
6.61047e-09
7.17023e-09
7.95485e-09
7.78761e-09
6.99693e-09
7.85954e-09
1.16552e-08
6.82593e-09
7.63889e-09
1.1581e-08
1.16072e-08
6.25678e-09
5.83017e-09
6.19275e-09
3.8036e-09
4.58553e-09
3.78298e-09
1.80918e-09
1.16752e-09
1.6526e-09
5.92137e-10
2.8171e-10
1.41827e-09
4.1346e-10
1.4897e-09
5.91744e-10
5.5876e-10
5.81434e-09
5.37906e-09
6.73693e-09
1.048e-08
9.98191e-09
9.18923e-09
7.32456e-09
9.55125e-09
8.28497e-09
6.27311e-09
8.63397e-09
7.69323e-09
1.90244e-09
4.00838e-09
2.62874e-09
9.66514e-10
2.52045e-09
1.93261e-09
7.92265e-10
4.62133e-10
1.33003e-09
4.72805e-09
3.8513e-09
3.208e-09
2.31873e-09
2.293e-09
1.64106e-09
1.86216e-09
1.82282e-09
1.38325e-09
1.44525e-09
1.32941e-09
1.39303e-09
2.36535e-09
1.35241e-09
1.43504e-09
1.62428e-09
7.30474e-09
3.09929e-09
1.99728e-09
2.57858e-09
6.09397e-09
5.31837e-09
2.81274e-09
3.56096e-09
2.70174e-09
9.89305e-10
1.90439e-09
1.69718e-09
3.29507e-09
2.49624e-09
2.23186e-09
8.10382e-09
8.60715e-09
9.06901e-09
1.09319e-08
1.03613e-08
1.01633e-08
8.03686e-09
9.87247e-09
9.31696e-09
7.65623e-09
9.20965e-09
9.31828e-09
4.03966e-09
4.84016e-09
4.18726e-09
6.17857e-09
4.81065e-09
4.50223e-09
3.64093e-09
5.82005e-09
4.35297e-09
4.43716e-09
3.77799e-09
4.13009e-09
3.00204e-09
2.73579e-09
3.39042e-09
6.11169e-09
4.4378e-09
3.88688e-09
2.77144e-09
3.16394e-09
2.37889e-09
6.0304e-09
6.0936e-09
5.60437e-09
5.414e-09
7.21251e-09
6.42195e-09
4.97021e-09
9.9874e-09
6.14785e-09
7.32184e-09
8.59062e-09
6.56553e-09
7.79412e-09
7.95883e-09
3.712e-09
5.13641e-09
4.74139e-09
3.89517e-09
4.52177e-09
4.28832e-09
4.04956e-09
7.02993e-09
5.40906e-09
4.46855e-09
7.30851e-09
3.07051e-09
3.72167e-09
3.76785e-09
3.44967e-09
4.01062e-09
3.72496e-09
3.07311e-09
6.33486e-10
2.57372e-09
1.8561e-09
1.97247e-09
4.49726e-10
3.97478e-09
2.15849e-09
1.78952e-09
9.71988e-10
4.60964e-09
4.7044e-09
1.91047e-09
9.7436e-10
1.12996e-09
1.25836e-09
1.29745e-09
7.93116e-10
9.14169e-10
1.06054e-09
1.70445e-09
3.2698e-09
2.02166e-09
2.33859e-09
1.22946e-09
1.32164e-09
1.64804e-09
1.43257e-09
9.1436e-10
8.65853e-10
1.38143e-09
1.86356e-09
2.47698e-09
1.78397e-09
1.80152e-09
2.38512e-09
2.28377e-09
1.47038e-09
3.03704e-09
2.23877e-09
2.62503e-09
3.25833e-09
3.02327e-09
2.69687e-09
2.79564e-09
2.61201e-09
3.32979e-09
3.75759e-09
3.95931e-09
5.00494e-09
4.53347e-09
1.80285e-09
2.10099e-09
2.90926e-09
2.62229e-09
2.28185e-09
2.02716e-09
2.42238e-09
2.15145e-09
3.67625e-09
1.99509e-09
3.75758e-09
1.25057e-09
1.98232e-09
1.63774e-09
1.43324e-09
1.1341e-09
1.92965e-09
1.67942e-09
2.61009e-09
3.88485e-09
3.33387e-09
3.78476e-09
4.26625e-09
3.89732e-09
3.57573e-09
3.32299e-09
4.52463e-09
4.36461e-09
3.0287e-09
5.1231e-09
5.34681e-09
6.54039e-09
6.1791e-09
5.68736e-09
5.7288e-09
6.43967e-09
6.8855e-09
5.30275e-09
7.02639e-09
6.88672e-09
4.96722e-09
4.11004e-09
4.92439e-09
4.16882e-09
5.31375e-09
6.20248e-09
6.59715e-09
6.62054e-09
5.19518e-09
4.36743e-09
5.19523e-09
4.32272e-09
7.891e-09
8.61771e-09
8.40515e-09
7.61219e-09
8.48003e-09
1.21265e-08
1.20165e-08
7.22546e-09
8.04019e-09
8.28185e-09
7.48708e-09
1.24519e-08
1.24665e-08
1.23972e-08
7.80533e-09
7.91667e-09
8.61465e-09
8.77984e-09
8.23877e-09
8.68635e-09
1.1809e-08
7.79492e-09
8.53871e-09
8.81945e-09
8.81119e-09
8.39228e-09
8.8334e-09
1.23854e-08
7.17006e-09
6.75081e-09
7.24313e-09
5.70346e-09
7.0095e-09
7.12225e-09
4.84278e-09
5.73356e-09
7.13522e-09
4.7638e-09
7.36766e-09
7.7959e-09
7.6615e-09
5.41189e-09
4.47918e-09
5.43013e-09
4.52758e-09
3.18704e-09
2.92012e-09
2.37771e-09
2.8849e-09
2.40539e-09
2.45603e-09
2.40963e-09
1.87347e-10
9.36551e-11
2.69968e-09
1.08042e-10
2.34645e-09
2.38484e-09
5.15717e-11
2.24137e-09
5.08228e-11
2.26662e-09
8.83322e-11
2.70404e-09
2.32741e-09
2.29267e-09
9.71322e-11
5.93494e-10
2.50733e-09
2.26281e-09
2.30687e-09
4.04472e-10
1.44766e-09
2.39139e-09
4.63113e-10
1.49595e-09
2.47586e-09
2.18969e-09
2.42996e-09
5.89427e-09
7.39556e-09
9.48324e-09
8.13934e-09
7.66309e-09
6.67225e-09
1.36615e-09
4.84647e-09
4.23465e-09
4.15178e-09
6.27141e-09
8.01913e-09
7.2971e-09
7.76876e-09
7.41779e-09
8.06742e-09
4.75292e-09
5.11885e-09
5.57035e-09
1.79021e-09
4.99652e-09
1.35644e-09
9.61448e-10
2.288e-09
3.41191e-09
2.10408e-09
2.19457e-09
2.1822e-09
1.09138e-08
1.65863e-09
1.90596e-08
1.03658e-08
1.83715e-08
1.49498e-08
5.05792e-09
4.32326e-09
1.88211e-08
1.03523e-08
2.35814e-08
1.62926e-08
2.88583e-09
7.28714e-09
1.31762e-08
1.31788e-08
1.50039e-08
1.13506e-08
8.46523e-09
5.09433e-09
5.21745e-09
7.02591e-09
5.6151e-09
5.26964e-09
1.46014e-09
1.78231e-09
5.02969e-09
6.08022e-09
4.16972e-09
4.11738e-09
5.1039e-09
3.99324e-09
5.98819e-09
4.06385e-09
6.58071e-09
1.41389e-08
1.39767e-08
1.39174e-08
1.39186e-08
1.38802e-08
3.9524e-09
5.90701e-09
4.5825e-09
1.57201e-08
1.28037e-08
1.27515e-08
1.49095e-08
1.09316e-08
8.67996e-09
1.37682e-08
1.4118e-08
1.43684e-08
1.41919e-08
1.32643e-08
1.37462e-08
1.43523e-08
1.38557e-08
6.3748e-09
7.27758e-09
2.78769e-09
3.0986e-09
1.80781e-09
3.67326e-09
3.85881e-09
2.15593e-09
6.13843e-09
5.09266e-09
5.07257e-09
5.85332e-09
5.16821e-09
6.35325e-09
4.23075e-09
6.23031e-09
4.35351e-09
4.55683e-09
4.43039e-09
7.05921e-09
1.42162e-08
1.45988e-08
6.95823e-09
1.48641e-08
1.4602e-08
1.35656e-08
1.40825e-08
1.48294e-08
1.42529e-08
6.16884e-09
5.14737e-09
7.17852e-09
4.90919e-09
6.32729e-09
6.88441e-09
4.60043e-09
4.79702e-09
3.08097e-09
2.28629e-09
2.22019e-09
1.3696e-08
1.35477e-08
1.34639e-08
1.34851e-08
1.34217e-08
3.67778e-09
7.93459e-10
2.15482e-09
2.20733e-09
8.19445e-10
1.68899e-09
1.69651e-09
3.75411e-10
2.47416e-09
3.56419e-10
3.04775e-09
4.42504e-09
2.83495e-09
8.52257e-09
8.78378e-09
1.06612e-08
8.30515e-09
8.2236e-09
7.21776e-09
8.54622e-09
6.82833e-09
1.48113e-09
7.37854e-11
1.76555e-10
2.71462e-09
2.03623e-10
1.97611e-10
1.8713e-09
8.61535e-10
1.20971e-09
4.87232e-10
4.93673e-09
5.9103e-09
5.13852e-09
6.08625e-09
6.1522e-09
6.49219e-09
6.68426e-09
6.32527e-09
4.77969e-09
5.76855e-09
3.62004e-09
5.35683e-09
2.58342e-09
5.06184e-09
3.30659e-09
3.17004e-09
6.36327e-10
2.75525e-09
3.83294e-09
2.12571e-09
2.50268e-09
5.29765e-09
4.08358e-09
5.04409e-09
5.43477e-09
4.90176e-09
5.1817e-09
5.42351e-09
6.41969e-09
6.5572e-09
5.25181e-09
6.20067e-09
7.16006e-09
6.84844e-09
7.61908e-09
7.96936e-09
5.8697e-09
6.82037e-09
6.51927e-09
7.51119e-09
2.73399e-09
1.35659e-10
2.7888e-09
1.54537e-09
1.33785e-09
1.49511e-09
2.90515e-10
7.24902e-10
4.77446e-09
4.43508e-09
4.44242e-09
4.7314e-09
5.90627e-09
4.78222e-09
4.72525e-09
6.61561e-09
4.84773e-09
5.68711e-09
4.88169e-09
5.10019e-09
4.98135e-09
5.50721e-09
4.83818e-09
3.85719e-09
1.54712e-09
1.60164e-09
2.99542e-09
3.60794e-10
2.15287e-09
2.02048e-09
1.63504e-09
1.53282e-09
5.37211e-09
5.68943e-09
4.54463e-09
6.00489e-09
4.30093e-09
8.13571e-09
4.74281e-09
7.47335e-09
4.67424e-09
8.57533e-09
5.0231e-09
4.95042e-09
8.95446e-09
4.87641e-09
9.41973e-10
3.18244e-09
2.73891e-09
3.25913e-09
2.67255e-09
4.33906e-09
3.30493e-09
3.17055e-09
3.23425e-09
4.25793e-09
4.36661e-09
3.31873e-09
3.23029e-09
4.47815e-09
1.87572e-09
1.05641e-09
3.34031e-09
3.35532e-09
3.23912e-09
3.2353e-09
3.04401e-09
2.48109e-09
2.99711e-09
2.52341e-09
4.18858e-09
3.18803e-09
4.26286e-09
3.10028e-09
4.19725e-09
3.05446e-09
3.11562e-09
4.13269e-09
2.07443e-09
2.12359e-09
9.15486e-10
1.93636e-09
1.94954e-09
4.61899e-09
4.36105e-09
4.71868e-09
4.20614e-09
5.46562e-09
4.36816e-09
4.28402e-09
4.63662e-09
4.54433e-09
5.3693e-09
5.46369e-09
4.99766e-09
4.83178e-09
5.49112e-09
4.85189e-09
4.75919e-09
4.03969e-10
1.94714e-09
2.13441e-09
2.24132e-09
3.00844e-09
2.77142e-09
6.7143e-09
4.78693e-09
6.25634e-09
5.25518e-09
9.6978e-09
8.28698e-09
5.78164e-09
1.08939e-08
9.65565e-09
5.3253e-09
9.11982e-09
5.68672e-09
1.87058e-10
2.49152e-09
2.51197e-10
2.8788e-09
2.46414e-09
3.02751e-09
2.82633e-09
2.28954e-09
2.80237e-09
2.31238e-09
3.94712e-09
2.95187e-09
2.88323e-09
3.99566e-09
3.96011e-09
2.86633e-09
3.92663e-09
2.89205e-09
2.87929e-09
8.91597e-11
1.18413e-08
1.0942e-08
1.60371e-08
1.26773e-08
1.75414e-08
8.62521e-09
8.33349e-09
8.11442e-09
6.95905e-09
1.96703e-08
2.14205e-08
1.05317e-08
1.78371e-09
6.25573e-09
3.76301e-09
5.13371e-09
1.17564e-08
2.10134e-09
7.20561e-09
4.89097e-09
1.20735e-08
1.1486e-08
6.50802e-09
2.16703e-08
2.20942e-08
9.18728e-09
1.23186e-08
1.42787e-08
1.28542e-08
1.78567e-08
1.18481e-08
1.28131e-08
3.07809e-08
1.53215e-08
7.30262e-09
1.10484e-08
5.84107e-09
1.34205e-08
2.19965e-08
8.86427e-09
8.81608e-09
8.70395e-09
9.08312e-09
8.93982e-09
1.02921e-08
1.00075e-08
1.02115e-08
1.01407e-08
1.33807e-08
1.136e-08
1.10799e-08
1.27763e-08
1.04658e-08
1.01869e-08
1.02087e-08
1.03412e-08
1.13197e-08
1.0201e-08
9.57004e-09
9.82286e-09
9.51827e-09
1.19648e-08
9.72262e-09
9.39377e-09
9.71458e-09
9.8528e-09
9.6244e-09
9.66212e-09
1.33574e-08
8.22013e-09
8.59308e-09
8.62682e-09
8.76513e-09
7.8373e-09
6.97743e-09
7.80197e-09
8.24473e-09
7.21227e-09
8.00408e-09
7.46151e-09
7.90937e-09
5.93519e-09
4.81519e-09
5.12835e-09
5.73112e-09
4.98758e-09
5.09649e-09
7.79367e-09
8.17877e-09
8.07361e-09
6.83477e-09
7.92548e-09
7.74759e-09
5.54314e-09
5.58896e-09
5.41266e-09
6.30429e-09
4.8777e-09
5.41405e-09
1.88477e-09
1.01697e-09
2.90895e-10
1.1712e-09
1.25346e-09
1.329e-09
4.42695e-11
1.14326e-09
1.03714e-09
3.51451e-09
2.81913e-09
3.34223e-09
2.99983e-09
4.98365e-09
4.03565e-09
4.00631e-09
5.21946e-09
3.70167e-09
4.76799e-09
3.4856e-09
3.36102e-09
4.57236e-09
3.51426e-09
2.84069e-09
1.84469e-10
2.9607e-10
2.44054e-09
5.74414e-10
3.24568e-10
1.55264e-09
2.12556e-09
1.11787e-09
2.06426e-09
1.54554e-09
7.77666e-10
1.72e-09
6.37782e-09
6.00534e-09
6.31074e-09
5.91639e-09
4.95351e-09
5.97616e-09
6.12912e-09
4.74147e-09
3.98242e-09
4.19158e-09
6.12908e-09
4.78693e-09
3.92165e-09
4.13629e-09
6.43313e-09
6.45493e-09
5.14142e-09
6.06399e-09
6.06486e-09
5.99426e-09
4.67432e-09
3.81076e-09
4.01501e-09
6.02549e-09
4.63176e-09
3.86618e-09
4.08059e-09
6.49558e-09
6.89148e-09
7.7059e-09
6.90108e-09
7.70483e-09
1.03836e-08
1.00097e-08
1.00597e-08
1.03526e-08
1.19462e-08
1.40449e-08
1.04275e-08
1.01968e-08
1.01011e-08
1.0523e-08
1.17842e-08
1.39899e-08
6.66483e-09
7.08075e-09
7.88386e-09
7.06243e-09
1.169e-08
1.0411e-08
1.00928e-08
1.00812e-08
1.04016e-08
1.16427e-08
1.39058e-08
1.045e-08
1.01535e-08
1.01649e-08
1.04581e-08
1.17113e-08
1.3934e-08
6.7729e-09
7.60004e-09
1.0425e-08
1.3858e-08
1.0449e-08
1.01759e-08
1.0456e-08
1.01624e-08
5.89216e-09
3.7694e-09
3.97462e-09
4.57032e-09
3.93464e-09
3.00274e-08
2.19536e-08
1.29824e-08
1.23425e-08
9.44133e-09
1.2999e-08
5.09599e-09
1.12704e-08
1.38922e-08
1.39659e-08
1.43708e-08
1.43315e-08
1.33299e-08
1.35716e-08
1.42195e-08
1.41227e-08
1.63196e-09
1.77953e-09
1.34954e-09
1.48253e-09
3.15522e-09
4.77748e-09
3.59032e-09
3.9516e-09
3.86218e-09
6.7661e-09
7.39459e-09
6.80544e-09
5.14616e-09
2.05651e-09
2.74147e-09
2.68228e-09
1.897e-09
8.08532e-09
1.25601e-08
7.51448e-09
8.60649e-09
1.04073e-08
9.92603e-09
8.79915e-09
8.48737e-09
5.11103e-10
1.25916e-09
6.09374e-11
4.19164e-09
4.36744e-09
2.5533e-09
1.64286e-09
1.3393e-09
1.41887e-09
1.73736e-09
2.0028e-09
1.26981e-09
2.04676e-09
3.28108e-09
1.78684e-09
1.54848e-09
6.83448e-09
5.56751e-09
5.41199e-09
4.18302e-09
4.69949e-09
4.7277e-09
5.34178e-09
5.27678e-09
6.88546e-09
4.06483e-09
6.89461e-09
6.21865e-09
5.11953e-09
6.63124e-09
6.8309e-09
6.48911e-09
6.34173e-09
6.86821e-09
5.39685e-09
6.3773e-09
6.60515e-09
6.52654e-09
6.30072e-09
4.99909e-09
4.04979e-09
4.26447e-09
6.28154e-09
4.86557e-09
4.17803e-09
4.34508e-09
6.2016e-09
6.73712e-09
6.6444e-09
5.2057e-09
6.29069e-09
6.54692e-09
5.12253e-09
4.35906e-09
4.55212e-09
5.23363e-09
4.26192e-09
4.47683e-09
7.10667e-09
7.78017e-09
8.53718e-09
7.73366e-09
1.21692e-08
1.09937e-08
1.09443e-08
1.07728e-08
1.11874e-08
1.43605e-08
1.08111e-08
1.03631e-08
1.06481e-08
1.05136e-08
1.23029e-08
1.44281e-08
6.91316e-09
7.29851e-09
8.11276e-09
7.36498e-09
8.21398e-09
1.15752e-08
1.12538e-08
1.13913e-08
1.23216e-08
1.14201e-08
1.48669e-08
1.48847e-08
1.1618e-08
1.14292e-08
1.14306e-08
1.16014e-08
7.65668e-09
8.03518e-09
8.70529e-09
8.07833e-09
1.20204e-08
1.0485e-08
1.02717e-08
1.02124e-08
1.05858e-08
1.1727e-08
1.36115e-08
1.03942e-08
1.01514e-08
1.03869e-08
1.01741e-08
1.21559e-08
1.38646e-08
7.91721e-09
8.47338e-09
8.82471e-09
8.45547e-09
1.23617e-08
1.1128e-08
1.05848e-08
1.0805e-08
1.2192e-08
1.08473e-08
1.46641e-08
1.24656e-08
1.45702e-08
1.1345e-08
1.1285e-08
1.15242e-08
1.1135e-08
7.39056e-09
7.25019e-09
5.97152e-09
6.89811e-09
7.04303e-09
6.77293e-09
5.5702e-09
4.84302e-09
5.12185e-09
5.75198e-09
4.65341e-09
5.01802e-09
7.51528e-09
7.22539e-09
7.60212e-09
6.4868e-09
7.30136e-09
6.81866e-09
5.47218e-09
4.41913e-09
4.65665e-09
6.862e-09
5.33566e-09
4.55212e-09
4.74291e-09
3.80788e-09
3.58115e-09
3.11637e-09
3.1269e-09
2.93886e-09
2.4665e-09
2.98527e-09
2.4279e-09
4.05112e-09
2.9382e-09
3.9913e-09
2.98567e-09
4.06293e-09
3.07377e-09
4.13293e-09
2.98867e-09
2.75344e-09
1.12422e-10
2.78768e-09
5.97577e-11
2.293e-09
1.58867e-09
2.44487e-09
2.4825e-09
2.25954e-09
1.4149e-09
2.32262e-09
2.18721e-09
1.46616e-09
2.39172e-09
2.37591e-09
1.36164e-08
1.35603e-08
1.34584e-08
1.34948e-08
1.3398e-08
1.33672e-08
)
;
    }
    procBoundary1to0
    {
        type            processor;
        value           nonuniform List<scalar> 
224
(
6.96163e-09
6.96163e-09
6.96163e-09
6.93252e-09
5.67152e-09
5.76308e-09
6.5971e-09
5.69624e-09
5.47301e-09
1.1488e-08
2.12893e-08
1.1488e-08
1.1488e-08
8.70795e-09
2.18007e-08
4.88987e-09
3.93398e-09
4.04803e-09
4.8396e-09
3.99357e-09
3.89325e-09
1.29584e-08
1.69066e-08
1.50556e-08
1.12988e-08
7.73787e-09
7.6719e-09
8.75297e-09
2.21191e-08
6.0698e-09
5.26377e-09
5.07517e-09
4.61801e-09
3.74742e-09
3.70319e-09
1.83958e-08
1.89072e-08
2.04622e-08
1.90778e-08
1.45005e-08
1.48223e-08
2.49201e-08
9.9758e-09
1.83958e-08
1.83958e-08
1.45005e-08
1.45005e-08
1.48223e-08
1.48223e-08
9.58299e-09
1.32334e-08
1.82186e-08
2.21072e-08
2.01386e-08
2.1584e-08
1.54475e-08
1.54475e-08
1.54475e-08
1.439e-08
1.439e-08
1.439e-08
1.52484e-08
1.52484e-08
1.52484e-08
5.52462e-09
4.47506e-09
4.70731e-09
4.66624e-09
3.74043e-09
3.80162e-09
7.06157e-09
5.78605e-09
5.8265e-09
6.21972e-09
5.27741e-09
5.69118e-09
1.3211e-08
1.18979e-08
7.86696e-09
1.68401e-08
1.50661e-08
1.35942e-08
2.29098e-08
7.87974e-08
2.10644e-08
4.96017e-09
4.10673e-09
4.00297e-09
4.78391e-09
3.84155e-09
3.94056e-09
7.21076e-09
6.27178e-09
6.27777e-09
6.25514e-09
5.57096e-09
5.31674e-09
4.57388e-09
3.66443e-09
3.70575e-09
2.49201e-08
3.70896e-08
1.4551e-08
1.40088e-08
1.2586e-08
1.60631e-08
2.10644e-08
2.49201e-08
2.49201e-08
7.87974e-08
3.70896e-08
3.70896e-08
1.4551e-08
1.4551e-08
1.40088e-08
1.40088e-08
1.02604e-08
8.74785e-09
2.01992e-08
8.37162e-09
8.12833e-09
6.32818e-09
1.44741e-08
1.44741e-08
1.44741e-08
1.48353e-08
1.48353e-08
1.48353e-08
5.12191e-09
4.21581e-09
4.20333e-09
4.72291e-09
3.86979e-09
3.787e-09
8.74785e-09
7.86696e-09
8.12833e-09
8.12833e-09
1.50556e-08
1.18153e-08
1.03514e-08
1.50556e-08
1.74079e-08
5.67152e-09
5.76308e-09
5.78605e-09
5.8265e-09
5.69624e-09
5.47301e-09
5.27741e-09
5.69118e-09
3.93398e-09
4.04803e-09
4.10673e-09
4.00297e-09
3.99357e-09
3.89325e-09
3.84155e-09
3.94056e-09
7.6719e-09
8.75297e-09
6.27178e-09
6.27777e-09
5.26377e-09
5.07517e-09
5.57096e-09
5.31674e-09
3.74742e-09
3.70319e-09
3.66443e-09
3.70575e-09
1.60631e-08
2.10644e-08
7.65613e-08
3.44123e-08
5.1932e-09
2.36715e-08
1.11204e-07
1.33494e-08
1.32314e-08
1.2821e-08
1.2979e-08
1.04341e-08
1.38893e-08
1.31244e-08
1.15807e-08
1.32334e-08
1.82186e-08
2.01992e-08
8.37162e-09
1.23158e-08
1.38676e-08
1.36349e-08
1.36112e-08
1.37993e-08
1.3897e-08
1.38821e-08
1.39433e-08
1.39683e-08
1.38301e-08
4.47506e-09
4.70731e-09
4.21581e-09
4.20333e-09
3.74043e-09
3.80162e-09
3.86979e-09
3.787e-09
1.52882e-08
1.8134e-08
1.74079e-08
2.28186e-08
2.14044e-08
2.05239e-08
2.11016e-08
1.88881e-08
2.00821e-08
2.03641e-08
2.14768e-08
2.01679e-08
2.15911e-08
2.24845e-08
2.0779e-08
2.19492e-08
)
;
    }
    procBoundary1to3
    {
        type            processor;
        value           nonuniform List<scalar> 
23
(
3.19504e-09
2.99273e-09
2.37535e-09
2.37535e-09
2.37535e-09
1.0422e-09
1.66028e-09
8.49041e-10
2.38782e-09
2.96807e-09
2.36405e-09
2.91935e-09
2.9772e-09
1.96185e-09
1.1554e-09
8.84868e-10
1.96185e-09
9.28881e-10
1.58019e-09
2.33793e-09
3.43755e-09
3.15181e-09
3.37084e-09
)
;
    }
    procBoundary1to4
    {
        type            processor;
        value           nonuniform List<scalar> 
78
(
2.17494e-08
2.21579e-08
2.21579e-08
2.17494e-08
2.17494e-08
2.09767e-08
2.15586e-08
2.09141e-08
2.23743e-08
2.13927e-08
2.13927e-08
2.09767e-08
2.15586e-08
2.15586e-08
2.09141e-08
2.09141e-08
1.4554e-08
1.44276e-08
2.15072e-08
1.4424e-08
1.48168e-08
1.48168e-08
1.48168e-08
1.4554e-08
1.4554e-08
1.44276e-08
1.44276e-08
2.15072e-08
1.4424e-08
1.91713e-08
1.4424e-08
1.4424e-08
1.44277e-08
1.43969e-08
1.51271e-08
1.51271e-08
1.51271e-08
1.53869e-08
1.53869e-08
1.53869e-08
1.44277e-08
1.44277e-08
1.43969e-08
1.43969e-08
1.43794e-08
1.36247e-08
1.35126e-08
1.36171e-08
1.3747e-08
1.38556e-08
1.38212e-08
1.37327e-08
1.34018e-08
1.34876e-08
1.33611e-08
1.33185e-08
1.31307e-08
1.31095e-08
1.32016e-08
1.32278e-08
1.30139e-08
1.30495e-08
1.29813e-08
2.07761e-08
2.07932e-08
2.27199e-08
2.30518e-08
2.18689e-08
2.27199e-08
2.21963e-08
2.29246e-08
2.25656e-08
2.2753e-08
2.07761e-08
2.24951e-08
2.07932e-08
2.25276e-08
2.25545e-08
)
;
    }
    procBoundary1to5
    {
        type            processor;
        value           nonuniform List<scalar> 
55
(
1.72355e-08
1.52552e-08
1.92687e-08
9.74958e-09
1.87065e-08
1.09016e-08
6.43427e-09
7.16694e-09
5.94996e-09
1.25055e-08
7.16694e-09
2.10065e-08
1.09016e-08
9.02998e-09
6.43427e-09
1.25055e-08
1.25055e-08
9.75256e-09
5.94996e-09
7.16694e-09
7.16694e-09
7.32849e-09
5.00309e-09
6.00947e-09
5.69573e-09
6.30624e-09
4.60062e-09
8.15362e-09
7.08522e-09
7.55307e-09
8.15362e-09
1.16276e-08
1.32794e-08
1.32794e-08
5.87946e-09
5.64743e-09
5.34268e-09
6.01682e-09
5.33825e-09
5.33825e-09
6.10993e-09
4.43618e-09
4.91478e-09
1.38678e-08
1.52552e-08
1.42763e-08
1.92687e-08
1.42763e-08
1.42763e-08
2.1892e-08
1.0171e-08
1.0171e-08
1.04382e-08
1.0171e-08
1.25002e-08
)
;
    }
}


// ************************************************************************* //
