/*--------------------------------*- C++ -*----------------------------------*\
| =========                 |                                                 |
| \\      /  F ield         | OpenFOAM: The Open Source CFD Toolbox           |
|  \\    /   O peration     | Version:  2012                                  |
|   \\  /    A nd           | Website:  www.openfoam.com                      |
|    \\/     M anipulation  |                                                 |
\*---------------------------------------------------------------------------*/
FoamFile
{
    version     2.0;
    format      ascii;
    class       volScalarField;
    location    "0.107/solid";
    object      sigmaMin;
}
// * * * * * * * * * * * * * * * * * * * * * * * * * * * * * * * * * * * * * //

dimensions      [1 -1 -2 0 0 0 0];


internalField   nonuniform List<scalar> 
3124
(
-462.388
11.7547
-412.546
-1273.03
-410.689
14.0519
-424.162
-1303.75
-415.587
-314.935
-704.593
-1285.51
-436.62
-272.966
-272.91
-409.044
-680.547
-332.537
-344.618
-1313.33
-291.36
-286.896
-269.803
-1005.59
-412.432
-716.282
-814.035
-1053.71
-426.211
-721.755
-83.8147
-358.323
-63.1473
-585.06
-899.985
-1454.74
-1256.67
-624.679
-1442.17
-883.914
-734.271
-442.839
0.148473
3.57201
-79.7497
-544.883
-109.841
-303.273
-643.478
-1329.37
-914.776
-1483.15
-618.806
-1548.81
-933.014
-383.798
-269.287
-250.396
19.6737
-254.404
-896.093
-513.619
-687.655
-616.027
-794.405
-812.471
-533.284
-894.055
-1176.19
-1442.63
-985.532
-1294.1
-725.182
-985.843
-1356.99
-1284.15
-924.402
-733.328
-773.392
-729.821
-759.833
-78.1534
-63.4119
-339.168
9.97727
-43.4896
8.98813
-47.6358
-637.8
-616.407
-1371.57
-1365.45
-586.228
-1247.51
-1444.24
-869.712
-1368.25
-607.974
-647.538
-1054.26
-34.5218
-761.051
-200.675
3.7261
-149.504
-793.351
-294.972
-268.945
-597.803
-558.586
-351.754
-102.992
-296.511
-486.706
-314.087
-342.424
-647.73
-1327.32
-1437.89
-978.904
-738.128
-1524.08
-958.619
-640.428
-658.794
-1400.86
-1476.75
-1347.58
-1448.95
-730.465
-678.372
-340.224
-273.107
-252.555
11.9407
18.9328
19.8895
11.4298
19.0382
-1533.03
68.8937
15.054
-332.089
-397.265
-331.839
-414.871
53.7324
25.3099
21.3978
23.5942
-466.582
-336.052
-375.849
-416.748
-706.693
-272.625
-576.759
-411.427
-663.79
-512.272
-327.781
-1169.41
-518.586
-688.542
-747.296
-1404.33
-834.492
-802.977
-912.645
-337.327
-630.869
-521.631
-632.29
-449.905
-765.125
-285.273
-200.242
-211.904
-506.324
-695.026
-1425.65
-305.408
-187.618
-489.701
-379.35
-601.458
-336.846
-188.455
-535.774
-337.055
-544.214
-408.858
-570.976
-386.826
-494.988
-266.471
-321.112
-370.589
-270.334
-419.356
-291.555
-276.758
-327.669
-323.903
-362.288
-292.435
-409.395
-271.035
-326.036
-296.982
-282.233
-262.486
-197.419
-189.857
-920.319
-1037.8
-815.899
-862.336
-794.916
-773.054
-891.561
-704.22
-451.684
-443.612
-481.936
-613.616
-625.132
-551.273
117.252
-275.375
-56.0689
-267.04
-391.964
-287.675
-325.671
-60.1219
-225.796
-261.505
-983.458
-610.685
-945.393
-746.725
-751.08
-943.994
-980.877
-993.371
-609.18
-767.036
-956.855
-1001.65
-762.268
-946.559
-437.19
49.8163
4.44415
0.852367
31.7213
4.09075
27.5425
83.5497
30.3617
-66.4482
-17.1502
-54.6138
13.5108
24.3678
-51.4312
-29.918
-21.684
-9.59082
-34.0941
3.61831
-483.744
-444.637
-394.24
-278.898
-216.675
-303.003
-373.883
-235.097
-316.896
-1046.16
-615.618
-1041.55
-803.089
-1052.45
-795.79
-1031.58
-1031.1
-619.598
-777.812
-978.374
-1017.91
-783.085
-1005.41
-411.616
-265.943
-246.128
-179.422
-117.506
-866.959
-625.437
-341.172
-226.381
-364.845
-266.535
-863.738
-345.976
-256.465
-808.679
-772.094
-905.835
-946.043
-1053.06
-728.117
-760.422
-458.935
-480.105
-393.196
-781.017
-403.446
-1038.39
-529.973
-502.862
-462.504
-1562.16
-1129.75
-996.719
-869.012
-544.258
-1465.05
-460.293
-707.237
506.056
-586.064
-1130.99
-786.727
-772.914
-1009.61
-1134.9
-827.877
-956.862
-1039.59
-2771.77
-843.13
-1046.69
-489.883
-442.338
-881.436
-875.158
-1068.02
-698.805
-1040.55
-1062.39
-756.455
-905.447
-1029.82
-1041.45
-856.596
-1058.43
-761.959
-1019.67
-850.201
-1034.21
-854.616
-1055.72
-1061.54
-1032.31
-1363.47
-1112.51
-1122.82
-1083.14
-1288.88
-1121.88
-995.92
-1018.84
-1019.86
-827.494
-914.209
-1017.58
-1080.62
-733.239
-962.043
-984.546
-623.727
-716.526
-983.483
-1115.49
-508.837
-891.571
-1065.61
-501.863
-984.226
-1001.01
-1077.84
-1078.3
-1030.18
-934.907
-814.765
-765.103
-730.829
-790.902
-799.219
-807.155
-901.622
-732.779
-735.121
24.3268
-55.454
37.774
-55.9827
39.6319
36.6579
-293.576
-269.262
-220.554
-136.203
-0.255656
-146.642
-206.784
-6.49885
-155.125
60.5843
-3.31323
54.2999
41.9342
-11.602
52.3158
-672.152
-685.579
-688.215
-633.797
-686.95
-699.66
-694.317
-674.784
-625.388
-675.332
-919.722
-911.441
-1088.84
-1358.83
-1076.23
-928.723
-920.914
-1081.19
-1358.9
-1071.1
-944.009
-737.904
-974.307
-914.821
-1079.53
-663.468
-662.145
-547.339
540.545
-942.678
-626.688
-223.512
-98.2324
-65.3297
-4.26119
-17.1929
-181.445
-118.264
-352.578
-647.852
-844.707
-581.612
-660.196
-562.617
-466.432
-271.139
-172.117
-124.133
-380.798
-29.3289
-459.049
-280.213
-74.6109
-45.8247
-57.8244
-222.015
-363.108
-160.69
-67.5013
-183.57
-78.6961
-272.028
-659.431
-706.285
-857.713
-637.984
-665.264
-607.399
-600.698
-450.444
-374.357
-443.993
-318.816
-347.086
-365.108
-405.481
-439.801
-205.3
-442.24
-297.681
-502.53
-294.364
-437.693
-484.553
-750.532
-465.273
-565.162
-504.396
-463.601
-411.707
-369.516
-361.835
-466.574
-37.9287
-230.914
-130.705
-255.109
-233.727
-223.911
-306.508
-421.995
-461.584
-372.792
-473.837
-363.163
-315.206
-208.703
-235.432
-224.918
-226.968
-228.902
-337.944
-169.031
-328.753
-244.453
-355.314
-354.869
-474.34
-383.733
-348.449
-500.282
-348.511
-299.839
-250.545
-220.01
-307.106
-353.446
-374.511
-461.799
-320.753
-1056.56
-708.482
-1035.12
-819.017
-1058.55
-1018.72
-829.324
-1057
-714.752
-1008.19
-849.225
-1057.62
-1006.87
-844.507
-705.119
-688.608
-697.214
-641.278
-697.389
-699.425
-689.151
-713.645
-647.275
-713.258
-1014.36
-1002.18
-1105.83
-1438.73
-1155.15
-946.022
-986.045
-1182.55
-1469.85
-1171.69
-1019.29
-991.522
-1107.07
-1357.49
-1112.75
-987.373
-986.327
-1177.18
-1399.04
-1125.04
-727.368
-767.52
-765.473
-719.663
-761.733
-799.014
-786.59
-739.245
-700.089
-741.006
-309.901
-277.543
-259.745
-181.269
-187.561
-133.668
15.5525
-126.65
-119.104
16.4197
-124.664
68.3107
62.1458
15.4435
64.974
16.473
67.5367
65.6765
-9.59978
13.4025
13.7785
27.0435
-5.252
13.1707
25.7304
24.2782
16.8557
18.1716
40.0397
20.743
23.169
27.7278
-520.323
-606.423
-683.061
-646.496
-626.645
-549.427
-566.502
-1034.77
-1017.47
-1035.13
-932.379
-888.964
-879.671
-969.022
-755.811
-701.466
-580.549
-587.794
-957.44
-711.967
-631.328
-80.3487
-70.5289
-64.5144
-63.9703
-44.8722
-54.4411
-787.593
-596.781
-708.111
-674.291
-674.328
-707.084
-785.693
-804.028
-616.075
-697.384
-729.643
-810.344
-700.765
-728.929
-702.852
-960.532
18.9603
12.1104
-15.4445
-4.17226
15.2019
-101.392
-146.2
-124.344
-257
-280.327
-209.439
-856.994
-622.042
-774.4
-723.368
-860.235
-721.918
-775.655
-824.354
-623.368
-706.454
-737.371
-815.851
-700.74
-740.211
38.2024
20.3659
39.4143
-892.236
-973.07
-1156.08
-1142.02
-955.163
-927.05
-804.189
-896.174
-974.561
-950.621
-885.599
-899.017
-737.57
-838.392
-806.945
-837.06
-797.73
-895.7
-1125.54
-966.448
-878.172
-883.433
-801.202
-760.52
-672.575
-682.294
-11.0691
-68.2798
-5.40255
-61.7657
0.293976
-1.48746
31.5578
7.679
31.0433
-18.8627
-30.0721
3.28794
40.2928
6.06997
37.84
9.82982
-38.2872
15.0433
-531.065
-540.501
-571.111
-567.458
-735.067
-746.155
-767.538
-757.746
-780.499
-699.992
-576.567
-664.046
-781.811
-701.134
-664.737
-737.773
-729.101
-528.07
-522.108
-49.889
-4.90393
-13.1343
-24.8649
3.6133
-268.748
-304.923
-481.647
-603.132
-538.545
-442.692
-577.039
-432.815
-512.613
-349.345
-243.886
-288.74
-33.2867
-140.281
-62.6436
-296.113
-221.84
-215.702
-215.174
-249.895
-177.314
-870.568
-677.511
-793.142
-744.818
-868.914
-791.045
-748.859
-888.964
-725.668
-827.769
-794.205
-891.243
-830.191
-802.676
-572.071
-558.522
-561.025
-564.302
-829.84
-804.04
-773.536
-774.812
-819.678
-853.704
-874.957
-866.54
-584.64
-606.029
-682.71
-674.782
32.547
13.3176
33.9156
37.6895
18.1686
37.5662
20.2712
49.2219
49.0697
42.2334
12.6303
42.6915
17.9934
48.4122
47.1522
26.0755
49.658
72.841
26.3705
27.2944
12.1199
-1.07357
14.277
-372.244
-387.522
-324.589
-333.035
-381.818
-333.175
-377.437
-373.258
-338.29
-334.112
-369.326
-339.699
-369.683
-372.933
-369.962
-358.388
-373.273
-375.599
55.5295
34.9206
-6.29311
15.0238
12.5435
7.99661
13.4472
-38.7727
14.4635
56.3277
4.01314
10.5609
32.0729
4.34282
26.6619
-20.7291
21.9938
12.0038
61.9043
5.77304
-429.391
-405.543
-321.613
-346.316
-402.97
-328.922
-427.237
-455.108
-357.954
-467.514
-361.009
-473.702
-344.096
-448.967
-375.924
-383.75
-392.756
-403.597
-521.805
-681.787
-529.56
-516.826
-431.157
-590.35
-548.03
-407.973
-347.866
-494.519
-418.819
-399.41
-503.494
-351.598
-566.65
-726.64
-598.197
-566.633
-543.519
-638.141
-600.463
-385.175
-371.473
-292.58
-411.176
-310.661
-470.694
-340.164
-882.362
-1341.33
-1132.87
-913.386
-865.887
-927.128
-949.017
-693.318
-814.995
-726.816
-835.047
-640.416
-781.696
-743.93
-465.99
-401.065
-418.824
-355.507
-440.423
-418.128
-459.821
-611.595
-725.849
-505.026
-638.065
-568.442
-571.982
-689.162
-528.137
-571.073
-385.965
-506.625
-466.35
-504.581
-570.59
-250.236
-246.522
-200.593
-202.997
-246.581
-203.869
-249.532
-253.3
-211.831
-259.44
-206.729
-259.298
-206.535
-253.774
-347.976
-413.28
-313.847
-243.032
-285.937
-373.252
-343.137
-320.409
-321.481
-458.577
-326.723
-360.983
-393.529
-284.635
-442.17
-500.946
-540.358
-514.709
-496.599
-480.463
-426.037
-247.772
-230.351
-183.514
-262.171
-200.428
-320.19
-233.213
-480.645
-544.248
-462.101
-509.139
-461.993
-532.453
-465.029
-417.633
-389.039
-400.108
-353.952
-413.778
-400.117
-399.717
-504.4
-536.922
-465.603
-573.097
-516.305
-447.335
-558.968
-411.91
-430.569
-385.14
-397.709
-404.178
-423.113
-409.808
-325.664
-329.742
-326.551
-311.702
-337.502
-315.347
-295.229
-337.675
-376.736
-351.191
-398.277
-365.832
-312.12
-374.936
-279.118
-205.512
-313.557
-247.322
-270.306
-243.171
-241.4
-325.735
-354.013
-293.611
-316.794
-328.755
-330.423
-298.413
-341.993
-334.469
-348.56
-299.831
-352.282
-329.504
-317.45
-359.967
-386.27
-395.294
-369.372
-364.923
-366.335
-365.298
-302.137
-260.56
-288.225
-265.055
-293.67
-287.263
-272.871
-259.858
-263.125
-268.994
-262.75
-259.952
-254.285
-250.339
-254.327
-241.045
-243.497
-198.453
-194.766
-244.563
-195.043
-240.92
-239.168
-190.029
-235.963
-192.085
-236.24
-192.821
-238.183
-845.371
-1095.95
-811.215
-1069.22
-687.579
-957.278
-1039.96
-594.991
-511.753
-654.967
-835.325
-602.527
-527.122
-464.205
101.643
-177.584
-153.13
-314.709
-273.441
-317.813
-179.934
-142.016
-59.561
-52.7106
-54.6088
-160.624
-310.034
-270.989
-131.272
-315.139
-160.386
-133.986
-348.094
-332.236
-289.667
-303.357
-307.277
-333.848
-346.07
-358.814
-332.288
-363.953
-316.248
-366.064
-321.436
-356.749
-64.7028
-59.9167
-60.1174
-140.38
-104.822
-262.445
-240.827
-277.861
-140.263
-119.385
-158.069
-301.24
-132.563
-252.553
-161.304
-289.835
-128.037
-790.677
-597.744
-683.417
-713.26
-792.345
-683.214
-715.223
-800.605
-619.326
-694.475
-722.131
-796.692
-693.416
-721.18
-437.489
-464.109
-400.294
-393.838
10.2293
30.3135
-2.0764
37.1479
5.95239
68.8789
0.587648
17.8845
41.006
-11.5676
-11.0358
19.8195
18.7718
-39.7456
20.0827
-48.4529
-4.2589
34.1357
42.7931
-18.1734
6.77487
16.6619
-58.4938
-14.938
6.01833
-19.7077
-70.3644
-34.5368
-21.8185
25.9278
-14.951
-14.294
-32.1377
-72.9102
-32.677
-35.1799
-22.0264
-27.8095
4.12532
5.18616
-27.2861
0.925965
-31.2726
-1.84174
-21.1856
4.69757
18.4644
-13.7557
12.6484
-4.09364
12.1652
5.85262
-14.2881
8.25654
-10.7644
-14.8936
-1.35972
-8.8208
-30.3988
-15.7293
-32.8158
16.873
-24.5008
6.62322
-14.6213
-42.2263
-541.62
-537.718
-434.821
-440.529
-428.165
-546.632
-532.539
-510.963
-377.621
-487.637
-411.046
-495.564
-394.281
-504.696
-199.009
-165.793
-315.85
-284.727
-317.485
-201.346
-174.673
-184.597
-149.972
-140.123
-201.897
-339.222
-293.58
-180.659
-328.625
-203.136
-179.295
-245.923
-272.152
-407.386
-363.624
-400.045
-296.509
-238.523
-258.718
-159.777
-176.716
-222.051
-352.374
-332.682
-188.004
-369.423
-200.846
-201.119
-850.947
-621.516
-712.423
-759.986
-844.163
-709.415
-763.749
-828.455
-615.395
-701.28
-750.655
-836.895
-707.091
-746.095
-341.684
-370.199
-397.356
-386.055
-241.933
-237.513
-235.43
-237.128
-223.322
-224.6
-179.942
-177.652
-177.862
-225.46
-222.948
-222.122
-174.823
-220.139
-176.01
-220.648
-176.276
-221.377
-25.5833
-3.84893
-155.499
-115.602
-153.268
-28.3339
-2.23685
21.1103
40.2532
-23.8876
-113.978
-151.655
-1.06208
-735.817
-1100.44
-1092.97
-836.393
-866.579
-949.162
-739.194
-834.599
-1018.09
-1086.63
-873.599
-1063.21
-804.915
-986.035
-590.194
-1246.69
-475.536
-776.486
-615.271
-296.727
-491.149
-536.612
-800.157
-315.492
-201.181
-268.084
-459.223
-294.856
-275.859
-249.295
-812.165
-907.142
-790.291
-709.324
-749.139
-911.378
-792.834
-897.744
-881.128
-972.845
-856.352
-918.577
-918.663
-859.108
-934.481
-962.8
-1024.89
-964.634
-965.189
-931.488
-959.556
-807.808
-798.124
-725.464
-810.871
-771.981
-877.155
-769.638
-771.295
-538.296
-896.853
-715.886
-416.019
-676.257
-690.461
-686.585
-637.917
-596.587
-491.174
-552.789
-494.005
-794.342
-586.292
-774.525
-870.964
-582.788
-495.351
-490.852
-514.61
-869.539
-964.017
-977.259
-897.654
-566.335
-845.266
-847.226
-1045.87
713.934
-962.353
-666.435
-534.021
-464.955
-656.131
-438.887
-403.062
-877.509
-823.011
-774.298
-389.899
-553.613
37.942
-546.02
-1181.32
-1014.09
-1127.2
-932.349
-1154.04
-374.975
-1074.44
-621.308
-1044.99
-703.302
-1324.37
-1095.17
-856.794
-469.688
-334.574
-856.346
-1060.03
-585.886
-835.767
-520.748
-593.454
-438.436
-610.241
-785.757
-1644.94
-564.667
-961.224
169.377
-2008.06
-2404.38
-1677.15
-1911.69
-1079.78
-989.633
-1130.33
-1154.88
-1002.16
-1001.48
-1134.52
-1008.69
-882.836
-710.402
-989.078
-612.323
-899.278
-837.471
-695.997
-990.41
-1120.81
-1119.18
-1040.9
-1128.09
-1050.96
-977.054
-1236.56
-2030.54
-1396.08
-358.173
-1493.61
1112.92
1860.71
-3879.56
-941.059
-414.77
-1129.44
-863.36
-561.745
-944.827
-879.667
-820.192
-707.298
-660.744
-520.212
-600.757
-359.628
-856.759
-719.512
-491.633
-816.635
-529.082
-528.503
-432.307
-635.573
-860.823
-1052.01
-1024.21
-966.881
-973.163
-945.455
-913.715
-921.626
-791.146
-887.787
-835.369
-923.276
-872.096
-828.75
-908.376
-736.847
-853.413
-810.551
-911.899
-858.733
-816.061
-1042.99
-1092.65
-1067.07
-1064.87
-1039.59
-918.454
-969.193
-1014.74
-1026.41
-997.338
-991.753
-1030.45
-1334.75
-1499.2
-1500.18
-1316.07
-1342.79
-1480
-1333.33
-1531.18
-1262.52
-1117.5
-1202
-1607.76
-1294.84
-1543.09
-1335.44
-1338.72
-931.171
-894.074
-942.32
-1000.81
-956.374
-946.236
-969.581
-997.498
-970.619
-1014.94
-966.012
-983.283
-960.496
-1068.41
-933.646
-961.752
-915.571
-1010.96
-1000.27
-936.117
-902.577
-987.616
-887.236
-945.811
-971.733
-888.517
-1003.54
-1074.69
-1042.14
-1024.5
-1003.22
-1033.2
-1027.01
-875.643
-839.897
-766.925
-832.34
-824.56
-932.518
-822.617
-865.766
-1046.41
-800.165
-911.961
-822.111
-880.22
-951.558
-766.695
-699.447
-887.57
-599.293
-826.713
-764.319
-640.909
-926.213
-1086.28
-1047.09
-1029.11
-970.257
-956.692
-998.108
-690.305
-627.552
-552.514
-535.642
-642.105
-688.673
-590.478
-1041.24
-1079.7
-1088.17
-1012.5
-1058.39
-1033.51
-1025.57
-894.349
-862.664
-981.598
-987.472
-856.559
-827.128
-1046.94
-991.77
-1081.05
-1049.05
-998.204
-961.655
-1054.65
-1016.04
-1013.27
-1094.29
-995.724
-1011.72
-982.226
-1034.35
-1020.57
-712.138
-732.099
-893.016
-814.388
-901.054
-872.424
-926.841
-803.024
-884.744
-864.406
-833.082
-759.208
-803.966
-752.614
-847.46
-837.671
-679.692
-799.741
-796.065
-684.041
-578.324
-467.342
-590.686
-461.205
-679.01
-810.415
-805.783
-693.162
-570.249
-465.69
-574.202
-459.772
-693.591
-680.698
-829.51
-753.943
-787.761
-826.981
-738.369
-824.279
-823.713
-817.85
-826.474
-750.565
-792.182
-750.852
-822.339
-825.323
-655.637
-808.398
-791.128
-683.853
-574.089
-497.537
-569.433
-488.965
-698.366
-806.391
-690.114
-796.513
-572.065
-471.171
-585.532
-470.864
21.9415
26.9832
24.8395
-58.3706
0.14056
0.801146
35.5481
28.4153
28.2351
-62.329
0.734297
-4.37189
31.3273
35.3086
28.2116
28.9835
36.6963
26.8301
-296.925
-315.243
-270.898
-250.13
-316.209
-249.004
-297.321
-280.098
-219.094
-268.339
-233.156
-267.087
-232.682
-280.84
-41.9172
-14.5059
-175.726
-138.406
-178.845
-40.6466
-14.9073
4.60563
26.2804
29.8713
-41.2587
-187.283
-141.696
-20.0879
-181.658
-48.8128
-16.6413
-83.28
-81.7967
-246.608
-185.993
-105.623
-223.727
-56.8535
-16.4454
22.7925
14.2456
-65.8346
-194.038
-168.312
-26.4612
-209.009
-49.977
-38.6689
60.8095
57.0871
57.7699
2.17553
32.557
35.2215
55.7408
53.9196
55.6821
36.4909
45.0336
40.225
-23.1357
28.134
22.3072
47.4427
50.5685
45.059
-554.812
-545.917
-698.667
-635.792
-669.626
-706.881
-634.654
-712.086
-691.783
-705.26
-721.263
-646.622
-675.153
-640.763
-710.105
-716.939
-604.302
-714.411
-717.746
-601.137
-511.491
-406.407
-514.836
-403.29
-605.586
-722.448
-720.436
-607.497
-510.115
-397.727
-507.314
-400.321
-560.686
-569.004
-724.924
-658.129
-692.514
-734.257
-657.399
-733.751
-725.987
-721.954
-726.81
-655.503
-690.497
-653.481
-716.52
-731.105
-591.86
-711.054
-706.734
-598.059
-495.125
-386.448
-491.595
-388.878
-589.162
-696.26
-700.469
-583.736
-500.122
-395.547
-504.981
-392.374
-754.963
-743.182
-830.933
-914.774
-876.12
-827.934
-879.347
-876.694
-829.063
-919.542
-834.25
-872.022
-1330.32
-1544.06
-1343.5
-1531.61
-1323.37
-1524.34
-1321.51
-1523.9
-749.048
-759.654
-846.61
-928.287
-887.838
-844.672
-874.406
-866.177
-837.852
-915.363
-834.301
-875.256
-1340.6
-1540.71
-1345.07
-1534.94
-1334.12
-1523.53
-1328.47
-1531.95
-824.87
-880.731
-917.395
-826.477
-877.698
-1349.63
-1542.15
-1348.34
-1543.43
-682.985
-626.271
-701.511
-654.572
-687.355
-622.279
-698.193
-486.93
-385.139
-489.224
-383.624
-576.956
-692.947
-580.642
-689.067
-484.245
-382.047
-2054.33
-2429.23
-1113.98
-2086.19
-414.358
1016.69
-3995.55
-1552.29
-1552.52
-1531.19
-1588.94
-1133.25
-1663.96
-1592.76
-1370.27
-768.332
664.752
-600.266
-442.127
-947.125
-1621.4
-1640.87
-1686.22
-1667.02
-1724.45
-1736.81
-1712.56
-1729.79
-1532.94
-1528.32
-1557.46
-1537.17
-1704.58
-1676.62
-1596.54
-1636.62
-133.508
-122.999
-199.596
-164.048
-183.097
-154.537
-78.9055
-56.1215
-66.0186
-50.3031
7.80889
-40.7269
-64.1659
-30.906
-88.1464
-151.773
-127.542
-53.6631
-123.605
-72.9333
-89.8025
-502.716
-463.595
-425.343
-402.346
-468.339
-539.798
-438.463
-711.493
-790.542
-789.126
-756.105
-768.252
-688.888
-740.748
-626.097
-554.536
-651.656
-739.849
-586.584
-686.423
-633.437
-588.423
-483.051
-677.816
-557.904
-599.253
-522.045
-620.753
-249.322
-165.964
-339.222
-276.499
-223.915
-220.062
-305.313
-195.926
-178.204
-106.953
-242.127
-147.128
-185.45
-219.12
-130.912
-99.0251
-44.5879
-76.7746
-100.196
-144.322
-110.362
-319.985
-387.867
-324.822
-417.566
-263.812
-385.185
-349.507
-103.105
-118.073
-93.9
-52.5259
-80.3051
-56.5216
-91.0344
-61.2279
-33.4419
-57.8451
-39.1688
-47.2889
-61.6654
-18.2439
-87.5166
-68.9913
-91.2558
-60.9193
-60.2456
-104.503
-68.1229
-36.3772
-82.5415
-570.54
-583.763
-257.912
-219.382
-268.908
-155.042
-232.011
-327.112
-231.406
-428.697
-326.112
-465.963
-306.063
-438.673
-297.151
-389.231
-130.641
-131.688
-188.812
-147.399
-106.893
-189.744
-139.265
-155.412
-111.02
-209.669
-112.126
-154.503
-168.118
-169
-238.641
-220.488
-230.36
-174.898
-217.366
-203.282
-120.66
-57.1239
-94.8127
-108.981
-130.959
-87.6877
-643.579
-651.751
-682.557
-579.584
-609.804
-719.386
-606.754
-764.864
-813.401
-829.633
-782.943
-800.834
-770.911
-770.863
-712.574
-633.16
-687.406
-767.975
-661.827
-739.21
-726.02
-670.342
-624.638
-719.69
-598.381
-659.334
-727.224
-616.069
-376.661
-345.451
-427.564
-455.025
-414.065
-355.832
-358.252
-363.731
-422.17
-470.904
-394.179
-427.885
-376.05
-382.625
-347.05
-290.309
-417.987
-327.784
-376.133
-342.994
-324.375
-360.558
-410.718
-370.049
-340.663
-375.244
-359.925
-364.778
-277.425
-231.761
-275.839
-255.57
-271.129
-235.954
-296.52
-390.133
-504.892
-361.705
-459.169
-393.885
-353.537
-492.643
-293.409
-237.436
-271.282
-278.503
-263.309
-239.138
-301.527
-446.123
-623.897
-526.01
-556.057
-612.634
-684.416
-400.913
-439.71
-572.402
-464.221
-473.574
-597.281
-328.244
-577.536
-395.824
-529.547
-649.183
-476.813
-649.574
-786.714
-764.028
-561.498
-531.196
-541.394
-473.009
-566.293
-446.107
-548.056
-338.738
-554.609
-426.686
-517.012
-495.145
-370.018
-464.493
-226.846
-363.372
-430.219
-438.199
-349.599
-303.387
-404.825
-286.784
-279.116
-388.57
-401.587
-423.082
-263.633
-317.217
-330.743
-400.949
-383.993
-362.04
-426.621
-415.081
-354.486
-347.576
-491.617
-434.269
-433.996
-406.658
-458.907
-380.039
6.84024
-46.7804
-4.2555
-187.157
-145.019
-104.365
-101.932
-73.6452
-36.6558
-281.343
-174.073
-200.042
-172.997
-254.788
-163.359
-116.256
-253.915
-145.169
-365.302
-401.167
-410.134
-408.644
-377.795
-440.986
-263.325
-151.604
-172.683
-187.13
-213.731
-194.437
-147.427
-161.458
-172.675
-185.617
-223.021
-221.533
-214.682
-186.188
-188.753
-161.087
-180.364
-212.457
-155.565
-198.011
-142.974
-171.364
-167.966
-227.499
-217.961
-174.963
-213.34
-167.953
-183.913
-245.404
-260.123
-216.763
-229.931
-261.592
-257.533
-202.261
-219.369
-253.013
-353.589
-305.631
-243.471
-317.333
-224.629
-213.713
-132.561
-155.678
-277.053
-293.916
-339.433
-328.69
-315.468
-296.147
-292.943
-199.926
-248.478
-271.844
-174.596
-276.538
-180.806
-203.9
-378.056
-343.44
-388.119
-323.943
-325.027
-374.489
-368.08
-396.584
-510.868
-404.661
-572.079
-389.904
-553.31
-388.125
-252.248
-250.582
-271.063
-303.346
-265.689
-212.299
-301.339
-235.502
-196.141
-233.831
-269.067
-252.992
-205.966
-220.616
-208.471
-215.243
-219.288
-146.113
-233.405
-181.698
-160.049
-269.08
-312.024
-289.15
-282.461
-280.74
-291.86
-254.411
-413.697
-405.003
-347.417
-336.62
-421.927
-376.46
-360.226
-455.2
-467.313
-592.083
-467.547
-557.675
-506.037
-417.836
-877.787
-685.84
-807.12
-772.634
-877.404
-808.155
-768.358
-884.736
-730.635
-820.935
-791.003
-884.364
-820.14
-789.821
-544.944
-553.037
-713.626
-670.86
-690.642
-748.748
-665.222
-739.891
-727.593
-705.548
-729.801
-663.341
-683.891
-654.645
-697.367
-732.35
-612.333
-725.746
-724.499
-615.161
-518.455
-409.263
-514.203
-413.372
-610.94
-722.476
-609.201
-723.438
-519.302
-422.995
-525.022
-418.117
-556.807
-553.404
-722.003
-663.468
-691.306
-735.178
-653.94
-721.84
-734.157
-713.721
-729.439
-651.072
-685.859
-657.939
-713.669
-733.222
-624.628
-725.89
-729.794
-618.666
-537.947
-437.345
-541.777
-434.768
-628.121
-746.995
-738.289
-636.244
-531.151
-426.781
-526.005
-430.979
-801.47
-803.533
-917.901
-1021.97
-994.598
-922.814
-988.035
-974.116
-902.807
-1010.44
-911.446
-987.42
-1383.41
-1560.29
-1360.12
-1582.52
-1407.21
-1626.94
-1603.59
-1432.18
-783.782
-783.319
-858.567
-954.162
-898.152
-866.529
-914.304
-948.313
-890.892
-972.111
-877.313
-933.16
-1480.46
-1659.25
-1673.29
-1472.38
-1479.48
-1650.71
-1662.54
-1455.51
-862.026
-845.041
-930.138
-1004.51
-976.134
-920.08
-975.644
-946.842
-923.992
-1002.08
-928.749
-951.91
-1292.33
-1483.39
-1298.16
-1481.56
-1293.95
-1510.43
-1484.55
-1312.56
-859.568
-865.858
-932.195
-946.854
-986.037
-931.913
-939.141
-940.733
-926.373
-985.711
-927.616
-935.043
-1423.87
-1644
-1611.97
-1454.49
-1390.89
-1534.93
-1581.31
-1347.76
-647.288
-624.692
-762.249
-692.801
-731.593
-762.535
-695.052
-740.435
-776.396
-780.757
-800.669
-721.259
-748.917
-712.452
-797.845
-789.783
-688.521
-796.395
-800.722
-679.368
-592.054
-471.638
-594.221
-469.906
-691.439
-810.87
-695.215
-807.321
-587.118
-457.511
-579.346
-464.164
-660.926
-679.872
-821.132
-745.773
-825.592
-788.072
-825.631
-748.981
-824.34
-820.817
-812.44
-742.292
-783.519
-737.586
-808.144
-819.145
-659.839
-789.088
-779.415
-673.457
-552.396
-438.432
-548.335
-441.301
-654.076
-755.173
-643.091
-766.324
-564.231
-451.735
-572.752
-445.366
-318.866
-295.589
-271.622
-281.223
-242.14
-244.755
-250.869
-245.033
-229.319
-226.592
-181.58
-183.078
-227.014
-183.55
-228.54
-231.414
-188.302
-233.427
-185.32
-234.461
-185.57
-231.071
-36.0569
-13.1005
-173.375
-130.986
-169.863
-39.5676
-11.1861
14.693
35.0477
34.9217
-34.0685
-165.072
-128.512
-9.02587
-167.498
-34.0642
-9.65343
-28.9292
-4.75509
-156.951
-120.526
-28.9199
-158.617
-5.16483
17.3306
35.6709
36.9275
-30.0494
-163.327
-122.474
-7.92118
-160.618
-32.9954
-6.28116
21.0594
49.882
69.1292
67.2896
68.3399
68.028
69.0831
62.5587
61.8078
62.427
14.2876
45.5708
44.241
63.1116
65.6745
63.8369
17.0878
46.5329
46.4585
68.3482
65.2428
66.4474
66.5631
65.0516
65.9228
-1602.43
-1590.3
-1581.29
-1582.94
-1600.6
-1596.58
-1584.79
-1590.47
-1603.44
-1604.13
-1602.38
-431.255
-414.425
-405.174
-419.341
-460.27
-407.223
-401.204
-531.765
-438.572
-434.493
-436.933
-498.629
-456.771
-456.163
-302.687
-275.765
-275.52
-268.923
-277.931
-298.435
-271.957
-292.502
-267.32
-271.944
-265.77
-296.339
-269.633
-263.197
-956.614
-1032.35
-573.571
-1146.02
-1197.96
-770.683
-995.801
-395.379
-373.132
-360.254
-354.142
-375.465
-384.463
-367.936
-1201.7
-1362.76
-1238.04
-1440
-1212.75
-1351.9
-1225.65
-1191.61
-1230.46
-1438.32
-1340.03
-1341.31
-1224.89
-1189.44
-1429.93
-640.811
-533.186
-510.007
-574.435
-581.721
-648.721
-557.719
-1248.49
-1383.29
-1266.75
-1518.1
-1231.14
-1400.65
-1302.78
-1263.25
-1340.15
-1418.47
-1545.12
-1416.33
-1267.8
-1333.76
-273.463
-248.74
-252.246
-246.278
-250.73
-275.903
-244.619
-1410.21
-1399.46
-1387.21
-1388.95
-1223.02
-1369.55
-1436.87
-1242.14
-1242.84
-1347.9
-1235.96
-1184.01
-1153.16
-1187.6
-1385.72
-1112.85
-1216.12
-1303.87
-351.261
-321.369
-341.769
-337.118
-369.235
-323.261
-319.268
-1232.23
-1334.52
-1183.87
-360.589
-335.9
-344.243
-284.216
-372.201
-379.795
-332.004
-375.165
-628.373
-854.764
-618.397
-674.506
-1014.84
-643.094
-394.608
-346.733
-386.138
-391.119
-396.955
-472.016
-362.533
-1252.42
-1384.49
-1236.34
-1447.68
-1247.25
-1390.24
-1245.1
-1258.89
-1318.14
-1414.92
-1482.72
-1268.46
-1400.91
-1278.31
-279.966
-254.376
-254.664
-248.357
-277.212
-256.105
-250.316
-1381.48
-419.782
-401.194
-398.549
-389.84
-403.033
-410.404
-394.463
2.14847
23.2589
36.9649
-18.854
-8.70963
33.0161
-8.29985
-560.29
-453.369
-488.563
-494.173
-474.838
-578.499
-476.692
-306.439
-280.033
-287.595
-282.089
-282.427
-313.316
-276.386
-290.76
-264.425
-264.928
-258.268
-266.366
-287.669
-260.383
-402.012
-385.209
-393.111
-384.521
-406.29
-386.902
-378.059
-609.233
-501.667
-511.971
-513.216
-600.049
-513.55
-528.139
-272.676
-247.048
-248.401
-241.96
-271.213
-248.898
-243.04
-972.355
-1104.57
-1017.07
-1120.39
-950.478
-1082.14
-1199.6
-1591.14
-787.946
-1052.08
-478.853
-952.234
-1165.51
-1786.82
-1198.37
-1294.57
-1119.91
-1150.39
-1301.52
-1165.48
-1185.12
-1206.81
-1167.66
-1299.51
-1126.12
-1308.12
-1195.29
-1175.11
-1171.7
-1191.79
-1110.52
-1097.53
-1102.13
-1208.71
-1156.55
-1164.21
-1160.1
-1105.6
-1287.91
-1238.01
-1160.89
-1192.83
-334.764
-304.944
-295.64
-290.825
-321.522
-306.967
-303.037
-1185.07
-1310.32
-1083.3
-1151.38
-1299.59
-1137.49
-1197.05
-1177.97
-1129.89
-1073.74
-1291.76
-1292.26
-1133.02
-1178.6
-1198.49
-1307.48
-1076.93
-1159.86
-1302.88
-1156.69
-1204.03
-1192.21
-1142.38
-1077.65
-1292.69
-1299.03
-1146.09
-1184.44
-1208.59
-1308.75
-1165.18
-1080.88
-1207.16
-1310.15
-1165.47
-1207.19
-1078.17
-1308.42
-403.484
-380.921
-430.573
-343.21
-445.506
-379.634
-362.808
-410.923
-412.375
-473.227
-520.264
-516.338
-380.853
-406.99
-369.042
-369.828
-377.524
-336.425
-432.121
-381.424
-342.849
-1238.47
-1327.54
-1118.91
-1169.85
-1347.75
-1215.35
-1193.47
-1265.25
-1251.3
-1138.13
-1393.71
-1370.27
-1224.01
-1293.83
-1344.69
-1425.29
-1188.67
-1303.27
-1433.69
-1307.58
-1337.09
-1340.57
-1286.2
-1181.49
-1415.26
-1428.74
-1304.91
-1322.02
-1161.57
-1284.13
-1129.56
-1101.53
-1168.53
-1280.06
-1123
-1163.18
-1135.66
-1103.83
-1300.4
-1282.61
-1122.18
-1179.73
-1288.51
-1411.88
-1159.7
-1279.76
-1384.88
-1318.01
-1253.48
-1251.57
-1173.72
-1145.51
-1323.64
-1358.36
-1209.51
-1212.55
-282.264
-257.285
-261.841
-255.579
-285.859
-259.439
-253.093
)
;

boundaryField
{
    left
    {
        type            calculated;
        value           nonuniform List<scalar> 
703
(
-484.908
-405.375
15.9155
-432.513
-430.919
-416.766
19.2602
-634.14
-472.117
-331.469
-266.595
-303.348
-307.496
-359.879
-661.98
-365.555
-290.884
-433.314
-263.819
-614.707
-521.573
-414.9
-352.18
-118.128
-119.783
-482.165
-633.664
-286.267
-399.566
-147.371
-346.516
-520.291
3.25721
-131.093
-55.5997
-1.21275
-244.216
-770.366
-695.348
-697.881
-884.471
-858.723
-735.287
-231.973
-649.745
-855.057
-17.3072
-78.7805
-333.896
-41.5678
5.2276
-72.398
-71.4758
-484.155
-740.787
-289.986
-355.562
-276.127
-99.9711
-509.702
-287.413
-643.226
-394.83
-567.806
-359.391
-743.563
-257.494
-45.0102
-319.597
-307.036
-769.502
13.7606
-195.8
17.1701
8.59982
15.9838
-246.129
-2.49612
-13.0119
-391.99
-326.463
-325.406
-1.03191
56.738
-440.647
-429.102
-328.415
-365.827
-460.46
12.1957
23.2942
13.6311
-720.698
-859.227
-766.181
-652.158
-768.888
-554.774
-307.263
-540.242
-571.284
-198.583
-210.543
-279.832
-726.599
-298.753
-312.613
-400.669
-301.347
-290.878
-318.113
-360.938
-393.023
-497.883
-371.024
-211.2
-426.832
-504.242
-560.363
-255.883
-188.539
-196.297
-476.167
-556.8
-532.573
-283.753
-321.09
-386.999
-90.5289
-283.214
-248.839
-295.804
-290.317
-93.3605
116.496
-441.258
-282.902
-426.134
-294.938
-323.262
-298.918
-388.111
-335.571
-303.694
-478.32
-382.862
-434.271
-25.1665
27.8803
9.27699
-43.1353
-17.2381
-72.1248
13.0687
-31.65
-154.203
-239.638
-178.762
-945.263
-936.894
-769.377
-569.289
-853.657
-904.118
-661.404
-767.859
-582.44
-958.479
-920.314
-812.608
-955.589
-968.37
-950.854
-645.262
-865.099
-927.043
-445.12
-458.049
-257.198
-842.518
-660.275
-509.407
-743.49
-751.946
-897.989
-36.951
-182.721
-171.865
-234.003
-189.319
-50.5907
-287.853
-218.369
-266.506
-16.709
52.3067
43.994
58.8889
53.0949
-6.53662
-56.2447
41.1108
27.6744
42.9367
39.62
-50.8634
-738.975
-652.08
-294.363
-324.634
-245.475
-316.695
-287.818
-90.5347
-172.661
-234.775
-395.953
-334.559
-443.416
-138.459
-266.284
-356.3
-261.105
-250.665
-459.574
-512.841
-589.505
-388.072
-475.391
-409.951
-334.488
-278.01
-411.424
-376.809
-386.578
-387.145
-410.543
-592.748
-493.988
-643.658
-183.523
-331.509
-420.023
-123.627
-233.845
-113.316
-321.365
-417.274
-388.548
-466.025
-455.855
-311.747
-698.641
-603.79
-636.093
-50.7398
-209.628
-93.0495
-223.764
66.0338
12.0588
62.7872
60.3776
65.2326
63.4729
13.553
-180.412
-186.707
-253.547
-5.93234
-161.03
-155.574
-169.699
-162.699
-7.58426
10.6236
4.7207
19.1403
16.6813
22.7685
18.3664
-598.779
-546.654
-627.144
-582.82
-607.26
-691.891
-91.5529
-9.13875
-16.5017
-32.5679
-18.592
-113.168
-695.492
-193.423
-72.9575
-48.2144
-197.541
-118.112
-354.784
-22.3236
-26.4289
60.5872
62.526
-1.05734
-22.0389
56.6682
56.4326
17.2597
27.8413
-88.2615
-45.1265
12.7826
10.8626
40.4435
38.1835
2.80275
-69.5405
-7.56428
-7.82809
-3.19961
-0.155963
-54.433
-292.01
-195.453
-195.183
-28.7343
-49.5761
-135.809
-228.212
-203.463
-239.341
-303.564
-296.455
-301.086
-603.236
-499.208
-454.268
-11.958
43.7065
-259.715
17.1788
49.3823
50.0948
8.96512
42.6582
43.0467
48.987
47.6708
15.094
-3.70462
60.8371
60.3501
56.2548
58.1186
-11.6861
-328.929
-367.189
-362.81
-377.688
-369.094
-327.075
4.10251
8.08976
15.0387
6.47253
1.60676
-338.077
-413.716
-393.635
-450.98
-434.105
-352.276
5.36987
21.1065
30.471
16.4877
16.5292
-4.09723
-201.772
-245.462
-241.806
-255.168
-249.093
-205.002
-191.088
-234.181
-231.422
-239.439
-236.296
-193.267
-299.425
-340.012
-326.149
-358.239
-350.63
-311.78
-22.5681
-24.7588
-104.771
-273.775
-174.089
-178.553
-156.893
-160.238
-262.575
-296.71
-192.76
-194.84
-180.676
-182.714
-294.302
-96.3761
-11.9723
-11.2889
85.9064
-78.2208
-71.2754
-240.053
-313.095
-210.819
-214.126
-207.128
-207.545
-302.899
-374.59
-256.004
-297.017
-216.12
-234.552
-351.789
-343.484
-100.517
-74.2545
-399.204
-485.505
-469.72
-518.434
-507.105
-423.061
-49.3248
-115.985
-7.66754
-20.4555
-18.9148
-152.539
-65.9378
-67.9937
-64.481
-151.234
0.232459
63.7129
-175.518
-217.649
-216.243
-220.8
-218.956
-176.946
53.5452
58.5001
-28.5516
-177.597
-82.0155
-87.8014
-80.1463
-81.7149
-174.738
-215.283
-117.069
-133.543
-90.5328
-102.844
-201.823
-59.4431
44.1001
52.6473
-231.316
-276.049
-263.425
-309.618
-291.882
-246.979
27.8491
22.743
-23.6156
47.3866
50.5861
56.3199
43.0552
45.8027
46.6363
54.9294
62.6143
66.0212
59.4176
60.7162
54.3382
-1.87325
35.2425
33.2517
-2.9041
1.55385
-54.0092
38.8017
33.6561
32.7742
29.0762
28.4687
26.2258
37.9012
34.3079
37.0586
34.7549
31.7171
40.3263
-66.1498
-7.87941
1.43865
-152.31
-180.159
-279.916
-346.183
-148.426
-120.631
-161.851
-164.936
-334.636
-76.6487
2.10738
7.81517
-63.8111
-32.7677
-156.827
-182.168
-88.8176
-128.319
-157.88
-170.454
-193.461
-285.653
-199.524
-212.689
-239.436
-216.62
-321.488
-240.922
-206.7
-228.616
-196.88
-201.899
-238.374
-421.156
-511.493
-557.509
-551.399
-525.163
-446.449
-417.126
-277.893
-268.989
-397.198
-306.49
-441.726
-342.179
-301.097
-370.788
-310.341
-285.114
-321.874
-244.01
-260.261
-294.182
-44.4577
-3.40584
-34.1154
-11.4477
-59.9065
-96.4733
-93.1077
-249.714
-213.731
-152
50.6131
18.4142
65.4459
73.7396
74.2505
72.7702
64.5124
45.9823
44.8996
11.4508
61.0119
68.7226
70.6756
67.9261
66.9992
59.4723
62.5203
71.0141
73.3544
71.7344
70.5372
62.6632
13.8834
46.7893
47.3932
-182.279
-224.68
-222.46
-229.465
-226.773
-184.266
58.5195
60.5023
-5.10438
-158.9
-70.3797
-72.6611
-68.7561
-69.2376
-157.146
-166.936
-76.2367
-78.9489
-73.8153
-74.4251
-164.859
-8.67616
58.9524
58.1312
-399.015
-410.828
-429.788
-455.238
-479.144
-430.778
-277.738
-281.78
-269.967
-260.793
-271.861
-275.287
-362.782
-375.23
-367.574
-536.03
-573.962
-587.54
-242.263
-253.315
-255.444
-315.657
-329.816
-347.191
-619.226
-519.826
-683.092
-365.168
-395.279
-409.092
-304.087
-332.638
-346.725
-256.978
-259.532
-248.167
-394.886
-402.206
-396.473
-447.232
-501.55
-518.575
23.7522
26.7977
15.5564
-273.983
-285.794
-292.504
-266.866
-269.78
-258.269
-379.723
-383.863
-390.081
-537.089
-550.02
-492.534
-250.724
-252.184
-240.759
-301.06
-313.946
-299.887
-377.184
-394.946
-439.05
-383.579
-391.206
-380.969
-250.742
-261.732
-264.849
)
;
    }
    bottom
    {
        type            calculated;
        value           nonuniform List<scalar> 
141
(
-558.429
-1228.68
8.73875
10.5867
-1254.21
-331.409
-1252.52
-287.566
-1277.85
-473.487
-881.054
-984.999
-912.347
-895.641
-1210.84
2.24196
-1276.59
-946.474
-928.032
-649.939
-257.478
-686.553
-725.184
-1174.28
-990.262
-998.125
-583.049
-603.81
-576.464
-1198.36
-880.873
-41.6768
-992.959
-972.208
-1284.14
-645.036
-688.522
-608.976
-631.939
51.0398
26.5191
-453.417
-379.387
-289.26
-199.868
-194.766
-417.762
122.857
26.5454
-42.8754
-683.696
-226.794
-169.366
-415.068
-688.214
-685.547
-591.38
-598.646
-48.7176
-117.983
-107.936
-662.505
-677.686
-613.451
-621.277
6.23554
9.58806
1.04215
-11.5859
-12.1952
16.8486
60.1406
11.7332
12.0118
-31.863
-29.1146
-31.0116
-466.862
-377.556
-371.76
-295.305
-367.792
-448.868
-281.698
-252.316
-188.317
-347.905
-300.132
-354.94
111.414
-151.486
-43.7699
-62.4504
-387.876
-305.997
-502.922
-425.571
-344.729
-271.144
-251.481
-468.028
-472.828
-479.554
-472.001
-491.888
-503.227
-486.769
-478.328
-401.008
-404.157
-393.897
-396.105
-412.664
-415.399
-406.077
-408.247
-391.672
-393.331
-389.36
-136.742
-94.0773
-35.6074
-457.181
-463.658
-449.215
-452.282
-483.562
-484.542
-469.747
-475.059
-429.753
-434.344
-418.926
-422.414
-447.835
-450.663
-438.555
-442.369
23.9346
-26.9324
-46.8703
)
;
    }
    interface
    {
        type            calculated;
        value           nonuniform List<scalar> 
1726
(
-956.39
-134.435
-146.338
-601.33
-639.455
9.43427
-161.487
-371.923
-649.448
-634.673
-5.54188
-866.786
-733.007
-77.4842
-86.7847
-22.8631
-90.8231
7.03741
-45.7388
-599.84
19.8542
-484.5
-106.54
-293.223
-327.911
-659.028
-745.981
-16.8554
-6.62047
17.366
10.1401
16.1732
15.0925
63.8598
22.9337
-706.134
-438.314
-655.038
-429.989
-1247.83
-739.581
-1120.27
-700.271
-898.426
-341.082
-622.853
-446.881
-761.79
-1052.73
-298.763
-401.724
-578.384
-187.687
-537.38
-337.386
-554.289
-380.536
-288.256
-316.424
-415.956
-312.972
-308.526
-317.848
-419.153
-276.62
-1033.61
99.0308
165.73
-110.815
-106.635
-625.427
-627.267
70.5665
70.3023
9.76416
20.9399
38.4209
-61.8923
-57.2085
33.8433
-18.8771
-11.884
-28.8522
-324.785
-323.525
-625.872
-629.652
-739.63
-420.991
-850.042
-900.704
-1054.49
-734.12
-1102.87
-1170.22
-1162.7
-761.859
-1115.16
-750.331
-758.85
-758.181
-1024.65
-911.73
-1080.78
-733.736
-980.832
-674.537
-1107.25
-521.506
-1071.58
-1031.81
-1078.13
-1069.4
26.8287
-63.956
-55.4154
40.9841
38.0048
-44.3207
-61.8528
59.4074
-2.42409
53.1365
-18.6359
-1127.69
-526.636
-205.988
16.2975
-12.69
-105.718
-356.468
-834.339
-652.442
-562.831
-264.002
-161.21
-30.0749
-444.084
-73.4374
-47.976
-362.397
-137.332
-65.4327
-270.005
-705.417
-849.85
-653.954
-612.129
-442.621
-339.681
-355.251
-407.096
-196.7
-500.223
-286.093
-458.318
-533.576
-449.059
-347.054
-255.874
-261.301
-317.02
-414.622
-497.438
-377.486
-222.268
-226.306
-232.816
-327.992
-354.341
-296.117
-293.323
-224.731
-349.712
-463.162
-717.971
-728.718
-10.8103
-9.21766
67.055
12.7746
14.2388
-0.881459
41.2155
8.65867
36.614
29.0472
82.4955
27.6415
-513.155
-613.641
-598.177
-553.196
-976.616
18.4026
-132.786
-107.162
20.2479
-611.478
-633.606
35.9949
10.5084
8.73514
-212.39
-132.64
-383.637
-631.502
-637.18
94.4339
-5.34732
-801.248
-740.149
3.74754
-78.7109
-61.0024
5.0042
91.8757
-27.2394
59.6467
-109.773
43.1248
5.15257
17.9926
-56.1553
-557.881
-594.817
-739.015
-768.917
-591.786
-737.832
-42.0217
-4.61555
17.6293
-268.203
-463.165
-484.993
-567.044
-420.741
-315.679
-376.681
-22.2545
-144.409
-313.281
-204.764
-286.342
-264.061
-685.22
-738.454
-587.661
-586.277
-819.819
-776.104
-605.686
-699.165
91.087
-15.4667
94.5369
-7.21262
16.9547
52.5742
45.9062
9.82564
15.2656
51.3775
47.3713
74.2362
22.7914
22.7078
-360.316
-310.275
-365.718
-324.667
-362.443
95.2749
-6.94494
6.72577
24.0723
-32.1552
-412.577
-300.191
-384.1
-307.345
-722.019
-544.323
-584.333
-497.89
-452.164
-502.839
-705.088
-579.667
-603.86
-431.676
-446.011
-476.381
-1180.06
-1167.06
-1075.03
-805.354
-719.496
-642.072
-414.33
-355.061
-448.35
-709.006
-509.717
-569.373
-549.318
-386.694
-493.602
-243.645
-193.774
-239.155
-197.554
-392.961
-243.133
-335.423
-459.23
-343.985
-402.194
-490.926
-514.667
-431.213
-234.521
-268.293
-320.396
-528.799
-467.447
-457.865
-392.32
-352.433
-392.605
-524.814
-464.815
-447.714
-429.968
-383.716
-414.404
-320.271
-320.258
-302.184
-375.352
-343.761
-302.717
-170.824
-330.184
-208.916
-350.143
-278.422
-311.548
-339.634
-298.831
-308.992
-399.05
-394.844
-364.559
-252.816
-283.642
-269.402
-264.052
-255.024
-233.852
-192.359
-238.288
-188.39
-1049.3
-341.769
-346.354
-112.754
34.9225
-336.478
-343.201
-343.915
-283.325
-303.259
-328.795
-125.932
21.4094
-135.027
-282.157
-301.224
-324.206
-155.766
-310.654
-614.574
-635.268
-456.891
-409.403
-404.962
39.5169
43.8213
71.4936
15.1378
23.903
36.5336
-161.897
-38.5854
4.03623
-10.758
23.4701
13.4254
-21.288
-66.9555
-29.9489
20.136
-12.8078
-30.4173
-70.0551
-27.1396
23.3388
-11.4304
-9.81716
4.96709
-5.95718
2.53521
-39.8848
39.4371
17.3099
-525.77
-438.968
-408.678
-561.133
-340.745
-340.393
-197.125
-262.108
-2.06785
-367.766
-354.425
-200.631
-449.705
-426.927
-370.976
8.44836
-380.186
-400.825
-628.969
-628.464
-246.05
-239.856
-241.304
-216.575
-173.869
-171.639
-219.062
-4.02531
-178.962
-176.701
-5.67876
-4.0288
-175.28
-885.06
-856.274
-950.773
-567.26
-408.438
-929.438
-831.329
-900.828
-960.006
-855.682
-913.636
-998.949
-1009.48
-953.479
-792.271
-802.325
-859.771
-970.731
-987.403
-983.213
-547.422
-455.995
-519.013
-439.887
-1184.23
-1109.75
-1092.58
-1070.19
-1093.86
-1168.49
-1029.67
-1217.95
-1132.54
-1149.54
-1143.32
-1101.04
-1006.55
-506.802
-815.926
-1123.15
-1129.57
-1130.29
-1154.09
-1311.59
-1084.29
-1126.52
-1086.24
-1052.77
-1028.98
-1037.06
-781.16
-740.589
-1121.08
-1086.6
-902.604
-1021.77
-999.16
-1319.47
-1327.77
-1258.76
-922.947
-965.37
-975.09
-1003.43
-975.402
-1061.34
-943.045
-1008.68
-977.869
-885.864
-964.418
-1063.32
-1036.48
-1028.79
-838.519
-823.117
-921.107
-1041.16
-799.212
-872.351
-862.033
-569.335
-728.087
-1083.09
-1047.65
-955.099
-606.161
-536.031
-653.393
-1069.2
-1086.47
-1046.34
-1050.88
-1013.81
-1025.05
-1059.9
-1066.26
-1046.61
-1081.22
-994.192
-1021.31
-722.058
-870.667
-881.333
-883.704
-605.233
-781.375
-775.819
-520.889
-617.183
-787.026
-783.052
-515.43
-807.169
-845.679
-844.183
-807.314
-586.445
-541.875
-610.563
-515.268
32.747
-59.1327
5.13723
37.2009
32.6219
-77.6178
9.88862
37.2598
35.6796
-289.289
-264.599
-309.447
-240.504
-200.207
-204.093
-34.7336
88.9585
-212.942
-207.322
-273.214
-97.0949
-247.322
-68.9507
91.4415
-219.475
-236.079
68.1504
55.253
1.28485
36.5929
61.569
44.4608
-25.4275
31.5727
46.5154
58.3084
-683.842
-726.79
-731.087
-551.787
-460.103
-554.154
-702.673
-455.523
-753.84
-751.332
-543.706
-442.674
-537.361
-449.314
-785.155
-872.909
-874.929
-793.869
-1314.5
-1307
-754.652
-809.934
-887.455
-869.338
-792.161
-876.02
-1322.88
-785.394
-875.057
-1330.52
-1329.37
-722.804
-672.981
-718.674
-438.333
-529.786
-435.26
-566.018
-111.577
-150.267
-62.5022
-42.0299
13.296
-15.9826
-143.919
-35.494
-48.2363
-454.141
-420.277
-519.973
-781.974
-755.855
-690.583
-558.316
-723.043
-627.245
-484.99
-665.665
-587.409
-166.152
-325.27
-220.466
-92.6041
-225.997
-175.516
-87.9087
-31.6804
-129.051
-377.339
-317.137
-262.225
-101.372
-107.889
-89.1746
-50.4487
-77.8373
-84.5545
-86.3262
-57.12
3.78549
-56.1667
-96.523
-107.908
-30.6047
-572.041
-265.217
-146.993
-170.42
-458.085
-434.152
-129.122
-184.467
-145.684
-88.0808
-196.746
-145.295
-234.983
-214.679
-173.129
-648.85
-690.85
-717.562
-821.703
-787.02
-775.938
-629.269
-749.719
-721.619
-608.732
-714.415
-725.937
-346.815
-431.279
-355.836
-462.401
-393.709
-369.403
-271.137
-412.794
-331.128
-412.953
-323.017
-360.472
-266.728
-259.477
-302.986
-486.239
-366.957
-334.436
-197.871
-290.433
-209.345
-643.137
-634.611
-573.054
-498.083
-733.648
-633.55
-523.437
-630.928
-472.287
-593.323
-511.646
-498.974
-585.561
-673.741
-393.184
-560.748
-510.191
-407.111
-493.13
-460.035
-461.943
-371.69
-442.44
-364.007
-453.799
-285.703
-392.29
-406.253
-381.887
-438.47
-405.126
-348.472
15.5632
-195.377
-138.377
-125.208
-39.1961
-300.131
-160.562
-134.076
-79.4483
-416.294
-370.257
-180.628
-153.653
-172.928
-170.275
-191.353
-147.237
-143.067
-162.328
-174.89
-169.92
-189.192
-189.233
-163.257
-176.149
-146.698
-143.992
-139.68
-133.892
-174.505
-253.167
-266.878
-224.935
-217.604
-274.177
-262.168
-211.304
-233.866
-279.246
-294.969
-359.368
-339.441
-316.565
-313.089
-298.041
-347.08
-391.865
-380.692
-393.638
-362.485
-261.151
-241.307
-261.876
-261.074
-203.761
-203.865
-310.929
-242.806
-177.903
-212.649
-205.081
-216.258
-212.626
-134.315
-133.667
-186.034
-150.992
-155.109
-277.69
-283.909
-288.924
-246.964
-415.37
-406.027
-337.948
-337.703
-415.981
-411.972
-371.729
-452.236
-470.718
-568.937
-522.676
-495.569
-482.991
-698.745
-741.127
-562.724
-775.572
-766.256
-563.788
-466.734
-558.913
-474.141
-578.827
-706.339
-754.591
-755.215
-575.659
-492.369
-582.496
-485.065
-890.441
-983.901
-964.76
-867.36
-975.755
-1363.43
-1344.26
-816.694
-898.777
-940.006
-844.726
-1457.96
-1451.45
-1455.24
-856.068
-882.482
-970.847
-955.723
-902.453
-956.178
-1284.22
-857.028
-927.206
-959.045
-954.833
-921.639
-950.818
-1407.17
-786.23
-731.091
-797.665
-623.499
-775.034
-779.275
-536.261
-632.583
-785.004
-524.125
-804.079
-845.943
-840.938
-605.56
-498.549
-596.957
-506.623
-254.982
-223.006
-175.35
-220.256
-177.442
-197.92
-194.072
-19.0636
-10.9511
92.6228
-11.9771
-188.827
-191.968
-5.99589
-180.354
-6.04934
-182.389
-8.36485
92.7992
-187.264
-184.484
-11.0068
18.2284
76.4688
65.4333
70.2252
12.2959
48.5855
72.7548
14.1135
50.0922
75.4601
63.3163
74.0029
-864.75
-1107.31
-1054.87
-874.393
-795.336
-685.848
8.44746
-552.214
-332.022
-343.401
-346.521
-358.125
-404.902
-334.918
-819.996
-867.935
-376.56
-377.19
67.8145
-12.5594
-396.918
39.3974
-61.5652
-145.667
-273.068
61
63.5729
-73.9839
-482.996
-2.70348
-879.394
-1028.02
-1021.53
-1022.12
-462.939
-460.78
-1086.44
-1040.8
-1031.57
-1065.91
-1461.72
-1190.3
-1534.81
-1555.8
-1400.96
-1522.64
-909.062
-494.02
-490.133
-702.315
-520.762
-500.556
42.4152
51.8764
-578.137
-695.635
-428.477
-420.736
-586.496
-408.981
-678.456
-417.458
-755.572
-1600.08
-1579.72
-1603.22
-1585.32
-1606.09
-406.951
-674.252
-1468.37
-1351.83
-1499.61
-1512.48
-1381.34
-1485.71
-551.508
-1568.85
-1630.86
-1666.66
-1654.59
-1492.67
-1511.5
-1646.71
-1546.35
-438.55
-569.947
-124.924
-124.141
-83.2718
-256.089
-262.849
-158.589
-467.598
-385.121
-492.549
-396.771
-293.003
-707.684
-432.822
-704.105
-445.873
-462.252
-451.733
-797.478
-1621.37
-1689.11
-781.965
-1734.06
-1710.45
-1521.5
-1546.51
-1710.74
-1596.29
-664.955
-499.285
-788.544
-485.838
-682.927
-767.119
-463.904
-476.238
-246.668
66.1969
64.3204
-1549.68
-1530.42
-1546.85
-1532.41
-1548.87
100.317
29.2743
-171.216
-174.724
33.7601
-134.301
30.9318
-21.4631
-196.1
-21.1161
-244.536
-297.824
97.1747
-915.125
-978.657
-1062.87
-950.291
-872.974
-768.518
-898.875
-692.153
-7.8312
1.91964
8.52057
92.3898
-21.2448
-20.3041
65.1862
-72.0644
40.9746
18.1006
-564.366
-679.61
-591.538
-709.334
-709.964
-746.721
-762.744
-732.091
-546.885
-669.249
-292.324
-337.459
-218.882
-339.706
-329.657
-368.399
-46.9378
-206.464
-256.637
-259.149
-287.596
-368.988
-370.04
-463.565
-393.483
-467.375
-359.69
-576.068
-703.12
-713.859
-588.317
-708.732
-800.918
-775.984
-844.835
-864.517
-623.563
-746.407
-693.173
-806.127
93.6915
-14.5792
95.6962
51.4944
45.0444
50.0167
3.34548
14.4708
-368.899
-335.439
-336.181
-364.61
-471.866
-379.86
-342.925
-529.796
-359.246
-452.56
-367.827
-408.885
-376.131
-436.094
-384.422
87.3529
0.691745
-36.0575
44.8126
15.2798
56.2345
13.9396
16.0299
-5.69831
-61.6696
-439.005
-337.067
-458.325
-323.038
-648.197
-336.703
-598.318
-323.05
-683.213
-339.508
-344.888
-705.809
-387.847
25.4996
-245.304
-204.807
-251.726
-199.324
-347.86
-264.696
-228.759
-234.35
-341.008
-350.5
-241.825
-234.314
-359.777
54.3906
-57.8829
-267.387
-268.067
-259.056
-258.472
-232.911
-183.422
-229.116
-186.736
-335.008
-229.805
-341.103
-222.427
-335.517
-218.521
-223.466
-330.32
60.0176
61.5492
33.8378
-153.797
-153.851
-355.357
-330.088
-363.154
-318.328
-433.175
-349.883
-318.181
-370.781
-338.199
-427.027
-432.674
-400.764
-364.21
-434.432
-391.147
-357.454
18.9076
-152.734
16.4948
45.8338
-78.3902
-19.1133
-500.464
-357.516
-480.318
-378.223
-756.221
-456.448
-426.127
-795.304
-740.146
-374.002
-723.447
-374.633
-4.9323
-199.244
-9.67966
-220.313
-198.634
-242.053
-215.608
-168.435
-213.721
-170.155
-315.598
-210.247
-204.714
-319.454
-316.559
-203.502
-313.911
-205.407
98.69
-2.95616
-951.367
-947.081
-830.36
-908.474
-1010.12
-963.374
-826.107
-1070.62
-1030.49
-1015.12
-1014.65
-1016.87
-813.937
-536.877
-515.031
-422.363
-754.188
-628.071
-420.645
-452.16
-1209.7
-1118.71
-1059.68
-1013.15
-1028.11
-1140.45
-1068.22
-1139.09
-1057.49
-1173.41
-1056.94
-1223.5
-1364.92
-1042.75
-1069.43
-1022.85
-1105.46
-1167.09
-1298.99
-1034.5
-1049.87
-934.097
-1004.02
-1031.38
-1206.08
-1157.59
-1193.72
-1168.82
-1555.78
-1305.18
-1317.65
-1562.79
-1195.98
-1146.92
-1159.78
-1179.46
-1279.46
-1169.71
-1140.31
-1149.32
-1171.64
-1222.06
-1437.17
-1154.57
-1108.42
-1127.36
-1146.81
-1307.18
-1491.7
-886.514
-933.12
-952.516
-989.832
-846.011
-779.494
-824.861
-845.339
-735.143
-832.406
-800.989
-786.591
-609.113
-528.236
-489.494
-625.527
-519.872
-487.458
-802.657
-847.832
-840.951
-691.886
-804.665
-762.751
-614.697
-555.467
-513.109
-629.804
-532.777
-492.84
-57.8928
29.4977
10.0618
34.7533
35.9694
38.492
-0.0283634
34.9222
31.2518
-271.728
-211.061
-258.444
-225.116
-398.887
-320.023
-294.722
-416.1
-271.958
-382.505
-277.964
-245.167
-367.392
-256.675
96.4494
-20.1555
-29.7247
83.0652
-50.942
-31.4997
45.1488
64.4558
38.0545
62.5344
46.6283
27.4626
51.9724
-740.941
-691.4
-736.03
-690.552
-571.298
-694.919
-698.473
-549.974
-460.491
-426.83
-700.933
-554.735
-454.045
-422.225
-745.101
-748.677
-591.493
-705.857
-702.899
-687.579
-546.07
-440.921
-410.285
-682.14
-534.675
-450.476
-415.893
-747.823
-789.473
-875.599
-789.406
-871.751
-1171.16
-1135.51
-1139.13
-1168.56
-1325.48
-1590.03
-1177.51
-1156.71
-1144.34
-1189.02
-1304.54
-1579.49
-761.424
-801.501
-877.774
-800.08
-1315.84
-1185.17
-1151.01
-1153.43
-1181.48
-1326.08
-1598.37
-1194.48
-1168.79
-1166.39
-1198.26
-1312.12
-1591.35
-781.997
-872.747
-1201.59
-1607.17
-1203.57
-1174.72
-1202.09
-1175.19
-670.874
-438.661
-406.092
-531.406
-403.348
-1326.13
-1230.94
-1517.34
-1520.82
-1412.92
-1454.56
-670.873
-693.129
-1585.83
-1612.35
-1673.14
-1672.96
-1489.44
-1492.57
-1620.87
-1583.95
-90.4659
-113.47
-89.4098
-83.2666
-242.621
-324.2
-187.627
-276.895
-208.339
-564.676
-624.519
-456.284
-425.842
-110.091
-125.743
-138.582
-92.6705
-804.273
-805.378
-514.196
-594.858
-791.266
-758.831
-631.335
-770.909
10.7369
-93.3711
-6.6216
-288.651
-293.859
-190.269
-130.117
-106.908
-168.515
-164.415
-137.31
-176.846
-187.121
-231.294
-237.449
-202.737
-530.289
-520.4
-505.321
-350.903
-433.642
-436.929
-499.415
-492.295
-426.469
-347.56
-447.949
-576.671
-440.476
-569.014
-754.624
-709.961
-690.725
-758.456
-569.726
-693.999
-728.292
-720.785
-706.385
-566.302
-464.533
-435.405
-705.003
-557.085
-476.275
-442.769
-701.271
-755.456
-754.62
-574.665
-699.324
-713.571
-572.216
-493.517
-460.787
-586.119
-482.453
-454.415
-796.471
-880.877
-978.698
-877.649
-1390.23
-1259.93
-1259.16
-1235.2
-1282.87
-1639.82
-1229.1
-1178.36
-1208.18
-1199.29
-1410.52
-1670.24
-783.379
-824.446
-910.66
-835.896
-928.291
-1336.73
-1300.69
-1317.96
-1437.65
-1319.67
-1740.59
-1747.27
-1340.34
-1315.88
-1320.33
-1333.53
-845.538
-895.265
-972.511
-891.26
-1285.32
-1151.78
-1131.07
-1120.64
-1164.34
-1286.94
-1517.52
-1151.88
-1124.72
-1155.28
-1121.2
-1300.16
-1525.16
-860.837
-922.588
-953.66
-920.485
-1372.05
-1246.15
-1177.5
-1213.01
-1336.38
-1208.06
-1681.64
-1432.52
-1638.94
-1286.22
-1290.2
-1314.46
-1263.45
-820.99
-809.683
-646.797
-765.265
-778.762
-737.579
-620.721
-535.648
-499.459
-632.952
-521.232
-489.056
-828.832
-793.406
-835.393
-695.382
-800.635
-758.133
-611.069
-495.393
-465.763
-747.427
-591.064
-510.172
-472.586
-303.723
-284.206
-248.895
-249.815
-224.493
-182.286
-228.159
-179.198
-323.793
-209.178
-319.135
-212.856
-324.766
-220.1
-330.266
-213.205
94.4847
-12.4024
95.6853
-6.93231
66.4089
52.9071
74.3979
75.5963
68.6002
47.6138
70.6137
63.3461
49.0897
72.7608
72.2392
-1540.59
-1530.05
-1542.59
-1537.95
-1549.61
-1547.74
)
;
    }
    procBoundary1to0
    {
        type            processor;
        value           nonuniform List<scalar> 
224
(
-445.23
-445.23
-445.23
-542.795
-466.31
-485.604
-520.396
-473.899
-460.305
-702.968
-1383.42
-702.968
-702.968
-688.33
-1421.04
-387.075
-334.302
-343.303
-382.436
-338.722
-331.117
-825.761
-1173.18
-617.881
-623.117
-568.545
-669.885
-289.412
-1628.77
-476.696
-439.322
-425.806
-364.512
-318.896
-315.468
-965.414
-1234.85
-1558.76
-1411.16
-1522.22
-1467.22
-1533.32
-501.003
-965.414
-965.414
-1522.22
-1522.22
-1467.22
-1467.22
-719.006
-726.342
-1210.7
-1432.39
-1548.15
-1607.68
-1608.44
-1608.44
-1608.44
-1503.65
-1503.65
-1503.65
-1583.56
-1583.56
-1583.56
-436.835
-376.409
-391.848
-368.379
-318.28
-323.622
-548.556
-493.749
-460.217
-493.599
-440.834
-467.99
-733.209
-792.501
-690.964
-793.287
-1330.2
-804.212
-808.543
191.956
-1721.13
-393.612
-347.122
-339.724
-377.741
-326.566
-334.25
-556.282
-432.428
-534.283
-493.093
-467.204
-444.768
-361.045
-312.027
-315.441
-1533.32
-2943.48
-1532.9
-1442.77
-573.892
-1001.44
-1721.13
-1533.32
-1533.32
191.956
-2943.48
-2943.48
-1532.9
-1532.9
-1442.77
-1442.77
-742.728
-645.569
-1187.31
-655.86
-584.428
-632.106
-1505.35
-1505.35
-1505.35
-1540.59
-1540.59
-1540.59
-406.967
-353.879
-354.471
-372.884
-328.461
-322.567
-645.569
-690.964
-584.428
-584.428
-617.881
-778.7
-630.243
-617.881
-1210.91
-466.31
-485.604
-493.749
-460.217
-473.899
-460.305
-440.834
-467.99
-334.302
-343.303
-347.122
-339.724
-338.722
-331.117
-326.566
-334.25
-669.885
-289.412
-432.428
-534.283
-439.322
-425.806
-467.204
-444.768
-318.896
-315.468
-312.027
-315.441
-1001.44
-1721.13
-2008.29
-1476.82
-1597.65
-1796.37
1726.35
-1568.43
-1542.76
-1574.33
-1563.01
-1473.66
-1443.53
-1515.79
-1551.44
-726.342
-1210.7
-1187.31
-655.86
-420.388
-1597.04
-1506.06
-1523.8
-1497.24
-1511.4
-1564.46
-1587.01
-1553.24
-1521.67
-376.409
-391.848
-353.879
-354.471
-318.28
-323.622
-328.461
-322.567
-639.794
-1164.87
-1210.91
-1463.02
-1415.04
-1553.93
-1390.39
-1214.69
-1500.99
-1337.39
-1431.75
-1549.42
-1436.21
-1459.76
-1574.68
-1446.96
)
;
    }
    procBoundary1to3
    {
        type            processor;
        value           nonuniform List<scalar> 
23
(
-263.064
-244.559
-174.696
-174.696
-174.696
21.42
-112.905
21.6256
69.4558
-235.44
-173.612
-218.66
-219.433
-150.438
40.1151
-24.4695
-150.438
-0.788027
50.7895
70.5072
-246.663
-240.416
-270.059
)
;
    }
    procBoundary1to4
    {
        type            processor;
        value           nonuniform List<scalar> 
78
(
-1384.91
-1412.16
-1412.16
-1384.91
-1384.91
-1550.93
-1367.8
-1532.52
-1432.74
-1576.66
-1576.66
-1550.93
-1367.8
-1367.8
-1532.52
-1532.52
-1517.62
-1505.66
-1357.72
-1506.84
-1545.06
-1545.06
-1545.06
-1517.62
-1517.62
-1505.66
-1505.66
-1357.72
-1506.84
-1436.54
-1506.84
-1506.84
-1503.68
-1501.71
-1578.21
-1578.21
-1578.21
-1605.01
-1605.01
-1605.01
-1503.68
-1503.68
-1501.71
-1501.71
-1502.91
-1549.41
-1530.56
-1561.25
-1581.35
-1604.75
-1604.82
-1591.15
-1507.24
-1519.01
-1499.26
-1496.74
-1498.11
-1500.5
-1498.17
-1494.68
-1500.65
-1500.77
-1498.56
-1535.67
-1531.29
-1446.08
-1415.53
-1605.85
-1446.08
-1626.99
-1461.29
-1388.16
-1399.25
-1535.67
-1377.66
-1531.29
-1374.3
-1368.04
)
;
    }
    procBoundary1to5
    {
        type            processor;
        value           nonuniform List<scalar> 
55
(
-1235.83
-1181.09
-1332.22
-858.724
-1441
-971.488
-735.029
-602.434
-661.343
-1364.73
-602.434
-1529.39
-971.488
-940.371
-735.029
-1364.73
-1364.73
-1075.4
-661.343
-602.434
-602.434
-777.862
-577.199
-695.087
-658.098
-729.33
-520.327
-912.999
-821.503
-877.277
-912.999
-1348.05
-1541.65
-1541.65
-678.822
-651.119
-617.546
-694.725
-575.428
-575.428
-685.27
-482.512
-380.58
-1597.7
-1181.09
-1229.49
-1332.22
-1229.49
-1229.49
-1379.02
-1164.66
-1164.66
-1202.9
-1164.66
-1304.52
)
;
    }
}


// ************************************************************************* //
